xof 0303txt 0032
template ColorRGBA {
 <35ff44e0-6c7c-11cf-8f52-0040333594a3>
 FLOAT red;
 FLOAT green;
 FLOAT blue;
 FLOAT alpha;
}

template ColorRGB {
 <d3e16e81-7835-11cf-8f52-0040333594a3>
 FLOAT red;
 FLOAT green;
 FLOAT blue;
}

template Material {
 <3d82ab4d-62da-11cf-ab39-0020af71e433>
 ColorRGBA faceColor;
 FLOAT power;
 ColorRGB specularColor;
 ColorRGB emissiveColor;
 [...]
}

template TextureFilename {
 <a42790e1-7810-11cf-8f52-0040333594a3>
 STRING filename;
}

template Frame {
 <3d82ab46-62da-11cf-ab39-0020af71e433>
 [...]
}

template Matrix4x4 {
 <f6f23f45-7686-11cf-8f52-0040333594a3>
 array FLOAT matrix[16];
}

template FrameTransformMatrix {
 <f6f23f41-7686-11cf-8f52-0040333594a3>
 Matrix4x4 frameMatrix;
}

template Vector {
 <3d82ab5e-62da-11cf-ab39-0020af71e433>
 FLOAT x;
 FLOAT y;
 FLOAT z;
}

template MeshFace {
 <3d82ab5f-62da-11cf-ab39-0020af71e433>
 DWORD nFaceVertexIndices;
 array DWORD faceVertexIndices[nFaceVertexIndices];
}

template Mesh {
 <3d82ab44-62da-11cf-ab39-0020af71e433>
 DWORD nVertices;
 array Vector vertices[nVertices];
 DWORD nFaces;
 array MeshFace faces[nFaces];
 [...]
}

template MeshMaterialList {
 <f6f23f42-7686-11cf-8f52-0040333594a3>
 DWORD nMaterials;
 DWORD nFaceIndexes;
 array DWORD faceIndexes[nFaceIndexes];
 [Material <3d82ab4d-62da-11cf-ab39-0020af71e433>]
}

template VertexElement {
 <f752461c-1e23-48f6-b9f8-8350850f336f>
 DWORD Type;
 DWORD Method;
 DWORD Usage;
 DWORD UsageIndex;
}

template DeclData {
 <bf22e553-292c-4781-9fea-62bd554bdd93>
 DWORD nElements;
 array VertexElement Elements[nElements];
 DWORD nDWords;
 array DWORD data[nDWords];
}

template XSkinMeshHeader {
 <3cf169ce-ff7c-44ab-93c0-f78f62d172e2>
 WORD nMaxSkinWeightsPerVertex;
 WORD nMaxSkinWeightsPerFace;
 WORD nBones;
}

template SkinWeights {
 <6f0d123b-bad2-4167-a0d0-80224f25fabb>
 STRING transformNodeName;
 DWORD nWeights;
 array DWORD vertexIndices[nWeights];
 array FLOAT weights[nWeights];
 Matrix4x4 matrixOffset;
}

template AnimTicksPerSecond {
 <9e415a43-7ba6-4a73-8743-b73d47e88476>
 DWORD AnimTicksPerSecond;
}

template Animation {
 <3d82ab4f-62da-11cf-ab39-0020af71e433>
 [...]
}

template AnimationSet {
 <3d82ab50-62da-11cf-ab39-0020af71e433>
 [Animation <3d82ab4f-62da-11cf-ab39-0020af71e433>]
}

template FloatKeys {
 <10dd46a9-775b-11cf-8f52-0040333594a3>
 DWORD nValues;
 array FLOAT values[nValues];
}

template TimedFloatKeys {
 <f406b180-7b3b-11cf-8f52-0040333594a3>
 DWORD time;
 FloatKeys tfkeys;
}

template AnimationKey {
 <10dd46a8-775b-11cf-8f52-0040333594a3>
 DWORD keyType;
 DWORD nKeys;
 array TimedFloatKeys keys[nKeys];
}


Material _03_-_Default {
 1.000000;1.000000;1.000000;1.000000;;
 9.999999;
 0.000000;0.000000;0.000000;;
 0.000000;0.000000;0.000000;;

 TextureFilename {
  "MaleBody_full.png";
 }
}

Frame Dummy01 {
 

 FrameTransformMatrix {
  1.000000,0.000000,0.000000,0.000000,0.000000,-0.000000,-1.000000,0.000000,0.000000,1.000000,-0.000000,0.000000,0.000000,0.000000,0.000000,1.000000;;
 }

 Frame Bip01 {
  

  FrameTransformMatrix {
   -0.087156,0.982404,-0.165185,0.000000,-0.000002,0.165815,0.986157,0.000000,0.996195,0.085949,-0.014450,0.000000,-0.010000,-0.012284,0.490453,1.000000;;
  }

  Frame Bip01_Pelvis {
   

   FrameTransformMatrix {
    0.000000,1.000000,-0.000001,0.000000,-0.000001,0.000001,1.000000,0.000000,1.000000,0.000000,0.000001,0.000000,0.000000,0.000000,0.000000,1.000000;;
   }

   Frame Bip01_Spine {
    

    FrameTransformMatrix {
     0.993875,-0.019398,-0.108795,0.000000,0.002567,0.988261,-0.152752,0.000000,0.110481,0.151537,0.982258,0.000000,0.051624,-0.000013,-0.000083,1.000000;;
    }

    Frame Bip01_Spine1 {
     

     FrameTransformMatrix {
      0.989924,-0.018220,0.140421,0.000000,0.017117,0.999813,0.009056,0.000000,-0.140560,-0.006561,0.990051,0.000000,0.106492,0.000001,-0.000084,1.000000;;
     }

     Frame Bip01_Neck {
      

      FrameTransformMatrix {
       1.000000,-0.000000,-0.000000,0.000000,-0.000000,1.000000,-0.000000,0.000000,-0.000000,0.000000,1.000000,0.000000,0.130504,0.000000,0.004625,1.000000;;
      }

      Frame Bip01_Head {
       

       FrameTransformMatrix {
        0.998696,0.032562,0.039313,0.000000,-0.033837,0.998909,0.032199,0.000000,-0.038222,-0.033487,0.998708,0.000000,0.033674,-0.000000,0.000000,1.000000;;
       }

       Frame Bip01_HeadNub {
        

        FrameTransformMatrix {
         1.000000,0.000000,0.000000,0.000000,0.000000,1.000000,-0.000000,0.000000,0.000000,0.000000,1.000000,0.000000,0.169824,0.000000,-0.000000,1.000000;;
        }
       }
      }

      Frame Bip01_L_Clavicle {
       

       FrameTransformMatrix {
        -0.263815,0.961631,-0.075278,0.000000,0.964573,0.262946,-0.021409,0.000000,-0.000794,-0.078259,-0.996933,0.000000,-0.024024,0.015714,-0.004625,1.000000;;
       }

       Frame Bip01_L_UpperArm {
        

        FrameTransformMatrix {
         0.575718,-0.816618,0.041042,0.000000,0.711466,0.475586,-0.517335,0.000000,0.402945,0.327039,0.854799,0.000000,0.087086,0.000000,0.000000,1.000000;;
        }

        Frame Bip01_L_Forearm {
         

         FrameTransformMatrix {
          -0.033074,-0.000000,-0.999453,0.000000,-0.000000,1.000000,-0.000000,0.000000,0.999453,-0.000000,-0.033074,0.000000,0.137062,0.000000,0.000000,1.000000;;
         }

         Frame Bip01_L_Hand {
          

          FrameTransformMatrix {
           0.631297,0.534344,-0.562085,0.000000,-0.194122,0.810567,0.552537,0.000000,0.750853,-0.239702,0.615437,0.000000,0.137062,0.000000,-0.000000,1.000000;;
          }

          Frame Bip01_L_Finger0 {
           

           FrameTransformMatrix {
            0.235353,-0.564101,0.791454,0.000000,0.835198,0.533842,0.132129,0.000000,-0.497045,0.629924,0.596777,0.000000,0.057681,-0.023605,-0.000272,1.000000;;
           }

           Frame Bip01_L_Finger0Nub {
            

            FrameTransformMatrix {
             1.000000,-0.000000,0.000000,0.000000,-0.000000,1.000000,0.000000,0.000000,0.000000,0.000000,1.000000,0.000000,0.029435,0.000000,0.000000,1.000000;;
            }
           }
          }

          Frame Bip01_L_Finger1 {
           

           FrameTransformMatrix {
            0.734090,-0.099616,0.671705,0.000000,-0.028412,0.983809,0.176953,0.000000,-0.678457,-0.148984,0.719375,0.000000,0.084102,0.000000,0.000000,1.000000;;
           }

           Frame Bip01_L_Finger1Nub {
            

            FrameTransformMatrix {
             1.000000,-0.000000,0.000000,0.000000,0.000000,1.000000,0.000000,0.000000,0.000000,-0.000000,1.000000,0.000000,0.047988,-0.000000,0.000000,1.000000;;
            }
           }
          }
         }
        }
       }
      }

      Frame Bip01_R_Clavicle {
       

       FrameTransformMatrix {
        -0.314364,-0.927181,-0.203744,0.000000,-0.949302,0.306862,0.068271,0.000000,-0.000778,0.214877,-0.976641,0.000000,-0.024025,-0.015715,-0.004625,1.000000;;
       }

       Frame Bip01_R_UpperArm {
        

        FrameTransformMatrix {
         0.586937,0.809336,0.021897,0.000000,-0.657694,0.460843,0.595870,0.000000,0.472169,-0.364140,0.802782,0.000000,0.087086,0.000000,0.000000,1.000000;;
        }

        Frame Bip01_R_Forearm {
         

         FrameTransformMatrix {
          0.540067,0.000000,-0.841622,0.000000,0.000000,1.000000,-0.000000,0.000000,0.841623,0.000000,0.540067,0.000000,0.137062,0.000000,0.000000,1.000000;;
         }

         Frame Bip01_R_Hand {
          

          FrameTransformMatrix {
           0.912976,-0.149135,-0.379782,0.000000,-0.321374,0.310644,-0.894550,0.000000,0.251386,0.938754,0.235682,0.000000,0.137062,0.000000,0.000000,1.000000;;
          }

          Frame Bip01_R_Finger0 {
           

           FrameTransformMatrix {
            0.166554,0.297180,0.940183,0.000000,-0.870771,0.491689,-0.001159,0.000000,-0.462622,-0.818491,0.340669,0.000000,0.057681,0.023605,-0.000272,1.000000;;
           }

           Frame Bip01_R_Finger0Nub {
            

            FrameTransformMatrix {
             -1.000000,0.000000,0.000000,0.000000,0.000000,1.000000,0.000000,0.000000,0.000000,-0.000000,-1.000000,0.000000,0.029435,0.000000,0.000000,1.000000;;
            }
           }
          }

          Frame Bip01_R_Finger1 {
           

           FrameTransformMatrix {
            0.759695,0.000518,0.650279,0.000000,0.000000,1.000000,-0.000796,0.000000,-0.650279,0.000605,0.759695,0.000000,0.084102,0.000000,-0.000000,1.000000;;
           }

           Frame Bip01_R_Finger1Nub {
            

            FrameTransformMatrix {
             -1.000000,-0.000000,-0.000000,0.000000,0.000000,1.000000,-0.000000,0.000000,-0.000000,-0.000000,-1.000000,0.000000,0.047988,0.000000,-0.000000,1.000000;;
            }
           }
          }
         }
        }
       }
      }
     }

     Frame Bip01_BackPack {
      

      FrameTransformMatrix {
       0.180560,0.080500,-0.980264,0.000000,0.047560,0.994765,0.090451,0.000000,0.982413,-0.062954,0.175786,0.000000,0.063697,0.000003,-0.088856,1.000000;;
      }

      Frame Bip01_BackPackNub {
       

       FrameTransformMatrix {
        0.000796,0.000003,1.000000,0.000000,-0.000000,-1.000000,0.000003,0.000000,1.000000,-0.000000,-0.000796,0.000000,0.053240,0.000000,0.000000,1.000000;;
       }
      }
     }
    }

    Frame Bip01_L_Thigh {
     

     FrameTransformMatrix {
      -0.856698,-0.064503,0.511769,0.000000,-0.012369,-0.989296,-0.145398,0.000000,0.515669,-0.130892,0.846730,0.000000,-0.052388,0.054444,0.002749,1.000000;;
     }

     Frame Bip01_L_Calf {
      

      FrameTransformMatrix {
       0.942235,-0.000000,-0.334953,0.000000,0.000000,1.000000,0.000000,0.000000,0.334953,0.000000,0.942235,0.000000,0.237500,0.000000,0.000000,1.000000;;
      }

      Frame Bip01_L_Foot {
       

       FrameTransformMatrix {
        0.924324,-0.026487,0.380688,0.000000,-0.068962,0.969570,0.234901,0.000000,-0.375325,-0.243378,0.894370,0.000000,0.206841,0.000000,-0.000000,1.000000;;
       }

       Frame Bip01_L_Toe0 {
        

        FrameTransformMatrix {
         0.000000,0.000000,1.000000,0.000000,0.000000,1.000000,-0.000000,0.000000,-1.000000,0.000000,0.000000,0.000000,0.065373,0.000000,0.066450,1.000000;;
        }

        Frame Bip01_L_Toe0Nub {
         

         FrameTransformMatrix {
          -1.000000,0.000000,0.000000,0.000000,-0.000000,1.000000,-0.000000,0.000000,0.000000,0.000000,-1.000000,0.000000,0.006735,0.000000,0.000000,1.000000;;
         }
        }
       }
      }
     }
    }

    Frame Bip01_R_Thigh {
     

     FrameTransformMatrix {
      -0.999925,0.011647,-0.003872,0.000000,-0.010863,-0.986639,-0.162558,0.000000,-0.005714,-0.162504,0.986691,0.000000,-0.050246,-0.054710,-0.013988,1.000000;;
     }

     Frame Bip01_R_Calf {
      

      FrameTransformMatrix {
       0.730234,-0.000000,-0.683197,0.000000,-0.000000,1.000000,0.000000,0.000000,0.683197,0.000000,0.730234,0.000000,0.237500,0.000000,0.000000,1.000000;;
      }

      Frame Bip01_R_Foot {
       

       FrameTransformMatrix {
        0.991957,0.087165,-0.091778,0.000000,-0.093276,0.993546,-0.064540,0.000000,0.085560,0.072581,0.993686,0.000000,0.206841,0.000000,0.000000,1.000000;;
       }

       Frame Bip01_R_Toe0 {
        

        FrameTransformMatrix {
         0.000000,0.000001,1.000000,0.000000,0.000001,1.000000,-0.000001,0.000000,-1.000000,0.000001,0.000001,0.000000,0.065373,0.000000,0.066450,1.000000;;
        }

        Frame Bip01_R_Toe0Nub {
         

         FrameTransformMatrix {
          1.000000,-0.000000,0.000000,0.000000,-0.000000,1.000000,-0.000000,0.000000,-0.000000,0.000000,1.000000,0.000000,0.006735,0.000000,-0.000000,1.000000;;
         }
        }
       }
      }
     }
    }
   }

   Frame Bip01_DressFront {
    

    FrameTransformMatrix {
     -0.880184,-0.088339,0.466338,0.000000,0.121847,0.907542,0.401896,0.000000,-0.458725,0.410564,-0.788041,0.000000,-0.043935,0.001339,0.061057,1.000000;;
    }

    Frame Bip01_DressFront02 {
     

     FrameTransformMatrix {
      0.912593,0.000001,0.408870,0.000000,-0.000001,1.000000,-0.000000,0.000000,-0.408870,-0.000000,0.912592,0.000000,0.183378,-0.000000,-0.000120,1.000000;;
     }

     Frame Bip01_DressFrontNub {
      

      FrameTransformMatrix {
       0.000796,0.000003,1.000000,0.000000,0.000000,-1.000000,0.000003,0.000000,1.000000,-0.000000,-0.000796,0.000000,0.165302,0.000000,0.000000,1.000000;;
      }
     }
    }
   }

   Frame Bip01_DressBack {
    

    FrameTransformMatrix {
     -0.886022,0.038029,0.462080,0.000000,0.191625,0.937561,0.290274,0.000000,-0.422190,0.345735,-0.837988,0.000000,-0.047673,-0.000048,-0.078302,1.000000;;
    }

    Frame Bip01_DressBack02 {
     

     FrameTransformMatrix {
      0.936852,0.174932,-0.302833,0.000000,-0.166408,0.984581,0.053939,0.000000,0.307600,-0.000139,0.951516,0.000000,0.176125,0.000000,-0.000103,1.000000;;
     }

     Frame Bip01_DressBackNub {
      

      FrameTransformMatrix {
       0.000796,0.000003,1.000000,0.000000,-0.000000,-1.000000,0.000003,0.000000,1.000000,0.000000,-0.000796,0.000000,0.136508,0.000000,-0.000000,1.000000;;
      }
     }
    }
   }
  }

  Frame Bip01_Prop1 {
   

   FrameTransformMatrix {
    -0.468632,-0.281500,0.837342,0.000000,0.302261,0.839563,0.451412,0.000000,-0.830074,0.464642,-0.308359,0.000000,0.112654,-0.049563,-0.076805,1.000000;;
   }
  }

  Frame Bip01_Prop2 {
   

   FrameTransformMatrix {
    -0.163643,-0.967062,0.194966,0.000000,0.985576,-0.168906,-0.010564,0.000000,0.043147,0.190425,0.980753,0.000000,0.078346,0.086512,0.101878,1.000000;;
   }
  }
 }
}

Frame Translation_Data {
 

 FrameTransformMatrix {
  1.000000,0.000000,0.000000,0.000000,0.000000,-0.000000,-1.000000,0.000000,0.000000,1.000000,-0.000000,0.000000,0.000000,0.000000,0.000000,1.000000;;
 }
}

Frame Body {
 

 FrameTransformMatrix {
  1.000000,0.000000,0.000000,0.000000,0.000000,1.000000,0.000000,0.000000,0.000000,0.000000,1.000000,0.000000,0.000000,0.000000,0.000000,1.000000;;
 }

 Mesh Body {
  617;
  0.058259;0.747190;-0.043257;,
  0.022083;0.742070;-0.050321;,
  0.015299;0.773450;-0.039033;,
  0.066937;0.727424;-0.043720;,
  0.073731;0.716049;-0.044790;,
  0.045655;0.677061;-0.060839;,
  0.031386;0.709022;-0.062152;,
  0.080298;0.684236;-0.028368;,
  0.013641;0.798562;-0.004903;,
  0.061493;0.779925;0.026114;,
  0.055895;0.777261;-0.001575;,
  0.030072;0.784604;0.028863;,
  0.076400;0.544315;0.034898;,
  0.035994;0.554592;0.056868;,
  0.037356;0.544292;0.063147;,
  0.068280;0.553756;0.032822;,
  0.059838;0.546960;-0.022211;,
  0.073746;0.522516;-0.002349;,
  0.030364;0.538520;-0.050343;,
  0.056755;0.496440;-0.025362;,
  0.027309;0.484385;-0.031558;,
  -0.007767;0.673625;-0.071226;,
  -0.009333;0.709185;-0.067381;,
  -0.006776;0.552855;0.059464;,
  -0.004530;0.540650;0.067241;,
  0.036862;0.650984;0.066295;,
  -0.016314;0.692168;0.068094;,
  -0.015356;0.651202;0.067081;,
  0.040788;0.695041;0.066756;,
  0.041258;0.467102;-0.044245;,
  0.081494;0.369928;-0.074071;,
  0.041488;0.385022;-0.094738;,
  0.078718;0.453434;-0.014932;,
  0.036440;0.299358;-0.140579;,
  0.068901;0.281473;-0.103037;,
  -0.005839;0.463513;-0.024362;,
  0.008786;0.338593;-0.001513;,
  0.007862;0.440213;0.086913;,
  -0.003888;0.373380;-0.067850;,
  0.018857;0.269377;-0.061548;,
  0.012153;0.282234;-0.101080;,
  0.087312;0.341247;-0.016288;,
  0.078123;0.420580;0.036537;,
  0.059468;0.271533;-0.064801;,
  0.057213;0.010644;-0.155363;,
  0.010652;-0.008965;-0.122504;,
  0.013449;0.016011;-0.164357;,
  0.045070;-0.011803;-0.117769;,
  0.038318;0.234478;-0.130860;,
  0.067311;0.153655;-0.117839;,
  0.035635;0.161377;-0.142691;,
  0.072194;0.227270;-0.106051;,
  0.056886;0.074377;-0.127013;,
  0.037075;0.084552;-0.153433;,
  -0.001148;0.212274;-0.107325;,
  0.009837;0.154279;-0.073085;,
  0.005566;0.216591;-0.052161;,
  0.008449;0.154224;-0.115889;,
  0.024693;0.078296;-0.101684;,
  0.020300;0.070794;-0.136462;,
  0.071566;0.152387;-0.079550;,
  0.077408;0.223217;-0.057053;,
  0.048734;0.082159;-0.100591;,
  0.080275;0.494821;0.006989;,
  -0.014594;0.475435;-0.038434;,
  -0.005839;0.463513;-0.024362;,
  -0.013373;0.443727;-0.018958;,
  0.086738;0.498585;0.061097;,
  0.038992;0.501979;0.089216;,
  0.079616;0.439223;0.052432;,
  0.036584;0.444939;0.081028;,
  0.034298;0.601647;0.060000;,
  0.069603;0.648708;0.050694;,
  0.082037;0.652627;0.034095;,
  0.062268;0.600836;-0.014656;,
  0.078844;0.651939;-0.019698;,
  0.067450;0.601219;0.036106;,
  0.046829;0.646526;-0.057042;,
  0.040850;0.594985;-0.044662;,
  -0.006989;0.647584;-0.066865;,
  -0.007670;0.589305;-0.051417;,
  0.103599;0.702174;-0.036001;,
  0.127991;0.659659;-0.023255;,
  0.053912;0.701426;-0.015355;,
  0.100644;0.613383;0.022136;,
  0.074171;0.645133;-0.001291;,
  0.144432;0.622820;0.003537;,
  0.072967;0.712108;0.041519;,
  0.074171;0.645133;-0.001291;,
  0.092174;0.667770;0.058114;,
  0.115870;0.604721;0.060697;,
  0.100644;0.613383;0.022136;,
  0.082297;0.717463;0.045084;,
  0.146017;0.682620;0.036111;,
  0.121232;0.723911;0.023708;,
  0.159559;0.613866;0.042124;,
  0.117981;0.714575;-0.012859;,
  0.139387;0.633171;-0.012782;,
  0.077161;0.597176;-0.046635;,
  0.086522;0.623203;0.007374;,
  0.111418;0.604867;-0.057346;,
  0.067399;0.568148;-0.082900;,
  0.089521;0.577631;-0.093392;,
  0.086522;0.623203;0.007374;,
  0.102530;0.550355;-0.025703;,
  0.106673;0.570713;0.035802;,
  0.077161;0.597176;-0.046635;,
  0.092346;0.542929;-0.074577;,
  0.067399;0.568148;-0.082900;,
  0.128767;0.556692;-0.033801;,
  0.159202;0.580784;0.015739;,
  0.102367;0.545776;-0.080079;,
  0.062052;0.594965;-0.204836;,
  0.094618;0.558288;-0.175664;,
  0.055108;0.583040;-0.187705;,
  0.101007;0.570334;-0.192553;,
  0.037723;0.573605;-0.146031;,
  0.042330;0.583679;-0.158591;,
  0.042013;0.572906;-0.156371;,
  0.032983;0.584218;-0.147034;,
  0.099856;0.542468;-0.122142;,
  0.062788;0.587183;-0.138627;,
  0.108661;0.564295;-0.151158;,
  0.053406;0.559950;-0.119152;,
  0.116071;0.582815;-0.151595;,
  0.114492;0.573900;-0.107001;,
  0.066218;0.592683;-0.102657;,
  0.072065;0.604802;-0.138743;,
  0.085291;0.768655;0.007416;,
  0.094322;0.765111;-0.020880;,
  0.055895;0.777261;-0.001575;,
  0.056755;0.769281;-0.024562;,
  0.078497;0.697497;0.051305;,
  0.024970;0.788486;-0.029000;,
  0.089340;0.745044;-0.039987;,
  0.066937;0.727424;-0.043720;,
  0.058259;0.747190;-0.043257;,
  0.082647;0.718829;-0.034032;,
  0.081199;0.742318;0.039277;,
  0.041073;0.735211;0.054863;,
  0.083872;0.745781;0.035142;,
  -0.016688;0.728835;0.056002;,
  -0.016280;0.778008;0.021525;,
  0.061493;0.779925;0.026114;,
  0.083872;0.745781;0.035142;,
  0.071629;0.712557;-0.014000;,
  0.083507;0.733794;0.027893;,
  0.053912;0.701426;-0.015355;,
  0.082629;0.690432;0.020179;,
  0.077863;0.682739;-0.013835;,
  0.073731;0.716049;-0.044790;,
  0.086956;0.695351;0.035794;,
  0.053406;0.559950;-0.119152;,
  0.020703;0.815931;-0.025549;,
  0.010652;0.820179;-0.005261;,
  -0.015567;0.800425;-0.002419;,
  -0.015728;0.822931;0.001617;,
  0.072065;0.604802;-0.138743;,
  0.062052;0.594965;-0.204836;,
  0.101007;0.570334;-0.192553;,
  0.046733;0.572071;-0.128292;,
  0.042535;0.596769;-0.134875;,
  0.046733;0.572071;-0.128292;,
  0.055560;0.574739;-0.143516;,
  0.061377;0.598451;-0.146627;,
  0.061377;0.598451;-0.146627;,
  0.037723;0.573605;-0.146031;,
  0.032983;0.584218;-0.147034;,
  0.042330;0.583679;-0.158591;,
  0.076117;0.067429;-0.208560;,
  0.053707;0.073937;-0.261853;,
  0.051203;0.086380;-0.246420;,
  0.082800;0.052008;-0.224944;,
  0.008722;0.025432;-0.114995;,
  0.013449;0.016011;-0.164357;,
  0.010652;-0.008965;-0.122504;,
  0.012517;0.038862;-0.153959;,
  0.024693;0.078296;-0.101684;,
  0.049774;0.024779;-0.107975;,
  0.048734;0.082159;-0.100591;,
  0.057213;0.010644;-0.155363;,
  0.045070;-0.011803;-0.117769;,
  0.058757;0.041839;-0.139452;,
  0.037075;0.084552;-0.153433;,
  0.056886;0.074377;-0.127013;,
  0.022358;0.080838;-0.243027;,
  0.017517;0.071644;-0.257969;,
  0.082800;0.052008;-0.224944;,
  0.017517;0.071644;-0.257969;,
  -0.003888;0.373380;-0.067850;,
  0.012153;0.282234;-0.101080;,
  -0.001148;0.212274;-0.107325;,
  0.008449;0.154224;-0.115889;,
  0.020300;0.070794;-0.136462;,
  0.020300;0.070794;-0.136462;,
  -0.008974;0.439727;0.032700;,
  0.032584;0.817505;-0.046354;,
  0.015428;0.804990;-0.062884;,
  0.024491;0.811198;-0.065203;,
  0.013538;0.810473;-0.042663;,
  0.024487;0.839876;-0.026056;,
  0.016131;0.852687;-0.007385;,
  0.008379;0.952775;-0.078632;,
  -0.010638;0.941298;-0.104886;,
  -0.011231;0.957510;-0.079827;,
  0.023015;0.879850;-0.114910;,
  0.006236;0.877968;-0.121814;,
  0.019508;0.909106;-0.111102;,
  0.030739;0.830684;-0.071346;,
  0.038181;0.845354;-0.046558;,
  0.030922;0.830008;-0.039298;,
  0.039300;0.882500;-0.034608;,
  0.040541;0.889048;-0.058222;,
  0.032543;0.918255;-0.095568;,
  0.040496;0.924499;-0.069532;,
  0.036994;0.880758;-0.083935;,
  0.036293;0.888711;-0.019287;,
  0.025005;0.899971;-0.000740;,
  -0.014392;0.902958;0.008991;,
  0.019729;0.944219;-0.019886;,
  -0.013371;0.947983;-0.011045;,
  0.037126;0.858494;-0.079486;,
  0.021642;0.819174;-0.083844;,
  0.023280;0.850065;-0.102170;,
  0.007099;0.793246;-0.092161;,
  -0.012796;0.789743;-0.080392;,
  -0.012178;0.788577;-0.101492;,
  0.015040;0.929612;-0.105455;,
  0.027897;0.942478;-0.076103;,
  0.035359;0.938588;-0.037690;,
  0.022318;0.954554;-0.049390;,
  0.004990;0.961124;-0.044431;,
  -0.012269;0.963852;-0.042982;,
  -0.014595;0.863198;0.003222;,
  0.035359;0.938588;-0.037690;,
  0.022318;0.954554;-0.049390;,
  0.044490;0.847869;-0.047402;,
  0.050375;0.895007;-0.044460;,
  0.054940;0.877410;-0.033368;,
  0.043150;0.875908;-0.046896;,
  0.054940;0.877410;-0.033368;,
  0.044490;0.847869;-0.047402;,
  0.050375;0.895007;-0.044460;,
  0.040541;0.889048;-0.058222;,
  0.040901;0.864062;-0.061214;,
  0.038181;0.845354;-0.046558;,
  0.023299;0.872068;-0.105520;,
  0.040901;0.864062;-0.061214;,
  0.024970;0.788486;-0.029000;,
  0.020703;0.815931;-0.025549;,
  0.056755;0.769281;-0.024562;,
  0.024487;0.839876;-0.026056;,
  -0.011376;0.759420;-0.057731;,
  -0.010515;0.735295;-0.060177;,
  -0.013131;0.536205;-0.051221;,
  -0.002895;0.499950;0.093039;,
  -0.003160;0.465754;0.095717;,
  -0.008338;0.424411;0.068037;,
  -0.012619;0.794649;-0.064919;,
  -0.008974;0.439727;0.032700;,
  0.004990;0.961124;-0.044431;,
  -0.012269;0.963852;-0.042982;,
  0.008295;0.823686;-0.101942;,
  0.001266;0.845250;-0.112307;,
  0.001334;0.835664;-0.111160;,
  -0.010422;0.930163;-0.115653;,
  -0.010351;0.906685;-0.125461;,
  0.003772;0.870481;-0.111452;,
  -0.013174;0.600443;0.059898;,
  0.056755;0.769281;-0.024562;,
  0.053707;0.073937;-0.261853;,
  0.000109;0.814278;-0.107610;,
  0.007604;0.817212;-0.100789;,
  -0.000112;0.819547;-0.104728;,
  -0.011306;0.834106;-0.116352;,
  -0.010927;0.841231;-0.126830;,
  -0.000176;0.822762;-0.110051;,
  -0.011760;0.819882;-0.105629;,
  -0.011687;0.812372;-0.110442;,
  -0.010542;0.876086;-0.128718;,
  -0.010779;0.867333;-0.123545;,
  0.083507;0.733794;0.027893;,
  -0.011484;0.822425;-0.114099;,
  0.066397;0.718405;0.002160;,
  0.071629;0.712557;-0.014000;,
  0.073731;0.716049;-0.044790;,
  0.036293;0.888711;-0.019287;,
  0.038318;0.234478;-0.130860;,
  0.007952;0.154096;-0.125720;,
  -0.005114;0.230047;-0.120202;,
  0.035635;0.161377;-0.142691;,
  0.036440;0.299358;-0.140579;,
  -0.006230;0.289155;-0.125019;,
  0.041488;0.385022;-0.094738;,
  -0.009799;0.373183;-0.081990;,
  0.041258;0.467102;-0.044245;,
  -0.006738;0.455566;-0.048886;,
  0.027309;0.484385;-0.031558;,
  0.010416;0.082599;-0.133076;,
  0.037075;0.084552;-0.153433;,
  0.018513;0.146347;-0.050631;,
  0.014691;0.121946;-0.011511;,
  0.020544;0.078996;-0.067683;,
  0.010212;0.181490;0.010015;,
  0.004600;0.239392;0.025912;,
  0.011088;0.212083;-0.039379;,
  0.003820;0.289162;0.049109;,
  0.014140;0.258092;-0.033066;,
  0.008852;0.332323;0.012074;,
  -0.002984;0.362848;0.066312;,
  -0.002362;0.438504;0.093355;,
  0.066397;0.718405;0.002160;,
  -0.083099;0.742127;-0.045635;,
  -0.044342;0.740069;-0.053961;,
  -0.089775;0.721992;-0.047717;,
  -0.040727;0.771762;-0.042104;,
  -0.094574;0.710941;-0.053564;,
  -0.062141;0.674207;-0.066985;,
  -0.100630;0.679446;-0.038684;,
  -0.050296;0.706561;-0.066629;,
  -0.044315;0.796816;-0.008079;,
  -0.093199;0.774996;0.018930;,
  -0.063468;0.781785;0.023736;,
  -0.083679;0.772035;-0.003856;,
  -0.089664;0.546724;0.049226;,
  -0.049536;0.555352;0.061659;,
  -0.084324;0.555114;0.041370;,
  -0.046377;0.545506;0.070372;,
  -0.082213;0.548223;-0.014254;,
  -0.094056;0.524950;0.012129;,
  -0.056213;0.539290;-0.045493;,
  -0.082244;0.496836;-0.014255;,
  -0.054425;0.485570;-0.024506;,
  -0.006776;0.552855;0.059464;,
  -0.004530;0.540650;0.067241;,
  -0.067038;0.648717;0.060079;,
  -0.016314;0.692168;0.068094;,
  -0.072961;0.692030;0.060271;,
  -0.015356;0.651202;0.067081;,
  -0.068785;0.447017;-0.021409;,
  -0.103957;0.347000;0.016696;,
  -0.099647;0.448020;0.018641;,
  -0.069069;0.348608;-0.015486;,
  -0.063894;0.244512;-0.007655;,
  -0.088935;0.256348;0.035229;,
  -0.017844;0.451685;-0.005254;,
  -0.018427;0.357188;0.080833;,
  -0.019232;0.352130;0.005037;,
  -0.016257;0.440563;0.088994;,
  -0.032652;0.272819;0.063430;,
  -0.032814;0.256762;0.026622;,
  -0.098251;0.352723;0.080961;,
  -0.088671;0.436415;0.078305;,
  -0.073322;0.273270;0.066601;,
  -0.059917;0.081352;0.241464;,
  -0.015117;0.113088;0.266320;,
  -0.049747;0.116208;0.268782;,
  -0.015728;0.074660;0.236216;,
  -0.057293;0.205594;0.052252;,
  -0.075612;0.171004;0.129779;,
  -0.086826;0.223140;0.077452;,
  -0.048310;0.153811;0.104489;,
  -0.058609;0.117867;0.185150;,
  -0.041205;0.097823;0.163103;,
  -0.013042;0.210434;0.077209;,
  -0.013381;0.205557;0.145272;,
  -0.017371;0.170479;0.121028;,
  -0.013212;0.258284;0.105794;,
  -0.025051;0.141657;0.190519;,
  -0.022394;0.109005;0.185204;,
  -0.074875;0.201750;0.153015;,
  -0.085394;0.261078;0.109122;,
  -0.049322;0.144956;0.189191;,
  -0.099685;0.497432;0.022516;,
  -0.017844;0.451685;-0.005254;,
  -0.096675;0.501246;0.076922;,
  -0.044741;0.503194;0.096441;,
  -0.089684;0.450761;0.081275;,
  -0.042926;0.457748;0.098383;,
  -0.060457;0.600206;0.055542;,
  -0.097513;0.645061;0.040696;,
  -0.108004;0.648480;0.022725;,
  -0.081126;0.598656;-0.021402;,
  -0.091147;0.598808;0.028645;,
  -0.098275;0.648074;-0.030294;,
  -0.061747;0.644157;-0.063537;,
  -0.056767;0.593501;-0.049255;,
  -0.122396;0.692565;-0.035591;,
  -0.074166;0.696582;-0.012066;,
  -0.143385;0.647974;-0.023929;,
  -0.111913;0.599027;0.017578;,
  -0.155488;0.605263;-0.002926;,
  -0.089829;0.638669;0.001272;,
  -0.097470;0.705588;0.043501;,
  -0.113362;0.659683;0.059325;,
  -0.089829;0.638669;0.001272;,
  -0.131971;0.601289;0.064071;,
  -0.111913;0.599027;0.017578;,
  -0.107457;0.710048;0.046467;,
  -0.166970;0.669310;0.034080;,
  -0.145495;0.712720;0.022794;,
  -0.175451;0.607336;0.043673;,
  -0.139224;0.703622;-0.013439;,
  -0.153043;0.597626;-0.018992;,
  -0.101255;0.538264;-0.029378;,
  -0.134450;0.546138;-0.042922;,
  -0.101166;0.588882;0.004087;,
  -0.099203;0.500587;-0.045435;,
  -0.121749;0.501326;-0.060566;,
  -0.101166;0.588882;0.004087;,
  -0.132465;0.513943;0.011954;,
  -0.101255;0.538264;-0.029378;,
  -0.127603;0.561629;0.054638;,
  -0.123308;0.479470;-0.023889;,
  -0.099203;0.500587;-0.045435;,
  -0.157802;0.520404;0.001448;,
  -0.179207;0.570413;0.031725;,
  -0.137710;0.482076;-0.032671;,
  -0.058172;0.433705;-0.140380;,
  -0.088607;0.418442;-0.094582;,
  -0.090370;0.409903;-0.114460;,
  -0.056062;0.442750;-0.120439;,
  -0.061001;0.475523;-0.086362;,
  -0.060543;0.470086;-0.102195;,
  -0.057430;0.482655;-0.094876;,
  -0.060142;0.465884;-0.092034;,
  -0.106434;0.448802;-0.049564;,
  -0.087223;0.478578;-0.098447;,
  -0.078403;0.486535;-0.065771;,
  -0.108093;0.432573;-0.083175;,
  -0.121029;0.435179;-0.098140;,
  -0.137606;0.462686;-0.065905;,
  -0.109310;0.502984;-0.082561;,
  -0.101419;0.479885;-0.112350;,
  -0.111328;0.760503;0.008785;,
  -0.121046;0.756384;-0.019205;,
  -0.083679;0.772035;-0.003856;,
  -0.083665;0.764019;-0.025948;,
  -0.108724;0.692541;0.040630;,
  -0.052320;0.786157;-0.033237;,
  -0.114902;0.736903;-0.038706;,
  -0.089775;0.721992;-0.047717;,
  -0.105024;0.711298;-0.032609;,
  -0.083099;0.742127;-0.045635;,
  -0.112297;0.736358;0.029782;,
  -0.114643;0.739625;0.025586;,
  -0.074258;0.731736;0.048542;,
  -0.016688;0.728835;0.056002;,
  -0.016280;0.778008;0.021525;,
  -0.093199;0.774996;0.018930;,
  -0.114643;0.739625;0.025586;,
  -0.095030;0.707240;-0.021302;,
  -0.074166;0.696582;-0.012066;,
  -0.111748;0.727523;0.019528;,
  -0.108861;0.685363;0.009261;,
  -0.099806;0.678036;-0.023966;,
  -0.094574;0.710941;-0.053564;,
  -0.115215;0.689999;0.024267;,
  -0.078403;0.486535;-0.065771;,
  -0.049612;0.815065;-0.028610;,
  -0.041368;0.819539;-0.007526;,
  -0.015567;0.800425;-0.002419;,
  -0.015728;0.822931;0.001617;,
  -0.101419;0.479885;-0.112350;,
  -0.058172;0.433705;-0.140380;,
  -0.090370;0.409903;-0.114460;,
  -0.076756;0.483618;-0.077171;,
  -0.072630;0.494265;-0.100422;,
  -0.076756;0.483618;-0.077171;,
  -0.078103;0.470400;-0.089014;,
  -0.084331;0.478757;-0.111310;,
  -0.084331;0.478757;-0.111310;,
  -0.061001;0.475523;-0.086362;,
  -0.057430;0.482655;-0.094876;,
  -0.060543;0.470086;-0.102195;,
  -0.075456;0.035134;0.177948;,
  -0.050868;-0.016082;0.165416;,
  -0.081855;0.016705;0.190999;,
  -0.048677;0.000881;0.155084;,
  -0.012691;0.124953;0.233205;,
  -0.015728;0.074660;0.236216;,
  -0.014675;0.087893;0.214888;,
  -0.015117;0.113088;0.266320;,
  -0.025051;0.141657;0.190519;,
  -0.053987;0.130380;0.233604;,
  -0.049322;0.144956;0.189191;,
  -0.059917;0.081352;0.241464;,
  -0.061359;0.101018;0.212485;,
  -0.049747;0.116208;0.268782;,
  -0.041205;0.097823;0.163103;,
  -0.058609;0.117867;0.185150;,
  -0.020117;0.004561;0.161801;,
  -0.014916;-0.011243;0.169175;,
  -0.081855;0.016705;0.190999;,
  -0.014916;-0.011243;0.169175;,
  -0.019232;0.352130;0.005037;,
  -0.032814;0.256762;0.026622;,
  -0.013042;0.210434;0.077209;,
  -0.017371;0.170479;0.121028;,
  -0.022394;0.109005;0.185204;,
  -0.022394;0.109005;0.185204;,
  -0.059591;0.818374;-0.049101;,
  -0.041721;0.805529;-0.064587;,
  -0.040930;0.809802;-0.045034;,
  -0.050510;0.811905;-0.067437;,
  -0.052297;0.840600;-0.028344;,
  -0.044828;0.853262;-0.009201;,
  -0.030964;0.953146;-0.079804;,
  -0.011231;0.957510;-0.079827;,
  -0.044785;0.880489;-0.116930;,
  -0.040961;0.909676;-0.112903;,
  -0.027664;0.878287;-0.122824;,
  -0.056014;0.831501;-0.073931;,
  -0.064641;0.846324;-0.049621;,
  -0.058117;0.830847;-0.041951;,
  -0.065769;0.883490;-0.037739;,
  -0.065479;0.890047;-0.061381;,
  -0.054723;0.919077;-0.098168;,
  -0.060564;0.881678;-0.086842;,
  -0.064092;0.925485;-0.072648;,
  -0.063563;0.889653;-0.022262;,
  -0.053189;0.900708;-0.003070;,
  -0.014392;0.902958;0.008991;,
  -0.045951;0.944838;-0.021843;,
  -0.013371;0.947983;-0.011045;,
  -0.061380;0.859422;-0.082421;,
  -0.046370;0.850721;-0.104245;,
  -0.046407;0.819816;-0.085872;,
  -0.031886;0.793613;-0.093322;,
  -0.036451;0.930098;-0.106990;,
  -0.050788;0.943220;-0.078447;,
  -0.060596;0.939492;-0.040550;,
  -0.046583;0.955203;-0.051443;,
  -0.012269;0.963852;-0.042982;,
  -0.029460;0.961448;-0.045457;,
  -0.014595;0.863198;0.003222;,
  -0.060596;0.939492;-0.040550;,
  -0.046583;0.955203;-0.051443;,
  -0.070840;0.848956;-0.050838;,
  -0.076000;0.896199;-0.048225;,
  -0.069004;0.876965;-0.050238;,
  -0.081548;0.878697;-0.037435;,
  -0.081548;0.878697;-0.037435;,
  -0.070840;0.848956;-0.050838;,
  -0.076000;0.896199;-0.048225;,
  -0.065479;0.890047;-0.061381;,
  -0.066131;0.865071;-0.064403;,
  -0.064641;0.846324;-0.049621;,
  -0.045774;0.872720;-0.107578;,
  -0.066131;0.865071;-0.064403;,
  -0.052320;0.786157;-0.033237;,
  -0.049612;0.815065;-0.028610;,
  -0.083665;0.764019;-0.025948;,
  -0.052297;0.840600;-0.028344;,
  -0.002895;0.499950;0.093039;,
  -0.003160;0.465754;0.095717;,
  -0.008338;0.424411;0.068037;,
  -0.008974;0.439727;0.032700;,
  -0.029460;0.961448;-0.045457;,
  -0.012269;0.963852;-0.042982;,
  -0.031923;0.824066;-0.103141;,
  -0.023886;0.845487;-0.113056;,
  -0.024202;0.835904;-0.111921;,
  -0.025962;0.870761;-0.112338;,
  -0.013174;0.600443;0.059898;,
  -0.083665;0.764019;-0.025948;,
  -0.050868;-0.016082;0.165416;,
  -0.031425;0.817580;-0.101952;,
  -0.023594;0.814501;-0.108316;,
  -0.023445;0.819767;-0.105423;,
  -0.023004;0.822977;-0.110732;,
  -0.111748;0.727523;0.019528;,
  -0.091737;0.713418;-0.004881;,
  -0.095030;0.707240;-0.021302;,
  -0.094574;0.710941;-0.053564;,
  -0.063563;0.889653;-0.022262;,
  -0.030537;0.202543;-0.018259;,
  -0.017568;0.144492;-0.068311;,
  -0.029605;0.137113;0.016086;,
  -0.022025;0.218427;-0.075775;,
  -0.039850;0.256660;-0.041441;,
  -0.026448;0.272270;-0.083346;,
  -0.026500;0.350434;-0.036202;,
  -0.019093;0.354813;-0.059726;,
  -0.021045;0.437869;-0.034099;,
  -0.013527;0.437061;-0.040833;,
  -0.014594;0.475435;-0.038434;,
  -0.054425;0.485570;-0.024506;,
  -0.015095;0.081030;-0.065338;,
  -0.024441;0.073890;0.042941;,
  -0.002136;0.156878;0.190950;,
  -0.074875;0.201750;0.153015;,
  -0.049308;0.144957;0.189190;,
  -0.012159;0.211344;0.148430;,
  -0.085394;0.261078;0.109122;,
  -0.019939;0.265037;0.120279;,
  -0.022861;0.285663;0.092309;,
  -0.073322;0.273270;0.066601;,
  -0.098251;0.352723;0.080961;,
  -0.015394;0.358307;0.098038;,
  -0.003160;0.465754;0.095717;,
  -0.042926;0.457748;0.098383;,
  -0.091737;0.713418;-0.004881;,
  -0.068785;0.447017;-0.021409;,
  -0.069069;0.348609;-0.015486;,
  -0.063894;0.244512;-0.007655;,
  -0.057293;0.205594;0.052252;,
  -0.048310;0.153811;0.104489;,
  -0.041205;0.097823;0.163103;,
  0.087312;0.341247;-0.016288;,
  0.036584;0.444939;0.081028;,
  0.078123;0.420580;0.036537;,
  0.059468;0.271533;-0.064801;,
  0.077408;0.223217;-0.057053;,
  0.071566;0.152387;-0.079550;,
  0.048734;0.082159;-0.100591;,
  -0.088671;0.436415;0.078305;;
  916;
  3;0,1,2;,
  3;1,0,3;,
  3;4,5,6;,
  3;5,4,7;,
  3;8,9,10;,
  3;9,8,11;,
  3;12,13,14;,
  3;13,12,15;,
  3;16,12,17;,
  3;12,16,15;,
  3;18,19,20;,
  3;19,18,16;,
  3;6,21,22;,
  3;21,6,5;,
  3;14,23,24;,
  3;23,14,13;,
  3;25,26,27;,
  3;26,25,28;,
  3;29,30,31;,
  3;30,29,32;,
  3;30,33,31;,
  3;33,30,34;,
  3;35,36,37;,
  3;36,35,38;,
  3;38,39,36;,
  3;39,38,40;,
  3;37,41,42;,
  3;41,37,36;,
  3;36,43,41;,
  3;43,36,39;,
  3;42,30,32;,
  3;30,42,41;,
  3;41,34,30;,
  3;34,41,43;,
  3;44,45,46;,
  3;45,44,47;,
  3;48,49,50;,
  3;49,48,51;,
  3;50,52,53;,
  3;52,50,49;,
  3;54,55,56;,
  3;55,54,57;,
  3;57,58,55;,
  3;58,57,59;,
  3;56,60,61;,
  3;60,56,55;,
  3;55,62,60;,
  3;62,55,58;,
  3;61,49,51;,
  3;49,61,60;,
  3;60,52,49;,
  3;52,60,62;,
  3;32,19,63;,
  3;19,32,29;,
  3;64,65,66;,
  3;65,64,20;,
  3;14,67,12;,
  3;67,14,68;,
  3;68,69,67;,
  3;69,68,70;,
  3;70,42,69;,
  3;42,70,37;,
  3;48,34,51;,
  3;34,48,33;,
  3;51,43,61;,
  3;43,51,34;,
  3;43,56,61;,
  3;56,43,39;,
  3;39,54,56;,
  3;54,39,40;,
  3;12,63,17;,
  3;63,12,67;,
  3;67,32,63;,
  3;32,67,69;,
  3;69,42,32;,
  3;71,72,25;,
  3;73,74,75;,
  3;74,73,76;,
  3;74,77,75;,
  3;77,74,78;,
  3;79,78,80;,
  3;78,79,77;,
  3;81,82,83;,
  3;82,84,85;,
  3;84,82,86;,
  3;87,88,89;,
  3;88,90,89;,
  3;90,88,91;,
  3;92,93,94;,
  3;92,89,93;,
  3;92,87,89;,
  3;89,95,93;,
  3;95,89,90;,
  3;96,93,82;,
  3;93,86,82;,
  3;86,93,95;,
  3;97,98,99;,
  3;98,97,100;,
  3;100,101,98;,
  3;101,100,102;,
  3;103,104,105;,
  3;104,103,106;,
  3;106,107,104;,
  3;107,106,108;,
  3;105,109,110;,
  3;109,105,104;,
  3;104,111,109;,
  3;111,104,107;,
  3;110,100,97;,
  3;100,110,109;,
  3;109,102,100;,
  3;102,109,111;,
  3;112,113,114;,
  3;113,112,115;,
  3;116,117,118;,
  3;117,116,119;,
  3;120,121,122;,
  3;121,120,123;,
  3;120,124,125;,
  3;124,120,122;,
  3;126,124,127;,
  3;124,126,125;,
  3;95,97,86;,
  3;97,95,110;,
  3;86,99,84;,
  3;99,86,97;,
  3;90,103,105;,
  3;103,90,91;,
  3;105,95,90;,
  3;95,105,110;,
  3;128,96,129;,
  3;96,128,94;,
  3;129,130,128;,
  3;130,129,131;,
  3;72,28,25;,
  3;28,72,132;,
  3;10,133,8;,
  3;134,135,136;,
  3;135,134,137;,
  3;81,137,134;,
  3;138,11,139;,
  3;138,9,11;,
  3;138,140,9;,
  3;141,11,142;,
  3;11,141,139;,
  3;128,130,143;,
  3;94,144,92;,
  3;94,143,144;,
  3;94,128,143;,
  3;145,87,146;,
  3;87,145,147;,
  3;75,148,73;,
  3;148,75,149;,
  3;150,147,145;,
  3;7,149,75;,
  3;148,151,73;,
  3;102,152,101;,
  3;152,102,126;,
  3;102,125,126;,
  3;125,102,111;,
  3;111,120,125;,
  3;120,111,107;,
  3;120,108,123;,
  3;108,120,107;,
  3;8,153,154;,
  3;153,8,133;,
  3;154,155,8;,
  3;155,154,156;,
  3;122,114,113;,
  3;114,122,121;,
  3;121,112,114;,
  3;112,121,157;,
  3;158,124,159;,
  3;124,158,127;,
  3;159,122,113;,
  3;122,159,124;,
  3;126,160,152;,
  3;160,126,161;,
  3;162,121,123;,
  3;121,162,163;,
  3;121,164,157;,
  3;164,121,163;,
  3;165,126,127;,
  3;126,165,161;,
  3;161,166,160;,
  3;166,161,167;,
  3;162,118,163;,
  3;118,162,116;,
  3;163,117,164;,
  3;117,163,118;,
  3;165,167,161;,
  3;167,165,168;,
  3;169,170,171;,
  3;170,169,172;,
  3;173,174,175;,
  3;174,173,176;,
  3;177,178,179;,
  3;178,177,173;,
  3;180,178,181;,
  3;178,180,182;,
  3;183,169,171;,
  3;169,183,184;,
  3;174,185,186;,
  3;185,174,176;,
  3;46,187,44;,
  3;187,46,188;,
  3;180,169,182;,
  3;169,180,172;,
  3;20,29,65;,
  3;19,29,20;,
  3;29,31,189;,
  3;31,190,189;,
  3;190,31,33;,
  3;33,191,190;,
  3;191,33,48;,
  3;191,50,192;,
  3;50,191,48;,
  3;192,53,193;,
  3;53,192,50;,
  3;194,171,185;,
  3;171,194,183;,
  3;171,186,185;,
  3;186,171,170;,
  3;185,176,194;,
  3;194,173,177;,
  3;173,194,176;,
  3;178,175,181;,
  3;175,178,173;,
  3;179,182,184;,
  3;182,179,178;,
  3;182,169,184;,
  3;16,17,19;,
  3;17,63,19;,
  3;65,195,66;,
  3;196,197,198;,
  3;197,196,199;,
  3;200,154,153;,
  3;154,200,201;,
  3;202,203,204;,
  3;205,206,207;,
  3;196,208,209;,
  3;208,196,198;,
  3;210,209,211;,
  3;209,210,196;,
  3;212,213,214;,
  3;213,212,215;,
  3;212,214,211;,
  3;201,216,217;,
  3;216,201,200;,
  3;218,219,220;,
  3;219,218,217;,
  3;210,199,196;,
  3;213,205,207;,
  3;221,222,223;,
  3;198,197,224;,
  3;224,225,226;,
  3;225,224,197;,
  3;227,213,207;,
  3;228,229,214;,
  3;229,228,230;,
  3;220,231,232;,
  3;213,228,214;,
  3;156,201,233;,
  3;201,156,154;,
  3;233,217,218;,
  3;217,233,201;,
  3;219,217,234;,
  3;235,219,234;,
  3;236,237,238;,
  3;237,236,239;,
  3;209,240,211;,
  3;240,209,241;,
  3;211,242,212;,
  3;242,211,240;,
  3;243,239,244;,
  3;239,243,237;,
  3;244,236,245;,
  3;236,244,239;,
  3;246,221,223;,
  3;221,246,215;,
  3;221,212,247;,
  3;212,221,215;,
  3;199,248,2;,
  3;248,199,249;,
  3;133,10,250;,
  3;249,210,251;,
  3;210,249,199;,
  3;210,211,251;,
  3;252,1,253;,
  3;1,252,2;,
  3;20,254,18;,
  3;254,20,64;,
  3;24,68,14;,
  3;68,24,255;,
  3;68,256,70;,
  3;256,68,255;,
  3;256,37,70;,
  3;37,256,257;,
  3;258,2,252;,
  3;2,258,199;,
  3;257,259,37;,
  3;37,259,35;,
  3;260,204,261;,
  3;204,260,202;,
  3;262,263,223;,
  3;263,262,264;,
  3;197,258,225;,
  3;258,197,199;,
  3;265,203,227;,
  3;265,207,266;,
  3;207,265,227;,
  3;223,267,246;,
  3;267,223,263;,
  3;88,87,147;,
  3;83,82,85;,
  3;78,16,18;,
  3;16,78,74;,
  3;74,15,16;,
  3;15,74,76;,
  3;15,71,13;,
  3;71,15,76;,
  3;13,268,23;,
  3;268,13,71;,
  3;248,269,2;,
  3;2,269,0;,
  3;136,129,134;,
  3;129,136,131;,
  3;134,96,81;,
  3;96,134,129;,
  3;96,82,81;,
  3;93,96,94;,
  3;29,189,65;,
  3;205,215,246;,
  3;267,205,246;,
  3;205,267,206;,
  3;205,213,215;,
  3;187,188,270;,
  3;224,271,272;,
  3;222,221,208;,
  3;224,222,198;,
  3;272,273,262;,
  3;273,272,271;,
  3;263,274,275;,
  3;273,276,262;,
  3;277,271,278;,
  3;271,277,273;,
  3;222,272,262;,
  3;272,222,224;,
  3;222,208,198;,
  3;209,221,247;,
  3;221,209,208;,
  3;223,222,262;,
  3;266,206,279;,
  3;206,266,207;,
  3;206,280,279;,
  3;280,206,267;,
  3;280,263,275;,
  3;263,280,267;,
  3;264,262,276;,
  3;76,73,72;,
  3;138,281,140;,
  3;73,132,72;,
  3;132,73,151;,
  3;72,71,76;,
