xof 0303txt 0032
template ColorRGBA {
 <35ff44e0-6c7c-11cf-8f52-0040333594a3>
 FLOAT red;
 FLOAT green;
 FLOAT blue;
 FLOAT alpha;
}

template ColorRGB {
 <d3e16e81-7835-11cf-8f52-0040333594a3>
 FLOAT red;
 FLOAT green;
 FLOAT blue;
}

template Material {
 <3d82ab4d-62da-11cf-ab39-0020af71e433>
 ColorRGBA faceColor;
 FLOAT power;
 ColorRGB specularColor;
 ColorRGB emissiveColor;
 [...]
}

template TextureFilename {
 <a42790e1-7810-11cf-8f52-0040333594a3>
 STRING filename;
}

template Frame {
 <3d82ab46-62da-11cf-ab39-0020af71e433>
 [...]
}

template Matrix4x4 {
 <f6f23f45-7686-11cf-8f52-0040333594a3>
 array FLOAT matrix[16];
}

template FrameTransformMatrix {
 <f6f23f41-7686-11cf-8f52-0040333594a3>
 Matrix4x4 frameMatrix;
}

template Vector {
 <3d82ab5e-62da-11cf-ab39-0020af71e433>
 FLOAT x;
 FLOAT y;
 FLOAT z;
}

template MeshFace {
 <3d82ab5f-62da-11cf-ab39-0020af71e433>
 DWORD nFaceVertexIndices;
 array DWORD faceVertexIndices[nFaceVertexIndices];
}

template Mesh {
 <3d82ab44-62da-11cf-ab39-0020af71e433>
 DWORD nVertices;
 array Vector vertices[nVertices];
 DWORD nFaces;
 array MeshFace faces[nFaces];
 [...]
}

template MeshMaterialList {
 <f6f23f42-7686-11cf-8f52-0040333594a3>
 DWORD nMaterials;
 DWORD nFaceIndexes;
 array DWORD faceIndexes[nFaceIndexes];
 [Material <3d82ab4d-62da-11cf-ab39-0020af71e433>]
}

template VertexElement {
 <f752461c-1e23-48f6-b9f8-8350850f336f>
 DWORD Type;
 DWORD Method;
 DWORD Usage;
 DWORD UsageIndex;
}

template DeclData {
 <bf22e553-292c-4781-9fea-62bd554bdd93>
 DWORD nElements;
 array VertexElement Elements[nElements];
 DWORD nDWords;
 array DWORD data[nDWords];
}

template XSkinMeshHeader {
 <3cf169ce-ff7c-44ab-93c0-f78f62d172e2>
 WORD nMaxSkinWeightsPerVertex;
 WORD nMaxSkinWeightsPerFace;
 WORD nBones;
}

template SkinWeights {
 <6f0d123b-bad2-4167-a0d0-80224f25fabb>
 STRING transformNodeName;
 DWORD nWeights;
 array DWORD vertexIndices[nWeights];
 array FLOAT weights[nWeights];
 Matrix4x4 matrixOffset;
}

template AnimTicksPerSecond {
 <9e415a43-7ba6-4a73-8743-b73d47e88476>
 DWORD AnimTicksPerSecond;
}

template Animation {
 <3d82ab4f-62da-11cf-ab39-0020af71e433>
 [...]
}

template AnimationSet {
 <3d82ab50-62da-11cf-ab39-0020af71e433>
 [Animation <3d82ab4f-62da-11cf-ab39-0020af71e433>]
}

template FloatKeys {
 <10dd46a9-775b-11cf-8f52-0040333594a3>
 DWORD nValues;
 array FLOAT values[nValues];
}

template TimedFloatKeys {
 <f406b180-7b3b-11cf-8f52-0040333594a3>
 DWORD time;
 FloatKeys tfkeys;
}

template AnimationKey {
 <10dd46a8-775b-11cf-8f52-0040333594a3>
 DWORD keyType;
 DWORD nKeys;
 array TimedFloatKeys keys[nKeys];
}


Material _03_-_Default {
 1.000000;1.000000;1.000000;1.000000;;
 9.999999;
 0.000000;0.000000;0.000000;;
 0.000000;0.000000;0.000000;;

 TextureFilename {
  "MaleBody_full.png";
 }
}

Frame Dummy01 {
 

 FrameTransformMatrix {
  1.000000,0.000000,0.000000,0.000000,0.000000,-0.000000,-1.000000,0.000000,0.000000,1.000000,-0.000000,0.000000,0.000000,0.000000,0.000000,1.000000;;
 }

 Frame Bip01 {
  

  FrameTransformMatrix {
   -0.422870,0.880326,-0.214958,0.000000,-0.019481,0.228324,0.973390,0.000000,0.905981,0.415805,-0.079402,0.000000,0.003259,0.012382,0.448129,1.000000;;
  }

  Frame Bip01_Pelvis {
   

   FrameTransformMatrix {
    -0.009909,0.997030,-0.076371,0.000000,-0.031306,0.076028,0.996614,0.000000,0.999461,0.012266,0.030460,0.000000,0.000000,0.000000,0.000000,1.000000;;
   }

   Frame Bip01_Spine {
    

    FrameTransformMatrix {
     0.930480,0.150393,0.334050,0.000000,-0.132573,0.988281,-0.075660,0.000000,-0.341514,0.026114,0.939514,0.000000,0.051509,0.003923,0.000554,1.000000;;
    }

    Frame Bip01_Spine1 {
     

     FrameTransformMatrix {
      0.906654,0.140806,0.397684,0.000000,-0.145758,0.989158,-0.017921,0.000000,-0.395896,-0.041718,0.917347,0.000000,0.106513,0.000004,-0.000078,1.000000;;
     }

     Frame Bip01_Neck {
      

      FrameTransformMatrix {
       0.756637,0.259928,0.599948,0.000000,-0.081728,0.947986,-0.307642,0.000000,-0.648707,0.183741,0.738525,0.000000,0.130522,-0.000005,0.004632,1.000000;;
      }

      Frame Bip01_Head {
       

       FrameTransformMatrix {
        0.252727,-0.011311,-0.967471,0.000000,0.031854,0.999487,-0.003365,0.000000,0.967013,-0.029967,0.252958,0.000000,0.033674,0.000000,0.000000,1.000000;;
       }

       Frame Bip01_HeadNub {
        

        FrameTransformMatrix {
         1.000000,-0.000000,0.000000,0.000000,-0.000000,1.000000,-0.000000,0.000000,0.000000,0.000000,1.000000,0.000000,0.169824,0.000000,0.000000,1.000000;;
        }
       }
      }

      Frame Bip01_L_Clavicle {
       

       FrameTransformMatrix {
        0.245039,0.964201,0.101357,0.000000,0.746760,-0.121031,-0.653989,0.000000,-0.618309,0.235942,-0.749684,0.000000,-0.016884,0.018292,0.015063,1.000000;;
       }

       Frame Bip01_L_UpperArm {
        

        FrameTransformMatrix {
         0.447603,-0.861267,-0.240562,0.000000,0.792685,0.506658,-0.339039,0.000000,0.413886,-0.038935,0.909496,0.000000,0.087086,-0.000000,0.000000,1.000000;;
        }

        Frame Bip01_L_Forearm {
         

         FrameTransformMatrix {
          -0.232111,0.000000,-0.972689,0.000000,-0.000000,1.000000,0.000000,0.000000,0.972689,-0.000000,-0.232111,0.000000,0.137062,0.000000,0.000000,1.000000;;
         }

         Frame Bip01_L_Hand {
          

          FrameTransformMatrix {
           0.995337,0.089468,-0.036058,0.000000,-0.021178,0.567374,0.823188,0.000000,0.094108,-0.818586,0.566623,0.000000,0.137062,0.000000,-0.000000,1.000000;;
          }

          Frame Bip01_L_Finger0 {
           

           FrameTransformMatrix {
            0.300097,0.183620,0.936070,0.000000,0.693544,0.631741,-0.346268,0.000000,-0.654935,0.753119,0.062236,0.000000,0.057681,-0.023605,-0.000272,1.000000;;
           }

           Frame Bip01_L_Finger0Nub {
            

            FrameTransformMatrix {
             1.000000,0.000000,0.000000,0.000000,0.000000,1.000000,0.000000,0.000000,0.000000,0.000000,1.000000,0.000000,0.029435,0.000000,-0.000000,1.000000;;
            }
           }
          }

          Frame Bip01_L_Finger1 {
           

           FrameTransformMatrix {
            0.212788,-0.000778,0.977098,0.000000,0.000000,1.000000,0.000796,0.000000,-0.977098,-0.000169,0.212788,0.000000,0.084102,0.000000,0.000000,1.000000;;
           }

           Frame Bip01_L_Finger1Nub {
            

            FrameTransformMatrix {
             1.000000,0.000000,0.000000,0.000000,0.000000,1.000000,0.000000,0.000000,0.000000,0.000000,1.000000,0.000000,0.047988,0.000000,0.000000,1.000000;;
            }
           }
          }
         }
        }
       }
      }

      Frame Bip01_R_Clavicle {
       

       FrameTransformMatrix {
        -0.406744,-0.908904,-0.091944,0.000000,-0.696060,0.243155,0.675557,0.000000,-0.591659,0.338777,-0.731553,0.000000,-0.025054,-0.011503,0.009289,1.000000;;
       }

       Frame Bip01_R_UpperArm {
        

        FrameTransformMatrix {
         0.285888,0.943493,0.167600,0.000000,-0.940193,0.309979,-0.141248,0.000000,-0.185219,-0.117195,0.975684,0.000000,0.087086,-0.000000,0.000000,1.000000;;
        }

        Frame Bip01_R_Forearm {
         

         FrameTransformMatrix {
          0.022823,0.000000,-0.999740,0.000000,0.000000,1.000000,-0.000000,0.000000,0.999740,0.000000,0.022823,0.000000,0.137062,0.000000,0.000000,1.000000;;
         }

         Frame Bip01_R_Hand {
          

          FrameTransformMatrix {
           0.999054,-0.025092,0.035512,0.000000,0.040742,0.254861,-0.966119,0.000000,0.015191,0.966652,0.255642,0.000000,0.137062,0.000000,0.000000,1.000000;;
          }

          Frame Bip01_R_Finger0 {
           

           FrameTransformMatrix {
            0.134658,0.586321,0.798809,0.000000,-0.939285,0.332299,-0.085567,0.000000,-0.315613,-0.738787,0.595469,0.000000,0.057681,0.023605,-0.000272,1.000000;;
           }

           Frame Bip01_R_Finger0Nub {
            

            FrameTransformMatrix {
             -1.000000,0.000000,0.000000,0.000000,0.000000,1.000000,-0.000000,0.000000,-0.000000,0.000000,-1.000000,0.000000,0.029435,-0.000000,-0.000000,1.000000;;
            }
           }
          }

          Frame Bip01_R_Finger1 {
           

           FrameTransformMatrix {
            0.666936,0.000593,0.745114,0.000000,0.000000,1.000000,-0.000796,0.000000,-0.745115,0.000531,0.666936,0.000000,0.084102,-0.000000,0.000000,1.000000;;
           }

           Frame Bip01_R_Finger1Nub {
            

            FrameTransformMatrix {
             -1.000000,0.000000,-0.000000,0.000000,0.000000,1.000000,-0.000000,0.000000,-0.000000,0.000000,-1.000000,0.000000,0.047988,0.000000,0.000000,1.000000;;
            }
           }
          }
         }
        }
       }
      }
     }

     Frame Bip01_BackPack {
      

      FrameTransformMatrix {
       -0.164536,0.321284,-0.932579,0.000000,0.125289,0.944614,0.303325,0.000000,0.978382,-0.066934,-0.195677,0.000000,0.043238,0.001401,-0.084748,1.000000;;
      }

      Frame Bip01_BackPackNub {
       

       FrameTransformMatrix {
        0.000796,0.000003,1.000000,0.000000,0.000000,-1.000000,0.000003,0.000000,1.000000,0.000000,-0.000796,0.000000,0.053240,-0.000000,0.000000,1.000000;;
       }
      }
     }
    }

    Frame Bip01_L_Thigh {
     

     FrameTransformMatrix {
      -0.189485,0.233513,0.953712,0.000000,-0.063202,-0.972195,0.225481,0.000000,0.979848,-0.017551,0.198975,0.000000,-0.040398,0.057571,0.018411,1.000000;;
     }

     Frame Bip01_L_Calf {
      

      FrameTransformMatrix {
       0.629442,0.000000,-0.777047,0.000000,-0.000000,1.000000,-0.000000,0.000000,0.777047,0.000000,0.629442,0.000000,0.237500,0.000000,0.000000,1.000000;;
      }

      Frame Bip01_L_Foot {
       

       FrameTransformMatrix {
        0.939704,0.031626,0.340523,0.000000,-0.086244,0.985448,0.146474,0.000000,-0.330935,-0.167010,0.928757,0.000000,0.206841,-0.000000,0.000000,1.000000;;
       }

       Frame Bip01_L_Toe0 {
        

        FrameTransformMatrix {
         0.132994,0.006613,0.991095,0.000000,0.009838,0.999920,-0.007992,0.000000,-0.991068,0.010814,0.132918,0.000000,0.065373,-0.000000,0.066450,1.000000;;
        }

        Frame Bip01_L_Toe0Nub {
         

         FrameTransformMatrix {
          -1.000000,0.000000,0.000000,0.000000,0.000000,1.000000,0.000000,0.000000,-0.000000,0.000000,-1.000000,0.000000,0.006735,-0.000000,0.000000,1.000000;;
         }
        }
       }
      }
     }
    }

    Frame Bip01_R_Thigh {
     

     FrameTransformMatrix {
      -0.939148,-0.156007,0.306045,0.000000,0.066154,-0.956387,-0.284514,0.000000,0.337084,-0.246954,0.908509,0.000000,-0.057009,-0.051585,0.015526,1.000000;;
     }

     Frame Bip01_R_Calf {
      

      FrameTransformMatrix {
       0.809821,-0.000000,-0.586677,0.000000,0.000000,1.000000,0.000000,0.000000,0.586676,0.000000,0.809821,0.000000,0.237500,0.000000,-0.000000,1.000000;;
      }

      Frame Bip01_R_Foot {
       

       FrameTransformMatrix {
        0.999291,0.008221,-0.036738,0.000000,-0.005610,0.997487,0.070622,0.000000,0.037227,-0.070366,0.996826,0.000000,0.206841,0.000000,-0.000000,1.000000;;
       }

       Frame Bip01_R_Toe0 {
        

        FrameTransformMatrix {
         -0.492742,-0.208486,0.844831,0.000000,0.175327,0.927177,0.331065,0.000000,-0.852330,0.311251,-0.420305,0.000000,0.065373,-0.000000,0.066450,1.000000;;
        }

        Frame Bip01_R_Toe0Nub {
         

         FrameTransformMatrix {
          1.000000,0.000000,0.000000,0.000000,-0.000000,1.000000,0.000000,0.000000,0.000000,0.000000,1.000000,0.000000,0.006735,0.000000,0.000000,1.000000;;
         }
        }
       }
      }
     }
    }
   }

   Frame Bip01_DressFront {
    

    FrameTransformMatrix {
     -0.620722,0.241948,0.745765,0.000000,0.214634,0.967295,-0.135172,0.000000,-0.754080,0.076163,-0.652352,0.000000,-0.030214,0.000007,0.072869,1.000000;;
    }

    Frame Bip01_DressFront02 {
     

     FrameTransformMatrix {
      0.866064,0.000001,0.499933,0.000000,-0.000001,1.000000,-0.000000,0.000000,-0.499933,-0.000000,0.866064,0.000000,0.183390,-0.000000,-0.000114,1.000000;;
     }

     Frame Bip01_DressFrontNub {
      

      FrameTransformMatrix {
       0.000796,0.000003,1.000000,0.000000,0.000000,-1.000000,0.000003,0.000000,1.000000,0.000000,-0.000796,0.000000,0.165302,0.000000,0.000000,1.000000;;
      }
     }
    }
   }

   Frame Bip01_DressBack {
    

    FrameTransformMatrix {
     -0.758337,0.091145,0.645460,0.000000,0.362375,0.882023,0.301196,0.000000,-0.541858,0.462307,-0.701899,0.000000,-0.047656,-0.000065,-0.078321,1.000000;;
    }

    Frame Bip01_DressBack02 {
     

     FrameTransformMatrix {
      0.780396,-0.312462,0.541617,0.000000,0.260018,0.949914,0.173360,0.000000,-0.568658,0.005540,0.822555,0.000000,0.176221,-0.000001,-0.000089,1.000000;;
     }

     Frame Bip01_DressBackNub {
      

      FrameTransformMatrix {
       0.000796,0.000003,1.000000,0.000000,0.000000,-1.000000,0.000003,0.000000,1.000000,-0.000000,-0.000796,0.000000,0.136508,-0.000000,0.000000,1.000000;;
      }
     }
    }
   }
  }

  Frame Bip01_Prop1 {
   

   FrameTransformMatrix {
    -0.219589,-0.146965,0.964459,0.000000,0.860991,0.435694,0.262423,0.000000,-0.458776,0.888016,0.030862,0.000000,0.109026,-0.008219,-0.153076,1.000000;;
   }
  }

  Frame Bip01_Prop2 {
   

   FrameTransformMatrix {
    0.935919,-0.297979,-0.187788,0.000000,0.081293,0.701518,-0.708000,0.000000,0.342706,0.647365,0.680787,0.000000,0.196315,0.005067,0.090775,1.000000;;
   }
  }
 }
}

Frame Translation_Data {
 

 FrameTransformMatrix {
  1.000000,0.000000,0.000000,0.000000,0.000000,-0.000000,-1.000000,0.000000,0.000000,1.000000,-0.000000,0.000000,0.000000,-0.000000,0.000000,1.000000;;
 }
}

Frame Body {
 

 FrameTransformMatrix {
  1.000000,0.000000,0.000000,0.000000,0.000000,1.000000,0.000000,0.000000,0.000000,0.000000,1.000000,0.000000,0.000000,0.000000,0.000000,1.000000;;
 }

 Mesh Body {
  617;
  0.046246;0.614131;-0.204997;,
  0.010802;0.610302;-0.188516;,
  0.009613;0.641288;-0.202302;,
  0.057049;0.596935;-0.192683;,
  0.060270;0.582364;-0.178667;,
  0.026077;0.557989;-0.154059;,
  0.014252;0.577206;-0.173977;,
  0.070377;0.574502;-0.146107;,
  0.020429;0.682416;-0.199830;,
  0.075677;0.678247;-0.177844;,
  0.056451;0.665027;-0.198398;,
  0.048013;0.690552;-0.170675;,
  0.090604;0.504511;-0.020713;,
  0.060348;0.518205;0.009340;,
  0.062828;0.504837;0.018668;,
  0.082723;0.514084;-0.023515;,
  0.056493;0.500317;-0.070465;,
  0.076716;0.481218;-0.054390;,
  0.019537;0.488562;-0.085404;,
  0.054739;0.454665;-0.068663;,
  0.024537;0.441071;-0.065751;,
  -0.027500;0.562686;-0.145120;,
  -0.025593;0.585290;-0.168285;,
  0.020967;0.517075;0.026300;,
  0.024657;0.500543;0.036248;,
  0.064712;0.618521;-0.048708;,
  0.016156;0.664890;-0.062970;,
  0.016566;0.630571;-0.033214;,
  0.068829;0.651546;-0.080244;,
  0.044215;0.440505;-0.087109;,
  0.082171;0.361749;-0.153202;,
  0.040669;0.381880;-0.164505;,
  0.085053;0.421362;-0.069383;,
  0.031009;0.305949;-0.238786;,
  0.066337;0.287587;-0.208275;,
  0.000167;0.432690;-0.068947;,
  0.015677;0.307359;-0.088757;,
  0.045875;0.401217;0.053919;,
  -0.002336;0.361332;-0.139094;,
  0.019642;0.270977;-0.166947;,
  0.009958;0.285877;-0.201808;,
  0.092673;0.316167;-0.108399;,
  0.092988;0.380031;-0.030232;,
  0.059790;0.274851;-0.173057;,
  0.070131;0.011552;-0.199230;,
  0.030500;-0.000089;-0.155344;,
  0.025244;0.012942;-0.202098;,
  0.065354;-0.000471;-0.155673;,
  0.037867;0.234637;-0.223493;,
  0.073705;0.160575;-0.195689;,
  0.040180;0.160692;-0.219284;,
  0.073539;0.235152;-0.200206;,
  0.069160;0.080690;-0.187521;,
  0.046362;0.083251;-0.213568;,
  0.001620;0.215621;-0.193013;,
  0.018960;0.167264;-0.148098;,
  0.011069;0.232234;-0.140654;,
  0.015177;0.157824;-0.189700;,
  0.038958;0.088687;-0.160382;,
  0.032106;0.073357;-0.190734;,
  0.080190;0.167927;-0.158411;,
  0.081796;0.242177;-0.151969;,
  0.062776;0.094046;-0.162685;,
  0.086777;0.454044;-0.046827;,
  -0.017035;0.431043;-0.058373;,
  0.000167;0.432690;-0.068947;,
  -0.008587;0.400155;-0.039379;,
  0.110287;0.460056;0.002109;,
  0.074133;0.463621;0.044086;,
  0.099851;0.398465;-0.009362;,
  0.066186;0.402058;0.029241;,
  0.060745;0.574256;-0.020446;,
  0.089224;0.600869;-0.067740;,
  0.094490;0.591816;-0.085347;,
  0.058748;0.533471;-0.085351;,
  0.071284;0.561836;-0.121780;,
  0.082579;0.557033;-0.048865;,
  0.027555;0.543803;-0.135497;,
  0.027737;0.517988;-0.098227;,
  -0.026323;0.553569;-0.129791;,
  -0.019726;0.518205;-0.084973;,
  0.094428;0.586660;-0.208114;,
  0.123713;0.551082;-0.187103;,
  0.055633;0.600864;-0.173634;,
  0.118580;0.534226;-0.118388;,
  0.082182;0.554013;-0.144016;,
  0.151991;0.529053;-0.153131;,
  0.093416;0.632465;-0.137776;,
  0.082182;0.554013;-0.144016;,
  0.119345;0.597530;-0.110991;,
  0.144266;0.537095;-0.089575;,
  0.118580;0.534226;-0.118388;,
  0.103145;0.637653;-0.140393;,
  0.160869;0.594871;-0.154263;,
  0.131398;0.629548;-0.174312;,
  0.177585;0.531653;-0.124149;,
  0.115603;0.605927;-0.199362;,
  0.141188;0.538167;-0.170228;,
  0.067292;0.509131;-0.167064;,
  0.099806;0.545600;-0.131079;,
  0.095161;0.506084;-0.190758;,
  0.043072;0.479018;-0.184257;,
  0.058401;0.476082;-0.207004;,
  0.099806;0.545600;-0.131079;,
  0.093849;0.464985;-0.142168;,
  0.124025;0.499493;-0.095937;,
  0.067292;0.509131;-0.167064;,
  0.064226;0.448308;-0.175655;,
  0.043072;0.479018;-0.184257;,
  0.115281;0.463099;-0.160366;,
  0.165109;0.492265;-0.134956;,
  0.071653;0.446222;-0.188722;,
  -0.039654;0.415085;-0.217973;,
  0.016744;0.406614;-0.215918;,
  -0.025100;0.429841;-0.210601;,
  0.001999;0.392434;-0.223171;,
  -0.011692;0.438451;-0.201709;,
  -0.017810;0.433586;-0.216520;,
  -0.011285;0.429611;-0.208601;,
  -0.021605;0.443101;-0.205736;,
  0.040984;0.423354;-0.190767;,
  0.000798;0.455035;-0.222807;,
  0.024688;0.408025;-0.220688;,
  0.010129;0.462338;-0.190119;,
  0.028317;0.410662;-0.240130;,
  0.060050;0.436757;-0.220570;,
  0.028841;0.478325;-0.220152;,
  0.005998;0.456308;-0.241986;,
  0.083361;0.664310;-0.205841;,
  0.080512;0.641140;-0.224527;,
  0.056451;0.665027;-0.198398;,
  0.047662;0.643799;-0.209378;,
  0.098253;0.634051;-0.101700;,
  0.022540;0.655705;-0.209339;,
  0.073671;0.614807;-0.220714;,
  0.057049;0.596935;-0.192683;,
  0.046246;0.614131;-0.204997;,
  0.076140;0.602344;-0.200503;,
  0.098294;0.654273;-0.145410;,
  0.066202;0.671480;-0.120256;,
  0.099421;0.653232;-0.151551;,
  0.012570;0.684250;-0.101847;,
  0.001959;0.694208;-0.160114;,
  0.075677;0.678247;-0.177844;,
  0.099421;0.653232;-0.151551;,
  0.071609;0.602609;-0.159076;,
  0.097295;0.641635;-0.150336;,
  0.055633;0.600864;-0.173634;,
  0.090525;0.608574;-0.118646;,
  0.073444;0.583117;-0.134834;,
  0.060270;0.582364;-0.178667;,
  0.100375;0.620701;-0.112691;,
  0.010129;0.462338;-0.190119;,
  0.021384;0.662079;-0.225037;,
  0.012443;0.678744;-0.217003;,
  -0.006129;0.693304;-0.193581;,
  -0.013492;0.686111;-0.215002;,
  0.005998;0.456308;-0.241986;,
  -0.039654;0.415085;-0.217973;,
  0.001999;0.392434;-0.223171;,
  0.001652;0.452982;-0.198710;,
  -0.017541;0.460588;-0.214355;,
  0.001652;0.452982;-0.198710;,
  0.002085;0.442095;-0.212784;,
  -0.007807;0.452599;-0.232724;,
  -0.007807;0.452599;-0.232724;,
  -0.011692;0.438451;-0.201709;,
  -0.021605;0.443101;-0.205736;,
  -0.017810;0.433586;-0.216520;,
  0.076754;0.052728;-0.267586;,
  0.046299;0.044123;-0.316403;,
  0.045198;0.060135;-0.304499;,
  0.082055;0.033728;-0.280305;,
  0.027184;0.034987;-0.156733;,
  0.025244;0.012942;-0.202098;,
  0.030500;-0.000089;-0.155344;,
  0.024186;0.037692;-0.197923;,
  0.038958;0.088687;-0.160382;,
  0.068759;0.037529;-0.156521;,
  0.062776;0.094046;-0.162685;,
  0.070131;0.011552;-0.199230;,
  0.065354;-0.000471;-0.155673;,
  0.071718;0.045886;-0.192353;,
  0.046362;0.083251;-0.213568;,
  0.069160;0.080690;-0.187521;,
  0.017655;0.054779;-0.295172;,
  0.011347;0.041795;-0.306255;,
  0.082055;0.033728;-0.280305;,
  0.011347;0.041795;-0.306255;,
  -0.002336;0.361332;-0.139094;,
  0.009958;0.285877;-0.201808;,
  0.001620;0.215621;-0.193013;,
  0.015177;0.157824;-0.189700;,
  0.032106;0.073357;-0.190734;,
  0.032106;0.073357;-0.190734;,
  0.012419;0.398274;0.008150;,
  0.032056;0.658319;-0.237093;,
  0.014266;0.643413;-0.250713;,
  0.023206;0.649144;-0.254357;,
  0.013250;0.647707;-0.230402;,
  0.024742;0.683645;-0.220265;,
  0.017130;0.699274;-0.203522;,
  0.006128;0.786881;-0.289301;,
  -0.013927;0.771470;-0.312601;,
  -0.013529;0.791439;-0.290415;,
  0.019463;0.709089;-0.314180;,
  0.002418;0.706201;-0.319998;,
  0.016030;0.738592;-0.314898;,
  0.029136;0.667393;-0.263755;,
  0.037557;0.685767;-0.241925;,
  0.030651;0.671786;-0.232038;,
  0.039060;0.724329;-0.236049;,
  0.039300;0.727061;-0.260432;,
  0.029671;0.750032;-0.301559;,
  0.038679;0.760281;-0.277188;,
  0.034714;0.714827;-0.284344;,
  0.036673;0.732893;-0.221790;,
  0.026131;0.746982;-0.204803;,
  -0.012837;0.751610;-0.194041;,
  0.019933;0.787669;-0.230463;,
  -0.012782;0.792902;-0.220962;,
  0.035096;0.693545;-0.276443;,
  0.019562;0.654087;-0.273890;,
  0.020346;0.681689;-0.296917;,
  0.004764;0.627223;-0.277397;,
  -0.014615;0.625694;-0.264408;,
  -0.014870;0.621208;-0.285066;,
  0.011739;0.759748;-0.312381;,
  0.025765;0.777042;-0.285988;,
  0.034827;0.779240;-0.247786;,
  0.021264;0.793205;-0.261310;,
  0.004137;0.800538;-0.256737;,
  -0.013055;0.803524;-0.255022;,
  -0.013160;0.711439;-0.193444;,
  0.034827;0.779240;-0.247786;,
  0.021264;0.793205;-0.261310;,
  0.043817;0.688094;-0.243417;,
  0.049679;0.735084;-0.248204;,
  0.054753;0.719443;-0.234671;,
  0.042416;0.715865;-0.247291;,
  0.054753;0.719443;-0.234671;,
  0.043817;0.688094;-0.243417;,
  0.049679;0.735084;-0.248204;,
  0.039300;0.727061;-0.260432;,
  0.039610;0.701915;-0.259453;,
  0.037557;0.685767;-0.241925;,
  0.020160;0.702887;-0.303699;,
  0.039610;0.701915;-0.259453;,
  0.022540;0.655705;-0.209339;,
  0.021384;0.662079;-0.225037;,
  0.047662;0.643799;-0.209378;,
  0.024742;0.683645;-0.220265;,
  -0.022205;0.626258;-0.197716;,
  -0.023341;0.608243;-0.182536;,
  -0.021676;0.486417;-0.071324;,
  0.035824;0.460928;0.061360;,
  0.037506;0.426865;0.065032;,
  0.015600;0.378029;0.017226;,
  -0.014395;0.625081;-0.231242;,
  0.012419;0.398274;0.008150;,
  0.004137;0.800538;-0.256737;,
  -0.013055;0.803524;-0.255022;,
  0.005461;0.655732;-0.291905;,
  -0.002055;0.675413;-0.305244;,
  -0.001912;0.666128;-0.302602;,
  -0.014126;0.758773;-0.321474;,
  -0.014392;0.734041;-0.327444;,
  0.000409;0.700453;-0.308491;,
  0.016653;0.581128;-0.004753;,
  0.047662;0.643799;-0.209378;,
  0.046299;0.044123;-0.316403;,
  -0.002924;0.645576;-0.295670;,
  0.004838;0.649524;-0.289715;,
  -0.003041;0.651235;-0.293650;,
  -0.014752;0.663816;-0.306954;,
  -0.014829;0.669195;-0.318433;,
  -0.003335;0.653569;-0.299408;,
  -0.014718;0.651466;-0.294110;,
  -0.014822;0.643289;-0.297675;,
  -0.014627;0.703313;-0.325816;,
  -0.014623;0.695488;-0.319320;,
  0.097295;0.641635;-0.150336;,
  -0.014801;0.652638;-0.302879;,
  0.071922;0.618463;-0.150787;,
  0.071609;0.602609;-0.159076;,
  0.060270;0.582364;-0.178667;,
  0.036673;0.732893;-0.221790;,
  0.037867;0.234637;-0.223493;,
  0.020754;0.154274;-0.223610;,
  0.001305;0.228335;-0.217307;,
  0.040180;0.160692;-0.219284;,
  0.031009;0.305949;-0.238786;,
  -0.004321;0.296827;-0.214927;,
  0.040669;0.381880;-0.164505;,
  -0.009584;0.363260;-0.144370;,
  0.044215;0.440505;-0.087109;,
  -0.008316;0.429278;-0.085214;,
  0.024537;0.441071;-0.065751;,
  0.029242;0.083508;-0.232520;,
  0.046362;0.083251;-0.213568;,
  0.031290;0.156786;-0.114564;,
  0.050204;0.076649;0.050901;,
  0.037906;0.086951;-0.113225;,
  0.039525;0.144841;0.032227;,
  0.024812;0.205188;0.012393;,
  0.017633;0.230969;-0.127634;,
  0.022388;0.259489;0.005610;,
  0.017165;0.258732;-0.140977;,
  0.016854;0.297064;-0.077961;,
  0.022478;0.326334;0.016972;,
  0.037843;0.400857;0.059279;,
  0.071922;0.618463;-0.150787;,
  -0.086037;0.640090;-0.169925;,
  -0.052503;0.625260;-0.174431;,
  -0.094906;0.627744;-0.153642;,
  -0.043891;0.653415;-0.190946;,
  -0.101841;0.619410;-0.142655;,
  -0.076515;0.579599;-0.128937;,
  -0.101817;0.610773;-0.103941;,
  -0.063592;0.595598;-0.156657;,
  -0.034974;0.694708;-0.188354;,
  -0.071471;0.711639;-0.144089;,
  -0.041132;0.711615;-0.150841;,
  -0.073518;0.690231;-0.164119;,
  -0.061870;0.504245;0.046667;,
  -0.018679;0.520029;0.042362;,
  -0.058278;0.517338;0.035403;,
  -0.014052;0.504703;0.052642;,
  -0.074756;0.503346;-0.015622;,
  -0.077353;0.480949;0.013695;,
  -0.060457;0.490408;-0.051978;,
  -0.073874;0.452330;-0.014082;,
  -0.050508;0.440940;-0.032588;,
  0.020967;0.517075;0.026300;,
  0.024657;0.500543;0.036248;,
  -0.034001;0.636083;-0.021714;,
  0.016156;0.664890;-0.062970;,
  -0.039429;0.674350;-0.053735;,
  0.016566;0.630571;-0.033214;,
  -0.074579;0.401866;-0.013560;,
  -0.113157;0.324883;0.062987;,
  -0.084890;0.415393;0.034110;,
  -0.097226;0.310883;0.020494;,
  -0.112637;0.214402;0.051241;,
  -0.111903;0.237671;0.097428;,
  -0.025406;0.392908;-0.017813;,
  -0.008013;0.316456;0.083150;,
  -0.044118;0.301347;0.018039;,
  0.023730;0.401179;0.063705;,
  -0.046419;0.237999;0.097424;,
  -0.067246;0.219299;0.067557;,
  -0.077886;0.337456;0.115838;,
  -0.052049;0.406813;0.085207;,
  -0.079970;0.251759;0.116115;,
  -0.050089;0.060234;0.297756;,
  0.005641;0.082679;0.302495;,
  -0.024305;0.091813;0.317820;,
  -0.013158;0.045982;0.276357;,
  -0.092071;0.179645;0.108569;,
  -0.085051;0.154666;0.191451;,
  -0.101771;0.206437;0.140242;,
  -0.077206;0.128935;0.160515;,
  -0.062934;0.099415;0.243572;,
  -0.061574;0.075121;0.218838;,
  -0.042104;0.170289;0.113062;,
  -0.015070;0.167290;0.175645;,
  -0.038831;0.134923;0.160746;,
  -0.016410;0.216178;0.131521;,
  -0.025223;0.113056;0.232545;,
  -0.032564;0.082625;0.230455;,
  -0.065759;0.183982;0.207392;,
  -0.076250;0.242506;0.162426;,
  -0.046254;0.123020;0.240462;,
  -0.078456;0.453755;0.026190;,
  -0.025406;0.392908;-0.017813;,
  -0.058116;0.459762;0.076527;,
  -0.002748;0.463487;0.078060;,
  -0.049714;0.416331;0.083627;,
  0.000190;0.418622;0.081557;,
  -0.028877;0.586742;0.007182;,
  -0.069548;0.629117;-0.024323;,
  -0.086062;0.623939;-0.035974;,
  -0.076878;0.552367;-0.043541;,
  -0.067426;0.577932;-0.002623;,
  -0.096992;0.591775;-0.075764;,
  -0.075599;0.562155;-0.107288;,
  -0.064591;0.530852;-0.069764;,
  -0.140433;0.636540;-0.116258;,
  -0.094006;0.617571;-0.135761;,
  -0.144984;0.623616;-0.067501;,
  -0.092672;0.592610;-0.032276;,
  -0.133851;0.615732;-0.021206;,
  -0.095019;0.592809;-0.079521;,
  -0.060113;0.658921;-0.106550;,
  -0.058467;0.643423;-0.057895;,
  -0.095019;0.592809;-0.079521;,
  -0.070433;0.611478;-0.000277;,
  -0.092672;0.592610;-0.032276;,
  -0.062892;0.669356;-0.103113;,
  -0.108477;0.674466;-0.046099;,
  -0.103416;0.686416;-0.094105;,
  -0.111527;0.634352;0.010945;,
  -0.130635;0.662875;-0.105931;,
  -0.144264;0.612662;-0.037355;,
  -0.133673;0.537590;-0.061141;,
  -0.162816;0.557600;-0.051258;,
  -0.096418;0.584701;-0.052496;,
  -0.154352;0.501750;-0.063760;,
  -0.179252;0.510868;-0.059184;,
  -0.096418;0.584701;-0.052496;,
  -0.130809;0.528153;-0.004780;,
  -0.133673;0.537590;-0.061141;,
  -0.084321;0.571552;0.007962;,
  -0.157540;0.495328;-0.025001;,
  -0.154352;0.501750;-0.063760;,
  -0.153055;0.543838;0.002514;,
  -0.131890;0.599442;0.022888;,
  -0.174221;0.500503;-0.023254;,
  -0.198849;0.390327;-0.095376;,
  -0.186803;0.414049;-0.044889;,
  -0.201336;0.398318;-0.048418;,
  -0.184069;0.406335;-0.092341;,
  -0.166211;0.449984;-0.101435;,
  -0.178626;0.440256;-0.107064;,
  -0.172409;0.453252;-0.110763;,
  -0.169327;0.439210;-0.101276;,
  -0.164754;0.460397;-0.031555;,
  -0.190393;0.455329;-0.085981;,
  -0.159517;0.470163;-0.080025;,
  -0.191822;0.435268;-0.037187;,
  -0.211595;0.437650;-0.038395;,
  -0.197136;0.479843;-0.029381;,
  -0.192077;0.491317;-0.079827;,
  -0.210142;0.457714;-0.085091;,
  -0.101131;0.695802;-0.151286;,
  -0.115740;0.674707;-0.166572;,
  -0.073518;0.690231;-0.164119;,
  -0.079908;0.668173;-0.174532;,
  -0.079930;0.671584;-0.058068;,
  -0.051396;0.671868;-0.194281;,
  -0.116678;0.647423;-0.164243;,
  -0.094906;0.627744;-0.153642;,
  -0.116894;0.633036;-0.142859;,
  -0.086037;0.640090;-0.169925;,
  -0.084606;0.696071;-0.105982;,
  -0.088055;0.696025;-0.110811;,
  -0.043711;0.697449;-0.095801;,
  0.012570;0.684250;-0.101847;,
  0.001959;0.694208;-0.160114;,
  -0.071471;0.711639;-0.144089;,
  -0.088055;0.696025;-0.110811;,
  -0.092049;0.638284;-0.121167;,
  -0.094006;0.617571;-0.135761;,
  -0.091121;0.683006;-0.107747;,
  -0.091722;0.646963;-0.074019;,
  -0.095647;0.618735;-0.093428;,
  -0.101841;0.619410;-0.142655;,
  -0.092035;0.661231;-0.065574;,
  -0.159517;0.470163;-0.080025;,
  -0.049008;0.662615;-0.225532;,
  -0.039634;0.679141;-0.217369;,
  -0.006129;0.693304;-0.193581;,
  -0.013492;0.686111;-0.215002;,
  -0.210142;0.457714;-0.085091;,
  -0.198849;0.390327;-0.095376;,
  -0.201336;0.398318;-0.048418;,
  -0.167740;0.463973;-0.087287;,
  -0.186504;0.466094;-0.105018;,
  -0.167740;0.463973;-0.087287;,
  -0.176762;0.448637;-0.086853;,
  -0.199858;0.451434;-0.094883;,
  -0.199858;0.451434;-0.094883;,
  -0.166211;0.449984;-0.101435;,
  -0.172409;0.453252;-0.110763;,
  -0.178626;0.440256;-0.107064;,
  -0.096531;0.019624;0.246709;,
  -0.088024;-0.034702;0.227709;,
  -0.100625;0.002204;0.261897;,
  -0.086974;-0.018066;0.216688;,
  -0.002669;0.095009;0.270523;,
  -0.013158;0.045982;0.276357;,
  -0.017985;0.059513;0.255747;,
  0.005641;0.082679;0.302495;,
  -0.025223;0.113056;0.232545;,
  -0.039043;0.107663;0.286390;,
  -0.046254;0.123020;0.240462;,
  -0.050089;0.060234;0.297756;,
  -0.058958;0.080786;0.270783;,
  -0.024305;0.091813;0.317820;,
  -0.061574;0.075121;0.218838;,
  -0.062934;0.099415;0.243572;,
  -0.057844;-0.019737;0.211897;,
  -0.053106;-0.036447;0.217330;,
  -0.100625;0.002204;0.261897;,
  -0.053106;-0.036447;0.217330;,
  -0.044118;0.301347;0.018039;,
  -0.067246;0.219299;0.067557;,
  -0.042104;0.170289;0.113062;,
  -0.038831;0.134923;0.160746;,
  -0.032564;0.082625;0.230455;,
  -0.032564;0.082625;0.230455;,
  -0.060156;0.659077;-0.236118;,
  -0.042906;0.643883;-0.250108;,
  -0.041278;0.648122;-0.230786;,
  -0.051825;0.649760;-0.253564;,
  -0.052073;0.684276;-0.219453;,
  -0.043853;0.699775;-0.202877;,
  -0.033230;0.787204;-0.288884;,
  -0.013529;0.791439;-0.290415;,
  -0.048364;0.709646;-0.313462;,
  -0.044463;0.739089;-0.314258;,
  -0.031496;0.706479;-0.319639;,
  -0.057652;0.668105;-0.262837;,
  -0.065306;0.686612;-0.240837;,
  -0.058424;0.672518;-0.231096;,
  -0.066051;0.725192;-0.234938;,
  -0.066762;0.727932;-0.259310;,
  -0.057629;0.750749;-0.300635;,
  -0.062884;0.715629;-0.283312;,
  -0.065950;0.761140;-0.276082;,
  -0.063223;0.733714;-0.220734;,
  -0.052094;0.747624;-0.203976;,
  -0.012837;0.751610;-0.194041;,
  -0.045773;0.788209;-0.229768;,
  -0.012782;0.792902;-0.220962;,
  -0.063449;0.694354;-0.275401;,
  -0.049332;0.682261;-0.296180;,
  -0.048515;0.654646;-0.273170;,
  -0.034237;0.627543;-0.276984;,
  -0.039773;0.760171;-0.311837;,
  -0.052951;0.777689;-0.285156;,
  -0.061167;0.780029;-0.246771;,
  -0.047664;0.793771;-0.260581;,
  -0.013055;0.803524;-0.255022;,
  -0.030327;0.800821;-0.256372;,
  -0.013160;0.711439;-0.193444;,
  -0.061167;0.780029;-0.246771;,
  -0.047664;0.793771;-0.260581;,
  -0.071558;0.689042;-0.242197;,
  -0.076746;0.736122;-0.246867;,
  -0.069782;0.716787;-0.246105;,
  -0.081790;0.720565;-0.233227;,
  -0.081790;0.720565;-0.233227;,
  -0.071558;0.689042;-0.242197;,
  -0.076746;0.736122;-0.246867;,
  -0.066762;0.727932;-0.259310;,
  -0.067464;0.702794;-0.258320;,
  -0.065306;0.686612;-0.240837;,
  -0.048941;0.703455;-0.302968;,
  -0.067464;0.702794;-0.258320;,
  -0.051396;0.671868;-0.194281;,
  -0.049008;0.662615;-0.225532;,
  -0.079908;0.668173;-0.174532;,
  -0.052073;0.684276;-0.219453;,
  0.035824;0.460928;0.061360;,
  0.037506;0.426865;0.065032;,
  0.015600;0.378029;0.017226;,
  0.012419;0.398274;0.008150;,
  -0.030327;0.800821;-0.256372;,
  -0.013055;0.803524;-0.255022;,
  -0.034773;0.656062;-0.291479;,
  -0.027218;0.675620;-0.304978;,
  -0.027457;0.666338;-0.302332;,
  -0.029338;0.700697;-0.308176;,
  0.016653;0.581128;-0.004753;,
  -0.079908;0.668173;-0.174532;,
  -0.088024;-0.034702;0.227709;,
  -0.034206;0.649844;-0.289302;,
  -0.026636;0.645771;-0.295420;,
  -0.026384;0.651427;-0.293404;,
  -0.026173;0.653757;-0.299166;,
  -0.091121;0.683006;-0.107747;,
  -0.082726;0.651786;-0.116512;,
  -0.092049;0.638284;-0.121167;,
  -0.101841;0.619410;-0.142655;,
  -0.063223;0.733714;-0.220734;,
  -0.053406;0.176323;-0.055667;,
  -0.013418;0.133555;-0.161779;,
  -0.045827;0.112084;-0.031588;,
  -0.024240;0.206289;-0.158938;,
  -0.070507;0.224638;-0.060760;,
  -0.032154;0.261261;-0.154753;,
  -0.049613;0.307563;-0.057137;,
  -0.026814;0.329412;-0.111571;,
  -0.038679;0.386096;-0.053381;,
  -0.023688;0.399143;-0.072130;,
  -0.017035;0.431043;-0.058373;,
  -0.050508;0.440940;-0.032588;,
  -0.005540;0.071541;-0.167622;,
  -0.035570;0.050210;-0.014738;,
  0.016795;0.117376;0.224741;,
  -0.065759;0.183982;0.207392;,
  -0.046242;0.123017;0.240455;,
  0.001473;0.172403;0.177052;,
  -0.076250;0.242506;0.162426;,
  -0.014135;0.225077;0.146228;,
  -0.021668;0.249648;0.117142;,
  -0.079970;0.251759;0.116115;,
  -0.077886;0.337456;0.115838;,
  0.002638;0.318959;0.096816;,
  0.037506;0.426865;0.065032;,
  0.000190;0.418622;0.081557;,
  -0.082726;0.651786;-0.116512;,
  -0.074579;0.401866;-0.013560;,
  -0.097226;0.310884;0.020494;,
  -0.112637;0.214402;0.051241;,
  -0.092071;0.179645;0.108569;,
  -0.077206;0.128935;0.160515;,
  -0.061574;0.075121;0.218838;,
  0.092673;0.316167;-0.108399;,
  0.066186;0.402058;0.029241;,
  0.092988;0.380031;-0.030232;,
  0.059790;0.274851;-0.173057;,
  0.081796;0.242177;-0.151969;,
  0.080190;0.167927;-0.158411;,
  0.062776;0.094046;-0.162685;,
  -0.052049;0.406813;0.085207;;
  916;
  3;0,1,2;,
  3;1,0,3;,
  3;4,5,6;,
  3;5,4,7;,
  3;8,9,10;,
  3;9,8,11;,
  3;12,13,14;,
  3;13,12,15;,
  3;16,12,17;,
  3;12,16,15;,
  3;18,19,20;,
  3;19,18,16;,
  3;6,21,22;,
  3;21,6,5;,
  3;14,23,24;,
  3;23,14,13;,
  3;25,26,27;,
  3;26,25,28;,
  3;29,30,31;,
  3;30,29,32;,
  3;30,33,31;,
  3;33,30,34;,
  3;35,36,37;,
  3;36,35,38;,
  3;38,39,36;,
  3;39,38,40;,
  3;37,41,42;,
  3;41,37,36;,
  3;36,43,41;,
  3;43,36,39;,
  3;42,30,32;,
  3;30,42,41;,
  3;41,34,30;,
  3;34,41,43;,
  3;44,45,46;,
  3;45,44,47;,
  3;48,49,50;,
  3;49,48,51;,
  3;50,52,53;,
  3;52,50,49;,
  3;54,55,56;,
  3;55,54,57;,
  3;57,58,55;,
  3;58,57,59;,
  3;56,60,61;,
  3;60,56,55;,
  3;55,62,60;,
  3;62,55,58;,
  3;61,49,51;,
  3;49,61,60;,
  3;60,52,49;,
  3;52,60,62;,
  3;32,19,63;,
  3;19,32,29;,
  3;64,65,66;,
  3;65,64,20;,
  3;14,67,12;,
  3;67,14,68;,
  3;68,69,67;,
  3;69,68,70;,
  3;70,42,69;,
  3;42,70,37;,
  3;48,34,51;,
  3;34,48,33;,
  3;51,43,61;,
  3;43,51,34;,
  3;43,56,61;,
  3;56,43,39;,
  3;39,54,56;,
  3;54,39,40;,
  3;12,63,17;,
  3;63,12,67;,
  3;67,32,63;,
  3;32,67,69;,
  3;69,42,32;,
  3;71,72,25;,
  3;73,74,75;,
  3;74,73,76;,
  3;74,77,75;,
  3;77,74,78;,
  3;79,78,80;,
  3;78,79,77;,
  3;81,82,83;,
  3;82,84,85;,
  3;84,82,86;,
  3;87,88,89;,
  3;88,90,89;,
  3;90,88,91;,
  3;92,93,94;,
  3;92,89,93;,
  3;92,87,89;,
  3;89,95,93;,
  3;95,89,90;,
  3;96,93,82;,
  3;93,86,82;,
  3;86,93,95;,
  3;97,98,99;,
  3;98,97,100;,
  3;100,101,98;,
  3;101,100,102;,
  3;103,104,105;,
  3;104,103,106;,
  3;106,107,104;,
  3;107,106,108;,
  3;105,109,110;,
  3;109,105,104;,
  3;104,111,109;,
  3;111,104,107;,
  3;110,100,97;,
  3;100,110,109;,
  3;109,102,100;,
  3;102,109,111;,
  3;112,113,114;,
  3;113,112,115;,
  3;116,117,118;,
  3;117,116,119;,
  3;120,121,122;,
  3;121,120,123;,
  3;120,124,125;,
  3;124,120,122;,
  3;126,124,127;,
  3;124,126,125;,
  3;95,97,86;,
  3;97,95,110;,
  3;86,99,84;,
  3;99,86,97;,
  3;90,103,105;,
  3;103,90,91;,
  3;105,95,90;,
  3;95,105,110;,
  3;128,96,129;,
  3;96,128,94;,
  3;129,130,128;,
  3;130,129,131;,
  3;72,28,25;,
  3;28,72,132;,
  3;10,133,8;,
  3;134,135,136;,
  3;135,134,137;,
  3;81,137,134;,
  3;138,11,139;,
  3;138,9,11;,
  3;138,140,9;,
  3;141,11,142;,
  3;11,141,139;,
  3;128,130,143;,
  3;94,144,92;,
  3;94,143,144;,
  3;94,128,143;,
  3;145,87,146;,
  3;87,145,147;,
  3;75,148,73;,
  3;148,75,149;,
  3;150,147,145;,
  3;7,149,75;,
  3;148,151,73;,
  3;102,152,101;,
  3;152,102,126;,
  3;102,125,126;,
  3;125,102,111;,
  3;111,120,125;,
  3;120,111,107;,
  3;120,108,123;,
  3;108,120,107;,
  3;8,153,154;,
  3;153,8,133;,
  3;154,155,8;,
  3;155,154,156;,
  3;122,114,113;,
  3;114,122,121;,
  3;121,112,114;,
  3;112,121,157;,
  3;158,124,159;,
  3;124,158,127;,
  3;159,122,113;,
  3;122,159,124;,
  3;126,160,152;,
  3;160,126,161;,
  3;162,121,123;,
  3;121,162,163;,
  3;121,164,157;,
  3;164,121,163;,
  3;165,126,127;,
  3;126,165,161;,
  3;161,166,160;,
  3;166,161,167;,
  3;162,118,163;,
  3;118,162,116;,
  3;163,117,164;,
  3;117,163,118;,
  3;165,167,161;,
  3;167,165,168;,
  3;169,170,171;,
  3;170,169,172;,
  3;173,174,175;,
  3;174,173,176;,
  3;177,178,179;,
  3;178,177,173;,
  3;180,178,181;,
  3;178,180,182;,
  3;183,169,171;,
  3;169,183,184;,
  3;174,185,186;,
  3;185,174,176;,
  3;46,187,44;,
  3;187,46,188;,
  3;180,169,182;,
  3;169,180,172;,
  3;20,29,65;,
  3;19,29,20;,
  3;29,31,189;,
  3;31,190,189;,
  3;190,31,33;,
  3;33,191,190;,
  3;191,33,48;,
  3;191,50,192;,
  3;50,191,48;,
  3;192,53,193;,
  3;53,192,50;,
  3;194,171,185;,
  3;171,194,183;,
  3;171,186,185;,
  3;186,171,170;,
  3;185,176,194;,
  3;194,173,177;,
  3;173,194,176;,
  3;178,175,181;,
  3;175,178,173;,
  3;179,182,184;,
  3;182,179,178;,
  3;182,169,184;,
  3;16,17,19;,
  3;17,63,19;,
  3;65,195,66;,
  3;196,197,198;,
  3;197,196,199;,
  3;200,154,153;,
  3;154,200,201;,
  3;202,203,204;,
  3;205,206,207;,
  3;196,208,209;,
  3;208,196,198;,
  3;210,209,211;,
  3;209,210,196;,
  3;212,213,214;,
  3;213,212,215;,
  3;212,214,211;,
  3;201,216,217;,
  3;216,201,200;,
  3;218,219,220;,
  3;219,218,217;,
  3;210,199,196;,
  3;213,205,207;,
  3;221,222,223;,
  3;198,197,224;,
  3;224,225,226;,
  3;225,224,197;,
  3;227,213,207;,
  3;228,229,214;,
  3;229,228,230;,
  3;220,231,232;,
  3;213,228,214;,
  3;156,201,233;,
  3;201,156,154;,
  3;233,217,218;,
  3;217,233,201;,
  3;219,217,234;,
  3;235,219,234;,
  3;236,237,238;,
  3;237,236,239;,
  3;209,240,211;,
  3;240,209,241;,
  3;211,242,212;,
  3;242,211,240;,
  3;243,239,244;,
  3;239,243,237;,
  3;244,236,245;,
  3;236,244,239;,
  3;246,221,223;,
  3;221,246,215;,
  3;221,212,247;,
  3;212,221,215;,
  3;199,248,2;,
  3;248,199,249;,
  3;133,10,250;,
  3;249,210,251;,
  3;210,249,199;,
  3;210,211,251;,
  3;252,1,253;,
  3;1,252,2;,
  3;20,254,18;,
  3;254,20,64;,
  3;24,68,14;,
  3;68,24,255;,
  3;68,256,70;,
  3;256,68,255;,
  3;256,37,70;,
  3;37,256,257;,
  3;258,2,252;,
  3;2,258,199;,
  3;257,259,37;,
  3;37,259,35;,
  3;260,204,261;,
  3;204,260,202;,
  3;262,263,223;,
  3;263,262,264;,
  3;197,258,225;,
  3;258,197,199;,
  3;265,203,227;,
  3;265,207,266;,
  3;207,265,227;,
  3;223,267,246;,
  3;267,223,263;,
  3;88,87,147;,
  3;83,82,85;,
  3;78,16,18;,
  3;16,78,74;,
  3;74,15,16;,
  3;15,74,76;,
  3;15,71,13;,
  3;71,15,76;,
  3;13,268,23;,
  3;268,13,71;,
  3;248,269,2;,
  3;2,269,0;,
  3;136,129,134;,
  3;129,136,131;,
  3;134,96,81;,
  3;96,134,129;,
  3;96,82,81;,
  3;93,96,94;,
  3;29,189,65;,
  3;205,215,246;,
  3;267,205,246;,
  3;205,267,206;,
  3;205,213,215;,
  3;187,188,270;,
  3;224,271,272;,
  3;222,221,208;,
  3;224,222,198;,
  3;272,273,262;,
  3;273,272,271;,
  3;263,274,275;,
  3;273,276,262;,
  3;277,271,278;,
  3;271,277,273;,
  3;222,272,262;,
  3;272,222,224;,
  3;222,208,198;,
  3;209,221,247;,
  3;221,209,208;,
  3;223,222,262;,
  3;266,206,279;,
  3;206,266,207;,
  3;206,280,279;,
  3;280,206,267;,
  3;280,263,275;,
  3;263,280,267;,
  3;264,262,276;,
  3;76,73,72;,
  3;138,281,140;,
