xof 0303txt 0032
template ColorRGBA {
 <35ff44e0-6c7c-11cf-8f52-0040333594a3>
 FLOAT red;
 FLOAT green;
 FLOAT blue;
 FLOAT alpha;
}

template ColorRGB {
 <d3e16e81-7835-11cf-8f52-0040333594a3>
 FLOAT red;
 FLOAT green;
 FLOAT blue;
}

template Material {
 <3d82ab4d-62da-11cf-ab39-0020af71e433>
 ColorRGBA faceColor;
 FLOAT power;
 ColorRGB specularColor;
 ColorRGB emissiveColor;
 [...]
}

template TextureFilename {
 <a42790e1-7810-11cf-8f52-0040333594a3>
 STRING filename;
}

template Frame {
 <3d82ab46-62da-11cf-ab39-0020af71e433>
 [...]
}

template Matrix4x4 {
 <f6f23f45-7686-11cf-8f52-0040333594a3>
 array FLOAT matrix[16];
}

template FrameTransformMatrix {
 <f6f23f41-7686-11cf-8f52-0040333594a3>
 Matrix4x4 frameMatrix;
}

template Vector {
 <3d82ab5e-62da-11cf-ab39-0020af71e433>
 FLOAT x;
 FLOAT y;
 FLOAT z;
}

template MeshFace {
 <3d82ab5f-62da-11cf-ab39-0020af71e433>
 DWORD nFaceVertexIndices;
 array DWORD faceVertexIndices[nFaceVertexIndices];
}

template Mesh {
 <3d82ab44-62da-11cf-ab39-0020af71e433>
 DWORD nVertices;
 array Vector vertices[nVertices];
 DWORD nFaces;
 array MeshFace faces[nFaces];
 [...]
}

template MeshMaterialList {
 <f6f23f42-7686-11cf-8f52-0040333594a3>
 DWORD nMaterials;
 DWORD nFaceIndexes;
 array DWORD faceIndexes[nFaceIndexes];
 [Material <3d82ab4d-62da-11cf-ab39-0020af71e433>]
}

template VertexElement {
 <f752461c-1e23-48f6-b9f8-8350850f336f>
 DWORD Type;
 DWORD Method;
 DWORD Usage;
 DWORD UsageIndex;
}

template DeclData {
 <bf22e553-292c-4781-9fea-62bd554bdd93>
 DWORD nElements;
 array VertexElement Elements[nElements];
 DWORD nDWords;
 array DWORD data[nDWords];
}

template XSkinMeshHeader {
 <3cf169ce-ff7c-44ab-93c0-f78f62d172e2>
 WORD nMaxSkinWeightsPerVertex;
 WORD nMaxSkinWeightsPerFace;
 WORD nBones;
}

template SkinWeights {
 <6f0d123b-bad2-4167-a0d0-80224f25fabb>
 STRING transformNodeName;
 DWORD nWeights;
 array DWORD vertexIndices[nWeights];
 array FLOAT weights[nWeights];
 Matrix4x4 matrixOffset;
}

template AnimTicksPerSecond {
 <9e415a43-7ba6-4a73-8743-b73d47e88476>
 DWORD AnimTicksPerSecond;
}

template Animation {
 <3d82ab4f-62da-11cf-ab39-0020af71e433>
 [...]
}

template AnimationSet {
 <3d82ab50-62da-11cf-ab39-0020af71e433>
 [Animation <3d82ab4f-62da-11cf-ab39-0020af71e433>]
}

template FloatKeys {
 <10dd46a9-775b-11cf-8f52-0040333594a3>
 DWORD nValues;
 array FLOAT values[nValues];
}

template TimedFloatKeys {
 <f406b180-7b3b-11cf-8f52-0040333594a3>
 DWORD time;
 FloatKeys tfkeys;
}

template AnimationKey {
 <10dd46a8-775b-11cf-8f52-0040333594a3>
 DWORD keyType;
 DWORD nKeys;
 array TimedFloatKeys keys[nKeys];
}


Material _03_-_Default {
 1.000000;1.000000;1.000000;1.000000;;
 9.999999;
 0.000000;0.000000;0.000000;;
 0.000000;0.000000;0.000000;;

 TextureFilename {
  "MaleBody_full.png";
 }
}

Frame Dummy01 {
 

 FrameTransformMatrix {
  1.000000,0.000000,0.000000,0.000000,0.000000,-0.000000,-1.000000,0.000000,0.000000,1.000000,-0.000000,0.000000,0.000000,0.000000,0.000000,1.000000;;
 }

 Frame Bip01 {
  

  FrameTransformMatrix {
   0.000002,1.000000,0.000000,0.000000,-0.000000,-0.000000,1.000000,0.000000,1.000000,-0.000002,0.000000,0.000000,0.003000,-0.012354,0.530683,1.000000;;
  }

  Frame Bip01_Pelvis {
   

   FrameTransformMatrix {
    0.000000,1.000000,-0.000001,0.000000,-0.000001,0.000001,1.000000,0.000000,1.000000,-0.000000,0.000001,0.000000,0.000000,0.000000,0.000000,1.000000;;
   }

   Frame Bip01_Spine {
    

    FrameTransformMatrix {
     0.998192,0.000001,-0.060114,0.000000,-0.000001,1.000000,0.000004,0.000000,0.060114,-0.000004,0.998192,0.000000,0.051628,0.000000,-0.000085,1.000000;;
    }

    Frame Bip01_Spine1 {
     

     FrameTransformMatrix {
      0.991416,-0.000000,-0.130742,0.000000,0.000000,1.000000,-0.000000,0.000000,0.130742,-0.000000,0.991416,0.000000,0.106469,0.000000,-0.000084,1.000000;;
     }

     Frame Bip01_Neck {
      

      FrameTransformMatrix {
       0.903366,0.000001,0.428870,0.000000,-0.000001,1.000000,-0.000000,0.000000,-0.428870,-0.000000,0.903366,0.000000,0.130516,0.000000,0.004628,1.000000;;
      }

      Frame Bip01_Head {
       

       FrameTransformMatrix {
        0.955120,-0.000001,-0.296218,0.000000,-0.030962,0.994522,-0.099837,0.000000,0.294595,0.104528,0.949888,0.000000,0.033674,0.000000,0.000000,1.000000;;
       }

       Frame Bip01_HeadNub {
        

        FrameTransformMatrix {
         1.000000,0.000000,-0.000000,0.000000,0.000000,1.000000,-0.000000,0.000000,-0.000000,0.000000,1.000000,0.000000,0.169824,0.000000,-0.000000,1.000000;;
        }
       }
      }

      Frame Bip01_L_Clavicle {
       

       FrameTransformMatrix {
        0.008845,0.999952,-0.004210,0.000000,0.902981,-0.009796,-0.429569,0.000000,-0.429589,-0.000003,-0.903024,0.000000,-0.023698,0.015715,0.006128,1.000000;;
       }

       Frame Bip01_L_UpperArm {
        

        FrameTransformMatrix {
         0.644288,-0.258961,-0.719606,0.000000,0.422273,0.904952,0.052416,0.000000,0.637635,-0.337641,0.692402,0.000000,0.087086,0.000000,0.000000,1.000000;;
        }

        Frame Bip01_L_Forearm {
         

         FrameTransformMatrix {
          -0.710286,-0.000000,-0.703913,0.000000,0.000000,1.000000,0.000000,0.000000,0.703913,0.000000,-0.710287,0.000000,0.137062,0.000000,-0.000000,1.000000;;
         }

         Frame Bip01_L_Hand {
          

          FrameTransformMatrix {
           0.783524,0.283631,0.552851,0.000000,-0.122385,-0.801867,0.584834,0.000000,0.609190,-0.525892,-0.593570,0.000000,0.137062,0.000000,0.000000,1.000000;;
          }

          Frame Bip01_L_Finger0 {
           

           FrameTransformMatrix {
            0.162980,0.321957,0.932621,0.000000,0.558537,0.749101,-0.356210,0.000000,-0.813311,0.578958,-0.057736,0.000000,0.057681,-0.023605,-0.000272,1.000000;;
           }

           Frame Bip01_L_Finger0Nub {
            

            FrameTransformMatrix {
             1.000000,-0.000000,0.000000,0.000000,0.000000,1.000000,0.000000,0.000000,0.000000,0.000000,1.000000,0.000000,0.029435,0.000000,0.000000,1.000000;;
            }
           }
          }

          Frame Bip01_L_Finger1 {
           

           FrameTransformMatrix {
            0.030113,-0.000796,0.999546,0.000000,0.000000,1.000000,0.000796,0.000000,-0.999546,-0.000024,0.030113,0.000000,0.084102,0.000000,-0.000000,1.000000;;
           }

           Frame Bip01_L_Finger1Nub {
            

            FrameTransformMatrix {
             1.000000,0.000000,0.000000,0.000000,0.000000,1.000000,0.000000,0.000000,0.000000,-0.000000,1.000000,0.000000,0.047988,0.000000,0.000000,1.000000;;
            }
           }
          }
         }
        }
       }
      }

      Frame Bip01_R_Clavicle {
       

       FrameTransformMatrix {
        -0.119002,-0.991279,0.056614,0.000000,-0.895149,0.131782,0.425842,0.000000,-0.429589,-0.000002,-0.903024,0.000000,-0.023698,-0.015714,0.006128,1.000000;;
       }

       Frame Bip01_R_UpperArm {
        

        FrameTransformMatrix {
         0.517410,0.530476,-0.671477,0.000000,-0.498891,0.824524,0.266962,0.000000,0.695266,0.196865,0.691267,0.000000,0.087086,0.000000,0.000000,1.000000;;
        }

        Frame Bip01_R_Forearm {
         

         FrameTransformMatrix {
          -0.585392,-0.000000,-0.810751,0.000000,-0.000000,1.000000,0.000000,0.000000,0.810751,-0.000000,-0.585392,0.000000,0.137062,0.000000,-0.000000,1.000000;;
         }

         Frame Bip01_R_Hand {
          

          FrameTransformMatrix {
           0.966350,-0.061513,0.249768,0.000000,0.084284,-0.841665,-0.533381,0.000000,0.243031,0.536485,-0.808159,0.000000,0.137062,0.000000,0.000000,1.000000;;
          }

          Frame Bip01_R_Finger0 {
           

           FrameTransformMatrix {
            0.162980,-0.321957,0.932621,0.000000,-0.558537,0.749101,0.356210,0.000000,-0.813311,-0.578958,-0.057736,0.000000,0.057681,0.023605,-0.000272,1.000000;;
           }

           Frame Bip01_R_Finger0Nub {
            

            FrameTransformMatrix {
             -1.000000,-0.000000,0.000000,0.000000,-0.000000,1.000000,0.000000,0.000000,0.000000,0.000000,-1.000000,0.000000,0.029435,0.000000,0.000000,1.000000;;
            }
           }
          }

          Frame Bip01_R_Finger1 {
           

           FrameTransformMatrix {
            0.030113,0.000796,0.999546,0.000000,-0.000000,1.000000,-0.000796,0.000000,-0.999546,0.000024,0.030113,0.000000,0.084102,0.000000,0.000000,1.000000;;
           }

           Frame Bip01_R_Finger1Nub {
            

            FrameTransformMatrix {
             -1.000000,-0.000000,-0.000000,0.000000,-0.000000,1.000000,-0.000000,0.000000,0.000000,0.000000,-1.000000,0.000000,0.047988,-0.000000,0.000000,1.000000;;
            }
           }
          }
         }
        }
       }
      }
     }

     Frame Bip01_BackPack {
      

      FrameTransformMatrix {
       -0.101202,-0.000002,-0.994866,0.000000,0.000003,1.000000,-0.000003,0.000000,0.994866,-0.000003,-0.101202,0.000000,0.038746,-0.000000,-0.094314,1.000000;;
      }

      Frame Bip01_BackPackNub {
       

       FrameTransformMatrix {
        0.000796,0.000003,1.000000,0.000000,-0.000000,-1.000000,0.000003,0.000000,1.000000,-0.000000,-0.000796,0.000000,0.053240,0.000000,0.000000,1.000000;;
       }
      }
     }
    }

    Frame Bip01_L_Thigh {
     

     FrameTransformMatrix {
      -0.979111,0.054117,0.195991,0.000000,0.023191,-0.927915,0.372071,0.000000,0.201998,0.368844,0.907277,0.000000,-0.051540,0.055225,-0.003019,1.000000;;
     }

     Frame Bip01_L_Calf {
      

      FrameTransformMatrix {
       0.904977,-0.000000,-0.425460,0.000000,-0.000000,1.000000,0.000000,0.000000,0.425460,-0.000000,0.904977,0.000000,0.237500,-0.000000,-0.000000,1.000000;;
      }

      Frame Bip01_L_Foot {
       

       FrameTransformMatrix {
        0.905107,0.424539,-0.023412,0.000000,-0.423950,0.905303,0.026320,0.000000,0.032368,-0.013897,0.999379,0.000000,0.206841,0.000000,0.000000,1.000000;;
       }

       Frame Bip01_L_Toe0 {
        

        FrameTransformMatrix {
         -0.000000,0.422619,0.906308,0.000000,0.500000,0.784886,-0.365998,0.000000,-0.866026,0.453153,-0.211309,0.000000,0.065373,-0.000000,0.066450,1.000000;;
        }

        Frame Bip01_L_Toe0Nub {
         

         FrameTransformMatrix {
          -1.000000,-0.000000,-0.000000,0.000000,0.000000,1.000000,0.000000,0.000000,0.000000,-0.000000,-1.000000,0.000000,0.006735,0.000000,0.000000,1.000000;;
         }
        }
       }
      }
     }
    }

    Frame Bip01_R_Thigh {
     

     FrameTransformMatrix {
      -0.906534,-0.129486,0.401782,0.000000,-0.020460,-0.937196,-0.348202,0.000000,0.421636,-0.323877,0.846951,0.000000,-0.051540,-0.055225,-0.003019,1.000000;;
     }

     Frame Bip01_R_Calf {
      

      FrameTransformMatrix {
       0.592451,-0.000000,-0.805606,0.000000,-0.000000,1.000000,-0.000000,0.000000,0.805606,0.000000,0.592451,0.000000,0.237500,-0.000000,0.000000,1.000000;;
      }

      Frame Bip01_R_Foot {
       

       FrameTransformMatrix {
        0.947877,-0.281605,0.149091,0.000000,0.279152,0.959512,0.037571,0.000000,-0.153635,0.006007,0.988109,0.000000,0.206841,0.000000,-0.000000,1.000000;;
       }

       Frame Bip01_R_Toe0 {
        

        FrameTransformMatrix {
         0.000000,-0.542103,0.840312,0.000000,-0.500000,0.727732,0.469475,0.000000,-0.866026,-0.420156,-0.271051,0.000000,0.065373,-0.000000,0.066450,1.000000;;
        }

        Frame Bip01_R_Toe0Nub {
         

         FrameTransformMatrix {
          1.000000,0.000000,0.000000,0.000000,-0.000000,1.000000,-0.000000,0.000000,-0.000000,0.000000,1.000000,0.000000,0.006735,0.000000,0.000000,1.000000;;
         }
        }
       }
      }
     }
    }
   }

   Frame Bip01_DressFront {
    

    FrameTransformMatrix {
     -0.889471,-0.000160,0.456992,0.000000,-0.090517,0.980249,-0.175837,0.000000,-0.447937,-0.197767,-0.871918,0.000000,-0.043936,0.001428,0.061069,1.000000;;
    }

    Frame Bip01_DressFront02 {
     

     FrameTransformMatrix {
      0.993942,0.109577,-0.008553,0.000000,-0.109892,0.989343,-0.095516,0.000000,-0.002004,0.095877,0.995391,0.000000,0.183325,-0.000013,-0.000131,1.000000;;
     }

     Frame Bip01_DressFrontNub {
      

      FrameTransformMatrix {
       0.000796,0.000003,1.000000,0.000000,0.000000,-1.000000,0.000003,0.000000,1.000000,0.000000,-0.000796,0.000000,0.165302,0.000000,0.000000,1.000000;;
      }
     }
    }
   }

   Frame Bip01_DressBack {
    

    FrameTransformMatrix {
     -0.857276,-0.077636,0.508970,0.000000,-0.274381,0.905378,-0.324046,0.000000,-0.435652,-0.417449,-0.797461,0.000000,-0.047671,0.000059,-0.078308,1.000000;;
    }

    Frame Bip01_DressBack02 {
     

     FrameTransformMatrix {
      0.776549,0.382904,0.500356,0.000000,-0.281099,0.921278,-0.268757,0.000000,-0.563875,0.068054,0.823052,0.000000,0.176220,-0.000007,-0.000089,1.000000;;
     }

     Frame Bip01_DressBackNub {
      

      FrameTransformMatrix {
       0.000796,0.000003,1.000000,0.000000,0.000000,-1.000000,0.000003,0.000000,1.000000,-0.000000,-0.000796,0.000000,0.136508,0.000000,-0.000000,1.000000;;
      }
     }
    }
   }
  }

  Frame Bip01_Prop1 {
   

   FrameTransformMatrix {
    -0.862459,-0.368417,0.347037,0.000000,-0.484370,0.799686,-0.354807,0.000000,-0.146804,-0.474100,-0.868146,0.000000,0.102247,0.304275,0.020215,1.000000;;
   }
  }

  Frame Bip01_Prop2 {
   

   FrameTransformMatrix {
    0.499829,0.681267,-0.534834,0.000000,-0.733297,0.661469,0.157272,0.000000,0.460920,0.313582,0.830192,0.000000,0.093143,0.339881,-0.002694,1.000000;;
   }
  }
 }
}

Frame Translation_Data {
 

 FrameTransformMatrix {
  1.000000,0.000000,0.000000,0.000000,0.000000,-0.000000,-1.000000,0.000000,0.000000,1.000000,-0.000000,0.000000,0.000000,-0.000000,0.000000,1.000000;;
 }
}

Frame Body {
 

 FrameTransformMatrix {
  1.000000,0.000000,0.000000,0.000000,0.000000,1.000000,0.000000,0.000000,0.000000,0.000000,1.000000,0.000000,0.000000,0.000000,0.000000,1.000000;;
 }

 Mesh Body {
  617;
  0.071512;0.805862;0.013355;,
  0.036278;0.793955;0.008014;,
  0.031068;0.818614;0.030676;,
  0.082791;0.786867;0.005094;,
  0.087285;0.768211;0.000396;,
  0.057006;0.735291;-0.030946;,
  0.043921;0.767798;-0.015989;,
  0.093646;0.731324;0.000073;,
  0.032035;0.829967;0.071721;,
  0.081383;0.800751;0.090210;,
  0.070681;0.815356;0.065348;,
  0.049861;0.803220;0.096742;,
  0.086349;0.580050;0.050998;,
  0.045914;0.587099;0.069547;,
  0.045026;0.575343;0.075343;,
  0.079569;0.590023;0.047486;,
  0.074273;0.591883;-0.008440;,
  0.087221;0.564729;0.010574;,
  0.046439;0.587928;-0.039230;,
  0.073693;0.541803;-0.017930;,
  0.044023;0.531969;-0.028467;,
  0.003000;0.735755;-0.038580;,
  0.003000;0.770221;-0.018231;,
  0.003000;0.584976;0.069415;,
  0.003000;0.571073;0.075112;,
  0.055058;0.674249;0.083406;,
  0.003000;0.708123;0.100406;,
  0.003000;0.674588;0.087561;,
  0.059989;0.710914;0.096481;,
  0.073023;0.499602;-0.034670;,
  0.108777;0.394020;-0.020702;,
  0.083938;0.405763;-0.059440;,
  0.094850;0.489088;0.008839;,
  0.086890;0.310378;-0.086146;,
  0.097478;0.302011;-0.035430;,
  0.022685;0.500238;-0.033440;,
  0.008489;0.383287;0.016178;,
  0.015105;0.468764;0.078927;,
  0.030296;0.402572;-0.053993;,
  0.033530;0.303584;-0.019367;,
  0.046031;0.305569;-0.059202;,
  0.085343;0.379029;0.037791;,
  0.075342;0.461762;0.058177;,
  0.071538;0.303121;-0.004547;,
  0.025934;0.034204;0.000219;,
  -0.021801;0.061666;0.024698;,
  -0.008170;0.053920;-0.021535;,
  0.005644;0.045794;0.039187;,
  0.073447;0.249822;-0.060057;,
  0.079936;0.176488;-0.013984;,
  0.063191;0.176946;-0.051402;,
  0.092266;0.249758;-0.021835;,
  0.061480;0.097480;-0.005698;,
  0.054091;0.098023;-0.039772;,
  0.024586;0.237805;-0.051534;,
  0.010201;0.193546;-0.001628;,
  0.008612;0.259387;-0.002689;,
  0.026587;0.179778;-0.038724;,
  0.026761;0.117654;0.002578;,
  0.029141;0.103216;-0.023550;,
  0.067743;0.187448;0.020901;,
  0.076034;0.261491;0.023367;,
  0.049459;0.117375;0.011412;,
  0.093324;0.535869;0.015742;,
  0.003000;0.524283;-0.040353;,
  0.022685;0.500238;-0.033440;,
  0.003000;0.489785;-0.026350;,
  0.095057;0.530609;0.070083;,
  0.045026;0.529294;0.094106;,
  0.080473;0.477016;0.065154;,
  0.035621;0.480905;0.081871;,
  0.050486;0.630674;0.069621;,
  0.086731;0.675756;0.065526;,
  0.098217;0.683698;0.049526;,
  0.074861;0.644251;-0.005677;,
  0.091743;0.696618;-0.002914;,
  0.082480;0.634711;0.044292;,
  0.057400;0.700951;-0.038658;,
  0.051920;0.644439;-0.035401;,
  0.003000;0.701290;-0.045233;,
  0.003000;0.640427;-0.040781;,
  0.111969;0.824595;0.004884;,
  0.148984;0.823823;-0.029674;,
  0.082995;0.779385;0.001397;,
  0.171079;0.761635;-0.064620;,
  0.120768;0.773805;-0.046761;,
  0.193116;0.803429;-0.054036;,
  0.126143;0.744895;0.027098;,
  0.120768;0.773805;-0.046761;,
  0.161469;0.737847;-0.009132;,
  0.192314;0.746956;-0.072056;,
  0.171079;0.761635;-0.064620;,
  0.134272;0.747835;0.034427;,
  0.189603;0.787943;0.008263;,
  0.152756;0.788090;0.041659;,
  0.214244;0.788714;-0.061834;,
  0.132902;0.815142;0.024085;,
  0.181708;0.807583;-0.026917;,
  0.103848;0.793542;-0.034286;,
  0.153293;0.758387;-0.035442;,
  0.124173;0.823585;-0.028656;,
  0.067834;0.821230;-0.034223;,
  0.077052;0.839391;-0.034002;,
  0.153293;0.758387;-0.035442;,
  0.114503;0.806082;-0.089087;,
  0.162904;0.762793;-0.096697;,
  0.103848;0.793542;-0.034286;,
  0.070452;0.820907;-0.069558;,
  0.067834;0.821230;-0.034223;,
  0.130317;0.828934;-0.084421;,
  0.191025;0.811719;-0.087963;,
  0.079062;0.842161;-0.070759;,
  -0.012968;0.893145;-0.047847;,
  0.014479;0.854975;-0.080196;,
  0.007120;0.885295;-0.043518;,
  -0.005277;0.863087;-0.084074;,
  0.015959;0.872569;-0.040767;,
  0.010788;0.882650;-0.053100;,
  0.011796;0.871866;-0.051159;,
  0.012174;0.883327;-0.038306;,
  0.030010;0.828233;-0.063034;,
  0.039444;0.886768;-0.051635;,
  0.015700;0.854229;-0.085734;,
  0.042811;0.861313;-0.028191;,
  0.024433;0.865168;-0.099952;,
  0.058478;0.838541;-0.085722;,
  0.073160;0.872819;-0.049506;,
  0.047943;0.896022;-0.067083;,
  0.099595;0.820308;0.065379;,
  0.103901;0.829163;0.037216;,
  0.070681;0.815356;0.065348;,
  0.068666;0.820754;0.038842;,
  0.096798;0.718032;0.080223;,
  0.041721;0.829053;0.044757;,
  0.099392;0.817019;0.014272;,
  0.082791;0.786867;0.005094;,
  0.071512;0.805862;0.013355;,
  0.098082;0.795466;0.012078;,
  0.103290;0.758429;0.083168;,
  0.060778;0.747580;0.101397;,
  0.106051;0.763604;0.080199;,
  0.003000;0.741658;0.103620;,
  0.003000;0.800229;0.090344;,
  0.081383;0.800751;0.090210;,
  0.106051;0.763604;0.080199;,
  0.089714;0.755994;0.026610;,
  0.106195;0.758684;0.069274;,
  0.082995;0.779385;0.001397;,
  0.098937;0.721407;0.048084;,
  0.092013;0.725185;0.013554;,
  0.087285;0.768211;0.000396;,
  0.104288;0.720980;0.064251;,
  0.042811;0.861313;-0.028191;,
  0.037525;0.856769;0.045118;,
  0.027391;0.859142;0.065886;,
  0.002997;0.831065;0.076529;,
  0.001021;0.861503;0.073008;,
  0.047943;0.896022;-0.067083;,
  -0.012968;0.893145;-0.047847;,
  -0.005277;0.863087;-0.084074;,
  0.034739;0.870565;-0.034326;,
  0.027859;0.895451;-0.036409;,
  0.034739;0.870565;-0.034326;,
  0.030516;0.873153;-0.051421;,
  0.033198;0.896719;-0.057993;,
  0.033198;0.896719;-0.057993;,
  0.015959;0.872569;-0.040767;,
  0.012174;0.883327;-0.038306;,
  0.010788;0.882650;-0.053100;,
  0.069786;0.033903;-0.066779;,
  0.051611;0.019440;-0.120119;,
  0.057215;0.037658;-0.114119;,
  0.065987;0.011127;-0.070988;,
  -0.004146;0.090052;0.013480;,
  -0.008170;0.053920;-0.021535;,
  -0.021801;0.061666;0.024698;,
  0.004159;0.075619;-0.024410;,
  0.026761;0.117654;0.002578;,
  0.030164;0.073733;0.030555;,
  0.049459;0.117375;0.011412;,
  0.025934;0.034204;0.000219;,
  0.005644;0.045794;0.039187;,
  0.045214;0.063424;-0.001535;,
  0.054091;0.098023;-0.039772;,
  0.061480;0.097480;-0.005698;,
  0.030294;0.049698;-0.116263;,
  0.020367;0.037492;-0.125411;,
  0.065987;0.011127;-0.070988;,
  0.020367;0.037492;-0.125411;,
  0.030296;0.402572;-0.053993;,
  0.046031;0.305569;-0.059202;,
  0.024586;0.237805;-0.051534;,
  0.026587;0.179778;-0.038724;,
  0.029141;0.103216;-0.023550;,
  0.029141;0.103216;-0.023550;,
  0.003000;0.477274;0.024120;,
  0.049502;0.862238;0.030060;,
  0.034014;0.854646;0.009405;,
  0.043005;0.861366;0.009626;,
  0.030426;0.853047;0.027380;,
  0.039215;0.877925;0.055083;,
  0.029109;0.884887;0.075866;,
  0.023127;1.000826;0.034924;,
  0.006449;0.996932;0.005103;,
  0.003505;1.005465;0.033558;,
  0.042792;0.941172;-0.018957;,
  0.026627;0.941094;-0.027408;,
  0.038034;0.968145;-0.007441;,
  0.049018;0.881868;0.009662;,
  0.054156;0.889096;0.038059;,
  0.046916;0.872242;0.040165;,
  0.053156;0.921415;0.059928;,
  0.055872;0.934333;0.039245;,
  0.049600;0.972733;0.010999;,
  0.055443;0.971530;0.038285;,
  0.054467;0.933537;0.012044;,
  0.048846;0.923048;0.076088;,
  0.035878;0.928520;0.096089;,
  -0.004195;0.928176;0.103141;,
  0.030502;0.976292;0.089667;,
  -0.003256;0.977020;0.096578;,
  0.055031;0.910921;0.010115;,
  0.041238;0.874211;-0.006221;,
  0.043146;0.909017;-0.015034;,
  0.028215;0.851475;-0.022544;,
  0.007654;0.844570;-0.013817;,
  0.009828;0.849370;-0.034291;,
  0.032481;0.986190;0.003322;,
  0.042749;0.990474;0.036012;,
  0.047555;0.976068;0.072284;,
  0.034857;0.994511;0.064506;,
  0.017005;0.999214;0.069721;,
  -0.000396;1.001215;0.070512;,
  -0.002639;0.891625;0.086532;,
  0.047555;0.976068;0.072284;,
  0.034857;0.994511;0.064506;,
  0.060421;0.891824;0.038447;,
  0.064482;0.936318;0.054850;,
  0.068829;0.916375;0.060927;,
  0.058101;0.918579;0.046632;,
  0.068829;0.916375;0.060927;,
  0.060421;0.891824;0.038447;,
  0.064482;0.936318;0.054850;,
  0.055872;0.934333;0.039245;,
  0.057290;0.911193;0.029452;,
  0.054156;0.889096;0.038059;,
  0.042663;0.931076;-0.012113;,
  0.057290;0.911193;0.029452;,
  0.041721;0.829053;0.044757;,
  0.037525;0.856769;0.045118;,
  0.068666;0.820754;0.038842;,
  0.039215;0.877925;0.055083;,
  0.003000;0.812532;0.009778;,
  0.003000;0.791655;-0.001631;,
  0.003000;0.585774;-0.042927;,
  0.003000;0.526659;0.093876;,
  0.003000;0.492492;0.090835;,
  -0.011412;0.468012;0.058438;,
  0.004280;0.839606;0.003411;,
  0.003000;0.477274;0.024120;,
  0.017005;0.999214;0.069721;,
  -0.000396;1.001215;0.070512;,
  0.029083;0.883449;-0.023338;,
  0.022094;0.906964;-0.027807;,
  0.022403;0.897443;-0.029374;,
  0.007815;0.989263;-0.008287;,
  0.009385;0.969477;-0.024207;,
  0.023678;0.930974;-0.019767;,
  0.003000;0.629782;0.071632;,
  0.068666;0.820754;0.038842;,
  0.051611;0.019440;-0.120119;,
  0.021649;0.875905;-0.032026;,
  0.028530;0.876903;-0.024091;,
  0.021043;0.880153;-0.027817;,
  0.010229;0.897247;-0.035770;,
  0.011121;0.907027;-0.043787;,
  0.021254;0.884730;-0.032023;,
  0.009486;0.880584;-0.029502;,
  0.010158;0.874724;-0.036195;,
  0.010462;0.941016;-0.035859;,
  0.010150;0.931162;-0.033363;,
  0.106195;0.758684;0.069274;,
  0.010285;0.885401;-0.036880;,
  0.085786;0.753075;0.043114;,
  0.089714;0.755994;0.026610;,
  0.087285;0.768211;0.000396;,
  0.048846;0.923048;0.076088;,
  0.073447;0.249822;-0.060057;,
  0.047305;0.189466;-0.126656;,
  0.038076;0.262854;-0.119203;,
  0.063191;0.176946;-0.051402;,
  0.086890;0.310378;-0.086146;,
  0.042655;0.319641;-0.111790;,
  0.083938;0.405763;-0.059440;,
  0.028363;0.408131;-0.081331;,
  0.073023;0.499602;-0.034670;,
  0.024671;0.492722;-0.055345;,
  0.044023;0.531969;-0.028467;,
  0.048671;0.121236;-0.140845;,
  0.054091;0.098023;-0.039772;,
  0.007578;0.190012;0.024928;,
  0.006788;0.139465;0.036360;,
  0.004119;0.120532;0.032798;,
  0.000945;0.210705;0.022632;,
  -0.002041;0.275506;0.000405;,
  0.007498;0.259033;0.011900;,
  -0.006168;0.335163;-0.006705;,
  0.015681;0.300752;0.005531;,
  0.001882;0.380281;0.029264;,
  -0.005802;0.397405;0.034484;,
  0.000745;0.466505;0.083149;,
  0.085786;0.753075;0.043114;,
  -0.065889;0.800955;0.012399;,
  -0.030278;0.793955;0.008014;,
  -0.075531;0.782240;0.004194;,
  -0.025068;0.818614;0.030676;,
  -0.081165;0.767957;0.000670;,
  -0.051006;0.735291;-0.030946;,
  -0.087646;0.731324;0.000073;,
  -0.037921;0.767798;-0.015989;,
  -0.026035;0.829967;0.071721;,
  -0.075782;0.799803;0.089975;,
  -0.043861;0.803220;0.096742;,
  -0.067533;0.811366;0.063997;,
  -0.080349;0.580050;0.050998;,
  -0.039914;0.587099;0.069547;,
  -0.073569;0.590023;0.047486;,
  -0.039026;0.575343;0.075343;,
  -0.068273;0.591883;-0.008440;,
  -0.081221;0.564729;0.010574;,
  -0.040439;0.587928;-0.039230;,
  -0.067490;0.542391;-0.017532;,
  -0.038023;0.531969;-0.028467;,
  0.003000;0.584976;0.069415;,
  0.003000;0.571073;0.075112;,
  -0.049058;0.674249;0.083406;,
  0.003000;0.708123;0.100406;,
  -0.053989;0.710914;0.096481;,
  0.003000;0.674588;0.087561;,
  -0.067932;0.509711;-0.038682;,
  -0.113349;0.409168;-0.049475;,
  -0.091523;0.493131;0.001528;,
  -0.086667;0.426649;-0.084658;,
  -0.096678;0.330496;-0.131317;,
  -0.109722;0.322100;-0.083968;,
  -0.018284;0.507668;-0.038690;,
  -0.015263;0.382055;-0.015170;,
  -0.033637;0.417666;-0.079712;,
  -0.009105;0.468764;0.078927;,
  -0.047169;0.322917;-0.068978;,
  -0.057590;0.325397;-0.106206;,
  -0.092706;0.380076;0.004589;,
  -0.074452;0.457574;0.046282;,
  -0.085524;0.322526;-0.055088;,
  -0.030886;0.071797;0.011722;,
  0.017980;0.096919;0.036482;,
  -0.012039;0.086100;0.050513;,
  0.006666;0.084748;-0.009422;,
  -0.080366;0.268617;-0.094752;,
  -0.082756;0.208457;-0.032162;,
  -0.100909;0.276098;-0.058186;,
  -0.064350;0.201357;-0.068099;,
  -0.058326;0.136308;-0.004432;,
  -0.049086;0.130141;-0.037451;,
  -0.031119;0.263712;-0.082299;,
  -0.015399;0.234521;-0.022657;,
  -0.028767;0.210639;-0.055599;,
  -0.019388;0.297962;-0.039920;,
  -0.024028;0.158980;0.001296;,
  -0.024416;0.137084;-0.020429;,
  -0.073218;0.228693;-0.000773;,
  -0.087907;0.299978;-0.016894;,
  -0.047419;0.159824;0.008766;,
  -0.087324;0.535869;0.015742;,
  -0.018284;0.507668;-0.038690;,
  -0.089057;0.530609;0.070083;,
  -0.039026;0.529294;0.094106;,
  -0.077255;0.473917;0.058823;,
  -0.031770;0.476845;0.077270;,
  -0.044486;0.630674;0.069621;,
  -0.080731;0.675756;0.065525;,
  -0.092217;0.683698;0.049526;,
  -0.068861;0.644251;-0.005677;,
  -0.076480;0.634711;0.044292;,
  -0.085743;0.696618;-0.002914;,
  -0.051400;0.700951;-0.038658;,
  -0.045920;0.644439;-0.035401;,
  -0.103240;0.799915;-0.005680;,
  -0.066534;0.763456;0.009122;,
  -0.131404;0.781373;-0.043467;,
  -0.132238;0.710169;-0.060839;,
  -0.163432;0.746740;-0.066790;,
  -0.091703;0.736624;-0.040109;,
  -0.107201;0.727967;0.037381;,
  -0.132263;0.703504;0.000183;,
  -0.091703;0.736624;-0.040109;,
  -0.151803;0.687098;-0.065460;,
  -0.132238;0.710169;-0.060839;,
  -0.117082;0.730770;0.042170;,
  -0.171964;0.748427;-0.002896;,
  -0.143603;0.766036;0.033964;,
  -0.182839;0.723546;-0.071719;,
  -0.125692;0.791297;0.012147;,
  -0.156328;0.761844;-0.045059;,
  -0.076908;0.763723;-0.046667;,
  -0.103373;0.788459;-0.052592;,
  -0.117795;0.720510;-0.034713;,
  -0.049581;0.795887;-0.056515;,
  -0.060194;0.811425;-0.063721;,
  -0.117795;0.720510;-0.034713;,
  -0.085354;0.752893;-0.102212;,
  -0.076908;0.763723;-0.046667;,
  -0.122985;0.700201;-0.093466;,
  -0.048389;0.782399;-0.088921;,
  -0.049581;0.795887;-0.056515;,
  -0.105861;0.771769;-0.106363;,
  -0.161227;0.741404;-0.103522;,
  -0.059643;0.800136;-0.098700;,
  0.028368;0.863841;-0.058619;,
  0.013098;0.817055;-0.087509;,
  0.033283;0.824797;-0.085571;,
  0.007720;0.856456;-0.060354;,
  -0.002231;0.844517;-0.057890;,
  0.007823;0.851151;-0.069525;,
  0.000957;0.855715;-0.057145;,
  0.005521;0.841251;-0.065309;,
  -0.009333;0.795181;-0.071099;,
  -0.018941;0.854078;-0.080264;,
  -0.032458;0.835739;-0.053999;,
  0.014033;0.814786;-0.092675;,
  0.012021;0.821046;-0.111513;,
  -0.026376;0.797572;-0.104793;,
  -0.051689;0.839557;-0.087515;,
  -0.020368;0.858399;-0.099649;,
  -0.097282;0.808779;0.063110;,
  -0.102015;0.816990;0.034787;,
  -0.067533;0.811366;0.063997;,
  -0.065230;0.815253;0.037766;,
  -0.090798;0.718032;0.080223;,
  -0.035721;0.829053;0.044757;,
  -0.095326;0.805571;0.011512;,
  -0.075531;0.782240;0.004194;,
  -0.090002;0.783071;0.009916;,
  -0.065889;0.800955;0.012399;,
  -0.096526;0.757630;0.084241;,
  -0.099247;0.762531;0.081210;,
  -0.054778;0.747580;0.101397;,
  0.003000;0.741658;0.103620;,
  0.003000;0.800229;0.090344;,
  -0.075782;0.799803;0.089975;,
  -0.099247;0.762531;0.081210;,
  -0.082349;0.754047;0.026715;,
  -0.066534;0.763456;0.009122;,
  -0.098781;0.756230;0.070057;,
  -0.092937;0.721407;0.048084;,
  -0.086013;0.725185;0.013554;,
  -0.081165;0.767957;0.000670;,
  -0.098288;0.720980;0.064251;,
  -0.032458;0.835739;-0.053999;,
  -0.032707;0.856931;0.041810;,
  -0.024567;0.859261;0.063439;,
  0.002997;0.831065;0.076529;,
  0.001021;0.861503;0.073008;,
  -0.020368;0.858399;-0.099649;,
  0.028368;0.863841;-0.058619;,
  0.033283;0.824797;-0.085571;,
  -0.022133;0.843389;-0.058821;,
  -0.013530;0.867106;-0.064693;,
  -0.022133;0.843389;-0.058821;,
  -0.011581;0.841486;-0.073028;,
  -0.010176;0.862250;-0.086167;,
  -0.010176;0.862250;-0.086167;,
  -0.002231;0.844517;-0.057890;,
  0.000957;0.855715;-0.057145;,
  0.007823;0.851151;-0.069525;,
  -0.069886;0.067515;-0.058082;,
  -0.049990;0.044387;-0.107619;,
  -0.068497;0.044110;-0.059173;,
  -0.053818;0.063724;-0.104349;,
  0.004550;0.125339;0.020505;,
  0.006666;0.084748;-0.009422;,
  -0.002826;0.107088;-0.015901;,
  0.017980;0.096919;0.036482;,
  -0.024028;0.158980;0.001296;,
  -0.032496;0.115152;0.036592;,
  -0.047419;0.159824;0.008766;,
  -0.030886;0.071797;0.011722;,
  -0.046463;0.102442;0.004875;,
  -0.012039;0.086100;0.050513;,
  -0.049086;0.130141;-0.037451;,
  -0.058326;0.136308;-0.004432;,
  -0.025593;0.072424;-0.105746;,
  -0.016568;0.058140;-0.112508;,
  -0.068497;0.044110;-0.059173;,
  -0.016568;0.058140;-0.112508;,
  -0.033637;0.417666;-0.079712;,
  -0.057590;0.325397;-0.106206;,
  -0.031119;0.263712;-0.082299;,
  -0.028767;0.210639;-0.055599;,
  -0.024416;0.137084;-0.020429;,
  -0.024416;0.137084;-0.020429;,
  -0.042212;0.862708;0.020432;,
  -0.022850;0.854938;0.003436;,
  -0.023977;0.853172;0.024817;,
  -0.031621;0.861748;0.001792;,
  -0.037187;0.878316;0.047063;,
  -0.031546;0.885197;0.069499;,
  -0.016019;1.001026;0.030815;,
  0.003505;1.005465;0.033558;,
  -0.024669;0.941518;-0.026039;,
  -0.022133;0.968453;-0.013757;,
  -0.007104;0.941267;-0.030949;,
  -0.037303;0.882310;0.000600;,
  -0.048152;0.889620;0.027319;,
  -0.041679;0.872695;0.030865;,
  -0.051388;0.921951;0.048953;,
  -0.049619;0.934873;0.028170;,
  -0.037230;0.973178;0.001884;,
  -0.042604;0.934034;0.001853;,
  -0.048623;0.972063;0.027360;,
  -0.050512;0.923557;0.065657;,
  -0.041926;0.928919;0.087921;,
  -0.004195;0.928176;0.103141;,
  -0.034850;0.976627;0.082807;,
  -0.003256;0.977020;0.096578;,
  -0.042984;0.911423;-0.000175;,
  -0.026156;0.909372;-0.022310;,
  -0.026472;0.874558;-0.013330;,
  -0.010575;0.851673;-0.026616;,
  -0.018753;0.986453;-0.002057;,
  -0.035543;0.990875;0.027793;,
  -0.047922;0.976557;0.062261;,
  -0.033699;0.994862;0.057309;,
  -0.000396;1.001215;0.070512;,
  -0.017273;0.999390;0.066123;,
  -0.002639;0.891625;0.086532;,
  -0.047922;0.976557;0.062261;,
  -0.033699;0.994862;0.057309;,
  -0.054333;0.892411;0.026400;,
  -0.061261;0.936962;0.041650;,
  -0.053493;0.919151;0.034917;,
  -0.066978;0.917071;0.046670;,
  -0.066978;0.917071;0.046670;,
  -0.054333;0.892411;0.026400;,
  -0.061261;0.936962;0.041650;,
  -0.049619;0.934873;0.028170;,
  -0.049207;0.911738;0.018272;,
  -0.048152;0.889620;0.027319;,
  -0.026066;0.931428;-0.019328;,
  -0.049207;0.911738;0.018272;,
  -0.035721;0.829053;0.044757;,
  -0.032707;0.856931;0.041810;,
  -0.065230;0.815253;0.037766;,
  -0.037187;0.878316;0.047063;,
  0.003000;0.526659;0.093876;,
  0.003000;0.492492;0.090835;,
  -0.011412;0.468012;0.058438;,
  0.003000;0.477274;0.024120;,
  -0.017273;0.999390;0.066123;,
  -0.000396;1.001215;0.070512;,
  -0.010934;0.883654;-0.027539;,
  -0.002932;0.907093;-0.030435;,
  -0.003005;0.897573;-0.032041;,
  -0.005908;0.931126;-0.022873;,
  0.003000;0.629782;0.071632;,
  -0.065230;0.815253;0.037766;,
  -0.049990;0.044387;-0.107619;,
  -0.010304;0.877102;-0.028167;,
  -0.001935;0.876026;-0.034501;,
  -0.002174;0.880272;-0.030254;,
  -0.001461;0.884846;-0.034408;,
  -0.098781;0.756230;0.070057;,
  -0.078584;0.751750;0.043922;,
  -0.082349;0.754047;0.026715;,
  -0.081165;0.767957;0.000670;,
  -0.050512;0.923557;0.065657;,
  -0.033591;0.266861;-0.141789;,
  0.009530;0.197326;-0.156072;,
  -0.029724;0.196079;-0.142800;,
  0.003656;0.268529;-0.137895;,
  -0.048522;0.337227;-0.141164;,
  -0.000277;0.328542;-0.130110;,
  -0.030846;0.421756;-0.096278;,
  -0.000169;0.409631;-0.089614;,
  -0.021220;0.502220;-0.058642;,
  0.001388;0.488453;-0.055569;,
  0.003000;0.524283;-0.040353;,
  -0.038023;0.531969;-0.028467;,
  0.014883;0.137484;-0.175048;,
  -0.020835;0.129908;-0.148496;,
  0.006601;0.163602;0.024632;,
  -0.073218;0.228693;-0.000773;,
  -0.047406;0.159827;0.008762;,
  -0.009443;0.232923;0.000575;,
  -0.087907;0.299978;-0.016894;,
  -0.021656;0.299068;-0.022764;,
  -0.029683;0.321328;-0.042308;,
  -0.085524;0.322526;-0.055088;,
  -0.092706;0.380076;0.004589;,
  -0.008357;0.373880;-0.001316;,
  0.003000;0.492492;0.090835;,
  -0.031770;0.476845;0.077270;,
  -0.078584;0.751750;0.043922;,
  -0.067932;0.509711;-0.038682;,
  -0.086667;0.426649;-0.084658;,
  -0.096678;0.330496;-0.131317;,
  -0.080366;0.268617;-0.094752;,
  -0.064350;0.201357;-0.068099;,
  -0.049086;0.130141;-0.037451;,
  0.085343;0.379029;0.037791;,
  0.035621;0.480905;0.081871;,
  0.075342;0.461762;0.058177;,
  0.071538;0.303121;-0.004547;,
  0.076034;0.261491;0.023367;,
  0.067743;0.187448;0.020901;,
  0.049459;0.117375;0.011412;,
  -0.074452;0.457574;0.046282;;
  916;
  3;0,1,2;,
  3;1,0,3;,
  3;4,5,6;,
  3;5,4,7;,
  3;8,9,10;,
  3;9,8,11;,
  3;12,13,14;,
  3;13,12,15;,
  3;16,12,17;,
  3;12,16,15;,
  3;18,19,20;,
  3;19,18,16;,
  3;6,21,22;,
  3;21,6,5;,
  3;14,23,24;,
  3;23,14,13;,
  3;25,26,27;,
  3;26,25,28;,
  3;29,30,31;,
  3;30,29,32;,
  3;30,33,31;,
  3;33,30,34;,
  3;35,36,37;,
  3;36,35,38;,
  3;38,39,36;,
  3;39,38,40;,
  3;37,41,42;,
  3;41,37,36;,
  3;36,43,41;,
  3;43,36,39;,
  3;42,30,32;,
  3;30,42,41;,
  3;41,34,30;,
  3;34,41,43;,
  3;44,45,46;,
  3;45,44,47;,
  3;48,49,50;,
  3;49,48,51;,
  3;50,52,53;,
  3;52,50,49;,
  3;54,55,56;,
  3;55,54,57;,
  3;57,58,55;,
  3;58,57,59;,
  3;56,60,61;,
  3;60,56,55;,
  3;55,62,60;,
  3;62,55,58;,
  3;61,49,51;,
  3;49,61,60;,
  3;60,52,49;,
  3;52,60,62;,
  3;32,19,63;,
  3;19,32,29;,
  3;64,65,66;,
  3;65,64,20;,
  3;14,67,12;,
  3;67,14,68;,
  3;68,69,67;,
  3;69,68,70;,
  3;70,42,69;,
  3;42,70,37;,
  3;48,34,51;,
  3;34,48,33;,
  3;51,43,61;,
  3;43,51,34;,
  3;43,56,61;,
  3;56,43,39;,
  3;39,54,56;,
  3;54,39,40;,
  3;12,63,17;,
  3;63,12,67;,
  3;67,32,63;,
  3;32,67,69;,
  3;69,42,32;,
  3;71,72,25;,
  3;73,74,75;,
  3;74,73,76;,
  3;74,77,75;,
  3;77,74,78;,
  3;79,78,80;,
  3;78,79,77;,
  3;81,82,83;,
  3;82,84,85;,
  3;84,82,86;,
  3;87,88,89;,
  3;88,90,89;,
  3;90,88,91;,
  3;92,93,94;,
  3;92,89,93;,
  3;92,87,89;,
  3;89,95,93;,
  3;95,89,90;,
  3;96,93,82;,
  3;93,86,82;,
  3;86,93,95;,
  3;97,98,99;,
  3;98,97,100;,
  3;100,101,98;,
  3;101,100,102;,
  3;103,104,105;,
  3;104,103,106;,
  3;106,107,104;,
  3;107,106,108;,
  3;105,109,110;,
  3;109,105,104;,
  3;104,111,109;,
  3;111,104,107;,
  3;110,100,97;,
  3;100,110,109;,
  3;109,102,100;,
  3;102,109,111;,
  3;112,113,114;,
  3;113,112,115;,
  3;116,117,118;,
  3;117,116,119;,
  3;120,121,122;,
  3;121,120,123;,
  3;120,124,125;,
  3;124,120,122;,
  3;126,124,127;,
  3;124,126,125;,
  3;95,97,86;,
  3;97,95,110;,
  3;86,99,84;,
  3;99,86,97;,
  3;90,103,105;,
  3;103,90,91;,
  3;105,95,90;,
  3;95,105,110;,
  3;128,96,129;,
  3;96,128,94;,
  3;129,130,128;,
  3;130,129,131;,
  3;72,28,25;,
  3;28,72,132;,
  3;10,133,8;,
  3;134,135,136;,
  3;135,134,137;,
  3;81,137,134;,
  3;138,11,139;,
  3;138,9,11;,
  3;138,140,9;,
  3;141,11,142;,
  3;11,141,139;,
  3;128,130,143;,
  3;94,144,92;,
  3;94,143,144;,
  3;94,128,143;,
  3;145,87,146;,
  3;87,145,147;,
  3;75,148,73;,
  3;148,75,149;,
  3;150,147,145;,
  3;7,149,75;,
  3;148,151,73;,
  3;102,152,101;,
  3;152,102,126;,
  3;102,125,126;,
  3;125,102,111;,
  3;111,120,125;,
  3;120,111,107;,
  3;120,108,123;,
  3;108,120,107;,
  3;8,153,154;,
  3;153,8,133;,
  3;154,155,8;,
  3;155,154,156;,
  3;122,114,113;,
  3;114,122,121;,
  3;121,112,114;,
  3;112,121,157;,
  3;158,124,159;,
  3;124,158,127;,
  3;159,122,113;,
  3;122,159,124;,
  3;126,160,152;,
  3;160,126,161;,
  3;162,121,123;,
  3;121,162,163;,
  3;121,164,157;,
  3;164,121,163;,
  3;165,126,127;,
  3;126,165,161;,
  3;161,166,160;,
  3;166,161,167;,
  3;162,118,163;,
  3;118,162,116;,
  3;163,117,164;,
  3;117,163,118;,
  3;165,167,161;,
  3;167,165,168;,
  3;169,170,171;,
  3;170,169,172;,
  3;173,174,175;,
  3;174,173,176;,
  3;177,178,179;,
  3;178,177,173;,
  3;180,178,181;,
  3;178,180,182;,
  3;183,169,171;,
  3;169,183,184;,
  3;174,185,186;,
  3;185,174,176;,
  3;46,187,44;,
  3;187,46,188;,
  3;180,169,182;,
  3;169,180,172;,
  3;20,29,65;,
  3;19,29,20;,
  3;29,31,189;,
  3;31,190,189;,
  3;190,31,33;,
  3;33,191,190;,
  3;191,33,48;,
  3;191,50,192;,
  3;50,191,48;,
  3;192,53,193;,
  3;53,192,50;,
  3;194,171,185;,
  3;171,194,183;,
  3;171,186,185;,
  3;186,171,170;,
  3;185,176,194;,
  3;194,173,177;,
  3;173,194,176;,
  3;178,175,181;,
  3;175,178,173;,
  3;179,182,184;,
  3;182,179,178;,
  3;182,169,184;,
  3;16,17,19;,
  3;17,63,19;,
  3;65,195,66;,
  3;196,197,198;,
  3;197,196,199;,
  3;200,154,153;,
  3;154,200,201;,
  3;202,203,204;,
  3;205,206,207;,
  3;196,208,209;,
  3;208,196,198;,
  3;210,209,211;,
  3;209,210,196;,
  3;212,213,214;,
  3;213,212,215;,
  3;212,214,211;,
  3;201,216,217;,
  3;216,201,200;,
  3;218,219,220;,
  3;219,218,217;,
  3;210,199,196;,
  3;213,205,207;,
  3;221,222,223;,
  3;198,197,224;,
  3;224,225,226;,
  3;225,224,197;,
  3;227,213,207;,
  3;228,229,214;,
  3;229,228,230;,
  3;220,231,232;,
  3;213,228,214;,
  3;156,201,233;,
  3;201,156,154;,
  3;233,217,218;,
  3;217,233,201;,
  3;219,217,234;,
  3;235,219,234;,
  3;236,237,238;,
  3;237,236,239;,
  3;209,240,211;,
  3;240,209,241;,
  3;211,242,212;,
  3;242,211,240;,
  3;243,239,244;,
  3;239,243,237;,
  3;244,236,245;,
  3;236,244,239;,
  3;246,221,223;,
  3;221,246,215;,
  3;221,212,247;,
  3;212,221,215;,
  3;199,248,2;,
  3;248,199,249;,
  3;133,10,250;,
  3;249,210,251;,
  3;210,249,199;,
  3;210,211,251;,
  3;252,1,253;,
  3;1,252,2;,
  3;20,254,18;,
  3;254,20,64;,
  3;24,68,14;,
  3;68,24,255;,
  3;68,256,70;,
  3;256,68,255;,
  3;256,37,70;,
  3;37,256,257;,
  3;258,2,252;,
  3;2,258,199;,
  3;257,259,37;,
  3;37,259,35;,
  3;260,204,261;,
  3;204,260,202;,
  3;262,263,223;,
  3;263,262,264;,
  3;197,258,225;,
  3;258,197,199;,
  3;265,203,227;,
  3;265,207,266;,
  3;207,265,227;,
  3;223,267,246;,
  3;267,223,263;,
  3;88,87,147;,
  3;83,82,85;,
  3;78,16,18;,
  3;16,78,74;,
  3;74,15,16;,
  3;15,74,76;,
  3;15,71,13;,
  3;71,15,76;,
  3;13,268,23;,
  3;268,13,71;,
  3;248,269,2;,
  3;2,269,0;,
  3;136,129,134;,
  3;129,136,131;,
  3;134,96,81;,
  3;96,134,129;,
  3;96,82,81;,
  3;93,96,94;,
  3;29,189,65;,
  3;205,215,246;,
  3;267,205,246;,
  3;205,267,206;,
  3;205,213,215;,
  3;187,188,270;,
  3;224,271,272;,
  3;222,221,208;,
  3;224,222,198;,
  3;272,273,262;,
  3;273,272,271;,
  3;263,274,275;,
  3;273,276,262;,
  3;277,271,278;,
  3;271,277,273;,
  3;222,272,262;,
  3;272,222,224;,
  3;222,208,198;,
  3;209,221,247;,
  3;221,209,208;,
  3;223,222,262;,
  3;266,206,279;,
  3;206,266,207;,
  3;206,280,279;,
  3;280,206,267;,
  3;280,263,275;,
  3;263,280,267;,
  3;264,262,276;,
  3;76,73,72;,
  3;138,281,140;,
  3;73,132,72;,
  3;132,73,151;,
  3;72,71,76;,
  3;271,226,278;,
  3;155,11,8;,
  3;276,277,282;,
  3;277,276,273;,
  3;274,276,282;,
  3;276,274,264;,
  3;28,141,26;,
  3;141,28,139;,
  3;139,132,138;,
  3;132,139,28;,
