xof 0303txt 0032
template ColorRGBA {
 <35ff44e0-6c7c-11cf-8f52-0040333594a3>
 FLOAT red;
 FLOAT green;
 FLOAT blue;
 FLOAT alpha;
}

template ColorRGB {
 <d3e16e81-7835-11cf-8f52-0040333594a3>
 FLOAT red;
 FLOAT green;
 FLOAT blue;
}

template Material {
 <3d82ab4d-62da-11cf-ab39-0020af71e433>
 ColorRGBA faceColor;
 FLOAT power;
 ColorRGB specularColor;
 ColorRGB emissiveColor;
 [...]
}

template TextureFilename {
 <a42790e1-7810-11cf-8f52-0040333594a3>
 STRING filename;
}

template Frame {
 <3d82ab46-62da-11cf-ab39-0020af71e433>
 [...]
}

template Matrix4x4 {
 <f6f23f45-7686-11cf-8f52-0040333594a3>
 array FLOAT matrix[16];
}

template FrameTransformMatrix {
 <f6f23f41-7686-11cf-8f52-0040333594a3>
 Matrix4x4 frameMatrix;
}

template Vector {
 <3d82ab5e-62da-11cf-ab39-0020af71e433>
 FLOAT x;
 FLOAT y;
 FLOAT z;
}

template MeshFace {
 <3d82ab5f-62da-11cf-ab39-0020af71e433>
 DWORD nFaceVertexIndices;
 array DWORD faceVertexIndices[nFaceVertexIndices];
}

template Mesh {
 <3d82ab44-62da-11cf-ab39-0020af71e433>
 DWORD nVertices;
 array Vector vertices[nVertices];
 DWORD nFaces;
 array MeshFace faces[nFaces];
 [...]
}

template MeshMaterialList {
 <f6f23f42-7686-11cf-8f52-0040333594a3>
 DWORD nMaterials;
 DWORD nFaceIndexes;
 array DWORD faceIndexes[nFaceIndexes];
 [Material <3d82ab4d-62da-11cf-ab39-0020af71e433>]
}

template VertexElement {
 <f752461c-1e23-48f6-b9f8-8350850f336f>
 DWORD Type;
 DWORD Method;
 DWORD Usage;
 DWORD UsageIndex;
}

template DeclData {
 <bf22e553-292c-4781-9fea-62bd554bdd93>
 DWORD nElements;
 array VertexElement Elements[nElements];
 DWORD nDWords;
 array DWORD data[nDWords];
}

template XSkinMeshHeader {
 <3cf169ce-ff7c-44ab-93c0-f78f62d172e2>
 WORD nMaxSkinWeightsPerVertex;
 WORD nMaxSkinWeightsPerFace;
 WORD nBones;
}

template SkinWeights {
 <6f0d123b-bad2-4167-a0d0-80224f25fabb>
 STRING transformNodeName;
 DWORD nWeights;
 array DWORD vertexIndices[nWeights];
 array FLOAT weights[nWeights];
 Matrix4x4 matrixOffset;
}

template AnimTicksPerSecond {
 <9e415a43-7ba6-4a73-8743-b73d47e88476>
 DWORD AnimTicksPerSecond;
}

template Animation {
 <3d82ab4f-62da-11cf-ab39-0020af71e433>
 [...]
}

template AnimationSet {
 <3d82ab50-62da-11cf-ab39-0020af71e433>
 [Animation <3d82ab4f-62da-11cf-ab39-0020af71e433>]
}

template FloatKeys {
 <10dd46a9-775b-11cf-8f52-0040333594a3>
 DWORD nValues;
 array FLOAT values[nValues];
}

template TimedFloatKeys {
 <f406b180-7b3b-11cf-8f52-0040333594a3>
 DWORD time;
 FloatKeys tfkeys;
}

template AnimationKey {
 <10dd46a8-775b-11cf-8f52-0040333594a3>
 DWORD keyType;
 DWORD nKeys;
 array TimedFloatKeys keys[nKeys];
}


Material _03_-_Default {
 1.000000;1.000000;1.000000;1.000000;;
 9.999999;
 0.000000;0.000000;0.000000;;
 0.000000;0.000000;0.000000;;

 TextureFilename {
  "MaleBody_full.png";
 }
}

Frame Dummy01 {
 

 FrameTransformMatrix {
  1.000000,0.000000,0.000000,0.000000,0.000000,-0.000000,-1.000000,0.000000,0.000000,1.000000,-0.000000,0.000000,0.000000,0.000000,0.000000,1.000000;;
 }

 Frame Bip01 {
  

  FrameTransformMatrix {
   -0.489721,0.799491,0.347834,0.000000,0.089573,-0.350702,0.932194,0.000000,0.867266,0.487672,0.100133,0.000000,0.001703,0.002123,0.479339,1.000000;;
  }

  Frame Bip01_Pelvis {
   

   FrameTransformMatrix {
    0.000000,0.996195,-0.087157,0.000000,-0.000001,0.087157,0.996195,0.000000,1.000000,0.000000,0.000001,0.000000,0.000000,0.000000,0.000000,1.000000;;
   }

   Frame Bip01_Spine {
    

    FrameTransformMatrix {
     0.982513,0.084300,0.166017,0.000000,-0.096996,0.992827,0.069902,0.000000,-0.158933,-0.084783,0.983642,0.000000,0.051450,0.004507,-0.000083,1.000000;;
    }

    Frame Bip01_Spine1 {
     

     FrameTransformMatrix {
      0.967529,0.106548,0.229204,0.000000,-0.077410,0.988145,-0.132581,0.000000,-0.240613,0.110533,0.964307,0.000000,0.106500,-0.000009,-0.000082,1.000000;;
     }

     Frame Bip01_Neck {
      

      FrameTransformMatrix {
       1.000000,0.000000,-0.000000,0.000000,0.000000,1.000000,-0.000000,0.000000,0.000000,-0.000000,1.000000,0.000000,0.130505,0.000000,0.004625,1.000000;;
      }

      Frame Bip01_Head {
       

       FrameTransformMatrix {
        0.965728,0.115399,0.232493,0.000000,-0.024390,0.932112,-0.361348,0.000000,-0.258409,0.343293,0.902981,0.000000,0.033674,0.000000,0.000000,1.000000;;
       }

       Frame Bip01_HeadNub {
        

        FrameTransformMatrix {
         1.000000,-0.000000,0.000000,0.000000,-0.000000,1.000000,-0.000000,0.000000,0.000000,-0.000000,1.000000,0.000000,0.169824,0.000000,0.000000,1.000000;;
        }
       }
      }

      Frame Bip01_L_Clavicle {
       

       FrameTransformMatrix {
        -0.092242,0.995696,0.008963,0.000000,0.995736,0.092245,0.000031,0.000000,-0.000796,0.008927,-0.999960,0.000000,-0.024025,0.015714,-0.004625,1.000000;;
       }

       Frame Bip01_L_UpperArm {
        

        FrameTransformMatrix {
         0.385144,-0.915905,0.113062,0.000000,0.922801,0.383568,-0.036254,0.000000,-0.010162,0.118297,0.992926,0.000000,0.087086,0.000000,0.000000,1.000000;;
        }

        Frame Bip01_L_Forearm {
         

         FrameTransformMatrix {
          -0.038167,-0.000000,-0.999271,0.000000,0.000000,1.000000,0.000000,0.000000,0.999271,-0.000000,-0.038167,0.000000,0.137062,0.000000,0.000000,1.000000;;
         }

         Frame Bip01_L_Hand {
          

          FrameTransformMatrix {
           0.789348,0.344630,-0.508094,0.000000,-0.059902,0.866871,0.494920,0.000000,0.611017,-0.360229,0.704907,0.000000,0.137062,0.000000,0.000000,1.000000;;
          }

          Frame Bip01_L_Finger0 {
           

           FrameTransformMatrix {
            0.235353,-0.564101,0.791454,0.000000,0.835198,0.533842,0.132129,0.000000,-0.497046,0.629924,0.596777,0.000000,0.057681,-0.023605,-0.000272,1.000000;;
           }

           Frame Bip01_L_Finger0Nub {
            

            FrameTransformMatrix {
             1.000000,0.000000,-0.000000,0.000000,0.000000,1.000000,0.000000,0.000000,-0.000000,-0.000000,1.000000,0.000000,0.029435,0.000000,0.000000,1.000000;;
            }
           }
          }

          Frame Bip01_L_Finger1 {
           

           FrameTransformMatrix {
            0.328909,-0.000752,0.944361,0.000000,-0.000000,1.000000,0.000796,0.000000,-0.944361,-0.000262,0.328909,0.000000,0.084102,-0.000000,0.000000,1.000000;;
           }

           Frame Bip01_L_Finger1Nub {
            

            FrameTransformMatrix {
             1.000000,0.000000,0.000000,0.000000,-0.000000,1.000000,0.000000,0.000000,0.000000,0.000000,1.000000,0.000000,0.047988,0.000000,0.000000,1.000000;;
            }
           }
          }
         }
        }
       }
      }

      Frame Bip01_R_Clavicle {
       

       FrameTransformMatrix {
        -0.314167,-0.948385,0.043178,0.000000,-0.949367,0.313880,-0.013452,0.000000,-0.000795,-0.045218,-0.998977,0.000000,-0.024025,-0.015715,-0.004625,1.000000;;
       }

       Frame Bip01_R_UpperArm {
        

        FrameTransformMatrix {
         0.426418,0.838500,-0.339242,0.000000,-0.562575,0.539537,0.626426,0.000000,0.708292,-0.076271,0.701787,0.000000,0.087086,0.000000,0.000000,1.000000;;
        }

        Frame Bip01_R_Forearm {
         

         FrameTransformMatrix {
          0.769555,-0.000000,-0.638581,0.000000,0.000000,1.000000,0.000000,0.000000,0.638581,-0.000000,0.769554,0.000000,0.137062,-0.000000,0.000000,1.000000;;
         }

         Frame Bip01_R_Hand {
          

          FrameTransformMatrix {
           0.943218,-0.109099,-0.313745,0.000000,-0.297636,0.141785,-0.944092,0.000000,0.147484,0.983867,0.101262,0.000000,0.137062,0.000000,0.000000,1.000000;;
          }

          Frame Bip01_R_Finger0 {
           

           FrameTransformMatrix {
            0.166554,0.297180,0.940183,0.000000,-0.870771,0.491689,-0.001159,0.000000,-0.462622,-0.818491,0.340669,0.000000,0.057681,0.023605,-0.000272,1.000000;;
           }

           Frame Bip01_R_Finger0Nub {
            

            FrameTransformMatrix {
             -1.000000,0.000000,-0.000000,0.000000,0.000000,1.000000,0.000000,0.000000,0.000000,0.000000,-1.000000,0.000000,0.029435,0.000000,0.000000,1.000000;;
            }
           }
          }

          Frame Bip01_R_Finger1 {
           

           FrameTransformMatrix {
            0.329982,0.000752,0.943987,0.000000,0.000000,1.000000,-0.000796,0.000000,-0.943987,0.000263,0.329982,0.000000,0.084102,0.000000,0.000000,1.000000;;
           }

           Frame Bip01_R_Finger1Nub {
            

            FrameTransformMatrix {
             -1.000000,-0.000000,0.000000,0.000000,-0.000000,1.000000,0.000000,0.000000,0.000000,-0.000000,-1.000000,0.000000,0.047988,0.000000,0.000000,1.000000;;
            }
           }
          }
         }
        }
       }
      }
     }

     Frame Bip01_BackPack {
      

      FrameTransformMatrix {
       0.068803,-0.000002,-0.997630,0.000000,0.000003,1.000000,-0.000002,0.000000,0.997630,-0.000003,0.068803,0.000000,0.063696,-0.000000,-0.088851,1.000000;;
      }

      Frame Bip01_BackPackNub {
       

       FrameTransformMatrix {
        0.000796,0.000003,1.000000,0.000000,-0.000000,-1.000000,0.000003,0.000000,1.000000,-0.000000,-0.000796,0.000000,0.053240,0.000000,0.000000,1.000000;;
       }
      }
     }
    }

    Frame Bip01_L_Thigh {
     

     FrameTransformMatrix {
      -0.984647,0.163934,0.059963,0.000000,-0.126950,-0.908303,0.398583,0.000000,0.119805,0.384852,0.915170,0.000000,-0.046261,0.055351,0.003959,1.000000;;
     }

     Frame Bip01_L_Calf {
      

      FrameTransformMatrix {
       0.893184,0.000000,-0.449692,0.000000,0.000000,1.000000,-0.000000,0.000000,0.449692,-0.000000,0.893184,0.000000,0.237500,0.000000,-0.000000,1.000000;;
      }

      Frame Bip01_L_Foot {
       

       FrameTransformMatrix {
        0.984993,0.100411,0.140377,0.000000,-0.129361,0.967933,0.215338,0.000000,-0.114253,-0.230266,0.966397,0.000000,0.206841,0.000000,0.000000,1.000000;;
       }

       Frame Bip01_L_Toe0 {
        

        FrameTransformMatrix {
         -0.281150,0.092896,0.955157,0.000000,0.009524,0.995525,-0.094018,0.000000,-0.959617,-0.017336,-0.280776,0.000000,0.065373,-0.000000,0.066450,1.000000;;
        }

        Frame Bip01_L_Toe0Nub {
         

         FrameTransformMatrix {
          -1.000000,0.000000,0.000000,0.000000,0.000000,1.000000,0.000000,0.000000,-0.000000,0.000000,-1.000000,0.000000,0.006735,-0.000000,0.000000,1.000000;;
         }
        }
       }
      }
     }
    }

    Frame Bip01_R_Thigh {
     

     FrameTransformMatrix {
      -0.952940,-0.294714,0.071060,0.000000,0.299470,-0.951576,0.069434,0.000000,0.047156,0.087447,0.995052,0.000000,-0.055572,-0.054308,0.013323,1.000000;;
     }

     Frame Bip01_R_Calf {
      

      FrameTransformMatrix {
       0.735395,-0.000000,-0.677638,0.000000,0.000000,1.000000,-0.000000,0.000000,0.677639,0.000000,0.735395,0.000000,0.237500,0.000000,-0.000000,1.000000;;
      }

      Frame Bip01_R_Foot {
       

       FrameTransformMatrix {
        0.857116,-0.207931,0.471293,0.000000,0.242568,0.970045,-0.013169,0.000000,-0.454437,0.125609,0.881878,0.000000,0.206841,0.000000,0.000000,1.000000;;
       }

       Frame Bip01_R_Toe0 {
        

        FrameTransformMatrix {
         0.793109,-0.384600,0.472294,0.000000,-0.009867,0.767207,0.641324,0.000000,-0.609000,-0.513300,0.604684,0.000000,0.065373,-0.000000,0.066450,1.000000;;
        }

        Frame Bip01_R_Toe0Nub {
         

         FrameTransformMatrix {
          1.000000,0.000000,0.000000,0.000000,0.000000,1.000000,-0.000000,0.000000,-0.000000,0.000000,1.000000,0.000000,0.006735,0.000000,0.000000,1.000000;;
         }
        }
       }
      }
     }
    }
   }

   Frame Bip01_DressFront {
    

    FrameTransformMatrix {
     -0.987565,-0.139721,-0.072062,0.000000,-0.139575,0.990186,-0.007090,0.000000,0.072346,0.003056,-0.997375,0.000000,-0.044012,0.001399,0.061087,1.000000;;
    }

    Frame Bip01_DressFront02 {
     

     FrameTransformMatrix {
      0.970805,-0.095683,0.219959,0.000000,0.094048,0.995406,0.017921,0.000000,-0.220663,0.003289,0.975344,0.000000,0.183353,-0.000000,-0.000128,1.000000;;
     }

     Frame Bip01_DressFrontNub {
      

      FrameTransformMatrix {
       0.000796,0.000003,1.000000,0.000000,0.000000,-1.000000,0.000003,0.000000,1.000000,-0.000000,-0.000796,0.000000,0.165302,0.000000,0.000000,1.000000;;
      }
     }
    }
   }

   Frame Bip01_DressBack {
    

    FrameTransformMatrix {
     -0.977944,-0.204485,0.042550,0.000000,-0.202813,0.978379,0.040525,0.000000,-0.049917,0.031002,-0.998272,0.000000,-0.047726,-0.000004,-0.078279,1.000000;;
    }

    Frame Bip01_DressBack02 {
     

     FrameTransformMatrix {
      0.792109,-0.065383,0.606868,0.000000,0.065620,0.997606,0.021830,0.000000,-0.606842,0.022531,0.794503,0.000000,0.176225,-0.000002,-0.000086,1.000000;;
     }

     Frame Bip01_DressBackNub {
      

      FrameTransformMatrix {
       0.000796,0.000003,1.000000,0.000000,-0.000000,-1.000000,0.000003,0.000000,1.000000,-0.000000,-0.000796,0.000000,0.136508,0.000000,0.000000,1.000000;;
      }
     }
    }
   }
  }

  Frame Bip01_Prop1 {
   

   FrameTransformMatrix {
    -0.697093,-0.035996,0.716076,0.000000,0.515771,0.668580,0.535707,0.000000,-0.498037,0.742769,-0.447497,0.000000,0.115818,-0.089046,-0.038489,1.000000;;
   }
  }

  Frame Bip01_Prop2 {
   

   FrameTransformMatrix {
    0.619219,-0.579509,0.529846,0.000000,0.772153,0.326810,-0.544955,0.000000,0.142647,0.746568,0.649836,0.000000,0.102395,0.059915,0.141234,1.000000;;
   }
  }
 }
}

Frame Translation_Data {
 

 FrameTransformMatrix {
  1.000000,0.000000,0.000000,0.000000,0.000000,-0.000000,-1.000000,0.000000,0.000000,1.000000,-0.000000,0.000000,0.000000,0.000000,0.000000,1.000000;;
 }
}

Frame Body {
 

 FrameTransformMatrix {
  1.000000,0.000000,0.000000,0.000000,0.000000,1.000000,0.000000,0.000000,0.000000,0.000000,1.000000,0.000000,0.000000,0.000000,0.000000,1.000000;;
 }

 Mesh Body {
  617;
  0.052072;0.741422;-0.021067;,
  0.019543;0.731702;-0.007210;,
  0.021782;0.761108;0.009771;,
  0.059782;0.721335;-0.028848;,
  0.065116;0.705550;-0.032856;,
  0.026964;0.671042;-0.035129;,
  0.019082;0.700708;-0.026126;,
  0.073860;0.673407;-0.025207;,
  0.039226;0.780883;0.042982;,
  0.093814;0.758931;0.042839;,
  0.073235;0.765209;0.020022;,
  0.068992;0.761936;0.061955;,
  0.093963;0.526397;0.010173;,
  0.069049;0.521320;0.045004;,
  0.069797;0.506119;0.046604;,
  0.087021;0.536370;0.012351;,
  0.054317;0.554139;-0.029455;,
  0.074718;0.526521;-0.028547;,
  0.014771;0.555095;-0.042401;,
  0.048198;0.512401;-0.054874;,
  0.017492;0.502146;-0.052931;,
  -0.024100;0.668339;-0.016363;,
  -0.018744;0.701962;-0.010220;,
  0.031919;0.512181;0.064477;,
  0.032988;0.494664;0.063879;,
  0.084845;0.624508;0.067839;,
  0.042584;0.663406;0.106476;,
  0.042013;0.621732;0.097230;,
  0.090632;0.667561;0.075974;,
  0.042738;0.465302;-0.080319;,
  0.101187;0.366625;-0.095320;,
  0.058455;0.372623;-0.115156;,
  0.085326;0.456999;-0.054762;,
  0.065312;0.279514;-0.149817;,
  0.101413;0.274310;-0.112208;,
  0.002422;0.451806;-0.052357;,
  0.037494;0.334706;-0.014963;,
  0.044014;0.401413;0.021327;,
  0.016672;0.357992;-0.084213;,
  0.055369;0.262609;-0.066541;,
  0.045410;0.266607;-0.106832;,
  0.113918;0.347143;-0.034874;,
  0.097043;0.420579;-0.008960;,
  0.094949;0.270371;-0.072669;,
  0.129546;-0.000568;-0.077672;,
  0.086401;-0.003829;-0.035721;,
  0.085125;-0.002806;-0.084512;,
  0.121110;-0.002031;-0.033049;,
  0.078740;0.217665;-0.125698;,
  0.121414;0.148547;-0.094971;,
  0.088387;0.144509;-0.118921;,
  0.113844;0.222538;-0.102055;,
  0.124628;0.069155;-0.083884;,
  0.102965;0.066760;-0.110853;,
  0.044147;0.196121;-0.094979;,
  0.065598;0.151270;-0.048239;,
  0.051134;0.215327;-0.043123;,
  0.063376;0.140123;-0.089530;,
  0.092780;0.077090;-0.058733;,
  0.088303;0.058881;-0.087810;,
  0.126595;0.157746;-0.057900;,
  0.120664;0.231953;-0.054000;,
  0.116055;0.084471;-0.060811;,
  0.082175;0.499279;-0.038502;,
  -0.024196;0.491784;-0.046770;,
  0.002422;0.451806;-0.052357;,
  -0.017809;0.455178;-0.049094;,
  0.110226;0.475853;0.002092;,
  0.078357;0.457231;0.043560;,
  0.100097;0.430990;-0.007303;,
  0.068232;0.419283;0.026401;,
  0.076443;0.576127;0.054400;,
  0.103180;0.626987;0.036940;,
  0.104578;0.634572;0.017536;,
  0.057623;0.595227;-0.019528;,
  0.072095;0.643768;-0.023854;,
  0.090395;0.584276;0.017338;,
  0.024489;0.643732;-0.037091;,
  0.022721;0.594657;-0.032538;,
  -0.027036;0.644819;-0.014051;,
  -0.021513;0.586392;-0.012391;,
  0.108044;0.707788;-0.049335;,
  0.132425;0.663407;-0.050262;,
  0.060844;0.701997;-0.024150;,
  0.108791;0.607350;-0.014906;,
  0.080862;0.643948;-0.026754;,
  0.150593;0.621052;-0.035330;,
  0.086162;0.698177;0.031134;,
  0.080862;0.643948;-0.026754;,
  0.105747;0.651079;0.034035;,
  0.127744;0.589301;0.018281;,
  0.108791;0.607350;-0.014906;,
  0.095969;0.702464;0.034856;,
  0.157338;0.670862;0.010568;,
  0.132569;0.713973;0.011566;,
  0.169442;0.602713;-0.002180;,
  0.125166;0.714027;-0.025584;,
  0.144129;0.635281;-0.047847;,
  0.077517;0.609224;-0.082453;,
  0.093453;0.620712;-0.025042;,
  0.110647;0.619261;-0.094662;,
  0.063479;0.589755;-0.121823;,
  0.084262;0.602170;-0.133674;,
  0.093453;0.620712;-0.025042;,
  0.103504;0.558548;-0.076924;,
  0.114884;0.562678;-0.013139;,
  0.077517;0.609224;-0.082453;,
  0.088060;0.564020;-0.124875;,
  0.063479;0.589755;-0.121823;,
  0.128902;0.566641;-0.086061;,
  0.165239;0.577325;-0.035791;,
  0.097375;0.568037;-0.130587;,
  0.022142;0.604655;-0.225824;,
  0.073837;0.590869;-0.205968;,
  0.026290;0.598433;-0.205137;,
  0.069243;0.597144;-0.226232;,
  0.016488;0.599446;-0.171554;,
  0.016651;0.610990;-0.183686;,
  0.017435;0.600057;-0.182714;,
  0.011270;0.609744;-0.169875;,
  0.084080;0.570605;-0.171098;,
  0.042084;0.613978;-0.170509;,
  0.082762;0.595710;-0.198736;,
  0.040140;0.584391;-0.152351;,
  0.088978;0.614662;-0.199263;,
  0.101444;0.601376;-0.157566;,
  0.056134;0.616193;-0.136841;,
  0.050208;0.632136;-0.171395;,
  0.100443;0.763407;0.007157;,
  0.091174;0.764828;-0.021219;,
  0.073235;0.765209;0.020022;,
  0.060314;0.761516;-0.001492;,
  0.114827;0.673252;0.043821;,
  0.036325;0.774411;0.015408;,
  0.078102;0.746893;-0.037563;,
  0.059782;0.721335;-0.028848;,
  0.052072;0.741422;-0.021067;,
  0.080125;0.721389;-0.038241;,
  0.112504;0.719065;0.039219;,
  0.087353;0.709144;0.072566;,
  0.112909;0.723286;0.034793;,
  0.037384;0.703118;0.101636;,
  0.024700;0.756863;0.078027;,
  0.093814;0.758931;0.042839;,
  0.112909;0.723286;0.034793;,
  0.078630;0.699302;-0.007216;,
  0.109331;0.714188;0.025469;,
  0.060844;0.701997;-0.024150;,
  0.101586;0.671533;0.014786;,
  0.079232;0.669499;-0.012094;,
  0.065116;0.705550;-0.032856;,
  0.113775;0.673868;0.026213;,
  0.040140;0.584391;-0.152351;,
  0.036173;0.802565;0.029739;,
  0.033643;0.805669;0.051566;,
  0.015277;0.782572;0.059973;,
  0.011598;0.807991;0.066580;,
  0.050208;0.632136;-0.171395;,
  0.022142;0.604655;-0.225824;,
  0.069243;0.597144;-0.226232;,
  0.030540;0.596838;-0.157628;,
  0.023599;0.621700;-0.159793;,
  0.030540;0.596838;-0.157628;,
  0.034183;0.601588;-0.174390;,
  0.037870;0.625840;-0.176381;,
  0.037870;0.625840;-0.176381;,
  0.016488;0.599446;-0.171554;,
  0.011270;0.609744;-0.169875;,
  0.016651;0.610990;-0.183686;,
  0.140974;0.023276;-0.153255;,
  0.115753;0.001224;-0.200819;,
  0.112835;0.019526;-0.193347;,
  0.148274;0.002155;-0.160431;,
  0.081755;0.029592;-0.045954;,
  0.085125;-0.002806;-0.084512;,
  0.086401;-0.003829;-0.035721;,
  0.082626;0.022100;-0.086649;,
  0.092780;0.077090;-0.058733;,
  0.122972;0.034785;-0.042920;,
  0.116055;0.084471;-0.060811;,
  0.129546;-0.000568;-0.077672;,
  0.121110;-0.002031;-0.033049;,
  0.129011;0.034441;-0.079334;,
  0.102965;0.066760;-0.110853;,
  0.124628;0.069155;-0.083884;,
  0.084773;0.014809;-0.185311;,
  0.080116;-0.000840;-0.193350;,
  0.148274;0.002155;-0.160431;,
  0.080116;-0.000840;-0.193350;,
  0.016672;0.357992;-0.084213;,
  0.045410;0.266607;-0.106832;,
  0.044147;0.196121;-0.094979;,
  0.063376;0.140123;-0.089530;,
  0.088303;0.058881;-0.087810;,
  0.088303;0.058881;-0.087810;,
  0.006737;0.426114;-0.013645;,
  0.044308;0.805104;0.014960;,
  0.025515;0.791296;0.001531;,
  0.034086;0.797459;-0.002291;,
  0.023704;0.798107;0.016415;,
  0.038302;0.828656;0.034639;,
  0.032042;0.842558;0.053350;,
  0.013395;0.937612;-0.022617;,
  -0.008468;0.924172;-0.045509;,
  -0.006310;0.941994;-0.021657;,
  0.025004;0.862654;-0.055707;,
  0.007545;0.860095;-0.060331;,
  0.021365;0.892048;-0.053366;,
  0.039107;0.816579;-0.010397;,
  0.049236;0.832952;0.012282;,
  0.043262;0.818022;0.021355;,
  0.051023;0.870817;0.021604;,
  0.049197;0.875808;-0.002350;,
  0.036019;0.902376;-0.040195;,
  0.046991;0.910432;-0.015806;,
  0.042680;0.865792;-0.026839;,
  0.049800;0.877986;0.036753;,
  0.040649;0.890293;0.055805;,
  0.002701;0.893386;0.070161;,
  0.032098;0.933105;0.034681;,
  0.000270;0.937000;0.047322;,
  0.043839;0.843874;-0.021028;,
  0.028785;0.804148;-0.020903;,
  0.027482;0.833781;-0.041224;,
  0.013888;0.777535;-0.025669;,
  -0.004321;0.774549;-0.011312;,
  -0.006290;0.772001;-0.032207;,
  0.017188;0.912820;-0.048528;,
  0.033293;0.927767;-0.021889;,
  0.045526;0.926521;0.015463;,
  0.030798;0.941504;0.004486;,
  0.014078;0.948153;0.011137;,
  -0.002924;0.950740;0.014549;,
  0.002643;0.853332;0.067013;,
  0.045526;0.926521;0.015463;,
  0.030798;0.941504;0.004486;,
  0.055337;0.835490;0.010499;,
  0.060524;0.882795;0.009670;,
  0.066803;0.866031;0.021207;,
  0.053466;0.863481;0.009377;,
  0.066803;0.866031;0.021207;,
  0.055337;0.835490;0.010499;,
  0.060524;0.882795;0.009670;,
  0.049197;0.875808;-0.002350;,
  0.049722;0.850686;-0.003763;,
  0.049236;0.832952;0.012282;,
  0.026613;0.855514;-0.045948;,
  0.049722;0.850686;-0.003763;,
  0.036325;0.774411;0.015408;,
  0.036173;0.802565;0.029739;,
  0.060314;0.761516;-0.001492;,
  0.038302;0.828656;0.034639;,
  -0.011682;0.750219;0.005340;,
  -0.014097;0.726719;-0.000197;,
  -0.024607;0.546917;-0.025556;,
  0.041571;0.447281;0.061476;,
  0.039616;0.416907;0.045656;,
  0.020317;0.404675;0.030661;,
  -0.008657;0.783768;0.004327;,
  0.006737;0.426114;-0.013645;,
  0.014078;0.948153;0.011137;,
  -0.002924;0.950740;0.014549;,
  0.013210;0.807276;-0.037447;,
  0.004493;0.828012;-0.048209;,
  0.004908;0.818524;-0.046470;,
  -0.009344;0.912354;-0.055486;,
  -0.009980;0.888284;-0.063707;,
  0.006541;0.853276;-0.049286;,
  0.037098;0.570690;0.080240;,
  0.060314;0.761516;-0.001492;,
  0.115753;0.001224;-0.200819;,
  0.004591;0.797405;-0.041437;,
  0.012807;0.800884;-0.035805;,
  0.004615;0.802850;-0.038892;,
  -0.008241;0.816458;-0.049936;,
  -0.009312;0.822880;-0.060813;,
  0.003825;0.805705;-0.044361;,
  -0.007060;0.802968;-0.038354;,
  -0.007421;0.795158;-0.042649;,
  -0.009914;0.857537;-0.064955;,
  -0.009321;0.849142;-0.059244;,
  0.109331;0.714188;0.025469;,
  -0.007887;0.804950;-0.046937;,
  0.081606;0.702399;0.009746;,
  0.078630;0.699302;-0.007216;,
  0.065116;0.705550;-0.032856;,
  0.049800;0.877986;0.036753;,
  0.078740;0.217666;-0.125698;,
  0.019331;0.145400;-0.130155;,
  0.005601;0.221851;-0.130812;,
  0.088387;0.144509;-0.118921;,
  0.065312;0.279514;-0.149817;,
  0.006436;0.283016;-0.138386;,
  0.058455;0.372623;-0.115156;,
  -0.004921;0.370736;-0.102895;,
  0.042738;0.465302;-0.080319;,
  -0.009412;0.455821;-0.077462;,
  0.017492;0.502146;-0.052931;,
  0.022276;0.072889;-0.131452;,
  0.102965;0.066760;-0.110853;,
  0.072071;0.141929;-0.022009;,
  0.031160;0.060789;0.054677;,
  0.084841;0.073070;-0.017595;,
  0.022180;0.130447;0.034015;,
  0.009337;0.192530;0.008845;,
  0.057604;0.215162;-0.029996;,
  0.003068;0.248002;-0.006714;,
  0.053435;0.256483;-0.036532;,
  0.039129;0.330393;-0.000727;,
  0.018091;0.323622;0.018412;,
  0.036642;0.390632;0.037531;,
  0.081606;0.702399;0.009746;,
  -0.069859;0.731488;0.039182;,
  -0.039933;0.730779;0.022644;,
  -0.077948;0.711994;0.039504;,
  -0.028384;0.760330;0.034952;,
  -0.085387;0.702832;0.044426;,
  -0.068047;0.667146;0.015634;,
  -0.085611;0.666869;0.059995;,
  -0.054055;0.699573;0.010585;,
  -0.012667;0.780078;0.069029;,
  -0.046601;0.753985;0.112741;,
  -0.014763;0.760636;0.103995;,
  -0.055068;0.753992;0.083124;,
  -0.051360;0.496225;0.086062;,
  -0.005056;0.506922;0.085634;,
  -0.045199;0.510680;0.084843;,
  -0.003478;0.490906;0.084869;,
  -0.068759;0.530226;0.038023;,
  -0.072126;0.496033;0.048137;,
  -0.060242;0.540521;-0.001275;,
  -0.073955;0.487525;0.008234;,
  -0.054033;0.487295;-0.015579;,
  0.031919;0.512181;0.064477;,
  0.032988;0.494664;0.063879;,
  -0.004883;0.617811;0.119607;,
  0.042584;0.663406;0.106476;,
  -0.009627;0.663450;0.129540;,
  0.042013;0.621732;0.097230;,
  -0.076770;0.441243;-0.018686;,
  -0.128045;0.344243;0.019082;,
  -0.088469;0.434173;0.029959;,
  -0.109601;0.346216;-0.024637;,
  -0.136686;0.245947;-0.035180;,
  -0.138099;0.251107;0.015634;,
  -0.027288;0.427311;-0.023389;,
  -0.026449;0.315880;0.039249;,
  -0.057600;0.332034;-0.028131;,
  0.022908;0.397031;0.032348;,
  -0.073306;0.245255;0.018008;,
  -0.092762;0.240491;-0.016857;,
  -0.096819;0.330687;0.074186;,
  -0.058343;0.400106;0.071555;,
  -0.107073;0.254496;0.038953;,
  -0.098336;-0.001504;0.121475;,
  -0.038826;-0.001072;0.130981;,
  -0.065739;-0.001527;0.153129;,
  -0.065860;-0.000928;0.090331;,
  -0.121369;0.191584;0.008910;,
  -0.119531;0.142096;0.080255;,
  -0.131478;0.207898;0.046945;,
  -0.111264;0.126668;0.043183;,
  -0.101443;0.070624;0.115142;,
  -0.102129;0.061144;0.082114;,
  -0.072129;0.178536;0.012002;,
  -0.048379;0.155034;0.071500;,
  -0.072727;0.130153;0.046555;,
  -0.045453;0.215072;0.044563;,
  -0.062195;0.083410;0.110507;,
  -0.074390;0.060336;0.090812;,
  -0.099823;0.164007;0.105099;,
  -0.105577;0.233971;0.080017;,
  -0.082140;0.090613;0.122875;,
  -0.075309;0.466583;0.043738;,
  -0.027288;0.427311;-0.023389;,
  -0.050279;0.442529;0.085910;,
  0.005083;0.442018;0.081825;,
  -0.051576;0.406250;0.071453;,
  -0.000439;0.404242;0.066222;,
  -0.004411;0.567184;0.102888;,
  -0.041140;0.616215;0.120205;,
  -0.059540;0.622322;0.112224;,
  -0.064733;0.581695;0.053848;,
  -0.044934;0.569308;0.098494;,
  -0.080863;0.632351;0.064396;,
  -0.069276;0.636734;0.017006;,
  -0.060573;0.585445;0.017413;,
  -0.100512;0.694210;0.035353;,
  -0.050052;0.689228;0.053369;,
  -0.119498;0.648422;0.024966;,
  -0.082726;0.584924;0.029997;,
  -0.128348;0.598093;0.019734;,
  -0.063382;0.631425;0.037296;,
  -0.067240;0.667941;0.107806;,
  -0.080686;0.619290;0.099897;,
  -0.063382;0.631425;0.037296;,
  -0.097477;0.568335;0.078384;,
  -0.082726;0.584924;0.029997;,
  -0.076900;0.669670;0.113472;,
  -0.136863;0.636583;0.087694;,
  -0.117337;0.681195;0.097773;,
  -0.142992;0.581338;0.068155;,
  -0.114956;0.691689;0.061453;,
  -0.130320;0.590471;0.001189;,
  -0.087323;0.532542;-0.032116;,
  -0.121235;0.545627;-0.037228;,
  -0.076648;0.572978;0.011850;,
  -0.092068;0.501279;-0.057258;,
  -0.116419;0.506004;-0.067103;,
  -0.076648;0.572978;0.011850;,
  -0.113974;0.500576;0.007151;,
  -0.087323;0.532542;-0.032116;,
  -0.097444;0.535274;0.058033;,
  -0.112956;0.475996;-0.036197;,
  -0.092068;0.501279;-0.057258;,
  -0.139836;0.511042;0.003195;,
  -0.150851;0.552689;0.047537;,
  -0.129370;0.481255;-0.041968;,
  -0.061206;0.452046;-0.149402;,
  -0.096802;0.437118;-0.107369;,
  -0.093054;0.425788;-0.125500;,
  -0.064723;0.463947;-0.131239;,
  -0.064729;0.486543;-0.110178;,
  -0.067686;0.483303;-0.126340;,
  -0.063491;0.494981;-0.118138;,
  -0.064801;0.477830;-0.117241;,
  -0.099419;0.451959;-0.068552;,
  -0.093122;0.489270;-0.115598;,
  -0.077389;0.493436;-0.084874;,
  -0.108065;0.440257;-0.102963;,
  -0.124177;0.443884;-0.114160;,
  -0.134037;0.465597;-0.075406;,
  -0.111956;0.509690;-0.091846;,
  -0.110162;0.491381;-0.125681;,
  -0.081713;0.741006;0.095974;,
  -0.098418;0.741220;0.071171;,
  -0.055068;0.753992;0.083124;,
  -0.063103;0.750075;0.059200;,
  -0.050189;0.666486;0.131986;,
  -0.032880;0.773338;0.050146;,
  -0.097896;0.725654;0.048291;,
  -0.077948;0.711994;0.039504;,
  -0.086203;0.702956;0.048083;,
  -0.069859;0.731488;0.039182;,
  -0.060924;0.713150;0.126900;,
  -0.065149;0.716842;0.124423;,
  -0.015913;0.707542;0.124400;,
  0.037384;0.703118;0.101636;,
  0.024700;0.756863;0.078027;,
  -0.046601;0.753985;0.112741;,
  -0.065149;0.716842;0.124423;,
  -0.071815;0.693765;0.069503;,
  -0.050052;0.689228;0.053369;,
  -0.068055;0.706270;0.115222;,
  -0.067194;0.664612;0.104962;,
  -0.077365;0.663078;0.071573;,
  -0.085387;0.702832;0.044426;,
  -0.064418;0.666561;0.121418;,
  -0.077389;0.493436;-0.084874;,
  -0.029971;0.801838;0.050104;,
  -0.015291;0.805132;0.066632;,
  0.015277;0.782572;0.059973;,
  0.011598;0.807991;0.066580;,
  -0.110162;0.491381;-0.125681;,
  -0.061206;0.452046;-0.149402;,
  -0.093054;0.425788;-0.125500;,
  -0.078276;0.492186;-0.096656;,
  -0.080014;0.506095;-0.118439;,
  -0.078276;0.492186;-0.096656;,
  -0.081762;0.480594;-0.109705;,
  -0.093259;0.491365;-0.128615;,
  -0.093259;0.491365;-0.128615;,
  -0.064729;0.486543;-0.110178;,
  -0.063491;0.494981;-0.118138;,
  -0.067686;0.483303;-0.126340;,
  -0.152615;0.020038;0.066687;,
  -0.157887;-0.001226;0.012792;,
  -0.161308;-0.001658;0.064538;,
  -0.152416;0.017373;0.017636;,
  -0.043099;0.032375;0.120672;,
  -0.065860;-0.000928;0.090331;,
  -0.066679;0.024043;0.087695;,
  -0.038826;-0.001072;0.130981;,
  -0.062195;0.083410;0.110507;,
  -0.075339;0.034883;0.146927;,
  -0.082140;0.090613;0.122875;,
  -0.098336;-0.001504;0.121475;,
  -0.101148;0.033423;0.120578;,
  -0.065739;-0.001527;0.153129;,
  -0.102129;0.061144;0.082114;,
  -0.101443;0.070624;0.115142;,
  -0.124590;0.014685;0.008004;,
  -0.124377;-0.000776;-0.001594;,
  -0.161308;-0.001658;0.064538;,
  -0.124377;-0.000776;-0.001594;,
  -0.057600;0.332034;-0.028131;,
  -0.092762;0.240491;-0.016857;,
  -0.072129;0.178536;0.012002;,
  -0.072727;0.130153;0.046555;,
  -0.074390;0.060336;0.090812;,
  -0.074390;0.060336;0.090812;,
  -0.047497;0.804552;0.023677;,
  -0.031405;0.790954;0.006936;,
  -0.027534;0.797544;0.032190;,
  -0.040614;0.797010;0.004802;,
  -0.038175;0.828197;0.041901;,
  -0.028672;0.842193;0.059115;,
  -0.025790;0.937376;-0.018896;,
  -0.006310;0.941994;-0.021657;,
  -0.042525;0.862248;-0.049294;,
  -0.038861;0.891686;-0.047647;,
  -0.026219;0.859892;-0.057124;,
  -0.047299;0.816059;-0.002192;,
  -0.053173;0.832337;0.022007;,
  -0.045420;0.817489;0.029777;,
  -0.053624;0.870188;0.031541;,
  -0.056398;0.875173;0.007677;,
  -0.050896;0.901854;-0.031942;,
  -0.054488;0.865208;-0.017612;,
  -0.057177;0.909806;-0.005914;,
  -0.049657;0.877388;0.046197;,
  -0.037231;0.889824;0.063200;,
  0.002701;0.893386;0.070161;,
  -0.033319;0.932712;0.040893;,
  0.000270;0.937000;0.047322;,
  -0.054272;0.843284;-0.011712;,
  -0.041889;0.833364;-0.034637;,
  -0.038991;0.803741;-0.014467;,
  -0.024941;0.777301;-0.021982;,
  -0.034096;0.912512;-0.043658;,
  -0.045076;0.927296;-0.014447;,
  -0.050045;0.925947;0.024538;,
  -0.037826;0.941091;0.011002;,
  -0.002924;0.950740;0.014549;,
  -0.020234;0.947947;0.014395;,
  0.002643;0.853332;0.067013;,
  -0.050045;0.925947;0.024538;,
  -0.037826;0.941091;0.011002;,
  -0.059530;0.834800;0.021407;,
  -0.065344;0.882038;0.021622;,
  -0.058237;0.862809;0.019985;,
  -0.069138;0.865214;0.034115;,
  -0.069138;0.865214;0.034115;,
  -0.059530;0.834800;0.021407;,
  -0.065344;0.882038;0.021622;,
  -0.056398;0.875173;0.007677;,
  -0.056881;0.850045;0.006360;,
  -0.053173;0.832337;0.022007;,
  -0.042184;0.855100;-0.039416;,
  -0.056881;0.850045;0.006360;,
  -0.032880;0.773338;0.050146;,
  -0.029971;0.801838;0.050104;,
  -0.063103;0.750075;0.059200;,
  -0.038175;0.828197;0.041901;,
  0.041571;0.447281;0.061476;,
  0.039616;0.416907;0.045656;,
  0.020317;0.404675;0.030661;,
  0.006737;0.426114;-0.013645;,
  -0.020234;0.947947;0.014395;,
  -0.002924;0.950740;0.014549;,
  -0.026847;0.807036;-0.033643;,
  -0.020558;0.827862;-0.045830;,
  -0.020525;0.818371;-0.044055;,
  -0.023074;0.853098;-0.046474;,
  0.037098;0.570690;0.080240;,
  -0.063103;0.750075;0.059200;,
  -0.157887;-0.001226;0.012792;,
  -0.026065;0.800650;-0.032114;,
  -0.019016;0.797263;-0.039195;,
  -0.018625;0.802710;-0.036686;,
  -0.018912;0.805568;-0.042202;,
  -0.068055;0.706270;0.115222;,
  -0.061206;0.696956;0.084019;,
  -0.071815;0.693765;0.069503;,
  -0.085387;0.702832;0.044426;,
  -0.049657;0.877388;0.046197;,
  -0.081397;0.204453;-0.062768;,
  -0.040346;0.142336;-0.099600;,
  -0.085157;0.132932;-0.039741;,
  -0.039531;0.218979;-0.103423;,
  -0.089799;0.261967;-0.075002;,
  -0.043224;0.278419;-0.108854;,
  -0.059688;0.352993;-0.063463;,
  -0.033518;0.363632;-0.085527;,
  -0.040197;0.439446;-0.053882;,
  -0.026482;0.447229;-0.067140;,
  -0.024196;0.491784;-0.046770;,
  -0.054033;0.487295;-0.015579;,
  -0.042760;0.076892;-0.099718;,
  -0.086116;0.064053;-0.024797;,
  -0.020942;0.087325;0.118481;,
  -0.099823;0.164007;0.105099;,
  -0.082128;0.090613;0.122867;,
  -0.031640;0.154667;0.086516;,
  -0.105577;0.233971;0.080017;,
  -0.043533;0.218903;0.061365;,
  -0.049616;0.246907;0.041108;,
  -0.107073;0.254496;0.038953;,
  -0.096819;0.330687;0.074186;,
  -0.016927;0.311508;0.053272;,
  0.039616;0.416907;0.045656;,
  -0.000439;0.404242;0.066222;,
  -0.061206;0.696956;0.084019;,
  -0.076770;0.441243;-0.018686;,
  -0.109601;0.346216;-0.024637;,
  -0.136686;0.245948;-0.035180;,
  -0.121369;0.191584;0.008910;,
  -0.111264;0.126668;0.043183;,
  -0.102129;0.061144;0.082114;,
  0.113918;0.347143;-0.034874;,
  0.068232;0.419283;0.026401;,
  0.097043;0.420579;-0.008960;,
  0.094949;0.270371;-0.072669;,
  0.120664;0.231953;-0.054000;,
  0.126595;0.157746;-0.057900;,
  0.116055;0.084471;-0.060811;,
  -0.058343;0.400106;0.071555;;
  916;
  3;0,1,2;,
  3;1,0,3;,
  3;4,5,6;,
  3;5,4,7;,
  3;8,9,10;,
  3;9,8,11;,
  3;12,13,14;,
  3;13,12,15;,
  3;16,12,17;,
  3;12,16,15;,
  3;18,19,20;,
  3;19,18,16;,
  3;6,21,22;,
  3;21,6,5;,
  3;14,23,24;,
  3;23,14,13;,
  3;25,26,27;,
  3;26,25,28;,
  3;29,30,31;,
  3;30,29,32;,
  3;30,33,31;,
  3;33,30,34;,
  3;35,36,37;,
  3;36,35,38;,
  3;38,39,36;,
  3;39,38,40;,
  3;37,41,42;,
  3;41,37,36;,
  3;36,43,41;,
  3;43,36,39;,
  3;42,30,32;,
  3;30,42,41;,
  3;41,34,30;,
  3;34,41,43;,
  3;44,45,46;,
  3;45,44,47;,
  3;48,49,50;,
  3;49,48,51;,
  3;50,52,53;,
  3;52,50,49;,
  3;54,55,56;,
  3;55,54,57;,
  3;57,58,55;,
  3;58,57,59;,
  3;56,60,61;,
  3;60,56,55;,
  3;55,62,60;,
  3;62,55,58;,
  3;61,49,51;,
  3;49,61,60;,
  3;60,52,49;,
  3;52,60,62;,
  3;32,19,63;,
  3;19,32,29;,
  3;64,65,66;,
  3;65,64,20;,
  3;14,67,12;,
  3;67,14,68;,
  3;68,69,67;,
  3;69,68,70;,
  3;70,42,69;,
  3;42,70,37;,
  3;48,34,51;,
  3;34,48,33;,
  3;51,43,61;,
  3;43,51,34;,
  3;43,56,61;,
  3;56,43,39;,
  3;39,54,56;,
  3;54,39,40;,
  3;12,63,17;,
  3;63,12,67;,
  3;67,32,63;,
  3;32,67,69;,
  3;69,42,32;,
  3;71,72,25;,
  3;73,74,75;,
  3;74,73,76;,
  3;74,77,75;,
  3;77,74,78;,
  3;79,78,80;,
  3;78,79,77;,
  3;81,82,83;,
  3;82,84,85;,
  3;84,82,86;,
  3;87,88,89;,
  3;88,90,89;,
  3;90,88,91;,
  3;92,93,94;,
  3;92,89,93;,
  3;92,87,89;,
  3;89,95,93;,
  3;95,89,90;,
  3;96,93,82;,
  3;93,86,82;,
  3;86,93,95;,
  3;97,98,99;,
  3;98,97,100;,
  3;100,101,98;,
  3;101,100,102;,
  3;103,104,105;,
  3;104,103,106;,
  3;106,107,104;,
  3;107,106,108;,
  3;105,109,110;,
  3;109,105,104;,
  3;104,111,109;,
  3;111,104,107;,
  3;110,100,97;,
  3;100,110,109;,
  3;109,102,100;,
  3;102,109,111;,
  3;112,113,114;,
  3;113,112,115;,
  3;116,117,118;,
  3;117,116,119;,
  3;120,121,122;,
  3;121,120,123;,
  3;120,124,125;,
  3;124,120,122;,
  3;126,124,127;,
  3;124,126,125;,
  3;95,97,86;,
  3;97,95,110;,
  3;86,99,84;,
  3;99,86,97;,
  3;90,103,105;,
  3;103,90,91;,
  3;105,95,90;,
  3;95,105,110;,
  3;128,96,129;,
  3;96,128,94;,
  3;129,130,128;,
  3;130,129,131;,
  3;72,28,25;,
  3;28,72,132;,
  3;10,133,8;,
  3;134,135,136;,
  3;135,134,137;,
  3;81,137,134;,
  3;138,11,139;,
  3;138,9,11;,
  3;138,140,9;,
  3;141,11,142;,
  3;11,141,139;,
  3;128,130,143;,
  3;94,144,92;,
  3;94,143,144;,
  3;94,128,143;,
  3;145,87,146;,
  3;87,145,147;,
  3;75,148,73;,
  3;148,75,149;,
  3;150,147,145;,
  3;7,149,75;,
  3;148,151,73;,
  3;102,152,101;,
  3;152,102,126;,
  3;102,125,126;,
  3;125,102,111;,
  3;111,120,125;,
  3;120,111,107;,
  3;120,108,123;,
  3;108,120,107;,
  3;8,153,154;,
  3;153,8,133;,
  3;154,155,8;,
  3;155,154,156;,
  3;122,114,113;,
  3;114,122,121;,
  3;121,112,114;,
  3;112,121,157;,
  3;158,124,159;,
  3;124,158,127;,
  3;159,122,113;,
  3;122,159,124;,
  3;126,160,152;,
  3;160,126,161;,
  3;162,121,123;,
  3;121,162,163;,
  3;121,164,157;,
  3;164,121,163;,
  3;165,126,127;,
  3;126,165,161;,
  3;161,166,160;,
  3;166,161,167;,
  3;162,118,163;,
  3;118,162,116;,
  3;163,117,164;,
  3;117,163,118;,
  3;165,167,161;,
  3;167,165,168;,
  3;169,170,171;,
  3;170,169,172;,
  3;173,174,175;,
  3;174,173,176;,
  3;177,178,179;,
  3;178,177,173;,
  3;180,178,181;,
  3;178,180,182;,
  3;183,169,171;,
  3;169,183,184;,
  3;174,185,186;,
  3;185,174,176;,
  3;46,187,44;,
  3;187,46,188;,
  3;180,169,182;,
  3;169,180,172;,
  3;20,29,65;,
  3;19,29,20;,
  3;29,31,189;,
  3;31,190,189;,
  3;190,31,33;,
  3;33,191,190;,
  3;191,33,48;,
  3;191,50,192;,
  3;50,191,48;,
  3;192,53,193;,
  3;53,192,50;,
  3;194,171,185;,
  3;171,194,183;,
  3;171,186,185;,
  3;186,171,170;,
  3;185,176,194;,
  3;194,173,177;,
  3;173,194,176;,
  3;178,175,181;,
  3;175,178,173;,
  3;179,182,184;,
  3;182,179,178;,
  3;182,169,184;,
  3;16,17,19;,
  3;17,63,19;,
  3;65,195,66;,
  3;196,197,198;,
  3;197,196,199;,
  3;200,154,153;,
  3;154,200,201;,
  3;202,203,204;,
  3;205,206,207;,
  3;196,208,209;,
  3;208,196,198;,
  3;210,209,211;,
  3;209,210,196;,
  3;212,213,214;,
  3;213,212,215;,
  3;212,214,211;,
  3;201,216,217;,
  3;216,201,200;,
  3;218,219,220;,
  3;219,218,217;,
  3;210,199,196;,
  3;213,205,207;,
  3;221,222,223;,
  3;198,197,224;,
  3;224,225,226;,
  3;225,224,197;,
  3;227,213,207;,
  3;228,229,214;,
  3;229,228,230;,
  3;220,231,232;,
  3;213,228,214;,
  3;156,201,233;,
  3;201,156,154;,
  3;233,217,218;,
  3;217,233,201;,
  3;219,217,234;,
  3;235,219,234;,
  3;236,237,238;,
  3;237,236,239;,
  3;209,240,211;,
  3;240,209,241;,
  3;211,242,212;,
  3;242,211,240;,
  3;243,239,244;,
  3;239,243,237;,
  3;244,236,245;,
  3;236,244,239;,
  3;246,221,223;,
  3;221,246,215;,
  3;221,212,247;,
  3;212,221,215;,
  3;199,248,2;,
  3;248,199,249;,
  3;133,10,250;,
  3;249,210,251;,
  3;210,249,199;,
  3;210,211,251;,
  3;252,1,253;,
  3;1,252,2;,
  3;20,254,18;,
  3;254,20,64;,
  3;24,68,14;,
  3;68,24,255;,
  3;68,256,70;,
  3;256,68,255;,
  3;256,37,70;,
  3;37,256,257;,
  3;258,2,252;,
  3;2,258,199;,
  3;257,259,37;,
  3;37,259,35;,
  3;260,204,261;,
  3;204,260,202;,
  3;262,263,223;,
  3;263,262,264;,
  3;197,258,225;,
  3;258,197,199;,
  3;265,203,227;,
  3;265,207,266;,
  3;207,265,227;,
  3;223,267,246;,
  3;267,223,263;,
  3;88,87,147;,
  3;83,82,85;,
  3;78,16,18;,
  3;16,78,74;,
  3;74,15,16;,
  3;15,74,76;,
  3;15,71,13;,
  3;71,15,76;,
  3;13,268,23;,
  3;268,13,71;,
  3;248,269,2;,
  3;2,269,0;,
  3;136,129,134;,
  3;129,136,131;,
  3;134,96,81;,
  3;96,134,129;,
  3;96,82,81;,
  3;93,96,94;,
  3;29,189,65;,
  3;205,215,246;,
  3;267,205,246;,
  3;205,267,206;,
  3;205,213,215;,
  3;187,188,270;,
  3;224,271,272;,
  3;222,221,208;,
  3;224,222,198;,
  3;272,273,262;,
  3;273,272,271;,
  3;263,274,275;,
  3;273,276,262;,
  3;277,271,278;,
  3;271,277,273;,
  3;222,272,262;,
  3;272,222,224;,
  3;222,208,198;,
  3;209,221,247;,
  3;221,209,208;,
  3;223,222,262;,
  3;266,206,279;,
  3;206,266,207;,
  3;206,280,279;,
  3;280,206,267;,
  3;280,263,275;,
  3;263,280,267;,
  3;264,262,276;,
  3;76,73,72;,
  3;138,281,140;,
  3;73,132,72;,
  3;132,73,151;,
  3;72,71,76;,
  3;271,226,278;,
  3;155,11,8;,
  3;276,277,282;,
  3;277,276,273;,
  3;274,276,282;,
  3;276,274,264;,
  3;28,141,26;,
  3;141,28,139;,
