xof 0303txt 0032
template ColorRGBA {
 <35ff44e0-6c7c-11cf-8f52-0040333594a3>
 FLOAT red;
 FLOAT green;
 FLOAT blue;
 FLOAT alpha;
}

template ColorRGB {
 <d3e16e81-7835-11cf-8f52-0040333594a3>
 FLOAT red;
 FLOAT green;
 FLOAT blue;
}

template Material {
 <3d82ab4d-62da-11cf-ab39-0020af71e433>
 ColorRGBA faceColor;
 FLOAT power;
 ColorRGB specularColor;
 ColorRGB emissiveColor;
 [...]
}

template TextureFilename {
 <a42790e1-7810-11cf-8f52-0040333594a3>
 STRING filename;
}

template Frame {
 <3d82ab46-62da-11cf-ab39-0020af71e433>
 [...]
}

template Matrix4x4 {
 <f6f23f45-7686-11cf-8f52-0040333594a3>
 array FLOAT matrix[16];
}

template FrameTransformMatrix {
 <f6f23f41-7686-11cf-8f52-0040333594a3>
 Matrix4x4 frameMatrix;
}

template Vector {
 <3d82ab5e-62da-11cf-ab39-0020af71e433>
 FLOAT x;
 FLOAT y;
 FLOAT z;
}

template MeshFace {
 <3d82ab5f-62da-11cf-ab39-0020af71e433>
 DWORD nFaceVertexIndices;
 array DWORD faceVertexIndices[nFaceVertexIndices];
}

template Mesh {
 <3d82ab44-62da-11cf-ab39-0020af71e433>
 DWORD nVertices;
 array Vector vertices[nVertices];
 DWORD nFaces;
 array MeshFace faces[nFaces];
 [...]
}

template MeshMaterialList {
 <f6f23f42-7686-11cf-8f52-0040333594a3>
 DWORD nMaterials;
 DWORD nFaceIndexes;
 array DWORD faceIndexes[nFaceIndexes];
 [Material <3d82ab4d-62da-11cf-ab39-0020af71e433>]
}

template VertexElement {
 <f752461c-1e23-48f6-b9f8-8350850f336f>
 DWORD Type;
 DWORD Method;
 DWORD Usage;
 DWORD UsageIndex;
}

template DeclData {
 <bf22e553-292c-4781-9fea-62bd554bdd93>
 DWORD nElements;
 array VertexElement Elements[nElements];
 DWORD nDWords;
 array DWORD data[nDWords];
}

template XSkinMeshHeader {
 <3cf169ce-ff7c-44ab-93c0-f78f62d172e2>
 WORD nMaxSkinWeightsPerVertex;
 WORD nMaxSkinWeightsPerFace;
 WORD nBones;
}

template SkinWeights {
 <6f0d123b-bad2-4167-a0d0-80224f25fabb>
 STRING transformNodeName;
 DWORD nWeights;
 array DWORD vertexIndices[nWeights];
 array FLOAT weights[nWeights];
 Matrix4x4 matrixOffset;
}

template AnimTicksPerSecond {
 <9e415a43-7ba6-4a73-8743-b73d47e88476>
 DWORD AnimTicksPerSecond;
}

template Animation {
 <3d82ab4f-62da-11cf-ab39-0020af71e433>
 [...]
}

template AnimationSet {
 <3d82ab50-62da-11cf-ab39-0020af71e433>
 [Animation <3d82ab4f-62da-11cf-ab39-0020af71e433>]
}

template FloatKeys {
 <10dd46a9-775b-11cf-8f52-0040333594a3>
 DWORD nValues;
 array FLOAT values[nValues];
}

template TimedFloatKeys {
 <f406b180-7b3b-11cf-8f52-0040333594a3>
 DWORD time;
 FloatKeys tfkeys;
}

template AnimationKey {
 <10dd46a8-775b-11cf-8f52-0040333594a3>
 DWORD keyType;
 DWORD nKeys;
 array TimedFloatKeys keys[nKeys];
}


Material _03_-_Default {
 1.000000;1.000000;1.000000;1.000000;;
 9.999999;
 0.000000;0.000000;0.000000;;
 0.000000;0.000000;0.000000;;

 TextureFilename {
  "MaleBody_full.png";
 }
}

Frame Dummy01 {
 

 FrameTransformMatrix {
  1.000000,0.000000,0.000000,0.000000,0.000000,-0.000000,-1.000000,0.000000,0.000000,1.000000,-0.000000,0.000000,0.000000,0.000000,0.000000,1.000000;;
 }

 Frame Bip01 {
  

  FrameTransformMatrix {
   0.000001,0.965926,-0.258819,0.000000,-0.000000,0.258819,0.965926,0.000000,1.000000,-0.000001,0.000001,0.000000,0.000000,0.030000,0.540000,1.000000;;
  }

  Frame Bip01_Pelvis {
   

   FrameTransformMatrix {
    -0.000000,1.000000,-0.000001,0.000000,0.063244,0.000001,0.997998,0.000000,0.997998,-0.000000,-0.063244,0.000000,0.000000,0.000000,0.000000,1.000000;;
   }

   Frame Bip01_Spine {
    

    FrameTransformMatrix {
     1.000000,0.000052,0.000795,0.000000,-0.000001,0.997998,-0.063241,0.000000,-0.000796,0.063241,0.997998,0.000000,0.051633,-0.000005,-0.000085,1.000000;;
    }

    Frame Bip01_Spine1 {
     

     FrameTransformMatrix {
      0.945710,-0.083519,0.314098,0.000000,0.182363,0.936312,-0.300105,0.000000,-0.269029,0.341092,0.900711,0.000000,0.106503,-0.000029,-0.000076,1.000000;;
     }

     Frame Bip01_Neck {
      

      FrameTransformMatrix {
       1.000000,0.000000,0.000000,0.000000,0.000000,1.000000,0.000000,0.000000,-0.000000,0.000000,1.000000,0.000000,0.130504,0.000000,0.004625,1.000000;;
      }

      Frame Bip01_Head {
       

       FrameTransformMatrix {
        0.945459,0.182602,-0.269748,0.000000,-0.083519,0.936312,0.341092,0.000000,0.314852,-0.299960,0.900495,0.000000,0.033674,0.000000,0.000000,1.000000;;
       }

       Frame Bip01_HeadNub {
        

        FrameTransformMatrix {
         1.000000,0.000000,0.000000,0.000000,0.000000,1.000000,0.000000,0.000000,0.000000,-0.000000,1.000000,0.000000,0.169824,0.000000,0.000000,1.000000;;
        }
       }
      }

      Frame Bip01_L_Clavicle {
       

       FrameTransformMatrix {
        -0.181836,0.976970,0.111648,0.000000,0.983329,0.180751,0.019846,0.000000,-0.000791,0.113396,-0.993550,0.000000,-0.024025,0.015715,-0.004625,1.000000;;
       }

       Frame Bip01_L_UpperArm {
        

        FrameTransformMatrix {
         0.570652,-0.786176,-0.237239,0.000000,0.807588,0.589636,-0.011407,0.000000,0.148852,-0.185082,0.971384,0.000000,0.087086,-0.000000,-0.000000,1.000000;;
        }

        Frame Bip01_L_Forearm {
         

         FrameTransformMatrix {
          -0.295695,0.000000,-0.955282,0.000000,0.000000,1.000000,-0.000000,0.000000,0.955283,-0.000000,-0.295695,0.000000,0.137062,0.000000,0.000000,1.000000;;
         }

         Frame Bip01_L_Hand {
          

          FrameTransformMatrix {
           0.995022,-0.060547,-0.079151,0.000000,-0.056232,-0.996865,0.055656,0.000000,-0.082273,-0.050928,-0.995308,0.000000,0.137062,-0.000000,0.000000,1.000000;;
          }

          Frame Bip01_L_Finger0 {
           

           FrameTransformMatrix {
            0.690342,-0.181727,0.700288,0.000000,0.558537,0.749101,-0.356210,0.000000,-0.459853,0.637043,0.618637,0.000000,0.057681,-0.023605,-0.000272,1.000000;;
           }

           Frame Bip01_L_Finger0Nub {
            

            FrameTransformMatrix {
             1.000000,-0.000000,0.000000,0.000000,0.000000,1.000000,0.000000,0.000000,-0.000000,0.000000,1.000000,0.000000,0.029435,0.000000,0.000000,1.000000;;
            }
           }
          }

          Frame Bip01_L_Finger1 {
           

           FrameTransformMatrix {
            0.158356,-0.000786,0.987382,0.000000,-0.000000,1.000000,0.000796,0.000000,-0.987382,-0.000126,0.158356,0.000000,0.084102,0.000000,0.000000,1.000000;;
           }

           Frame Bip01_L_Finger1Nub {
            

            FrameTransformMatrix {
             1.000000,-0.000000,-0.000000,0.000000,0.000000,1.000000,0.000000,0.000000,-0.000000,-0.000000,1.000000,0.000000,0.047988,0.000000,0.000000,1.000000;;
            }
           }
          }
         }
        }
       }
      }

      Frame Bip01_R_Clavicle {
       

       FrameTransformMatrix {
        -0.257697,-0.919057,-0.298206,0.000000,-0.966225,0.244875,0.080279,0.000000,-0.000757,0.308822,-0.951120,0.000000,-0.024025,-0.015715,-0.004625,1.000000;;
       }

       Frame Bip01_R_UpperArm {
        

        FrameTransformMatrix {
         0.651462,0.719036,-0.242044,0.000000,-0.687917,0.694372,0.211229,0.000000,0.319950,0.028898,0.946994,0.000000,0.087086,0.000000,0.000000,1.000000;;
        }

        Frame Bip01_R_Forearm {
         

         FrameTransformMatrix {
          -0.209224,0.000000,-0.977868,0.000000,-0.000000,1.000000,-0.000000,0.000000,0.977868,0.000000,-0.209224,0.000000,0.137062,0.000000,0.000000,1.000000;;
         }

         Frame Bip01_R_Hand {
          

          FrameTransformMatrix {
           0.983840,0.175856,-0.033681,0.000000,-0.139073,0.632041,-0.762354,0.000000,-0.112777,0.754718,0.646283,0.000000,0.137062,0.000000,0.000000,1.000000;;
          }

          Frame Bip01_R_Finger0 {
           

           FrameTransformMatrix {
            0.417774,-0.116941,0.900994,0.000000,-0.558537,0.749101,0.356210,0.000000,-0.716591,-0.652053,0.247639,0.000000,0.057681,0.023605,-0.000272,1.000000;;
           }

           Frame Bip01_R_Finger0Nub {
            

            FrameTransformMatrix {
             -1.000000,-0.000000,-0.000000,0.000000,0.000000,1.000000,0.000000,0.000000,0.000000,0.000000,-1.000000,0.000000,0.029435,0.000000,0.000000,1.000000;;
            }
           }
          }

          Frame Bip01_R_Finger1 {
           

           FrameTransformMatrix {
            0.352436,0.000745,0.935835,0.000000,0.000000,1.000000,-0.000796,0.000000,-0.935836,0.000281,0.352436,0.000000,0.084102,-0.000000,0.000000,1.000000;;
           }

           Frame Bip01_R_Finger1Nub {
            

            FrameTransformMatrix {
             -1.000000,0.000000,-0.000000,0.000000,-0.000000,1.000000,0.000000,0.000000,-0.000000,-0.000000,-1.000000,0.000000,0.047988,-0.000000,-0.000000,1.000000;;
            }
           }
          }
         }
        }
       }
      }
     }

     Frame Bip01_BackPack {
      

      FrameTransformMatrix {
       0.081023,-0.088037,-0.992816,0.000000,-0.064786,0.993520,-0.093387,0.000000,0.994604,0.071887,0.074794,0.000000,0.041174,-0.003810,-0.088357,1.000000;;
      }

      Frame Bip01_BackPackNub {
       

       FrameTransformMatrix {
        0.000796,0.000003,1.000000,0.000000,0.000000,-1.000000,0.000003,0.000000,1.000000,0.000000,-0.000796,0.000000,0.053240,0.000000,-0.000000,1.000000;;
       }
      }
     }
    }

    Frame Bip01_L_Thigh {
     

     FrameTransformMatrix {
      -0.701025,0.001363,0.713136,0.000000,-0.001058,-0.999999,0.000871,0.000000,0.713136,-0.000144,0.701025,0.000000,-0.051631,0.055115,0.003619,1.000000;;
     }

     Frame Bip01_L_Calf {
      

      FrameTransformMatrix {
       0.979644,0.000000,-0.200745,0.000000,0.000000,1.000000,-0.000000,0.000000,0.200745,-0.000000,0.979644,0.000000,0.237500,0.000000,0.000000,1.000000;;
      }

      Frame Bip01_L_Foot {
       

       FrameTransformMatrix {
        0.981172,0.001361,0.193129,0.000000,-0.023207,0.993561,0.110896,0.000000,-0.191735,-0.113290,0.974886,0.000000,0.206841,0.000000,-0.000000,1.000000;;
       }

       Frame Bip01_L_Toe0 {
        

        FrameTransformMatrix {
         -0.000000,0.000001,1.000000,0.000000,-0.000000,1.000000,-0.000001,0.000000,-1.000000,-0.000000,-0.000000,0.000000,0.065373,-0.000000,0.066450,1.000000;;
        }

        Frame Bip01_L_Toe0Nub {
         

         FrameTransformMatrix {
          -1.000000,-0.000000,0.000000,0.000000,-0.000000,1.000000,-0.000000,0.000000,-0.000000,-0.000000,-1.000000,0.000000,0.006735,0.000000,0.000000,1.000000;;
         }
        }
       }
      }
     }
    }

    Frame Bip01_R_Thigh {
     

     FrameTransformMatrix {
      -0.996816,-0.000000,0.079738,0.000000,0.000000,-1.000000,0.000003,0.000000,0.079738,0.000003,0.996816,0.000000,-0.051636,-0.055115,-0.003367,1.000000;;
     }

     Frame Bip01_R_Calf {
      

      FrameTransformMatrix {
       0.161776,-0.000000,-0.986827,0.000000,0.000000,1.000000,0.000000,0.000000,0.986827,-0.000000,0.161776,0.000000,0.237500,0.000000,-0.000000,1.000000;;
      }

      Frame Bip01_R_Foot {
       

       FrameTransformMatrix {
        0.955836,0.000000,-0.293901,0.000000,0.000000,1.000000,0.000000,0.000000,0.293901,-0.000000,0.955836,0.000000,0.206841,0.000000,0.000000,1.000000;;
       }

       Frame Bip01_R_Toe0 {
        

        FrameTransformMatrix {
         -0.000000,-0.000000,1.000000,0.000000,0.000001,1.000000,0.000000,0.000000,-1.000000,0.000001,-0.000000,0.000000,0.065373,0.000000,0.066450,1.000000;;
        }

        Frame Bip01_R_Toe0Nub {
         

         FrameTransformMatrix {
          1.000000,0.000000,0.000000,0.000000,0.000000,1.000000,0.000000,0.000000,0.000000,0.000000,1.000000,0.000000,0.006735,0.000000,0.000000,1.000000;;
         }
        }
       }
      }
     }
    }
   }

   Frame Bip01_DressFront {
    

    FrameTransformMatrix {
     -0.733778,-0.190299,0.652193,0.000000,0.121847,0.907542,0.401896,0.000000,-0.668373,0.374370,-0.642748,0.000000,-0.043904,0.001345,0.061035,1.000000;;
    }

    Frame Bip01_DressFront02 {
     

     FrameTransformMatrix {
      0.912593,0.000001,0.408870,0.000000,-0.000001,1.000000,-0.000000,0.000000,-0.408870,-0.000000,0.912593,0.000000,0.183378,0.000000,-0.000120,1.000000;;
     }

     Frame Bip01_DressFrontNub {
      

      FrameTransformMatrix {
       0.000796,0.000003,1.000000,0.000000,-0.000000,-1.000000,0.000003,0.000000,1.000000,-0.000000,-0.000796,0.000000,0.165302,0.000000,0.000000,1.000000;;
      }
     }
    }
   }

   Frame Bip01_DressBack {
    

    FrameTransformMatrix {
     -0.886022,0.038029,0.462080,0.000000,0.191625,0.937561,0.290274,0.000000,-0.422190,0.345735,-0.837988,0.000000,-0.047673,-0.000048,-0.078302,1.000000;;
    }

    Frame Bip01_DressBack02 {
     

     FrameTransformMatrix {
      0.936852,0.174932,-0.302833,0.000000,-0.166408,0.984581,0.053939,0.000000,0.307600,-0.000139,0.951516,0.000000,0.176125,0.000000,-0.000103,1.000000;;
     }

     Frame Bip01_DressBackNub {
      

      FrameTransformMatrix {
       0.000796,0.000003,1.000000,0.000000,0.000000,-1.000000,0.000003,0.000000,1.000000,-0.000000,-0.000796,0.000000,0.136509,-0.000000,-0.000000,1.000000;;
      }
     }
    }
   }
  }

  Frame Bip01_Prop1 {
   

   FrameTransformMatrix {
    -0.491217,-0.750960,0.441322,0.000000,-0.102772,0.553092,0.826757,0.000000,-0.864953,0.360761,-0.348866,0.000000,0.200629,0.063003,-0.072110,1.000000;;
   }
  }

  Frame Bip01_Prop2 {
   

   FrameTransformMatrix {
    0.986990,-0.103964,0.122644,0.000000,0.135372,0.948906,-0.285047,0.000000,-0.086743,0.297941,0.950635,0.000000,0.123401,0.166103,0.154619,1.000000;;
   }
  }
 }
}

Frame Translation_Data {
 

 FrameTransformMatrix {
  1.000000,0.000000,0.000000,0.000000,0.000000,-0.000000,-1.000000,0.000000,0.000000,1.000000,-0.000000,0.000000,0.000000,0.000000,0.000000,1.000000;;
 }
}

Frame Body {
 

 FrameTransformMatrix {
  1.000000,0.000000,0.000000,0.000000,0.000000,1.000000,0.000000,0.000000,0.000000,0.000000,1.000000,0.000000,0.000000,0.000000,0.000000,1.000000;;
 }

 Mesh Body {
  617;
  0.064111;0.783282;-0.138934;,
  0.033148;0.770367;-0.143017;,
  0.019878;0.801566;-0.145946;,
  0.075825;0.767151;-0.129128;,
  0.084750;0.759402;-0.118879;,
  0.064319;0.711057;-0.125964;,
  0.049172;0.737976;-0.139440;,
  0.090706;0.732968;-0.093670;,
  0.006182;0.835690;-0.124821;,
  0.046893;0.838215;-0.080957;,
  0.050751;0.825301;-0.110688;,
  0.014586;0.837542;-0.085694;,
  0.085627;0.596302;-0.010616;,
  0.045739;0.609361;0.008201;,
  0.045926;0.598720;0.016595;,
  0.078224;0.605776;-0.015433;,
  0.070107;0.592532;-0.069414;,
  0.083940;0.571047;-0.045672;,
  0.040760;0.580774;-0.096569;,
  0.067785;0.543104;-0.066075;,
  0.038359;0.530026;-0.072190;,
  0.015078;0.696356;-0.142109;,
  0.011602;0.727891;-0.152563;,
  0.002887;0.607844;0.010745;,
  0.003969;0.595224;0.020045;,
  0.039200;0.718336;-0.004775;,
  -0.022577;0.754390;-0.022457;,
  -0.011932;0.714003;-0.007872;,
  0.032618;0.765596;-0.016281;,
  0.055062;0.518081;-0.084910;,
  0.096205;0.422448;-0.117218;,
  0.058281;0.439256;-0.140343;,
  0.090136;0.503475;-0.054000;,
  0.055609;0.358214;-0.189212;,
  0.084586;0.335506;-0.151097;,
  0.006629;0.515441;-0.070477;,
  0.017285;0.389352;-0.052339;,
  0.016292;0.497189;0.049463;,
  0.010668;0.427332;-0.117800;,
  0.031119;0.320244;-0.115041;,
  0.027889;0.337486;-0.153618;,
  0.096792;0.391089;-0.060548;,
  0.085987;0.471055;-0.003749;,
  0.071890;0.321726;-0.114793;,
  0.072766;0.074549;-0.243085;,
  0.028310;0.054131;-0.207888;,
  0.028506;0.078633;-0.250112;,
  0.062973;0.052271;-0.204713;,
  0.055623;0.295152;-0.189346;,
  0.082132;0.212449;-0.189277;,
  0.052727;0.225567;-0.214653;,
  0.087232;0.282480;-0.163747;,
  0.071611;0.137408;-0.214192;,
  0.052757;0.150778;-0.240252;,
  0.014007;0.270257;-0.173449;,
  0.021204;0.206666;-0.149768;,
  0.016251;0.264202;-0.118086;,
  0.023325;0.214482;-0.191822;,
  0.038351;0.138211;-0.189454;,
  0.035135;0.133933;-0.223200;,
  0.083217;0.204069;-0.151670;,
  0.088351;0.269374;-0.116088;,
  0.062511;0.141954;-0.187004;,
  0.090357;0.544406;-0.033594;,
  -0.003333;0.520203;-0.079152;,
  0.006629;0.515441;-0.070477;,
  -0.002448;0.490498;-0.056725;,
  0.095524;0.553333;0.020046;,
  0.047113;0.559086;0.046601;,
  0.087653;0.491631;0.013437;,
  0.043754;0.499410;0.040127;,
  0.042481;0.664817;0.000980;,
  0.072987;0.715037;-0.016262;,
  0.086846;0.715452;-0.031907;,
  0.073024;0.648464;-0.069264;,
  0.089663;0.700257;-0.081928;,
  0.076138;0.660438;-0.021018;,
  0.062646;0.682360;-0.117397;,
  0.053108;0.635230;-0.096794;,
  0.006677;0.677323;-0.131997;,
  0.005533;0.626240;-0.102766;,
  0.125731;0.769065;-0.126233;,
  0.157948;0.735070;-0.106963;,
  0.075589;0.749631;-0.124275;,
  0.135218;0.677525;-0.071671;,
  0.108528;0.701222;-0.105600;,
  0.176587;0.702673;-0.074029;,
  0.070566;0.757369;-0.064052;,
  0.108528;0.701222;-0.105600;,
  0.097617;0.719463;-0.043040;,
  0.140478;0.665558;-0.036600;,
  0.135218;0.677525;-0.071671;,
  0.075799;0.764820;-0.057305;,
  0.146958;0.753629;-0.044423;,
  0.114710;0.786302;-0.063543;,
  0.181860;0.690376;-0.039026;,
  0.126736;0.781860;-0.099188;,
  0.169896;0.719874;-0.087756;,
  0.128983;0.685236;-0.146408;,
  0.119535;0.692245;-0.086879;,
  0.160796;0.703446;-0.144472;,
  0.142380;0.680772;-0.186992;,
  0.157453;0.686127;-0.191759;,
  0.119535;0.692245;-0.086879;,
  0.162575;0.640799;-0.133336;,
  0.148339;0.639171;-0.069774;,
  0.128983;0.685236;-0.146408;,
  0.149637;0.652383;-0.179507;,
  0.142380;0.680772;-0.186992;,
  0.186786;0.655117;-0.131629;,
  0.198309;0.666820;-0.070686;,
  0.172148;0.654380;-0.184693;,
  0.131558;0.707253;-0.288395;,
  0.114507;0.669539;-0.249105;,
  0.141571;0.703995;-0.269081;,
  0.105042;0.673064;-0.268318;,
  0.155896;0.704569;-0.269129;,
  0.157302;0.691287;-0.279232;,
  0.149357;0.697670;-0.275083;,
  0.165832;0.702695;-0.274948;,
  0.118275;0.675382;-0.212179;,
  0.163969;0.680994;-0.251239;,
  0.115000;0.661812;-0.246834;,
  0.160035;0.700282;-0.222579;,
  0.122406;0.645142;-0.254919;,
  0.136220;0.642078;-0.211672;,
  0.180546;0.667324;-0.221672;,
  0.169749;0.663346;-0.258426;,
  0.082485;0.825766;-0.104304;,
  0.093905;0.813478;-0.129029;,
  0.050751;0.825301;-0.110688;,
  0.056813;0.809710;-0.131605;,
  0.071951;0.769101;-0.025681;,
  0.024646;0.820753;-0.140523;,
  0.093997;0.788284;-0.138691;,
  0.075825;0.767151;-0.129128;,
  0.064111;0.783282;-0.138934;,
  0.094704;0.768778;-0.127134;,
  0.066113;0.809826;-0.051452;,
  0.024129;0.803094;-0.041435;,
  0.069418;0.811981;-0.056172;,
  -0.030647;0.785566;-0.049839;,
  -0.026995;0.819365;-0.099348;,
  0.046893;0.838215;-0.080957;,
  0.069418;0.811981;-0.056172;,
  0.076034;0.765274;-0.092022;,
  0.074485;0.799184;-0.060175;,
  0.075589;0.749631;-0.124275;,
  0.082731;0.753777;-0.051110;,
  0.085547;0.735602;-0.080267;,
  0.084750;0.759402;-0.118879;,
  0.083399;0.763740;-0.037876;,
  0.160035;0.700282;-0.222579;,
  0.019038;0.841830;-0.150284;,
  0.006333;0.848837;-0.132503;,
  -0.022626;0.832144;-0.129239;,
  -0.020440;0.849753;-0.128935;,
  0.169749;0.663346;-0.258426;,
  0.131558;0.707253;-0.288395;,
  0.105042;0.673064;-0.268318;,
  0.159700;0.704887;-0.249542;,
  0.178791;0.693564;-0.262894;,
  0.159700;0.704887;-0.249542;,
  0.152388;0.690937;-0.257832;,
  0.169066;0.673529;-0.262788;,
  0.169066;0.673529;-0.262788;,
  0.155896;0.704569;-0.269129;,
  0.165832;0.702695;-0.274948;,
  0.157302;0.691287;-0.279232;,
  0.087661;0.131129;-0.297754;,
  0.062664;0.136353;-0.350028;,
  0.060533;0.148923;-0.334641;,
  0.094004;0.115683;-0.314248;,
  0.025791;0.088558;-0.200697;,
  0.028506;0.078633;-0.250112;,
  0.028310;0.054131;-0.207888;,
  0.027430;0.101582;-0.239948;,
  0.038351;0.138211;-0.189454;,
  0.067124;0.089089;-0.195572;,
  0.062511;0.141954;-0.187004;,
  0.072766;0.074549;-0.243085;,
  0.062973;0.052271;-0.204713;,
  0.074188;0.105976;-0.227626;,
  0.052757;0.150778;-0.240252;,
  0.071611;0.137408;-0.214192;,
  0.032035;0.142658;-0.329857;,
  0.026766;0.133147;-0.344451;,
  0.094004;0.115683;-0.314248;,
  0.026766;0.133147;-0.344451;,
  0.010668;0.427332;-0.117800;,
  0.027889;0.337486;-0.153618;,
  0.014007;0.270257;-0.173449;,
  0.023325;0.214482;-0.191822;,
  0.035135;0.133933;-0.223200;,
  0.035135;0.133933;-0.223200;,
  0.000744;0.491450;-0.004833;,
  0.033946;0.837013;-0.173724;,
  0.016425;0.823920;-0.189400;,
  0.025355;0.830143;-0.192151;,
  0.014707;0.832229;-0.166328;,
  0.026248;0.859840;-0.153781;,
  0.018331;0.873064;-0.135208;,
  0.007517;0.971174;-0.208771;,
  -0.012163;0.958846;-0.234135;,
  -0.012163;0.975707;-0.209499;,
  0.021753;0.897449;-0.243561;,
  0.004795;0.895241;-0.249907;,
  0.018086;0.926764;-0.240412;,
  0.031234;0.849514;-0.198984;,
  0.039272;0.864895;-0.174821;,
  0.032378;0.849683;-0.166949;,
  0.040397;0.902350;-0.163880;,
  0.040873;0.908285;-0.187684;,
  0.031491;0.936430;-0.225520;,
  0.040156;0.943426;-0.199906;,
  0.036640;0.899292;-0.213054;,
  0.037789;0.908936;-0.148643;,
  0.026953;0.920582;-0.130065;,
  -0.012163;0.923483;-0.119237;,
  0.020693;0.964264;-0.150189;,
  -0.012163;0.967973;-0.140459;,
  0.037114;0.877155;-0.208033;,
  0.021878;0.837602;-0.210900;,
  0.022678;0.868013;-0.230064;,
  0.007339;0.811339;-0.218098;,
  -0.012163;0.807975;-0.205651;,
  -0.012163;0.806259;-0.226722;,
  0.013595;0.947372;-0.235170;,
  0.027198;0.961116;-0.206561;,
  0.035838;0.958302;-0.168302;,
  0.022304;0.973841;-0.180016;,
  0.005070;0.980389;-0.174712;,
  -0.012163;0.983006;-0.172817;,
  -0.012163;0.883584;-0.123960;,
  0.035838;0.958302;-0.168302;,
  0.022304;0.973841;-0.180016;,
  0.045529;0.867441;-0.175919;,
  0.051055;0.914690;-0.174382;,
  0.056114;0.897430;-0.162978;,
  0.043941;0.895471;-0.176103;,
  0.056114;0.897430;-0.162978;,
  0.045529;0.867441;-0.175919;,
  0.051055;0.914690;-0.174382;,
  0.040873;0.908285;-0.187684;,
  0.041379;0.883234;-0.190034;,
  0.039272;0.864895;-0.174821;,
  0.022390;0.889920;-0.233985;,
  0.041379;0.883234;-0.190034;,
  0.024646;0.820753;-0.140523;,
  0.019038;0.841830;-0.150284;,
  0.056813;0.809710;-0.131605;,
  0.026248;0.859840;-0.153781;,
  0.001034;0.776870;-0.163063;,
  0.005412;0.754052;-0.156065;,
  -0.002797;0.578272;-0.097416;,
  0.005156;0.557170;0.049628;,
  0.004964;0.523382;0.055541;,
  -0.001673;0.476857;0.023230;,
  -0.006508;0.809227;-0.186788;,
  0.000744;0.491450;-0.004833;,
  0.005070;0.980389;-0.174712;,
  -0.012163;0.983006;-0.172817;,
  0.007955;0.841521;-0.228700;,
  0.000419;0.862743;-0.239407;,
  0.000610;0.853191;-0.238014;,
  -0.012163;0.947434;-0.244610;,
  -0.012163;0.923709;-0.253801;,
  0.002711;0.888008;-0.239285;,
  -0.004352;0.661648;0.000294;,
  0.056813;0.809710;-0.131605;,
  0.062664;0.136353;-0.350028;,
  -0.000306;0.831896;-0.233873;,
  0.007360;0.835074;-0.227358;,
  -0.000491;0.837238;-0.231124;,
  -0.012163;0.851388;-0.242781;,
  -0.012163;0.858239;-0.253448;,
  -0.000743;0.840311;-0.236525;,
  -0.012163;0.837448;-0.231683;,
  -0.012163;0.829814;-0.236300;,
  -0.012163;0.893034;-0.256253;,
  -0.012163;0.884418;-0.250849;,
  0.074485;0.799184;-0.060175;,
  -0.012163;0.839770;-0.240221;,
  0.066120;0.774232;-0.080433;,
  0.076034;0.765274;-0.092022;,
  0.084750;0.759402;-0.118879;,
  0.037789;0.908936;-0.148643;,
  0.055623;0.295152;-0.189346;,
  0.005863;0.214020;-0.200146;,
  -0.002563;0.288987;-0.183044;,
  0.052727;0.225567;-0.214653;,
  0.055609;0.358214;-0.189212;,
  0.001773;0.345897;-0.180458;,
  0.058281;0.439256;-0.140343;,
  0.000460;0.425610;-0.131385;,
  0.055062;0.518082;-0.084910;,
  0.006396;0.504771;-0.091449;,
  0.038359;0.530026;-0.072190;,
  0.004112;0.144607;-0.218742;,
  0.052757;0.150778;-0.240252;,
  0.028145;0.194429;-0.123227;,
  0.021939;0.199590;-0.026211;,
  0.030329;0.130076;-0.150838;,
  0.017731;0.251284;-0.012159;,
  0.012286;0.302688;-0.002667;,
  0.020633;0.257263;-0.105968;,
  0.012165;0.345690;0.018460;,
  0.023900;0.305853;-0.088309;,
  0.016134;0.382478;-0.039097;,
  0.004113;0.418302;0.032295;,
  0.005925;0.496036;0.055800;,
  0.066120;0.774232;-0.080433;,
  -0.071256;0.753372;-0.158668;,
  -0.029168;0.753460;-0.159155;,
  -0.075096;0.732242;-0.154617;,
  -0.032683;0.787307;-0.159558;,
  -0.074285;0.716486;-0.158676;,
  -0.038328;0.689656;-0.146393;,
  -0.081580;0.697048;-0.127958;,
  -0.027457;0.717187;-0.159284;,
  -0.048189;0.820939;-0.138901;,
  -0.098375;0.800542;-0.114938;,
  -0.073167;0.813735;-0.108420;,
  -0.082083;0.795933;-0.130124;,
  -0.080739;0.599031;-0.000433;,
  -0.039952;0.610485;0.012395;,
  -0.074669;0.607781;-0.007949;,
  -0.037959;0.600096;0.021730;,
  -0.072211;0.594399;-0.062447;,
  -0.084165;0.573804;-0.035382;,
  -0.045980;0.581911;-0.092323;,
  -0.071372;0.543323;-0.058833;,
  -0.043523;0.531369;-0.067177;,
  0.002887;0.607844;0.010745;,
  0.003969;0.595224;0.020045;,
  -0.061601;0.705113;-0.017398;,
  -0.022577;0.754390;-0.022457;,
  -0.075698;0.743013;-0.037838;,
  -0.011932;0.714003;-0.007872;,
  -0.056048;0.492491;-0.059840;,
  -0.096012;0.397789;-0.013567;,
  -0.090177;0.498164;-0.022898;,
  -0.058096;0.395393;-0.042065;,
  -0.055295;0.287109;-0.010712;,
  -0.084266;0.309607;0.016387;,
  -0.006578;0.498791;-0.039190;,
  -0.017087;0.415377;0.057105;,
  -0.010481;0.401211;-0.017239;,
  -0.007871;0.497585;0.050942;,
  -0.030800;0.332596;0.037304;,
  -0.027570;0.308286;0.014194;,
  -0.096592;0.411209;0.049796;,
  -0.083806;0.493302;0.038598;,
  -0.071572;0.333143;0.036293;,
  -0.073472;0.342471;0.283404;,
  -0.033906;0.385670;0.269245;,
  -0.068763;0.385424;0.269350;,
  -0.028576;0.339551;0.284343;,
  -0.055231;0.287308;0.065564;,
  -0.081637;0.315692;0.143279;,
  -0.086838;0.315695;0.068747;,
  -0.052233;0.287361;0.139604;,
  -0.071257;0.316800;0.221301;,
  -0.051262;0.289083;0.222469;,
  -0.013592;0.310773;0.083453;,
  -0.020724;0.354799;0.135100;,
  -0.022830;0.312610;0.142160;,
  -0.015860;0.364862;0.070186;,
  -0.038816;0.339200;0.208606;,
  -0.034671;0.315525;0.227670;,
  -0.082732;0.353895;0.138275;,
  -0.087967;0.364961;0.064741;,
  -0.063012;0.338275;0.204276;,
  -0.089929;0.547363;-0.022558;,
  -0.006578;0.498791;-0.039190;,
  -0.088221;0.556347;0.031293;,
  -0.036772;0.560462;0.051736;,
  -0.083392;0.507339;0.040238;,
  -0.036960;0.516008;0.058822;,
  -0.050839;0.658459;-0.004658;,
  -0.089142;0.693768;-0.036565;,
  -0.097525;0.691265;-0.054995;,
  -0.068198;0.638842;-0.077795;,
  -0.080056;0.649796;-0.030454;,
  -0.082171;0.677715;-0.103447;,
  -0.042690;0.668541;-0.130588;,
  -0.043030;0.628680;-0.102601;,
  -0.124106;0.719797;-0.148320;,
  -0.074060;0.718085;-0.128620;,
  -0.149114;0.677823;-0.134989;,
  -0.122707;0.632050;-0.087801;,
  -0.166544;0.642118;-0.105892;,
  -0.095193;0.662254;-0.114010;,
  -0.091805;0.729298;-0.071425;,
  -0.111593;0.685403;-0.054339;,
  -0.095193;0.662254;-0.114010;,
  -0.136157;0.621324;-0.052631;,
  -0.122707;0.632050;-0.087801;,
  -0.100955;0.734851;-0.067699;,
  -0.165532;0.701297;-0.075358;,
  -0.140150;0.742041;-0.088349;,
  -0.179890;0.631080;-0.070728;,
  -0.137789;0.732548;-0.124945;,
  -0.161198;0.657532;-0.120503;,
  -0.096480;0.630669;-0.157968;,
  -0.130977;0.637957;-0.168178;,
  -0.108125;0.647610;-0.100877;,
  -0.086151;0.611005;-0.192152;,
  -0.107488;0.618314;-0.207899;,
  -0.108125;0.647610;-0.100877;,
  -0.119326;0.579855;-0.144934;,
  -0.096480;0.630669;-0.157968;,
  -0.125545;0.590572;-0.081039;,
  -0.107257;0.579967;-0.191753;,
  -0.086151;0.611005;-0.192152;,
  -0.145774;0.585861;-0.152581;,
  -0.178267;0.600624;-0.100584;,
  -0.118071;0.583444;-0.200050;,
  -0.013218;0.562340;-0.262569;,
  -0.068834;0.553856;-0.252993;,
  -0.057263;0.545291;-0.269238;,
  -0.024520;0.571343;-0.245982;,
  -0.034379;0.579345;-0.231986;,
  -0.033611;0.580783;-0.248653;,
  -0.025707;0.585388;-0.236925;,
  -0.037821;0.573903;-0.241170;,
  -0.092101;0.562830;-0.218879;,
  -0.051601;0.602447;-0.239746;,
  -0.057307;0.595957;-0.206068;,
  -0.080121;0.560456;-0.254188;,
  -0.085073;0.571212;-0.270247;,
  -0.112069;0.588639;-0.238027;,
  -0.076666;0.624181;-0.224408;,
  -0.058234;0.611954;-0.255936;,
  -0.111155;0.788333;-0.119422;,
  -0.115343;0.773446;-0.145004;,
  -0.082083;0.795933;-0.130124;,
  -0.077584;0.780989;-0.148739;,
  -0.106326;0.731932;-0.061162;,
  -0.047863;0.801082;-0.159301;,
  -0.105356;0.749911;-0.154611;,
  -0.075096;0.732242;-0.154617;,
  -0.098267;0.730469;-0.141643;,
  -0.071256;0.753372;-0.158668;,
  -0.114126;0.762404;-0.095069;,
  -0.115568;0.763619;-0.100388;,
  -0.084067;0.773741;-0.069455;,
  -0.030647;0.785566;-0.049839;,
  -0.026995;0.819365;-0.099348;,
  -0.098375;0.800542;-0.114938;,
  -0.115568;0.763619;-0.100388;,
  -0.083225;0.724311;-0.127503;,
  -0.074060;0.718085;-0.128620;,
  -0.110334;0.752078;-0.100964;,
  -0.099612;0.715760;-0.087400;,
  -0.083634;0.700329;-0.113937;,
  -0.074285;0.716486;-0.158676;,
  -0.109114;0.723603;-0.076190;,
  -0.057307;0.595957;-0.206068;,
  -0.048902;0.831994;-0.159673;,
  -0.043929;0.841560;-0.139449;,
  -0.022626;0.832144;-0.129239;,
  -0.020440;0.849753;-0.128935;,
  -0.058234;0.611954;-0.255936;,
  -0.013218;0.562340;-0.262569;,
  -0.057263;0.545291;-0.269238;,
  -0.044510;0.591287;-0.219618;,
  -0.030254;0.604773;-0.236525;,
  -0.044510;0.591287;-0.219618;,
  -0.050380;0.586771;-0.235803;,
  -0.045912;0.604428;-0.252357;,
  -0.045912;0.604428;-0.252357;,
  -0.034379;0.579345;-0.231986;,
  -0.025707;0.585388;-0.236925;,
  -0.033611;0.580783;-0.248653;,
  -0.079713;0.262717;0.286895;,
  -0.049459;0.226992;0.321436;,
  -0.085273;0.262618;0.309698;,
  -0.048138;0.228045;0.301525;,
  -0.030160;0.365109;0.240846;,
  -0.028576;0.339551;0.284343;,
  -0.027205;0.329329;0.261435;,
  -0.033906;0.385670;0.269245;,
  -0.038816;0.339200;0.208606;,
  -0.071700;0.363659;0.238142;,
  -0.063012;0.338275;0.204276;,
  -0.073472;0.342471;0.283404;,
  -0.074622;0.329178;0.250991;,
  -0.068763;0.385424;0.269350;,
  -0.051262;0.289083;0.222469;,
  -0.071257;0.316800;0.221301;,
  -0.020645;0.238923;0.301132;,
  -0.014519;0.236916;0.318151;,
  -0.085273;0.262618;0.309698;,
  -0.014519;0.236916;0.318151;,
  -0.010481;0.401211;-0.017239;,
  -0.027570;0.308286;0.014194;,
  -0.013592;0.310773;0.083453;,
  -0.022830;0.312610;0.142160;,
  -0.034671;0.315525;0.227670;,
  -0.034671;0.315525;0.227670;,
  -0.058273;0.837013;-0.173724;,
  -0.040752;0.823920;-0.189400;,
  -0.037920;0.824610;-0.173601;,
  -0.049682;0.830143;-0.192151;,
  -0.050575;0.859840;-0.153781;,
  -0.042658;0.873064;-0.135208;,
  -0.031844;0.971174;-0.208771;,
  -0.012163;0.975707;-0.209499;,
  -0.046080;0.897449;-0.243561;,
  -0.042412;0.926764;-0.240412;,
  -0.029122;0.895241;-0.249907;,
  -0.055561;0.849514;-0.198984;,
  -0.063599;0.864895;-0.174821;,
  -0.056705;0.849683;-0.166949;,
  -0.064724;0.902350;-0.163880;,
  -0.065200;0.908285;-0.187684;,
  -0.055817;0.936430;-0.225520;,
  -0.060967;0.899292;-0.213054;,
  -0.064483;0.943426;-0.199906;,
  -0.062116;0.908936;-0.148643;,
  -0.051280;0.920582;-0.130065;,
  -0.012163;0.923483;-0.119237;,
  -0.045019;0.964264;-0.150189;,
  -0.012163;0.967973;-0.140459;,
  -0.061441;0.877155;-0.208033;,
  -0.047005;0.868013;-0.230064;,
  -0.046205;0.837602;-0.210900;,
  -0.031665;0.811339;-0.218098;,
  -0.037922;0.947372;-0.235170;,
  -0.051525;0.961116;-0.206561;,
  -0.060165;0.958302;-0.168302;,
  -0.046631;0.973841;-0.180016;,
  -0.012163;0.983006;-0.172817;,
  -0.029397;0.980389;-0.174712;,
  -0.012163;0.883584;-0.123960;,
  -0.060165;0.958302;-0.168302;,
  -0.046631;0.973841;-0.180016;,
  -0.069856;0.867441;-0.175919;,
  -0.075382;0.914690;-0.174382;,
  -0.068268;0.895471;-0.176103;,
  -0.080441;0.897430;-0.162978;,
  -0.080441;0.897430;-0.162978;,
  -0.069856;0.867441;-0.175919;,
  -0.075382;0.914690;-0.174382;,
  -0.065200;0.908285;-0.187684;,
  -0.065706;0.883234;-0.190034;,
  -0.063599;0.864895;-0.174821;,
  -0.046717;0.889920;-0.233985;,
  -0.065706;0.883234;-0.190034;,
  -0.047863;0.801082;-0.159301;,
  -0.048902;0.831994;-0.159673;,
  -0.077584;0.780989;-0.148739;,
  -0.050575;0.859840;-0.153781;,
  0.005156;0.557170;0.049628;,
  0.004964;0.523382;0.055541;,
  -0.001673;0.476857;0.023230;,
  0.000744;0.491450;-0.004833;,
  -0.029397;0.980389;-0.174712;,
  -0.012163;0.983006;-0.172817;,
  -0.032282;0.841521;-0.228700;,
  -0.024746;0.862743;-0.239407;,
  -0.024937;0.853191;-0.238014;,
  -0.027038;0.888008;-0.239285;,
  -0.004352;0.661648;0.000294;,
  -0.077584;0.780989;-0.148739;,
  -0.049459;0.226992;0.321436;,
  -0.031687;0.835074;-0.227358;,
  -0.024021;0.831896;-0.233873;,
  -0.023836;0.837238;-0.231124;,
  -0.023583;0.840311;-0.236525;,
  -0.110334;0.752078;-0.100964;,
  -0.084104;0.735222;-0.114362;,
  -0.083225;0.724311;-0.127503;,
  -0.074285;0.716486;-0.158676;,
  -0.062116;0.908936;-0.148643;,
  -0.035587;0.262831;-0.035891;,
  -0.028811;0.211272;-0.122701;,
  -0.042456;0.224297;0.004685;,
  -0.026398;0.275911;-0.125091;,
  -0.037680;0.305685;-0.070553;,
  -0.026916;0.326508;-0.133285;,
  -0.019272;0.397613;-0.070071;,
  -0.013643;0.404409;-0.104053;,
  -0.008475;0.481526;-0.069521;,
  -0.001816;0.482515;-0.079323;,
  -0.003333;0.520203;-0.079152;,
  -0.043523;0.531369;-0.067177;,
  -0.032048;0.156092;-0.123607;,
  -0.044423;0.185775;0.039187;,
  -0.014586;0.353489;0.189972;,
  -0.082732;0.353895;0.138275;,
  -0.062998;0.338277;0.204275;,
  -0.019343;0.361329;0.125857;,
  -0.087967;0.364961;0.064741;,
  -0.023881;0.379401;0.075181;,
  -0.023715;0.352638;0.055295;,
  -0.071572;0.333143;0.036293;,
  -0.096592;0.411209;0.049796;,
  -0.015752;0.418554;0.074268;,
  0.004964;0.523382;0.055540;,
  -0.036960;0.516008;0.058822;,
  -0.084104;0.735222;-0.114362;,
  -0.056048;0.492492;-0.059840;,
  -0.058096;0.395393;-0.042065;,
  -0.055295;0.287109;-0.010712;,
  -0.055231;0.287308;0.065564;,
  -0.052233;0.287361;0.139604;,
  -0.051262;0.289083;0.222469;,
  0.096792;0.391089;-0.060548;,
  0.043754;0.499410;0.040127;,
  0.085987;0.471055;-0.003749;,
  0.071890;0.321726;-0.114793;,
  0.088351;0.269374;-0.116088;,
  0.083217;0.204069;-0.151670;,
  0.062511;0.141954;-0.187004;,
  -0.083806;0.493302;0.038598;;
  916;
  3;0,1,2;,
  3;1,0,3;,
  3;4,5,6;,
  3;5,4,7;,
  3;8,9,10;,
  3;9,8,11;,
  3;12,13,14;,
  3;13,12,15;,
  3;16,12,17;,
  3;12,16,15;,
  3;18,19,20;,
  3;19,18,16;,
  3;6,21,22;,
  3;21,6,5;,
  3;14,23,24;,
  3;23,14,13;,
  3;25,26,27;,
  3;26,25,28;,
  3;29,30,31;,
  3;30,29,32;,
  3;30,33,31;,
  3;33,30,34;,
  3;35,36,37;,
  3;36,35,38;,
  3;38,39,36;,
  3;39,38,40;,
  3;37,41,42;,
  3;41,37,36;,
  3;36,43,41;,
  3;43,36,39;,
  3;42,30,32;,
  3;30,42,41;,
  3;41,34,30;,
  3;34,41,43;,
  3;44,45,46;,
  3;45,44,47;,
  3;48,49,50;,
  3;49,48,51;,
  3;50,52,53;,
  3;52,50,49;,
  3;54,55,56;,
  3;55,54,57;,
  3;57,58,55;,
  3;58,57,59;,
  3;56,60,61;,
  3;60,56,55;,
  3;55,62,60;,
  3;62,55,58;,
  3;61,49,51;,
  3;49,61,60;,
  3;60,52,49;,
  3;52,60,62;,
  3;32,19,63;,
  3;19,32,29;,
  3;64,65,66;,
  3;65,64,20;,
  3;14,67,12;,
  3;67,14,68;,
  3;68,69,67;,
  3;69,68,70;,
  3;70,42,69;,
  3;42,70,37;,
  3;48,34,51;,
  3;34,48,33;,
  3;51,43,61;,
  3;43,51,34;,
  3;43,56,61;,
  3;56,43,39;,
  3;39,54,56;,
  3;54,39,40;,
  3;12,63,17;,
  3;63,12,67;,
  3;67,32,63;,
  3;32,67,69;,
  3;69,42,32;,
  3;71,72,25;,
  3;73,74,75;,
  3;74,73,76;,
  3;74,77,75;,
  3;77,74,78;,
  3;79,78,80;,
  3;78,79,77;,
  3;81,82,83;,
  3;82,84,85;,
  3;84,82,86;,
  3;87,88,89;,
  3;88,90,89;,
  3;90,88,91;,
  3;92,93,94;,
  3;92,89,93;,
  3;92,87,89;,
  3;89,95,93;,
  3;95,89,90;,
  3;96,93,82;,
  3;93,86,82;,
  3;86,93,95;,
  3;97,98,99;,
  3;98,97,100;,
  3;100,101,98;,
  3;101,100,102;,
  3;103,104,105;,
  3;104,103,106;,
  3;106,107,104;,
  3;107,106,108;,
  3;105,109,110;,
  3;109,105,104;,
  3;104,111,109;,
  3;111,104,107;,
  3;110,100,97;,
  3;100,110,109;,
  3;109,102,100;,
  3;102,109,111;,
  3;112,113,114;,
  3;113,112,115;,
  3;116,117,118;,
  3;117,116,119;,
  3;120,121,122;,
  3;121,120,123;,
  3;120,124,125;,
  3;124,120,122;,
  3;126,124,127;,
  3;124,126,125;,
  3;95,97,86;,
  3;97,95,110;,
  3;86,99,84;,
  3;99,86,97;,
  3;90,103,105;,
  3;103,90,91;,
  3;105,95,90;,
  3;95,105,110;,
  3;128,96,129;,
  3;96,128,94;,
  3;129,130,128;,
  3;130,129,131;,
  3;72,28,25;,
  3;28,72,132;,
  3;10,133,8;,
  3;134,135,136;,
  3;135,134,137;,
  3;81,137,134;,
  3;138,11,139;,
  3;138,9,11;,
  3;138,140,9;,
  3;141,11,142;,
  3;11,141,139;,
  3;128,130,143;,
  3;94,144,92;,
  3;94,143,144;,
  3;94,128,143;,
  3;145,87,146;,
  3;87,145,147;,
  3;75,148,73;,
  3;148,75,149;,
  3;150,147,145;,
  3;7,149,75;,
  3;148,151,73;,
  3;102,152,101;,
  3;152,102,126;,
  3;102,125,126;,
  3;125,102,111;,
  3;111,120,125;,
  3;120,111,107;,
  3;120,108,123;,
  3;108,120,107;,
  3;8,153,154;,
  3;153,8,133;,
  3;154,155,8;,
  3;155,154,156;,
  3;122,114,113;,
  3;114,122,121;,
  3;121,112,114;,
  3;112,121,157;,
  3;158,124,159;,
  3;124,158,127;,
  3;159,122,113;,
  3;122,159,124;,
  3;126,160,152;,
  3;160,126,161;,
  3;162,121,123;,
  3;121,162,163;,
  3;121,164,157;,
  3;164,121,163;,
  3;165,126,127;,
  3;126,165,161;,
  3;161,166,160;,
  3;166,161,167;,
  3;162,118,163;,
  3;118,162,116;,
  3;163,117,164;,
  3;117,163,118;,
  3;165,167,161;,
  3;167,165,168;,
  3;169,170,171;,
  3;170,169,172;,
  3;173,174,175;,
  3;174,173,176;,
  3;177,178,179;,
  3;178,177,173;,
  3;180,178,181;,
  3;178,180,182;,
  3;183,169,171;,
  3;169,183,184;,
  3;174,185,186;,
  3;185,174,176;,
  3;46,187,44;,
  3;187,46,188;,
  3;180,169,182;,
  3;169,180,172;,
  3;20,29,65;,
  3;19,29,20;,
  3;29,31,189;,
  3;31,190,189;,
  3;190,31,33;,
  3;33,191,190;,
  3;191,33,48;,
  3;191,50,192;,
  3;50,191,48;,
  3;192,53,193;,
  3;53,192,50;,
  3;194,171,185;,
  3;171,194,183;,
  3;171,186,185;,
  3;186,171,170;,
  3;185,176,194;,
  3;194,173,177;,
  3;173,194,176;,
  3;178,175,181;,
  3;175,178,173;,
  3;179,182,184;,
  3;182,179,178;,
  3;182,169,184;,
  3;16,17,19;,
  3;17,63,19;,
  3;65,195,66;,
  3;196,197,198;,
  3;197,196,199;,
  3;200,154,153;,
  3;154,200,201;,
  3;202,203,204;,
  3;205,206,207;,
  3;196,208,209;,
  3;208,196,198;,
  3;210,209,211;,
  3;209,210,196;,
  3;212,213,214;,
  3;213,212,215;,
  3;212,214,211;,
  3;201,216,217;,
  3;216,201,200;,
  3;218,219,220;,
  3;219,218,217;,
  3;210,199,196;,
  3;213,205,207;,
  3;221,222,223;,
  3;198,197,224;,
  3;224,225,226;,
  3;225,224,197;,
  3;227,213,207;,
  3;228,229,214;,
  3;229,228,230;,
  3;220,231,232;,
  3;213,228,214;,
  3;156,201,233;,
  3;201,156,154;,
  3;233,217,218;,
  3;217,233,201;,
  3;219,217,234;,
  3;235,219,234;,
  3;236,237,238;,
  3;237,236,239;,
  3;209,240,211;,
  3;240,209,241;,
  3;211,242,212;,
  3;242,211,240;,
  3;243,239,244;,
  3;239,243,237;,
  3;244,236,245;,
  3;236,244,239;,
  3;246,221,223;,
  3;221,246,215;,
  3;221,212,247;,
  3;212,221,215;,
  3;199,248,2;,
  3;248,199,249;,
  3;133,10,250;,
  3;249,210,251;,
  3;210,249,199;,
  3;210,211,251;,
  3;252,1,253;,
  3;1,252,2;,
  3;20,254,18;,
  3;254,20,64;,
  3;24,68,14;,
  3;68,24,255;,
  3;68,256,70;,
  3;256,68,255;,
  3;256,37,70;,
  3;37,256,257;,
  3;258,2,252;,
  3;2,258,199;,
  3;257,259,37;,
  3;37,259,35;,
  3;260,204,261;,
  3;204,260,202;,
  3;262,263,223;,
  3;263,262,264;,
  3;197,258,225;,
  3;258,197,199;,
  3;265,203,227;,
  3;265,207,266;,
  3;207,265,227;,
  3;223,267,246;,
  3;267,223,263;,
  3;88,87,147;,
  3;83,82,85;,
  3;78,16,18;,
  3;16,78,74;,
  3;74,15,16;,
  3;15,74,76;,
  3;15,71,13;,
  3;71,15,76;,
  3;13,268,23;,
  3;268,13,71;,
  3;248,269,2;,
  3;2,269,0;,
  3;136,129,134;,
  3;129,136,131;,
  3;134,96,81;,
  3;96,134,129;,
  3;96,82,81;,
  3;93,96,94;,
  3;29,189,65;,
  3;205,215,246;,
  3;267,205,246;,
  3;205,267,206;,
  3;205,213,215;,
  3;187,188,270;,
  3;224,271,272;,
  3;222,221,208;,
  3;224,222,198;,
  3;272,273,262;,
  3;273,272,271;,
  3;263,274,275;,
  3;273,276,262;,
  3;277,271,278;,
  3;271,277,273;,
  3;222,272,262;,
  3;272,222,224;,
  3;222,208,198;,
  3;209,221,247;,
  3;221,209,208;,
  3;223,222,262;,
  3;266,206,279;,
  3;206,266,207;,
  3;206,280,279;,
  3;280,206,267;,
  3;280,263,275;,
  3;263,280,267;,
  3;264,262,276;,
  3;76,73,72;,
