xof 0303txt 0032
template ColorRGBA {
 <35ff44e0-6c7c-11cf-8f52-0040333594a3>
 FLOAT red;
 FLOAT green;
 FLOAT blue;
 FLOAT alpha;
}

template ColorRGB {
 <d3e16e81-7835-11cf-8f52-0040333594a3>
 FLOAT red;
 FLOAT green;
 FLOAT blue;
}

template Material {
 <3d82ab4d-62da-11cf-ab39-0020af71e433>
 ColorRGBA faceColor;
 FLOAT power;
 ColorRGB specularColor;
 ColorRGB emissiveColor;
 [...]
}

template TextureFilename {
 <a42790e1-7810-11cf-8f52-0040333594a3>
 STRING filename;
}

template Frame {
 <3d82ab46-62da-11cf-ab39-0020af71e433>
 [...]
}

template Matrix4x4 {
 <f6f23f45-7686-11cf-8f52-0040333594a3>
 array FLOAT matrix[16];
}

template FrameTransformMatrix {
 <f6f23f41-7686-11cf-8f52-0040333594a3>
 Matrix4x4 frameMatrix;
}

template Vector {
 <3d82ab5e-62da-11cf-ab39-0020af71e433>
 FLOAT x;
 FLOAT y;
 FLOAT z;
}

template MeshFace {
 <3d82ab5f-62da-11cf-ab39-0020af71e433>
 DWORD nFaceVertexIndices;
 array DWORD faceVertexIndices[nFaceVertexIndices];
}

template Mesh {
 <3d82ab44-62da-11cf-ab39-0020af71e433>
 DWORD nVertices;
 array Vector vertices[nVertices];
 DWORD nFaces;
 array MeshFace faces[nFaces];
 [...]
}

template MeshMaterialList {
 <f6f23f42-7686-11cf-8f52-0040333594a3>
 DWORD nMaterials;
 DWORD nFaceIndexes;
 array DWORD faceIndexes[nFaceIndexes];
 [Material <3d82ab4d-62da-11cf-ab39-0020af71e433>]
}

template VertexElement {
 <f752461c-1e23-48f6-b9f8-8350850f336f>
 DWORD Type;
 DWORD Method;
 DWORD Usage;
 DWORD UsageIndex;
}

template DeclData {
 <bf22e553-292c-4781-9fea-62bd554bdd93>
 DWORD nElements;
 array VertexElement Elements[nElements];
 DWORD nDWords;
 array DWORD data[nDWords];
}

template XSkinMeshHeader {
 <3cf169ce-ff7c-44ab-93c0-f78f62d172e2>
 WORD nMaxSkinWeightsPerVertex;
 WORD nMaxSkinWeightsPerFace;
 WORD nBones;
}

template SkinWeights {
 <6f0d123b-bad2-4167-a0d0-80224f25fabb>
 STRING transformNodeName;
 DWORD nWeights;
 array DWORD vertexIndices[nWeights];
 array FLOAT weights[nWeights];
 Matrix4x4 matrixOffset;
}

template AnimTicksPerSecond {
 <9e415a43-7ba6-4a73-8743-b73d47e88476>
 DWORD AnimTicksPerSecond;
}

template Animation {
 <3d82ab4f-62da-11cf-ab39-0020af71e433>
 [...]
}

template AnimationSet {
 <3d82ab50-62da-11cf-ab39-0020af71e433>
 [Animation <3d82ab4f-62da-11cf-ab39-0020af71e433>]
}

template FloatKeys {
 <10dd46a9-775b-11cf-8f52-0040333594a3>
 DWORD nValues;
 array FLOAT values[nValues];
}

template TimedFloatKeys {
 <f406b180-7b3b-11cf-8f52-0040333594a3>
 DWORD time;
 FloatKeys tfkeys;
}

template AnimationKey {
 <10dd46a8-775b-11cf-8f52-0040333594a3>
 DWORD keyType;
 DWORD nKeys;
 array TimedFloatKeys keys[nKeys];
}


Material _03_-_Default {
 1.000000;1.000000;1.000000;1.000000;;
 9.999999;
 0.000000;0.000000;0.000000;;
 0.000000;0.000000;0.000000;;

 TextureFilename {
  "MaleBody_full.png";
 }
}

Frame Dummy01 {
 

 FrameTransformMatrix {
  1.000000,0.000000,0.000000,0.000000,0.000000,-0.000000,-1.000000,0.000000,0.000000,1.000000,-0.000000,0.000000,0.000000,0.000000,0.000000,1.000000;;
 }

 Frame Bip01 {
  

  FrameTransformMatrix {
   0.000001,0.965926,-0.258819,0.000000,-0.001950,0.258819,0.965924,0.000000,0.999998,0.000504,0.001884,0.000000,0.000000,0.030000,0.529630,1.000000;;
  }

  Frame Bip01_Pelvis {
   

   FrameTransformMatrix {
    -0.000000,1.000000,-0.000001,0.000000,0.063244,0.000001,0.997998,0.000000,0.997998,-0.000000,-0.063244,0.000000,0.000000,0.000000,0.000000,1.000000;;
   }

   Frame Bip01_Spine {
    

    FrameTransformMatrix {
     0.999981,-0.006033,0.001506,0.000000,0.006167,0.993236,-0.115946,0.000000,-0.000796,0.115953,0.993254,0.000000,0.051633,-0.000010,-0.000084,1.000000;;
    }

    Frame Bip01_Spine1 {
     

     FrameTransformMatrix {
      0.965666,-0.001174,0.259783,0.000000,0.149934,0.819151,-0.553635,0.000000,-0.212151,0.573577,0.791202,0.000000,0.106498,-0.000049,-0.000067,1.000000;;
     }

     Frame Bip01_Neck {
      

      FrameTransformMatrix {
       1.000000,0.000000,-0.000000,0.000000,-0.000000,1.000000,0.000000,0.000000,0.000000,0.000000,1.000000,0.000000,0.130505,0.000000,0.004625,1.000000;;
      }

      Frame Bip01_Head {
       

       FrameTransformMatrix {
        0.964750,0.175060,-0.196496,0.000000,-0.007228,0.764005,0.645170,0.000000,0.263067,-0.621008,0.738339,0.000000,0.033674,0.000000,-0.000000,1.000000;;
       }

       Frame Bip01_HeadNub {
        

        FrameTransformMatrix {
         1.000000,0.000000,-0.000000,0.000000,-0.000000,1.000000,-0.000000,0.000000,0.000000,-0.000000,1.000000,0.000000,0.169824,0.000000,0.000000,1.000000;;
        }
       }
      }

      Frame Bip01_L_Clavicle {
       

       FrameTransformMatrix {
        -0.232876,0.967155,0.101888,0.000000,0.972506,0.231679,0.023588,0.000000,-0.000792,0.104579,-0.994516,0.000000,-0.024025,0.015714,-0.004625,1.000000;;
       }

       Frame Bip01_L_UpperArm {
        

        FrameTransformMatrix {
         0.566969,-0.803860,-0.179879,0.000000,0.787963,0.592912,-0.166042,0.000000,0.240127,-0.047597,0.969574,0.000000,0.087086,0.000000,0.000000,1.000000;;
        }

        Frame Bip01_L_Forearm {
         

         FrameTransformMatrix {
          -0.678851,-0.000000,-0.734276,0.000000,0.000000,1.000000,-0.000000,0.000000,0.734276,0.000000,-0.678851,0.000000,0.137062,0.000000,-0.000000,1.000000;;
         }

         Frame Bip01_L_Hand {
          

          FrameTransformMatrix {
           0.945233,0.209635,0.250176,0.000000,0.061633,-0.867325,0.493911,0.000000,0.320525,-0.451442,-0.832745,0.000000,0.137062,0.000000,-0.000000,1.000000;;
          }

          Frame Bip01_L_Finger0 {
           

           FrameTransformMatrix {
            0.191229,-0.953701,0.232135,0.000000,0.953255,0.236821,0.187675,0.000000,-0.233961,0.185395,0.954407,0.000000,0.057681,-0.023605,-0.000272,1.000000;;
           }

           Frame Bip01_L_Finger0Nub {
            

            FrameTransformMatrix {
             1.000000,0.000000,0.000000,0.000000,-0.000000,1.000000,0.000000,0.000000,0.000000,0.000000,1.000000,0.000000,0.029435,0.000000,0.000000,1.000000;;
            }
           }
          }

          Frame Bip01_L_Finger1 {
           

           FrameTransformMatrix {
            0.437122,-0.170907,0.883015,0.000000,-0.220296,0.931529,0.289350,0.000000,-0.872006,-0.321006,0.369542,0.000000,0.084102,-0.000000,0.000000,1.000000;;
           }

           Frame Bip01_L_Finger1Nub {
            

            FrameTransformMatrix {
             1.000000,0.000000,0.000000,0.000000,0.000000,1.000000,0.000000,0.000000,-0.000000,0.000000,1.000000,0.000000,0.047988,0.000000,-0.000000,1.000000;;
            }
           }
          }
         }
        }
       }
      }

      Frame Bip01_R_Clavicle {
       

       FrameTransformMatrix {
        -0.000246,-0.951120,-0.308822,0.000000,-1.000000,0.000000,0.000796,0.000000,-0.000757,0.308822,-0.951119,0.000000,-0.024025,-0.015714,-0.004625,1.000000;;
       }

       Frame Bip01_R_UpperArm {
        

        FrameTransformMatrix {
         0.628348,0.669793,-0.395672,0.000000,-0.642151,0.733672,0.222187,0.000000,0.439113,0.114470,0.891110,0.000000,0.087086,0.000000,0.000000,1.000000;;
        }

        Frame Bip01_R_Forearm {
         

         FrameTransformMatrix {
          -0.093417,0.000000,-0.995627,0.000000,0.000000,1.000000,0.000000,0.000000,0.995627,0.000000,-0.093417,0.000000,0.137062,0.000000,-0.000000,1.000000;;
         }

         Frame Bip01_R_Hand {
          

          FrameTransformMatrix {
           0.856357,0.494872,-0.147490,0.000000,-0.211994,0.076477,-0.974274,0.000000,-0.470862,0.865594,0.170401,0.000000,0.137062,0.000000,-0.000000,1.000000;;
          }

          Frame Bip01_R_Finger0 {
           

           FrameTransformMatrix {
            0.417774,-0.116941,0.900994,0.000000,-0.558537,0.749101,0.356210,0.000000,-0.716591,-0.652054,0.247639,0.000000,0.057681,0.023605,-0.000272,1.000000;;
           }

           Frame Bip01_R_Finger0Nub {
            

            FrameTransformMatrix {
             -1.000000,0.000000,0.000000,0.000000,0.000000,1.000000,0.000000,0.000000,-0.000000,0.000000,-1.000000,0.000000,0.029435,-0.000000,0.000000,1.000000;;
            }
           }
          }

          Frame Bip01_R_Finger1 {
           

           FrameTransformMatrix {
            0.352436,0.000745,0.935835,0.000000,0.000000,1.000000,-0.000796,0.000000,-0.935836,0.000281,0.352436,0.000000,0.084102,0.000000,-0.000000,1.000000;;
           }

           Frame Bip01_R_Finger1Nub {
            

            FrameTransformMatrix {
             -1.000000,0.000000,0.000000,0.000000,0.000000,1.000000,-0.000000,0.000000,-0.000000,-0.000000,-1.000000,0.000000,0.047988,-0.000000,0.000000,1.000000;;
            }
           }
          }
         }
        }
       }
      }
     }

     Frame Bip01_BackPack {
      

      FrameTransformMatrix {
       0.081023,-0.088037,-0.992817,0.000000,-0.064786,0.993520,-0.093387,0.000000,0.994605,0.071887,0.074794,0.000000,0.041174,-0.003810,-0.088357,1.000000;;
      }

      Frame Bip01_BackPackNub {
       

       FrameTransformMatrix {
        0.000796,0.000003,1.000000,0.000000,-0.000000,-1.000000,0.000003,0.000000,1.000000,0.000000,-0.000796,0.000000,0.053240,-0.000000,0.000000,1.000000;;
       }
      }
     }
    }

    Frame Bip01_L_Thigh {
     

     FrameTransformMatrix {
      -0.303134,-0.105506,0.947089,0.000000,0.050729,-0.994230,-0.094521,0.000000,0.951597,0.019392,0.306737,0.000000,-0.051966,0.054533,0.006530,1.000000;;
     }

     Frame Bip01_L_Calf {
      

      FrameTransformMatrix {
       0.538314,0.000000,-0.842744,0.000000,0.000000,1.000000,0.000000,0.000000,0.842744,-0.000000,0.538314,0.000000,0.237500,-0.000000,0.000000,1.000000;;
      }

      Frame Bip01_L_Foot {
       

       FrameTransformMatrix {
        0.983526,-0.017727,0.179897,0.000000,-0.005361,0.991882,0.127048,0.000000,-0.180689,-0.125919,0.975447,0.000000,0.206841,0.000000,0.000000,1.000000;;
       }

       Frame Bip01_L_Toe0 {
        

        FrameTransformMatrix {
         -0.000000,0.000001,1.000000,0.000000,-0.000000,1.000000,-0.000001,0.000000,-1.000000,-0.000000,-0.000000,0.000000,0.065373,0.000000,0.066450,1.000000;;
        }

        Frame Bip01_L_Toe0Nub {
         

         FrameTransformMatrix {
          -1.000000,-0.000000,0.000000,0.000000,-0.000000,1.000000,-0.000000,0.000000,-0.000000,-0.000000,-1.000000,0.000000,0.006735,-0.000000,0.000000,1.000000;;
         }
        }
       }
      }
     }
    }

    Frame Bip01_R_Thigh {
     

     FrameTransformMatrix {
      -0.966388,0.006596,-0.257004,0.000000,0.006996,-0.998626,-0.051935,0.000000,-0.256994,-0.051988,0.965014,0.000000,-0.051299,-0.055170,-0.006278,1.000000;;
     }

     Frame Bip01_R_Calf {
      

      FrameTransformMatrix {
       0.316456,0.000000,-0.948607,0.000000,0.000000,1.000000,0.000000,0.000000,0.948607,-0.000000,0.316456,0.000000,0.237500,0.000000,-0.000000,1.000000;;
      }

      Frame Bip01_R_Foot {
       

       FrameTransformMatrix {
        0.985465,-0.001081,-0.169877,0.000000,0.000902,0.999999,-0.001130,0.000000,0.169878,0.000961,0.985465,0.000000,0.206841,0.000000,0.000000,1.000000;;
       }

       Frame Bip01_R_Toe0 {
        

        FrameTransformMatrix {
         0.000000,0.000000,1.000000,0.000000,0.000000,1.000000,-0.000000,0.000000,-1.000000,0.000000,0.000000,0.000000,0.065373,0.000000,0.066450,1.000000;;
        }

        Frame Bip01_R_Toe0Nub {
         

         FrameTransformMatrix {
          1.000000,-0.000000,0.000000,0.000000,0.000000,1.000000,-0.000000,0.000000,0.000000,0.000000,1.000000,0.000000,0.006735,-0.000000,-0.000000,1.000000;;
         }
        }
       }
      }
     }
    }
   }

   Frame Bip01_DressFront {
    

    FrameTransformMatrix {
     -0.676291,-0.085649,0.731638,0.000000,0.214263,0.927403,0.306619,0.000000,-0.704785,0.364127,-0.608843,0.000000,-0.004466,-0.021145,0.092771,1.000000;;
    }

    Frame Bip01_DressFront02 {
     

     FrameTransformMatrix {
      0.884054,-0.048771,0.464833,0.000000,0.039282,0.998775,0.030082,0.000000,-0.465730,-0.008335,0.884888,0.000000,0.183386,0.000001,-0.000117,1.000000;;
     }

     Frame Bip01_DressFrontNub {
      

      FrameTransformMatrix {
       0.000796,0.000003,1.000000,0.000000,0.000000,-1.000000,0.000003,0.000000,1.000000,-0.000000,-0.000796,0.000000,0.165302,-0.000000,0.000000,1.000000;;
      }
     }
    }
   }

   Frame Bip01_DressBack {
    

    FrameTransformMatrix {
     -0.886023,0.038029,0.462080,0.000000,0.191625,0.937561,0.290274,0.000000,-0.422190,0.345735,-0.837988,0.000000,-0.047673,-0.000048,-0.078302,1.000000;;
    }

    Frame Bip01_DressBack02 {
     

     FrameTransformMatrix {
      0.936852,0.174932,-0.302833,0.000000,-0.166408,0.984581,0.053939,0.000000,0.307600,-0.000139,0.951516,0.000000,0.176125,0.000000,-0.000103,1.000000;;
     }

     Frame Bip01_DressBackNub {
      

      FrameTransformMatrix {
       0.000796,0.000003,1.000000,0.000000,0.000000,-1.000000,0.000003,0.000000,1.000000,0.000000,-0.000796,0.000000,0.136508,0.000000,-0.000000,1.000000;;
      }
     }
    }
   }
  }

  Frame Bip01_Prop1 {
   

   FrameTransformMatrix {
    -0.813145,-0.581958,-0.010919,0.000000,-0.452997,0.620952,0.639698,0.000000,-0.365497,0.525113,-0.768549,0.000000,0.212908,0.094693,-0.009559,1.000000;;
   }
  }

  Frame Bip01_Prop2 {
   

   FrameTransformMatrix {
    -0.008987,-0.999960,-0.000000,0.000000,0.999960,-0.008987,0.000000,0.000000,-0.000000,0.000000,1.000000,0.000000,0.051370,0.201689,0.134416,1.000000;;
   }
  }
 }
}

Frame Translation_Data {
 

 FrameTransformMatrix {
  1.000000,0.000000,0.000000,0.000000,0.000000,-0.000000,-1.000000,0.000000,0.000000,1.000000,-0.000000,0.000000,0.000000,0.000000,0.000000,1.000000;;
 }
}

Frame Body {
 

 FrameTransformMatrix {
  1.000000,0.000000,0.000000,0.000000,0.000000,1.000000,0.000000,0.000000,0.000000,0.000000,1.000000,0.000000,0.000000,0.000000,0.000000,1.000000;;
 }

 Mesh Body {
  617;
  0.071260;0.781510;-0.109466;,
  0.044620;0.768037;-0.124835;,
  0.029817;0.798233;-0.130048;,
  0.080499;0.765595;-0.097785;,
  0.086992;0.758928;-0.086292;,
  0.072506;0.708394;-0.106320;,
  0.061953;0.736821;-0.118216;,
  0.087706;0.729671;-0.068129;,
  0.006988;0.829313;-0.112410;,
  0.032080;0.831245;-0.057751;,
  0.046572;0.820069;-0.084571;,
  0.002838;0.828581;-0.072570;,
  0.085530;0.586093;-0.010660;,
  0.045005;0.599240;0.008587;,
  0.045839;0.588436;0.016572;,
  0.077707;0.595850;-0.014724;,
  0.070183;0.582575;-0.068739;,
  0.083874;0.560835;-0.045715;,
  0.041182;0.570655;-0.096146;,
  0.067907;0.533477;-0.064820;,
  0.038357;0.519728;-0.072209;,
  0.031200;0.691796;-0.134696;,
  0.031379;0.724935;-0.142901;,
  0.002171;0.597474;0.010728;,
  0.003890;0.584861;0.020043;,
  0.023460;0.706642;0.000026;,
  -0.038525;0.739176;-0.028396;,
  -0.024375;0.700223;-0.012180;,
  0.011157;0.753338;-0.008114;,
  0.054278;0.529650;-0.084820;,
  0.088750;0.460428;-0.161912;,
  0.051846;0.487828;-0.173861;,
  0.088344;0.504480;-0.064989;,
  0.043209;0.425579;-0.262017;,
  0.071783;0.399693;-0.231251;,
  0.005157;0.527015;-0.075688;,
  0.008173;0.405895;-0.116454;,
  0.016412;0.486849;0.049455;,
  0.003669;0.469570;-0.157644;,
  0.018401;0.385050;-0.199069;,
  0.015238;0.404741;-0.231597;,
  0.087611;0.406931;-0.125414;,
  0.082599;0.461454;-0.030614;,
  0.059176;0.384179;-0.199909;,
  0.046364;0.125450;-0.231420;,
  0.002215;0.119848;-0.190780;,
  0.002084;0.128536;-0.238820;,
  0.036876;0.117899;-0.187630;,
  0.039545;0.351870;-0.253643;,
  0.062627;0.272416;-0.227244;,
  0.032664;0.278096;-0.254643;,
  0.071735;0.346565;-0.226245;,
  0.047885;0.194151;-0.225786;,
  0.028564;0.199044;-0.254333;,
  -0.002293;0.335778;-0.229247;,
  0.003364;0.283093;-0.186251;,
  0.002205;0.347993;-0.175050;,
  0.003897;0.276647;-0.228586;,
  0.015685;0.204649;-0.201930;,
  0.011052;0.189403;-0.232415;,
  0.065069;0.276709;-0.189017;,
  0.074472;0.349673;-0.176978;,
  0.040023;0.207841;-0.201450;,
  0.090347;0.534206;-0.033639;,
  -0.003321;0.509827;-0.079151;,
  0.005157;0.527015;-0.075688;,
  -0.002368;0.480123;-0.056724;,
  0.095524;0.543142;0.019998;,
  0.047115;0.548805;0.046577;,
  0.085859;0.480071;-0.001568;,
  0.042343;0.485998;0.027572;,
  0.032467;0.653738;0.003552;,
  0.057711;0.705334;-0.005012;,
  0.073692;0.707081;-0.017539;,
  0.070154;0.640058;-0.061481;,
  0.085905;0.694297;-0.065326;,
  0.067531;0.650912;-0.014089;,
  0.067240;0.676831;-0.104538;,
  0.054219;0.626905;-0.090627;,
  0.013460;0.668846;-0.129612;,
  0.009065;0.616631;-0.101883;,
  0.123117;0.762525;-0.078433;,
  0.148122;0.728382;-0.050614;,
  0.073594;0.744397;-0.089135;,
  0.114372;0.672713;-0.014818;,
  0.098990;0.695814;-0.061351;,
  0.155939;0.696549;-0.007832;,
  0.053350;0.754165;-0.032508;,
  0.098990;0.695814;-0.061351;,
  0.072791;0.716295;-0.004258;,
  0.112503;0.659577;0.009694;,
  0.114372;0.672713;-0.014818;,
  0.056886;0.761696;-0.024813;,
  0.121862;0.749182;0.006433;,
  0.096746;0.782010;-0.021218;,
  0.154108;0.683066;0.016538;,
  0.117470;0.776145;-0.052380;,
  0.147050;0.723081;-0.015819;,
  0.107282;0.712248;-0.083752;,
  0.095999;0.698658;-0.025700;,
  0.139465;0.727528;-0.074913;,
  0.118235;0.722072;-0.124226;,
  0.137029;0.728125;-0.124866;,
  0.095999;0.698658;-0.025700;,
  0.139264;0.664858;-0.086057;,
  0.122536;0.642395;-0.026988;,
  0.107282;0.712248;-0.083752;,
  0.128712;0.689505;-0.128958;,
  0.118235;0.722072;-0.124226;,
  0.163761;0.676837;-0.078953;,
  0.173175;0.666923;-0.017243;,
  0.151344;0.694717;-0.129429;,
  0.151565;0.762658;-0.236932;,
  0.121335;0.729217;-0.201938;,
  0.152148;0.763848;-0.214975;,
  0.121179;0.728384;-0.223627;,
  0.169875;0.768415;-0.170685;,
  0.177985;0.763957;-0.184643;,
  0.170023;0.770923;-0.181616;,
  0.180587;0.763844;-0.169998;,
  0.108819;0.710285;-0.165525;,
  0.159101;0.740777;-0.179204;,
  0.125017;0.705608;-0.198866;,
  0.136868;0.749688;-0.154001;,
  0.141160;0.695069;-0.204007;,
  0.137302;0.686106;-0.159562;,
  0.167169;0.726595;-0.146498;,
  0.173968;0.728573;-0.184355;,
  0.074035;0.820346;-0.066722;,
  0.093911;0.810950;-0.086976;,
  0.046572;0.820069;-0.084571;,
  0.059977;0.806485;-0.102845;,
  0.050374;0.759907;-0.006944;,
  0.030757;0.817221;-0.122377;,
  0.098929;0.786554;-0.098185;,
  0.080499;0.765595;-0.097785;,
  0.071260;0.781510;-0.109466;,
  0.095789;0.764850;-0.088339;,
  0.043912;0.802758;-0.025020;,
  0.001842;0.791451;-0.029477;,
  0.048271;0.805529;-0.028313;,
  -0.045721;0.770429;-0.055441;,
  -0.030563;0.808384;-0.099446;,
  0.032080;0.831245;-0.057751;,
  0.048271;0.805529;-0.028313;,
  0.069541;0.761471;-0.063033;,
  0.055101;0.792906;-0.031065;,
  0.073594;0.744397;-0.089135;,
  0.067998;0.747024;-0.028937;,
  0.079255;0.731060;-0.056598;,
  0.086992;0.758928;-0.086292;,
  0.064611;0.756101;-0.015827;,
  0.136868;0.749688;-0.154001;,
  0.029249;0.837220;-0.137576;,
  0.014299;0.842889;-0.122627;,
  -0.018582;0.823899;-0.125748;,
  -0.011484;0.842939;-0.123506;,
  0.173968;0.728573;-0.184355;,
  0.151565;0.762658;-0.236932;,
  0.121179;0.728384;-0.223627;,
  0.157182;0.757023;-0.160325;,
  0.179102;0.744407;-0.165923;,
  0.157182;0.757023;-0.160325;,
  0.158335;0.756674;-0.178083;,
  0.171977;0.737759;-0.185948;,
  0.171977;0.737759;-0.185948;,
  0.169875;0.768415;-0.170685;,
  0.180587;0.763844;-0.169998;,
  0.177985;0.763957;-0.184643;,
  0.061574;0.159519;-0.302271;,
  0.035435;0.147605;-0.352862;,
  0.034072;0.164722;-0.342641;,
  0.067030;0.139167;-0.312611;,
  0.000916;0.154740;-0.195696;,
  0.002084;0.128536;-0.238820;,
  0.002215;0.119848;-0.190780;,
  0.001957;0.153596;-0.237054;,
  0.015685;0.204649;-0.201930;,
  0.042363;0.155453;-0.191615;,
  0.040023;0.207841;-0.201450;,
  0.046364;0.125450;-0.231420;,
  0.036876;0.117899;-0.187630;,
  0.049122;0.160182;-0.227594;,
  0.028564;0.199044;-0.254333;,
  0.047885;0.194151;-0.225786;,
  0.005527;0.161509;-0.335628;,
  -0.000392;0.147810;-0.346044;,
  0.067030;0.139167;-0.312611;,
  -0.000392;0.147810;-0.346044;,
  0.003669;0.469570;-0.157644;,
  0.015238;0.404741;-0.231597;,
  -0.002293;0.335778;-0.229247;,
  0.003897;0.276647;-0.228586;,
  0.011052;0.189403;-0.232415;,
  0.011052;0.189403;-0.232415;,
  0.000848;0.481081;-0.004834;,
  0.048747;0.831226;-0.166632;,
  0.030450;0.818694;-0.181873;,
  0.039483;0.824663;-0.184843;,
  0.027988;0.828466;-0.153624;,
  0.042239;0.854209;-0.146445;,
  0.035197;0.867603;-0.127642;,
  0.025329;0.966200;-0.200684;,
  0.004644;0.954523;-0.225552;,
  0.005776;0.971304;-0.200888;,
  0.036502;0.892195;-0.235995;,
  0.019327;0.890499;-0.241900;,
  0.033772;0.921595;-0.232687;,
  0.045743;0.843875;-0.191785;,
  0.054852;0.858945;-0.167807;,
  0.047726;0.843916;-0.159791;,
  0.057351;0.896319;-0.156818;,
  0.057379;0.902308;-0.180613;,
  0.047836;0.930824;-0.218130;,
  0.057367;0.937490;-0.192736;,
  0.052226;0.893516;-0.205884;,
  0.055334;0.902934;-0.141503;,
  0.045329;0.914834;-0.122623;,
  0.006610;0.918839;-0.110770;,
  0.039820;0.958738;-0.142482;,
  0.007351;0.963371;-0.131889;,
  0.052186;0.871359;-0.200924;,
  0.035736;0.832274;-0.203478;,
  0.036922;0.862705;-0.222591;,
  0.020256;0.806466;-0.210351;,
  0.000996;0.803632;-0.197405;,
  0.000396;0.801980;-0.218473;,
  0.030021;0.942309;-0.227285;,
  0.044760;0.955569;-0.199012;,
  0.054309;0.952392;-0.160998;,
  0.040931;0.968352;-0.172320;,
  0.024040;0.975383;-0.166553;,
  0.006945;0.978493;-0.164203;,
  0.005325;0.878971;-0.115578;,
  0.054309;0.952392;-0.160998;,
  0.040931;0.968352;-0.172320;,
  0.061150;0.861311;-0.169063;,
  0.068086;0.908375;-0.167569;,
  0.072936;0.890943;-0.156338;,
  0.060373;0.889376;-0.169145;,
  0.072936;0.890943;-0.156338;,
  0.061150;0.861311;-0.169063;,
  0.068086;0.908375;-0.167569;,
  0.057379;0.902308;-0.180613;,
  0.057094;0.877259;-0.183030;,
  0.054852;0.858945;-0.167807;,
  0.037169;0.884623;-0.226455;,
  0.057094;0.877259;-0.183030;,
  0.030757;0.817221;-0.122377;,
  0.029249;0.837220;-0.137576;,
  0.059977;0.806485;-0.102845;,
  0.042239;0.854209;-0.146445;,
  0.019660;0.773631;-0.153491;,
  0.023961;0.750728;-0.146729;,
  -0.002317;0.567901;-0.097400;,
  0.005164;0.546809;0.049626;,
  0.005038;0.513021;0.055538;,
  -0.004392;0.464845;0.000857;,
  0.011982;0.806258;-0.176707;,
  0.000848;0.481081;-0.004834;,
  0.024040;0.975383;-0.166553;,
  0.006945;0.978493;-0.164203;,
  0.021474;0.836648;-0.220900;,
  0.014282;0.858111;-0.231360;,
  0.014232;0.848553;-0.229993;,
  0.004038;0.943147;-0.236048;,
  0.003108;0.919458;-0.245288;,
  0.017311;0.883299;-0.231243;,
  -0.012652;0.649191;-0.002426;,
  0.059977;0.806485;-0.102845;,
  0.035435;0.147605;-0.352862;,
  0.012804;0.827282;-0.225875;,
  0.020727;0.830217;-0.219557;,
  0.012847;0.832619;-0.223111;,
  0.001291;0.847136;-0.234429;,
  0.001212;0.854015;-0.245077;,
  0.012543;0.835713;-0.228497;,
  0.001175;0.833169;-0.223365;,
  0.000832;0.825553;-0.227996;,
  0.002152;0.888804;-0.247805;,
  0.002042;0.880176;-0.242422;,
  0.055101;0.792906;-0.031065;,
  0.001020;0.835515;-0.231895;,
  0.055795;0.768989;-0.054476;,
  0.069541;0.761471;-0.063033;,
  0.086992;0.758928;-0.086292;,
  0.055334;0.902934;-0.141503;,
  0.039545;0.351870;-0.253643;,
  -0.002654;0.252507;-0.249684;,
  -0.011697;0.329326;-0.244968;,
  0.032664;0.278096;-0.254643;,
  0.043209;0.425579;-0.262017;,
  -0.006729;0.402978;-0.240008;,
  0.051846;0.487828;-0.173861;,
  -0.008907;0.465563;-0.166939;,
  0.054278;0.529650;-0.084820;,
  -0.003920;0.527403;-0.105591;,
  0.038357;0.519728;-0.072209;,
  -0.003823;0.180455;-0.257163;,
  0.028564;0.199044;-0.254333;,
  0.012313;0.268820;-0.152000;,
  0.020159;0.211810;-0.015363;,
  0.011032;0.199935;-0.159109;,
  0.016323;0.261376;-0.003746;,
  0.011227;0.311110;0.005514;,
  0.006844;0.345160;-0.161462;,
  0.012514;0.340352;0.030791;,
  0.011095;0.370723;-0.176005;,
  0.006648;0.393867;-0.107683;,
  0.002422;0.418502;0.024158;,
  0.006051;0.485677;0.055797;,
  0.055795;0.768989;-0.054476;,
  -0.047702;0.752201;-0.177664;,
  -0.007791;0.747679;-0.160448;,
  -0.053231;0.729443;-0.176679;,
  -0.014388;0.781062;-0.160086;,
  -0.046995;0.708022;-0.176130;,
  -0.017567;0.682112;-0.152565;,
  -0.063476;0.685559;-0.145749;,
  -0.002495;0.711787;-0.162009;,
  -0.038741;0.811551;-0.143482;,
  -0.091500;0.787386;-0.138606;,
  -0.070966;0.799914;-0.122720;,
  -0.067903;0.792085;-0.150440;,
  -0.080835;0.588508;-0.000392;,
  -0.040662;0.599865;0.011975;,
  -0.075141;0.596966;-0.008679;,
  -0.038046;0.589654;0.021749;,
  -0.072094;0.583614;-0.063111;,
  -0.084232;0.563275;-0.035339;,
  -0.045532;0.571288;-0.092716;,
  -0.071388;0.531714;-0.058763;,
  -0.043525;0.520917;-0.067155;,
  0.002171;0.597474;0.010728;,
  0.003890;0.584861;0.020043;,
  -0.069518;0.689598;-0.030380;,
  -0.038525;0.739176;-0.028396;,
  -0.083891;0.725605;-0.056914;,
  -0.024375;0.700223;-0.012180;,
  -0.055965;0.474975;-0.045511;,
  -0.095883;0.399813;0.033420;,
  -0.090128;0.490271;-0.011298;,
  -0.057935;0.388098;0.007379;,
  -0.055057;0.296226;0.070062;,
  -0.084081;0.326863;0.091173;,
  -0.006523;0.486600;-0.024364;,
  -0.017051;0.440068;0.094232;,
  -0.010352;0.401924;0.028874;,
  -0.007750;0.487200;0.050946;,
  -0.030663;0.356333;0.105905;,
  -0.027382;0.324963;0.089357;,
  -0.096543;0.433598;0.088679;,
  -0.083784;0.499571;0.048089;,
  -0.071435;0.356547;0.104692;,
  -0.073472;0.399973;0.353021;,
  -0.033906;0.442362;0.336595;,
  -0.068762;0.442121;0.336713;,
  -0.028576;0.397107;0.354113;,
  -0.055064;0.313735;0.143820;,
  -0.081571;0.355579;0.215158;,
  -0.086707;0.342192;0.141833;,
  -0.052132;0.327087;0.216649;,
  -0.071261;0.370927;0.291885;,
  -0.051242;0.343292;0.296931;,
  -0.013468;0.340085;0.157232;,
  -0.020696;0.392660;0.200129;,
  -0.022760;0.352423;0.214649;,
  -0.015786;0.390909;0.134466;,
  -0.038832;0.391511;0.276110;,
  -0.034671;0.370114;0.298791;,
  -0.082705;0.392261;0.203374;,
  -0.087889;0.389935;0.129044;,
  -0.063026;0.390042;0.271870;,
  -0.089939;0.536823;-0.022512;,
  -0.006523;0.486600;-0.024364;,
  -0.088221;0.545810;0.031338;,
  -0.036769;0.550023;0.051755;,
  -0.083352;0.506700;0.044452;,
  -0.036920;0.515048;0.060632;,
  -0.056951;0.644744;-0.012515;,
  -0.091837;0.677920;-0.053919;,
  -0.096370;0.675906;-0.073154;,
  -0.065163;0.626447;-0.085797;,
  -0.082132;0.635858;-0.040983;,
  -0.072594;0.665242;-0.117160;,
  -0.029921;0.659020;-0.136313;,
  -0.037899;0.617639;-0.107180;,
  -0.095800;0.733297;-0.199848;,
  -0.063111;0.720759;-0.158984;,
  -0.124295;0.693174;-0.211807;,
  -0.125001;0.634971;-0.172065;,
  -0.153323;0.654523;-0.206229;,
  -0.089013;0.666433;-0.171433;,
  -0.107778;0.721802;-0.117563;,
  -0.133750;0.678323;-0.124287;,
  -0.089013;0.666433;-0.171433;,
  -0.156712;0.619989;-0.150258;,
  -0.125001;0.634971;-0.172065;,
  -0.117511;0.727606;-0.117638;,
  -0.169025;0.705389;-0.164621;,
  -0.140390;0.744199;-0.152504;,
  -0.184961;0.639234;-0.184438;,
  -0.119524;0.742489;-0.184072;,
  -0.140658;0.668845;-0.213853;,
  -0.068944;0.635424;-0.221197;,
  -0.093130;0.649908;-0.244706;,
  -0.105235;0.647362;-0.174053;,
  -0.046984;0.622821;-0.249863;,
  -0.055580;0.631272;-0.272496;,
  -0.105235;0.647362;-0.174053;,
  -0.100198;0.588342;-0.230165;,
  -0.068944;0.635424;-0.221197;,
  -0.135700;0.592299;-0.175886;,
  -0.065285;0.590351;-0.261787;,
  -0.046984;0.622821;-0.249863;,
  -0.118787;0.599835;-0.247954;,
  -0.170872;0.613823;-0.215417;,
  -0.071487;0.597308;-0.276407;,
  0.053003;0.590456;-0.240199;,
  0.006504;0.567596;-0.264115;,
  0.026567;0.559346;-0.264863;,
  0.032876;0.599278;-0.239225;,
  0.015630;0.606991;-0.238759;,
  0.027462;0.604410;-0.250326;,
  0.024924;0.614025;-0.239265;,
  0.019737;0.598642;-0.245022;,
  -0.034292;0.576988;-0.258355;,
  0.006876;0.620825;-0.263710;,
  -0.019826;0.621452;-0.241450;,
  -0.001333;0.569803;-0.274415;,
  0.005312;0.574115;-0.292728;,
  -0.037455;0.589610;-0.293881;,
  -0.023253;0.636680;-0.277004;,
  0.012467;0.623432;-0.282642;,
  -0.096052;0.792462;-0.155788;,
  -0.090073;0.780660;-0.182587;,
  -0.067903;0.792085;-0.150440;,
  -0.055811;0.780183;-0.168236;,
  -0.106066;0.714261;-0.087264;,
  -0.030226;0.793534;-0.163815;,
  -0.079096;0.757064;-0.190213;,
  -0.053231;0.729443;-0.176679;,
  -0.079440;0.736912;-0.177974;,
  -0.047702;0.752201;-0.177664;,
  -0.110199;0.745398;-0.127006;,
  -0.110179;0.747254;-0.132752;,
  -0.089155;0.756105;-0.091310;,
  -0.045721;0.770429;-0.055441;,
  -0.030563;0.808384;-0.099446;,
  -0.091500;0.787386;-0.138606;,
  -0.110179;0.747254;-0.132752;,
  -0.068125;0.714566;-0.151244;,
  -0.063111;0.720759;-0.158984;,
  -0.104795;0.738156;-0.133673;,
  -0.092010;0.700337;-0.111088;,
  -0.069202;0.687743;-0.132820;,
  -0.046995;0.708022;-0.176130;,
  -0.104320;0.706810;-0.102560;,
  -0.019826;0.621452;-0.241450;,
  -0.032902;0.826296;-0.157468;,
  -0.031682;0.834807;-0.137344;,
  -0.018582;0.823899;-0.125748;,
  -0.011484;0.842939;-0.123506;,
  0.012467;0.623432;-0.282642;,
  0.053003;0.590456;-0.240199;,
  0.026567;0.559346;-0.264863;,
  -0.000959;0.617825;-0.241136;,
  0.020082;0.630459;-0.249418;,
  -0.000959;0.617825;-0.241136;,
  0.006093;0.607824;-0.254060;,
  0.019492;0.621294;-0.269706;,
  0.019492;0.621294;-0.269706;,
  0.015630;0.606991;-0.238759;,
  0.024924;0.614025;-0.239265;,
  0.027462;0.604410;-0.250326;,
  -0.079713;0.320515;0.360729;,
  -0.049459;0.286669;0.397112;,
  -0.085273;0.321623;0.383505;,
  -0.048138;0.286667;0.377173;,
  -0.030159;0.420327;0.309324;,
  -0.028576;0.397107;0.354113;,
  -0.027205;0.385686;0.331778;,
  -0.033906;0.442362;0.336595;,
  -0.038832;0.391511;0.276110;,
  -0.071699;0.418735;0.306701;,
  -0.063026;0.390042;0.271870;,
  -0.073472;0.399973;0.353021;,
  -0.074622;0.384983;0.321357;,
  -0.068762;0.442121;0.336713;,
  -0.051242;0.343292;0.296931;,
  -0.071261;0.370927;0.291885;,
  -0.020645;0.297508;0.376205;,
  -0.014519;0.296405;0.393306;,
  -0.085273;0.321623;0.383505;,
  -0.014519;0.296405;0.393306;,
  -0.010352;0.401924;0.028874;,
  -0.027382;0.324963;0.089357;,
  -0.013468;0.340085;0.157232;,
  -0.022760;0.352423;0.214649;,
  -0.034671;0.370114;0.298791;,
  -0.034671;0.370114;0.298791;,
  -0.043402;0.833904;-0.164221;,
  -0.026684;0.820354;-0.180378;,
  -0.020156;0.820003;-0.169033;,
  -0.035497;0.826841;-0.182881;,
  -0.034525;0.856439;-0.144437;,
  -0.025745;0.869373;-0.126048;,
  -0.014002;0.967343;-0.199655;,
  0.005776;0.971304;-0.200888;,
  -0.031280;0.894164;-0.234222;,
  -0.026680;0.923352;-0.231106;,
  -0.014564;0.891484;-0.241013;,
  -0.040987;0.846395;-0.189516;,
  -0.047941;0.861932;-0.165117;,
  -0.041289;0.846502;-0.157462;,
  -0.047689;0.899371;-0.154070;,
  -0.048613;0.905388;-0.177840;,
  -0.039405;0.933359;-0.215848;,
  -0.045306;0.896350;-0.203332;,
  -0.047192;0.940528;-0.190000;,
  -0.044495;0.905834;-0.138891;,
  -0.032843;0.917106;-0.120578;,
  0.006610;0.918839;-0.110770;,
  -0.025841;0.960646;-0.140765;,
  0.007351;0.963371;-0.131889;,
  -0.046293;0.874221;-0.198348;,
  -0.032709;0.864728;-0.220769;,
  -0.032295;0.834251;-0.201698;,
  -0.018718;0.807598;-0.209331;,
  -0.021456;0.943805;-0.225938;,
  -0.033903;0.957854;-0.196954;,
  -0.041621;0.955180;-0.158488;,
  -0.027950;0.970354;-0.170518;,
  0.006945;0.978493;-0.164203;,
  -0.010401;0.976383;-0.165652;,
  0.005325;0.878971;-0.115578;,
  -0.041621;0.955180;-0.158488;,
  -0.027950;0.970354;-0.170518;,
  -0.054148;0.864661;-0.166046;,
  -0.058254;0.912046;-0.164263;,
  -0.051749;0.892634;-0.166211;,
  -0.063514;0.894907;-0.152768;,
  -0.063514;0.894907;-0.152768;,
  -0.054148;0.864661;-0.166046;,
  -0.058254;0.912046;-0.164263;,
  -0.048613;0.905388;-0.177840;,
  -0.049909;0.880368;-0.180231;,
  -0.047941;0.861932;-0.165117;,
  -0.031886;0.886629;-0.224648;,
  -0.049909;0.880368;-0.180231;,
  -0.030226;0.793534;-0.163815;,
  -0.032902;0.826296;-0.157468;,
  -0.055811;0.780183;-0.168236;,
  -0.034525;0.856439;-0.144437;,
  0.005164;0.546809;0.049626;,
  0.005038;0.513021;0.055538;,
  -0.004392;0.464845;0.000857;,
  0.000848;0.481081;-0.004834;,
  -0.010401;0.976383;-0.165652;,
  0.006945;0.978493;-0.164203;,
  -0.018732;0.837816;-0.219848;,
  -0.010863;0.858842;-0.230702;,
  -0.011296;0.849295;-0.229325;,
  -0.012415;0.884162;-0.230465;,
  -0.012652;0.649191;-0.002426;,
  -0.055811;0.780183;-0.168236;,
  -0.049459;0.286669;0.397112;,
  -0.018291;0.831350;-0.218536;,
  -0.010892;0.827971;-0.225255;,
  -0.010480;0.833297;-0.222501;,
  -0.010280;0.836377;-0.227900;,
  -0.104795;0.738156;-0.133673;,
  -0.073771;0.723586;-0.137848;,
  -0.068125;0.714566;-0.151244;,
  -0.046995;0.708022;-0.176130;,
  -0.044495;0.905834;-0.138891;,
  -0.037699;0.287051;-0.024636;,
  -0.031483;0.243727;-0.156496;,
  -0.042264;0.255167;0.014191;,
  -0.031671;0.307199;-0.162783;,
  -0.040299;0.315869;-0.049594;,
  -0.032747;0.355756;-0.166023;,
  -0.025691;0.399851;-0.063691;,
  -0.024512;0.425004;-0.132164;,
  -0.018564;0.476175;-0.075316;,
  -0.017789;0.495356;-0.102144;,
  -0.003321;0.509827;-0.079151;,
  -0.043525;0.520917;-0.067155;,
  -0.032367;0.189274;-0.154112;,
  -0.041810;0.223070;0.047582;,
  -0.014576;0.399624;0.243758;,
  -0.082705;0.392261;0.203374;,
  -0.063012;0.390044;0.271869;,
  -0.019286;0.395287;0.180525;,
  -0.087889;0.389935;0.129044;,
  -0.023829;0.406098;0.136764;,
  -0.023619;0.381816;0.118763;,
  -0.071435;0.356547;0.104692;,
  -0.096543;0.433598;0.088679;,
  -0.015736;0.448790;0.109353;,
  0.005038;0.513021;0.055538;,
  -0.036920;0.515048;0.060632;,
  -0.073771;0.723586;-0.137848;,
  -0.055965;0.474975;-0.045511;,
  -0.057935;0.388099;0.007379;,
  -0.055057;0.296226;0.070062;,
  -0.055064;0.313735;0.143820;,
  -0.052132;0.327087;0.216649;,
  -0.051242;0.343292;0.296931;,
  0.087611;0.406931;-0.125414;,
  0.042343;0.485998;0.027572;,
  0.082599;0.461454;-0.030614;,
  0.059176;0.384179;-0.199909;,
  0.074472;0.349673;-0.176978;,
  0.065069;0.276709;-0.189017;,
  0.040023;0.207841;-0.201450;,
  -0.083784;0.499571;0.048089;;
  916;
  3;0,1,2;,
  3;1,0,3;,
  3;4,5,6;,
  3;5,4,7;,
  3;8,9,10;,
  3;9,8,11;,
  3;12,13,14;,
  3;13,12,15;,
  3;16,12,17;,
  3;12,16,15;,
  3;18,19,20;,
  3;19,18,16;,
  3;6,21,22;,
  3;21,6,5;,
  3;14,23,24;,
  3;23,14,13;,
  3;25,26,27;,
  3;26,25,28;,
  3;29,30,31;,
  3;30,29,32;,
  3;30,33,31;,
  3;33,30,34;,
  3;35,36,37;,
  3;36,35,38;,
  3;38,39,36;,
  3;39,38,40;,
  3;37,41,42;,
  3;41,37,36;,
  3;36,43,41;,
  3;43,36,39;,
  3;42,30,32;,
  3;30,42,41;,
  3;41,34,30;,
  3;34,41,43;,
  3;44,45,46;,
  3;45,44,47;,
  3;48,49,50;,
  3;49,48,51;,
  3;50,52,53;,
  3;52,50,49;,
  3;54,55,56;,
  3;55,54,57;,
  3;57,58,55;,
  3;58,57,59;,
  3;56,60,61;,
  3;60,56,55;,
  3;55,62,60;,
  3;62,55,58;,
  3;61,49,51;,
  3;49,61,60;,
  3;60,52,49;,
  3;52,60,62;,
  3;32,19,63;,
  3;19,32,29;,
  3;64,65,66;,
  3;65,64,20;,
  3;14,67,12;,
  3;67,14,68;,
  3;68,69,67;,
  3;69,68,70;,
  3;70,42,69;,
  3;42,70,37;,
  3;48,34,51;,
  3;34,48,33;,
  3;51,43,61;,
  3;43,51,34;,
  3;43,56,61;,
  3;56,43,39;,
  3;39,54,56;,
  3;54,39,40;,
  3;12,63,17;,
  3;63,12,67;,
  3;67,32,63;,
  3;32,67,69;,
  3;69,42,32;,
  3;71,72,25;,
  3;73,74,75;,
  3;74,73,76;,
  3;74,77,75;,
  3;77,74,78;,
  3;79,78,80;,
  3;78,79,77;,
  3;81,82,83;,
  3;82,84,85;,
  3;84,82,86;,
  3;87,88,89;,
  3;88,90,89;,
  3;90,88,91;,
  3;92,93,94;,
  3;92,89,93;,
  3;92,87,89;,
  3;89,95,93;,
  3;95,89,90;,
  3;96,93,82;,
  3;93,86,82;,
  3;86,93,95;,
  3;97,98,99;,
  3;98,97,100;,
  3;100,101,98;,
  3;101,100,102;,
  3;103,104,105;,
  3;104,103,106;,
  3;106,107,104;,
  3;107,106,108;,
  3;105,109,110;,
  3;109,105,104;,
  3;104,111,109;,
  3;111,104,107;,
  3;110,100,97;,
  3;100,110,109;,
  3;109,102,100;,
  3;102,109,111;,
  3;112,113,114;,
  3;113,112,115;,
  3;116,117,118;,
  3;117,116,119;,
  3;120,121,122;,
  3;121,120,123;,
  3;120,124,125;,
  3;124,120,122;,
  3;126,124,127;,
  3;124,126,125;,
  3;95,97,86;,
  3;97,95,110;,
  3;86,99,84;,
  3;99,86,97;,
  3;90,103,105;,
  3;103,90,91;,
  3;105,95,90;,
  3;95,105,110;,
  3;128,96,129;,
  3;96,128,94;,
  3;129,130,128;,
  3;130,129,131;,
  3;72,28,25;,
  3;28,72,132;,
  3;10,133,8;,
  3;134,135,136;,
  3;135,134,137;,
  3;81,137,134;,
  3;138,11,139;,
  3;138,9,11;,
  3;138,140,9;,
  3;141,11,142;,
  3;11,141,139;,
  3;128,130,143;,
  3;94,144,92;,
  3;94,143,144;,
  3;94,128,143;,
  3;145,87,146;,
  3;87,145,147;,
  3;75,148,73;,
  3;148,75,149;,
  3;150,147,145;,
  3;7,149,75;,
  3;148,151,73;,
  3;102,152,101;,
  3;152,102,126;,
  3;102,125,126;,
  3;125,102,111;,
  3;111,120,125;,
  3;120,111,107;,
  3;120,108,123;,
  3;108,120,107;,
  3;8,153,154;,
  3;153,8,133;,
  3;154,155,8;,
  3;155,154,156;,
  3;122,114,113;,
  3;114,122,121;,
  3;121,112,114;,
  3;112,121,157;,
  3;158,124,159;,
  3;124,158,127;,
  3;159,122,113;,
  3;122,159,124;,
  3;126,160,152;,
  3;160,126,161;,
  3;162,121,123;,
  3;121,162,163;,
  3;121,164,157;,
  3;164,121,163;,
  3;165,126,127;,
  3;126,165,161;,
  3;161,166,160;,
  3;166,161,167;,
  3;162,118,163;,
  3;118,162,116;,
  3;163,117,164;,
  3;117,163,118;,
  3;165,167,161;,
  3;167,165,168;,
  3;169,170,171;,
  3;170,169,172;,
  3;173,174,175;,
  3;174,173,176;,
  3;177,178,179;,
  3;178,177,173;,
  3;180,178,181;,
  3;178,180,182;,
  3;183,169,171;,
  3;169,183,184;,
  3;174,185,186;,
  3;185,174,176;,
  3;46,187,44;,
  3;187,46,188;,
  3;180,169,182;,
  3;169,180,172;,
  3;20,29,65;,
  3;19,29,20;,
  3;29,31,189;,
  3;31,190,189;,
  3;190,31,33;,
  3;33,191,190;,
  3;191,33,48;,
  3;191,50,192;,
  3;50,191,48;,
  3;192,53,193;,
  3;53,192,50;,
  3;194,171,185;,
  3;171,194,183;,
  3;171,186,185;,
  3;186,171,170;,
  3;185,176,194;,
  3;194,173,177;,
  3;173,194,176;,
  3;178,175,181;,
  3;175,178,173;,
  3;179,182,184;,
  3;182,179,178;,
  3;182,169,184;,
  3;16,17,19;,
  3;17,63,19;,
  3;65,195,66;,
  3;196,197,198;,
  3;197,196,199;,
  3;200,154,153;,
  3;154,200,201;,
  3;202,203,204;,
  3;205,206,207;,
  3;196,208,209;,
  3;208,196,198;,
  3;210,209,211;,
  3;209,210,196;,
  3;212,213,214;,
  3;213,212,215;,
  3;212,214,211;,
  3;201,216,217;,
  3;216,201,200;,
  3;218,219,220;,
  3;219,218,217;,
  3;210,199,196;,
  3;213,205,207;,
  3;221,222,223;,
  3;198,197,224;,
  3;224,225,226;,
  3;225,224,197;,
  3;227,213,207;,
  3;228,229,214;,
  3;229,228,230;,
  3;220,231,232;,
  3;213,228,214;,
  3;156,201,233;,
  3;201,156,154;,
  3;233,217,218;,
  3;217,233,201;,
  3;219,217,234;,
  3;235,219,234;,
  3;236,237,238;,
  3;237,236,239;,
  3;209,240,211;,
  3;240,209,241;,
  3;211,242,212;,
  3;242,211,240;,
  3;243,239,244;,
  3;239,243,237;,
  3;244,236,245;,
  3;236,244,239;,
  3;246,221,223;,
  3;221,246,215;,
  3;221,212,247;,
  3;212,221,215;,
  3;199,248,2;,
  3;248,199,249;,
  3;133,10,250;,
  3;249,210,251;,
  3;210,249,199;,
  3;210,211,251;,
  3;252,1,253;,
  3;1,252,2;,
  3;20,254,18;,
  3;254,20,64;,
  3;24,68,14;,
  3;68,24,255;,
  3;68,256,70;,
  3;256,68,255;,
  3;256,37,70;,
  3;37,256,257;,
  3;258,2,252;,
  3;2,258,199;,
  3;257,259,37;,
  3;37,259,35;,
  3;260,204,261;,
  3;204,260,202;,
  3;262,263,223;,
  3;263,262,264;,
  3;197,258,225;,
  3;258,197,199;,
  3;265,203,227;,
  3;265,207,266;,
  3;207,265,227;,
  3;223,267,246;,
  3;267,223,263;,
  3;88,87,147;,
  3;83,82,85;,
  3;78,16,18;,
  3;16,78,74;,
  3;74,15,16;,
  3;15,74,76;,
  3;15,71,13;,
  3;71,15,76;,
  3;13,268,23;,
  3;268,13,71;,
  3;248,269,2;,
  3;2,269,0;,
  3;136,129,134;,
  3;129,136,131;,
  3;134,96,81;,
  3;96,134,129;,
  3;96,82,81;,
  3;93,96,94;,
  3;29,189,65;,
  3;205,215,246;,
  3;267,205,246;,
  3;205,267,206;,
  3;205,213,215;,
  3;187,188,270;,
  3;224,271,272;,
  3;222,221,208;,
  3;224,222,198;,
  3;272,273,262;,
  3;273,272,271;,
  3;263,274,275;,
  3;273,276,262;,
  3;277,271,278;,
  3;271,277,273;,
  3;222,272,262;,
  3;272,222,224;,
  3;222,208,198;,
  3;209,221,247;,
  3;221,209,208;,
  3;223,222,262;,
  3;266,206,279;,
  3;206,266,207;,
  3;206,280,279;,
  3;280,206,267;,
  3;280,263,275;,
  3;263,280,267;,
  3;264,262,276;,
  3;76,73,72;,
  3;138,281,140;,
  3;73,132,72;,
  3;132,73,151;,
