xof 0303txt 0032
template ColorRGBA {
 <35ff44e0-6c7c-11cf-8f52-0040333594a3>
 FLOAT red;
 FLOAT green;
 FLOAT blue;
 FLOAT alpha;
}

template ColorRGB {
 <d3e16e81-7835-11cf-8f52-0040333594a3>
 FLOAT red;
 FLOAT green;
 FLOAT blue;
}

template Material {
 <3d82ab4d-62da-11cf-ab39-0020af71e433>
 ColorRGBA faceColor;
 FLOAT power;
 ColorRGB specularColor;
 ColorRGB emissiveColor;
 [...]
}

template TextureFilename {
 <a42790e1-7810-11cf-8f52-0040333594a3>
 STRING filename;
}

template Frame {
 <3d82ab46-62da-11cf-ab39-0020af71e433>
 [...]
}

template Matrix4x4 {
 <f6f23f45-7686-11cf-8f52-0040333594a3>
 array FLOAT matrix[16];
}

template FrameTransformMatrix {
 <f6f23f41-7686-11cf-8f52-0040333594a3>
 Matrix4x4 frameMatrix;
}

template Vector {
 <3d82ab5e-62da-11cf-ab39-0020af71e433>
 FLOAT x;
 FLOAT y;
 FLOAT z;
}

template MeshFace {
 <3d82ab5f-62da-11cf-ab39-0020af71e433>
 DWORD nFaceVertexIndices;
 array DWORD faceVertexIndices[nFaceVertexIndices];
}

template Mesh {
 <3d82ab44-62da-11cf-ab39-0020af71e433>
 DWORD nVertices;
 array Vector vertices[nVertices];
 DWORD nFaces;
 array MeshFace faces[nFaces];
 [...]
}

template MeshMaterialList {
 <f6f23f42-7686-11cf-8f52-0040333594a3>
 DWORD nMaterials;
 DWORD nFaceIndexes;
 array DWORD faceIndexes[nFaceIndexes];
 [Material <3d82ab4d-62da-11cf-ab39-0020af71e433>]
}

template VertexElement {
 <f752461c-1e23-48f6-b9f8-8350850f336f>
 DWORD Type;
 DWORD Method;
 DWORD Usage;
 DWORD UsageIndex;
}

template DeclData {
 <bf22e553-292c-4781-9fea-62bd554bdd93>
 DWORD nElements;
 array VertexElement Elements[nElements];
 DWORD nDWords;
 array DWORD data[nDWords];
}

template XSkinMeshHeader {
 <3cf169ce-ff7c-44ab-93c0-f78f62d172e2>
 WORD nMaxSkinWeightsPerVertex;
 WORD nMaxSkinWeightsPerFace;
 WORD nBones;
}

template SkinWeights {
 <6f0d123b-bad2-4167-a0d0-80224f25fabb>
 STRING transformNodeName;
 DWORD nWeights;
 array DWORD vertexIndices[nWeights];
 array FLOAT weights[nWeights];
 Matrix4x4 matrixOffset;
}

template AnimTicksPerSecond {
 <9e415a43-7ba6-4a73-8743-b73d47e88476>
 DWORD AnimTicksPerSecond;
}

template Animation {
 <3d82ab4f-62da-11cf-ab39-0020af71e433>
 [...]
}

template AnimationSet {
 <3d82ab50-62da-11cf-ab39-0020af71e433>
 [Animation <3d82ab4f-62da-11cf-ab39-0020af71e433>]
}

template FloatKeys {
 <10dd46a9-775b-11cf-8f52-0040333594a3>
 DWORD nValues;
 array FLOAT values[nValues];
}

template TimedFloatKeys {
 <f406b180-7b3b-11cf-8f52-0040333594a3>
 DWORD time;
 FloatKeys tfkeys;
}

template AnimationKey {
 <10dd46a8-775b-11cf-8f52-0040333594a3>
 DWORD keyType;
 DWORD nKeys;
 array TimedFloatKeys keys[nKeys];
}


Material _03_-_Default {
 1.000000;1.000000;1.000000;1.000000;;
 9.999999;
 0.000000;0.000000;0.000000;;
 0.000000;0.000000;0.000000;;

 TextureFilename {
  "MaleBody_full.png";
 }
}

Frame Dummy01 {
 

 FrameTransformMatrix {
  1.000000,0.000000,0.000000,0.000000,0.000000,-0.000000,-1.000000,0.000000,0.000000,1.000000,-0.000000,0.000000,0.000000,0.000000,0.000000,1.000000;;
 }

 Frame Bip01 {
  

  FrameTransformMatrix {
   -0.080179,0.981118,-0.176006,0.000000,-0.020050,0.174952,0.984373,0.000000,0.996579,0.082455,0.005644,0.000000,-0.011481,-0.159584,0.231986,1.000000;;
  }

  Frame Bip01_Pelvis {
   

   FrameTransformMatrix {
    0.000000,0.996882,-0.078906,0.000000,-0.000001,0.078906,0.996882,0.000000,1.000000,0.000000,0.000001,0.000000,0.000000,0.000000,0.000000,1.000000;;
   }

   Frame Bip01_Spine {
    

    FrameTransformMatrix {
     0.893813,0.112613,0.434070,0.000000,-0.122496,0.992455,-0.005241,0.000000,-0.431385,-0.048487,0.900864,0.000000,0.051509,0.004078,-0.000076,1.000000;;
    }

    Frame Bip01_Spine1 {
     

     FrameTransformMatrix {
      0.991348,-0.019396,0.129819,0.000000,0.009819,0.997209,0.074008,0.000000,-0.130892,-0.072093,0.988772,0.000000,0.106491,0.000006,-0.000084,1.000000;;
     }

     Frame Bip01_Neck {
      

      FrameTransformMatrix {
       0.903366,0.000001,0.428870,0.000000,-0.000001,1.000000,-0.000000,0.000000,-0.428870,-0.000000,0.903366,0.000000,0.130516,0.000000,0.004628,1.000000;;
      }

      Frame Bip01_Head {
       

       FrameTransformMatrix {
        0.904021,0.037192,-0.425867,0.000000,-0.008131,0.997524,0.069855,0.000000,0.427410,-0.059687,0.902085,0.000000,0.033674,0.000000,0.000000,1.000000;;
       }

       Frame Bip01_HeadNub {
        

        FrameTransformMatrix {
         1.000000,0.000000,-0.000000,0.000000,0.000000,1.000000,-0.000000,0.000000,0.000000,0.000000,1.000000,0.000000,0.169824,0.000000,-0.000000,1.000000;;
        }
       }
      }

      Frame Bip01_L_Clavicle {
       

       FrameTransformMatrix {
        -0.308853,0.939693,0.146926,0.000000,0.848565,0.342019,-0.403683,0.000000,-0.429589,-0.000003,-0.903024,0.000000,-0.023698,0.015715,0.006128,1.000000;;
       }

       Frame Bip01_L_UpperArm {
        

        FrameTransformMatrix {
         0.535078,-0.747757,-0.393131,0.000000,0.844802,0.472886,0.250377,0.000000,-0.001315,-0.466089,0.884737,0.000000,0.087086,0.000000,-0.000000,1.000000;;
        }

        Frame Bip01_L_Forearm {
         

         FrameTransformMatrix {
          0.664751,0.000000,-0.747065,0.000000,-0.000000,1.000000,0.000000,0.000000,0.747065,0.000000,0.664751,0.000000,0.137062,0.000000,-0.000000,1.000000;;
         }

         Frame Bip01_L_Hand {
          

          FrameTransformMatrix {
           0.994632,-0.013169,0.102633,0.000000,-0.082035,0.504164,0.859703,0.000000,-0.063065,-0.863507,0.500378,0.000000,0.137062,0.000000,-0.000000,1.000000;;
          }

          Frame Bip01_L_Finger0 {
           

           FrameTransformMatrix {
            0.685027,-0.174416,0.707331,0.000000,0.558537,0.749101,-0.356210,0.000000,-0.467733,0.639084,0.610572,0.000000,0.057681,-0.023605,-0.000272,1.000000;;
           }

           Frame Bip01_L_Finger0Nub {
            

            FrameTransformMatrix {
             1.000000,0.000000,0.000000,0.000000,0.000000,1.000000,-0.000000,0.000000,-0.000000,0.000000,1.000000,0.000000,0.029435,-0.000000,-0.000000,1.000000;;
            }
           }
          }

          Frame Bip01_L_Finger1 {
           

           FrameTransformMatrix {
            0.757245,-0.000520,0.653131,0.000000,-0.000000,1.000000,0.000796,0.000000,-0.653131,-0.000603,0.757245,0.000000,0.084102,0.000000,0.000000,1.000000;;
           }

           Frame Bip01_L_Finger1Nub {
            

            FrameTransformMatrix {
             1.000000,0.000000,0.000000,0.000000,0.000000,1.000000,0.000000,0.000000,0.000000,0.000000,1.000000,0.000000,0.047988,0.000000,0.000000,1.000000;;
            }
           }
          }
         }
        }
       }
      }

      Frame Bip01_R_Clavicle {
       

       FrameTransformMatrix {
        -0.308853,-0.939692,0.146931,0.000000,-0.848565,0.342021,0.403681,0.000000,-0.429589,-0.000002,-0.903024,0.000000,-0.023698,-0.015714,0.006128,1.000000;;
       }

       Frame Bip01_R_UpperArm {
        

        FrameTransformMatrix {
         0.670746,0.630105,-0.391238,0.000000,-0.661793,0.746609,0.067855,0.000000,0.334857,0.213405,0.917785,0.000000,0.087086,-0.000000,0.000000,1.000000;;
        }

        Frame Bip01_R_Forearm {
         

         FrameTransformMatrix {
          0.460530,0.000000,-0.887644,0.000000,-0.000000,1.000000,0.000000,0.000000,0.887644,0.000000,0.460530,0.000000,0.137062,0.000000,0.000000,1.000000;;
         }

         Frame Bip01_R_Hand {
          

          FrameTransformMatrix {
           0.904007,0.243182,0.351615,0.000000,0.230998,0.414216,-0.880378,0.000000,-0.359737,0.877090,0.318280,0.000000,0.137062,0.000000,0.000000,1.000000;;
          }

          Frame Bip01_R_Finger0 {
           

           FrameTransformMatrix {
            0.597031,0.227165,0.769383,0.000000,-0.628536,0.728421,0.272665,0.000000,-0.498495,-0.646375,0.577671,0.000000,0.057681,0.023605,-0.000272,1.000000;;
           }

           Frame Bip01_R_Finger0Nub {
            

            FrameTransformMatrix {
             -1.000000,-0.000000,0.000000,0.000000,0.000000,1.000000,0.000000,0.000000,0.000000,-0.000000,-1.000000,0.000000,0.029435,0.000000,-0.000000,1.000000;;
            }
           }
          }

          Frame Bip01_R_Finger1 {
           

           FrameTransformMatrix {
            0.864135,0.000401,0.503259,0.000000,0.000000,1.000000,-0.000796,0.000000,-0.503259,0.000688,0.864135,0.000000,0.084102,0.000000,0.000000,1.000000;;
           }

           Frame Bip01_R_Finger1Nub {
            

            FrameTransformMatrix {
             -1.000000,0.000000,0.000000,0.000000,0.000000,1.000000,-0.000000,0.000000,0.000000,-0.000000,-1.000000,0.000000,0.047988,0.000000,0.000000,1.000000;;
            }
           }
          }
         }
        }
       }
      }
     }

     Frame Bip01_BackPack {
      

      FrameTransformMatrix {
       0.190104,-0.000002,-0.981764,0.000000,0.000003,1.000000,-0.000002,0.000000,0.981764,-0.000002,0.190104,0.000000,0.063697,-0.000000,-0.088856,1.000000;;
      }

      Frame Bip01_BackPackNub {
       

       FrameTransformMatrix {
        0.000796,0.000003,1.000000,0.000000,-0.000000,-1.000000,0.000003,0.000000,1.000000,0.000000,-0.000796,0.000000,0.053240,-0.000000,0.000000,1.000000;;
       }
      }
     }
    }

    Frame Bip01_L_Thigh {
     

     FrameTransformMatrix {
      0.556666,0.101697,0.824488,0.000000,-0.073980,-0.982467,0.171131,0.000000,0.827436,-0.156258,-0.539382,0.000000,-0.040246,0.057070,0.019809,1.000000;;
     }

     Frame Bip01_L_Calf {
      

      FrameTransformMatrix {
       -0.580034,0.000000,-0.814593,0.000000,0.000000,1.000000,-0.000000,0.000000,0.814593,0.000000,-0.580034,0.000000,0.237500,-0.000000,0.000000,1.000000;;
      }

      Frame Bip01_L_Foot {
       

       FrameTransformMatrix {
        0.786922,0.124221,0.604419,0.000000,-0.108736,0.992114,-0.062332,0.000000,-0.607396,-0.016672,0.794224,0.000000,0.206841,0.000000,0.000000,1.000000;;
       }

       Frame Bip01_L_Toe0 {
        

        FrameTransformMatrix {
         -0.000002,0.043302,0.999062,0.000000,0.000001,0.999062,-0.043302,0.000000,-1.000000,0.000001,-0.000002,0.000000,0.065373,0.000000,0.066450,1.000000;;
        }

        Frame Bip01_L_Toe0Nub {
         

         FrameTransformMatrix {
          -1.000000,0.000000,0.000000,0.000000,-0.000000,1.000000,-0.000000,0.000000,0.000000,-0.000000,-1.000000,0.000000,0.006735,0.000000,-0.000000,1.000000;;
         }
        }
       }
      }
     }
    }

    Frame Bip01_R_Thigh {
     

     FrameTransformMatrix {
      -0.534018,-0.191691,0.823456,0.000000,0.075855,-0.980894,-0.179148,0.000000,0.842063,-0.033205,0.538356,0.000000,-0.052685,-0.052547,0.025164,1.000000;;
     }

     Frame Bip01_R_Calf {
      

      FrameTransformMatrix {
       -0.670836,-0.000000,-0.741605,0.000000,0.000000,1.000000,-0.000000,0.000000,0.741605,-0.000000,-0.670836,0.000000,0.237500,0.000000,-0.000000,1.000000;;
      }

      Frame Bip01_R_Foot {
       

       FrameTransformMatrix {
        0.781215,-0.056205,0.621726,0.000000,0.096382,0.994856,-0.031169,0.000000,-0.616776,0.084273,0.782614,0.000000,0.206841,0.000000,0.000000,1.000000;;
       }

       Frame Bip01_R_Toe0 {
        

        FrameTransformMatrix {
         -0.934611,-0.243868,0.258901,0.000000,-0.154074,0.933679,0.323273,0.000000,-0.320567,0.262245,-0.910200,0.000000,0.065373,0.000000,0.066450,1.000000;;
        }

        Frame Bip01_R_Toe0Nub {
         

         FrameTransformMatrix {
          1.000000,0.000000,0.000000,0.000000,0.000000,1.000000,0.000000,0.000000,0.000000,0.000000,1.000000,0.000000,0.006735,0.000000,0.000000,1.000000;;
         }
        }
       }
      }
     }
    }
   }

   Frame Bip01_DressFront {
    

    FrameTransformMatrix {
     -0.097028,-0.111467,0.989020,0.000000,0.432371,0.890323,0.142761,0.000000,-0.896460,0.441475,-0.038191,0.000000,0.003632,0.001335,0.071002,1.000000;;
    }

    Frame Bip01_DressFront02 {
     

     FrameTransformMatrix {
      0.267341,-0.385860,0.882973,0.000000,0.118647,0.922534,0.367225,0.000000,-0.956270,0.006588,0.292412,0.000000,0.183450,-0.000001,-0.000038,1.000000;;
     }

     Frame Bip01_DressFrontNub {
      

      FrameTransformMatrix {
       0.000796,0.000003,1.000000,0.000000,0.000000,-1.000000,0.000003,0.000000,1.000000,0.000000,-0.000796,0.000000,0.165302,0.000000,0.000000,1.000000;;
      }
     }
    }
   }

   Frame Bip01_DressBack {
    

    FrameTransformMatrix {
     -0.609144,-0.098716,0.786892,0.000000,0.446575,0.777263,0.443208,0.000000,-0.655373,0.621384,-0.429381,0.000000,-0.052305,0.004336,-0.081415,1.000000;;
    }

    Frame Bip01_DressBack02 {
     

     FrameTransformMatrix {
      0.342210,-0.587645,0.733189,0.000000,0.249062,0.809119,0.532254,0.000000,-0.906014,0.000467,0.423248,0.000000,0.176257,-0.000000,-0.000046,1.000000;;
     }

     Frame Bip01_DressBackNub {
      

      FrameTransformMatrix {
       0.000796,0.000003,1.000000,0.000000,-0.000000,-1.000000,0.000003,0.000000,1.000000,-0.000000,-0.000796,0.000000,0.136508,0.000000,-0.000000,1.000000;;
      }
     }
    }
   }
  }

  Frame Bip01_Prop1 {
   

   FrameTransformMatrix {
    -0.815035,-0.159105,0.557139,0.000000,0.534373,0.165284,0.828931,0.000000,-0.223973,0.973328,-0.049691,0.000000,0.181311,-0.067708,-0.164770,1.000000;;
   }
  }

  Frame Bip01_Prop2 {
   

   FrameTransformMatrix {
    0.536270,-0.785421,0.309078,0.000000,0.776128,0.314949,-0.546290,0.000000,0.331724,0.532843,0.778484,0.000000,0.187787,-0.109983,0.160007,1.000000;;
   }
  }
 }
}

Frame Translation_Data {
 

 FrameTransformMatrix {
  1.000000,0.000000,0.000000,0.000000,0.000000,-0.000000,-1.000000,0.000000,0.000000,1.000000,-0.000000,0.000000,0.000000,-0.000000,0.000000,1.000000;;
 }
}

Frame Body {
 

 FrameTransformMatrix {
  1.000000,0.000000,0.000000,0.000000,0.000000,1.000000,0.000000,0.000000,0.000000,0.000000,1.000000,0.000000,0.000000,0.000000,0.000000,1.000000;;
 }

 Mesh Body {
  617;
  0.045393;0.419091;-0.010378;,
  0.010549;0.419500;-0.007742;,
  0.006830;0.452602;-0.014004;,
  0.052677;0.401640;-0.001519;,
  0.062515;0.394086;0.000989;,
  0.030974;0.356512;0.014999;,
  0.016591;0.384265;-0.001365;,
  0.071314;0.375561;0.032749;,
  0.012634;0.492345;0.000187;,
  0.064849;0.484567;0.030146;,
  0.054847;0.466250;0.011116;,
  0.035491;0.495659;0.033740;,
  0.069423;0.294152;0.181208;,
  0.031004;0.305003;0.199399;,
  0.030851;0.290378;0.209851;,
  0.062425;0.303845;0.174869;,
  0.052566;0.290320;0.122355;,
  0.068557;0.272082;0.144036;,
  0.022806;0.276718;0.097004;,
  0.054056;0.245201;0.124596;,
  0.025810;0.229479;0.115380;,
  -0.023472;0.354388;0.016445;,
  -0.024320;0.386808;0.000910;,
  -0.011441;0.300428;0.203722;,
  -0.010432;0.282648;0.214376;,
  0.045469;0.403058;0.136518;,
  -0.004718;0.444089;0.123351;,
  -0.005772;0.409106;0.144384;,
  0.051067;0.439162;0.111917;,
  0.040708;0.259512;0.113883;,
  0.086676;0.249587;0.011895;,
  0.045476;0.273198;0.012594;,
  0.079292;0.235992;0.119949;,
  0.049300;0.243552;-0.098083;,
  0.079500;0.231959;-0.080774;,
  -0.006098;0.248992;0.113131;,
  0.017204;0.167861;0.017132;,
  0.011971;0.183978;0.234135;,
  0.001345;0.242071;0.013554;,
  0.027444;0.214053;-0.065847;,
  0.023131;0.226186;-0.083288;,
  0.095172;0.185516;0.016143;,
  0.081698;0.188316;0.131122;,
  0.067794;0.219799;-0.064514;,
  0.085569;-0.001437;0.054872;,
  0.044072;-0.001522;0.098576;,
  0.040849;-0.001414;0.049863;,
  0.078907;-0.001545;0.099818;,
  0.056808;0.177103;-0.069863;,
  0.086853;0.134986;-0.000106;,
  0.060069;0.117603;-0.025818;,
  0.085732;0.195187;-0.044340;,
  0.083260;0.070250;0.048740;,
  0.065366;0.058956;0.021910;,
  0.014785;0.171442;-0.041464;,
  0.022030;0.156963;0.024825;,
  0.010779;0.214147;-0.005869;,
  0.028722;0.126762;-0.004793;,
  0.048541;0.086058;0.064116;,
  0.047157;0.059933;0.045066;,
  0.083890;0.161597;0.027622;,
  0.081835;0.227513;-0.007135;,
  0.072416;0.092034;0.063249;,
  0.077871;0.245193;0.153366;,
  -0.015075;0.216431;0.108947;,
  -0.006098;0.248992;0.113131;,
  -0.010550;0.185058;0.128478;,
  0.084466;0.249742;0.207398;,
  0.036897;0.248513;0.235992;,
  0.082271;0.195989;0.169204;,
  0.039311;0.190665;0.198833;,
  0.039174;0.358561;0.163237;,
  0.074933;0.389476;0.120190;,
  0.084290;0.382710;0.102546;,
  0.055848;0.320013;0.096873;,
  0.071716;0.354029;0.058683;,
  0.068456;0.344390;0.139112;,
  0.033624;0.333066;0.035072;,
  0.030257;0.302065;0.076883;,
  -0.020190;0.334227;0.033885;,
  -0.018722;0.297337;0.079854;,
  0.107121;0.388573;-0.000865;,
  0.124892;0.344247;0.015995;,
  0.053320;0.387567;-0.001196;,
  0.083434;0.287842;0.034579;,
  0.066845;0.329547;0.013901;,
  0.130724;0.298791;0.036300;,
  0.048782;0.392196;0.059384;,
  0.066845;0.329547;0.013901;,
  0.060291;0.345867;0.077589;,
  0.079880;0.290262;0.086537;,
  0.083434;0.287842;0.034579;,
  0.055973;0.396872;0.066790;,
  0.118374;0.360894;0.079689;,
  0.100114;0.403983;0.062869;,
  0.127051;0.301036;0.088311;,
  0.111342;0.398247;0.027149;,
  0.137416;0.288278;0.022172;,
  0.102963;0.222307;-0.005659;,
  0.081979;0.273487;0.019287;,
  0.137628;0.234066;-0.002937;,
  0.112338;0.183302;-0.017033;,
  0.139247;0.187138;-0.020906;,
  0.081979;0.273487;0.019287;,
  0.113350;0.203616;0.047413;,
  0.084182;0.251353;0.078440;,
  0.102963;0.222307;-0.005659;,
  0.126985;0.171336;0.016595;,
  0.112338;0.183302;-0.017033;,
  0.139842;0.213033;0.049302;,
  0.139303;0.266133;0.081378;,
  0.142361;0.171973;0.013285;,
  0.118939;0.064074;-0.062560;,
  0.133830;0.085226;-0.011692;,
  0.108387;0.080416;-0.052290;,
  0.143947;0.069197;-0.022269;,
  0.101097;0.108975;-0.052246;,
  0.114895;0.102753;-0.059411;,
  0.108895;0.101144;-0.050329;,
  0.102572;0.109840;-0.063786;,
  0.128762;0.137729;0.010001;,
  0.122636;0.130626;-0.049642;,
  0.145085;0.108825;-0.007145;,
  0.101619;0.149971;-0.029818;,
  0.161703;0.108063;-0.018161;,
  0.160482;0.151665;-0.005200;,
  0.132772;0.165635;-0.046902;,
  0.140282;0.129795;-0.058830;,
  0.086294;0.454148;0.015319;,
  0.087132;0.434877;-0.007457;,
  0.054847;0.466250;0.011116;,
  0.050377;0.446675;-0.006707;,
  0.085101;0.428742;0.091984;,
  0.018577;0.469319;-0.015819;,
  0.076348;0.411139;-0.011183;,
  0.052677;0.401640;-0.001519;,
  0.045393;0.419091;-0.010378;,
  0.074478;0.396768;0.002193;,
  0.083420;0.454579;0.056631;,
  0.050692;0.466124;0.079928;,
  0.084926;0.454609;0.051107;,
  -0.005701;0.468612;0.093781;,
  -0.011493;0.492106;0.038814;,
  0.064849;0.484567;0.030146;,
  0.084926;0.454609;0.051107;,
  0.064933;0.405579;0.029087;,
  0.083607;0.440556;0.050603;,
  0.053320;0.387567;-0.001196;,
  0.083053;0.405976;0.069327;,
  0.071711;0.382202;0.045980;,
  0.062515;0.394086;0.000989;,
  0.090375;0.417811;0.078971;,
  0.101619;0.149971;-0.029818;,
  0.013437;0.483458;-0.038002;,
  0.007876;0.502103;-0.025413;,
  -0.015356;0.498966;0.005936;,
  -0.016448;0.512605;-0.018322;,
  0.140282;0.129795;-0.058830;,
  0.118939;0.064074;-0.062560;,
  0.143947;0.069197;-0.022269;,
  0.099112;0.127249;-0.044477;,
  0.109776;0.127905;-0.068074;,
  0.099112;0.127249;-0.044477;,
  0.114146;0.117780;-0.043416;,
  0.130467;0.124673;-0.060499;,
  0.130467;0.124673;-0.060499;,
  0.101097;0.108975;-0.052246;,
  0.102572;0.109840;-0.063786;,
  0.114895;0.102753;-0.059411;,
  0.095132;0.020228;-0.021620;,
  0.066843;-0.001385;-0.067635;,
  0.065210;0.017194;-0.060462;,
  0.100999;-0.001396;-0.028609;,
  0.040789;0.031889;0.087793;,
  0.040849;-0.001414;0.049863;,
  0.044072;-0.001522;0.098576;,
  0.039588;0.023543;0.047273;,
  0.048541;0.086058;0.064116;,
  0.082313;0.034911;0.089061;,
  0.072416;0.092034;0.063249;,
  0.085569;-0.001437;0.054872;,
  0.078907;-0.001545;0.099818;,
  0.086825;0.033508;0.052452;,
  0.065366;0.058956;0.021910;,
  0.083260;0.070250;0.048740;,
  0.037291;0.014161;-0.051209;,
  0.031483;-0.001373;-0.058704;,
  0.100999;-0.001396;-0.028609;,
  0.031483;-0.001373;-0.058704;,
  0.001345;0.242071;0.013554;,
  0.023131;0.226186;-0.083288;,
  0.014785;0.171442;-0.041464;,
  0.028722;0.126762;-0.004793;,
  0.047157;0.059933;0.045066;,
  0.047157;0.059933;0.045066;,
  -0.005270;0.181670;0.180096;,
  0.020761;0.471212;-0.055338;,
  -0.000164;0.454899;-0.059823;,
  0.008330;0.457799;-0.066566;,
  0.002882;0.468620;-0.044719;,
  0.018342;0.501536;-0.048080;,
  0.014962;0.522868;-0.037307;,
  -0.005510;0.575620;-0.146633;,
  -0.030449;0.555746;-0.159503;,
  -0.024691;0.581981;-0.146477;,
  -0.002168;0.493014;-0.142958;,
  -0.020141;0.490485;-0.144779;,
  -0.003684;0.520587;-0.153921;,
  0.013669;0.470692;-0.082744;,
  0.027126;0.494295;-0.070625;,
  0.021206;0.485658;-0.055417;,
  0.032259;0.531947;-0.079557;,
  0.028254;0.525932;-0.103006;,
  0.012888;0.534117;-0.147824;,
  0.026837;0.550990;-0.130479;,
  0.018593;0.506810;-0.119843;,
  0.033080;0.545184;-0.069239;,
  0.026766;0.565547;-0.057253;,
  -0.009202;0.578599;-0.043407;,
  0.018763;0.595140;-0.094836;,
  -0.011259;0.607511;-0.083277;,
  0.018972;0.489768;-0.104845;,
  0.001543;0.456028;-0.085803;,
  -0.000011;0.473501;-0.117188;,
  -0.015417;0.431766;-0.077047;,
  -0.032175;0.437370;-0.061739;,
  -0.036476;0.426020;-0.079050;,
  -0.006016;0.541653;-0.158730;,
  0.013696;0.565128;-0.142832;,
  0.029666;0.579355;-0.109834;,
  0.014844;0.589330;-0.125411;,
  -0.000637;0.599930;-0.121410;,
  -0.016993;0.605504;-0.118436;,
  -0.012110;0.541564;-0.028106;,
  0.029666;0.579355;-0.109834;,
  0.014844;0.589330;-0.125411;,
  0.033155;0.495131;-0.073755;,
  0.041194;0.536321;-0.096206;,
  0.047577;0.525882;-0.078776;,
  0.032942;0.519733;-0.087279;,
  0.047577;0.525882;-0.078776;,
  0.033155;0.495131;-0.073755;,
  0.041194;0.536321;-0.096206;,
  0.028254;0.525932;-0.103006;,
  0.027046;0.502895;-0.092945;,
  0.027126;0.494295;-0.070625;,
  0.000001;0.490831;-0.131154;,
  0.027046;0.502895;-0.092945;,
  0.018577;0.469319;-0.015819;,
  0.013437;0.483458;-0.038002;,
  0.050377;0.446675;-0.006707;,
  0.018342;0.501536;-0.048080;,
  -0.023357;0.434173;-0.017267;,
  -0.023502;0.412751;-0.006917;,
  -0.020442;0.271129;0.098036;,
  -0.004547;0.242387;0.240243;,
  -0.001421;0.208339;0.242996;,
  -0.004248;0.170648;0.160242;,
  -0.027169;0.445536;-0.044452;,
  -0.005270;0.181670;0.180096;,
  -0.000637;0.599930;-0.121410;,
  -0.016993;0.605504;-0.118436;,
  -0.015449;0.453068;-0.100921;,
  -0.023922;0.467638;-0.119298;,
  -0.023925;0.459925;-0.113491;,
  -0.033107;0.540886;-0.162983;,
  -0.036113;0.515879;-0.159379;,
  -0.020411;0.489429;-0.131806;,
  -0.007809;0.360795;0.169553;,
  0.050377;0.446675;-0.006707;,
  0.066843;-0.001385;-0.067635;,
  -0.025042;0.443401;-0.099449;,
  -0.016080;0.448151;-0.096545;,
  -0.024410;0.449375;-0.099647;,
  -0.037468;0.457904;-0.114784;,
  -0.039265;0.458896;-0.127294;,
  -0.025586;0.449567;-0.105751;,
  -0.035933;0.450925;-0.098462;,
  -0.037233;0.442103;-0.098730;,
  -0.038114;0.487957;-0.146600;,
  -0.037456;0.482963;-0.137765;,
  0.083607;0.440556;0.050603;,
  -0.037527;0.448959;-0.106940;,
  0.062979;0.418772;0.039697;,
  0.064933;0.405579;0.029087;,
  0.062515;0.394086;0.000989;,
  0.033080;0.545184;-0.069239;,
  0.056808;0.177103;-0.069863;,
  0.017295;0.074477;-0.063941;,
  0.000248;0.142530;-0.087094;,
  0.060069;0.117603;-0.025818;,
  0.049300;0.243552;-0.098083;,
  -0.005545;0.226574;-0.088984;,
  0.045476;0.273198;0.012594;,
  -0.010802;0.240113;0.009463;,
  0.040708;0.259512;0.113883;,
  -0.008654;0.254994;0.096692;,
  0.025810;0.229479;0.115380;,
  0.024064;0.007840;-0.045545;,
  0.065366;0.058956;0.021910;,
  0.025951;0.142073;0.063040;,
  0.010179;-0.039026;0.223532;,
  0.033836;0.084220;0.101965;,
  0.000260;0.007504;0.180191;,
  -0.011578;0.046187;0.134114;,
  0.014018;0.220889;0.006711;,
  -0.016349;0.063014;0.117539;,
  0.020907;0.205458;-0.053316;,
  0.017871;0.152972;0.018475;,
  -0.007450;0.120912;0.156015;,
  0.004224;0.180746;0.236863;,
  0.062979;0.418772;0.039697;,
  -0.089198;0.428875;0.007985;,
  -0.055225;0.424282;0.001232;,
  -0.096264;0.412469;0.018803;,
  -0.048647;0.456636;-0.006435;,
  -0.105176;0.406015;0.024525;,
  -0.075976;0.363435;0.028012;,
  -0.108194;0.387180;0.054591;,
  -0.064289;0.390146;0.009671;,
  -0.044754;0.496517;0.008017;,
  -0.088329;0.495894;0.050947;,
  -0.057131;0.502393;0.046378;,
  -0.086196;0.476639;0.029755;,
  -0.095924;0.280267;0.197211;,
  -0.054214;0.299911;0.207185;,
  -0.089624;0.294760;0.188761;,
  -0.052520;0.283377;0.217920;,
  -0.088967;0.281863;0.135286;,
  -0.098519;0.258051;0.160207;,
  -0.063455;0.271563;0.104885;,
  -0.083795;0.232928;0.134474;,
  -0.055571;0.222645;0.123257;,
  -0.011441;0.300428;0.203722;,
  -0.010432;0.282648;0.214376;,
  -0.057874;0.408702;0.147159;,
  -0.004718;0.444089;0.123351;,
  -0.061790;0.446467;0.125649;,
  -0.005772;0.409106;0.144384;,
  -0.077472;0.200538;0.115804;,
  -0.142479;0.110603;0.111248;,
  -0.108601;0.194443;0.154917;,
  -0.107599;0.115963;0.079466;,
  -0.130163;0.004802;0.067027;,
  -0.153255;0.018951;0.089798;,
  -0.030869;0.189412;0.124977;,
  -0.059087;0.071954;0.166791;,
  -0.059209;0.098066;0.095450;,
  -0.012043;0.181961;0.236459;,
  -0.097153;0.017605;0.095338;,
  -0.098880;0.007088;0.078875;,
  -0.137153;0.088438;0.171875;,
  -0.099971;0.164082;0.207857;,
  -0.136481;0.026297;0.101709;,
  -0.081353;0.074378;0.343173;,
  -0.029703;0.105353;0.345372;,
  -0.062331;0.114243;0.353825;,
  -0.040431;0.059820;0.331409;,
  -0.117067;0.008819;0.136906;,
  -0.121125;0.065130;0.202900;,
  -0.143071;0.042521;0.135156;,
  -0.097353;0.031771;0.204549;,
  -0.092453;0.090386;0.274501;,
  -0.079459;0.058788;0.273007;,
  -0.069718;0.027819;0.138104;,
  -0.059025;0.086447;0.171345;,
  -0.065053;0.050029;0.193061;,
  -0.067739;0.074175;0.107218;,
  -0.058987;0.103893;0.254909;,
  -0.057211;0.076474;0.274248;,
  -0.118247;0.099156;0.185020;,
  -0.138530;0.087119;0.114304;,
  -0.083011;0.108977;0.255406;,
  -0.101312;0.230145;0.170709;,
  -0.030869;0.189412;0.124977;,
  -0.098155;0.234406;0.225073;,
  -0.046474;0.241511;0.244061;,
  -0.094312;0.180035;0.219929;,
  -0.046111;0.185021;0.238263;,
  -0.055236;0.361800;0.171768;,
  -0.091288;0.398553;0.137306;,
  -0.104732;0.393032;0.122009;,
  -0.087022;0.324914;0.109784;,
  -0.089561;0.349810;0.153392;,
  -0.104454;0.363650;0.076823;,
  -0.074370;0.338964;0.046191;,
  -0.067002;0.305402;0.085672;,
  -0.141489;0.404675;0.023862;,
  -0.089476;0.394838;0.033533;,
  -0.169636;0.366472;0.041558;,
  -0.142150;0.310001;0.074751;,
  -0.186403;0.328185;0.066481;,
  -0.115744;0.342319;0.051668;,
  -0.094112;0.406606;0.093131;,
  -0.116778;0.365597;0.113495;,
  -0.115744;0.342319;0.051668;,
  -0.148536;0.312780;0.123952;,
  -0.142150;0.310001;0.074751;,
  -0.101428;0.413331;0.098578;,
  -0.170646;0.390075;0.103351;,
  -0.142260;0.426994;0.085910;,
  -0.192726;0.330737;0.115755;,
  -0.148370;0.418517;0.049499;,
  -0.189138;0.323480;0.049637;,
  -0.156973;0.256181;0.022252;,
  -0.189530;0.272653;0.018240;,
  -0.136960;0.300944;0.057999;,
  -0.167843;0.221716;0.003071;,
  -0.192395;0.228292;-0.005921;,
  -0.136960;0.300944;0.057999;,
  -0.182579;0.234103;0.068413;,
  -0.156973;0.256181;0.022252;,
  -0.156594;0.273946;0.111687;,
  -0.190869;0.209484;0.031864;,
  -0.167843;0.221716;0.003071;,
  -0.207359;0.247134;0.065219;,
  -0.208456;0.296450;0.103397;,
  -0.205597;0.210694;0.024570;,
  -0.167415;0.094535;-0.028649;,
  -0.186975;0.119955;0.018552;,
  -0.196814;0.103925;0.007718;,
  -0.157084;0.110829;-0.018080;,
  -0.146837;0.147392;-0.017788;,
  -0.157851;0.137298;-0.025356;,
  -0.146196;0.145652;-0.029306;,
  -0.153520;0.138722;-0.015341;,
  -0.187910;0.181216;0.032028;,
  -0.171455;0.164055;-0.023468;,
  -0.155053;0.188235;-0.004622;,
  -0.199681;0.148512;0.018328;,
  -0.214142;0.144480;0.005185;,
  -0.217241;0.189655;0.009671;,
  -0.183591;0.198077;-0.029044;,
  -0.187233;0.160201;-0.034988;,
  -0.116402;0.468896;0.042934;,
  -0.125968;0.450372;0.021535;,
  -0.086196;0.476639;0.029755;,
  -0.089056;0.456812;0.012312;,
  -0.100650;0.440764;0.114586;,
  -0.057955;0.474883;-0.005377;,
  -0.119311;0.425180;0.014933;,
  -0.096264;0.412469;0.018803;,
  -0.111868;0.408932;0.028735;,
  -0.089198;0.428875;0.007985;,
  -0.104419;0.468699;0.083681;,
  -0.107552;0.469131;0.078721;,
  -0.063507;0.474427;0.095510;,
  -0.005701;0.468612;0.093781;,
  -0.011493;0.492106;0.038814;,
  -0.088329;0.495894;0.050947;,
  -0.107552;0.469131;0.078721;,
  -0.098924;0.417380;0.052213;,
  -0.089476;0.394838;0.033533;,
  -0.107728;0.454798;0.078219;,
  -0.106934;0.418273;0.092444;,
  -0.104562;0.393611;0.067429;,
  -0.105176;0.406015;0.024525;,
  -0.110208;0.430794;0.103377;,
  -0.155053;0.188235;-0.004622;,
  -0.055834;0.490660;-0.027976;,
  -0.043371;0.507431;-0.017997;,
  -0.015356;0.498966;0.005936;,
  -0.016448;0.512605;-0.018322;,
  -0.187233;0.160201;-0.034988;,
  -0.167415;0.094535;-0.028649;,
  -0.196814;0.103925;0.007718;,
  -0.149288;0.166868;-0.014200;,
  -0.155209;0.160746;-0.038662;,
  -0.149288;0.166868;-0.014200;,
  -0.162558;0.155040;-0.013304;,
  -0.176192;0.155089;-0.033795;,
  -0.176192;0.155089;-0.033795;,
  -0.146837;0.147392;-0.017788;,
  -0.146196;0.145652;-0.029306;,
  -0.157851;0.137298;-0.025356;,
  -0.115357;0.013025;0.304553;,
  -0.098245;-0.042565;0.305790;,
  -0.119556;0.000964;0.324246;,
  -0.097534;-0.030369;0.289977;,
  -0.034789;0.105404;0.310481;,
  -0.040431;0.059820;0.331409;,
  -0.043814;0.065155;0.307093;,
  -0.029703;0.105353;0.345372;,
  -0.058987;0.103893;0.254909;,
  -0.074211;0.116784;0.317649;,
  -0.083011;0.108977;0.255406;,
  -0.081353;0.074378;0.343173;,
  -0.088610;0.083633;0.310153;,
  -0.062331;0.114243;0.353825;,
  -0.079459;0.058788;0.273007;,
  -0.092453;0.090386;0.274501;,
  -0.068019;-0.029036;0.288814;,
  -0.062245;-0.042210;0.299965;,
  -0.119556;0.000964;0.324246;,
  -0.062245;-0.042210;0.299965;,
  -0.059209;0.098066;0.095450;,
  -0.098880;0.007088;0.078875;,
  -0.069718;0.027819;0.138104;,
  -0.065053;0.050029;0.193061;,
  -0.057211;0.076474;0.274248;,
  -0.057211;0.076474;0.274248;,
  -0.069479;0.484077;-0.041355;,
  -0.056115;0.462875;-0.051153;,
  -0.050777;0.474199;-0.036953;,
  -0.065097;0.468266;-0.055188;,
  -0.056832;0.512253;-0.036432;,
  -0.044719;0.531376;-0.028060;,
  -0.044027;0.581111;-0.140665;,
  -0.024691;0.581981;-0.146477;,
  -0.068546;0.502476;-0.132672;,
  -0.062884;0.529026;-0.144748;,
  -0.053330;0.495217;-0.139636;,
  -0.071264;0.482800;-0.069583;,
  -0.073538;0.508645;-0.055026;,
  -0.065966;0.498085;-0.041909;,
  -0.070606;0.546611;-0.063618;,
  -0.075542;0.540729;-0.086922;,
  -0.072547;0.546296;-0.134585;,
  -0.076919;0.520425;-0.105043;,
  -0.075557;0.565587;-0.114613;,
  -0.064682;0.559121;-0.054090;,
  -0.049788;0.576460;-0.045391;,
  -0.009202;0.578599;-0.043407;,
  -0.045539;0.604307;-0.084873;,
  -0.011259;0.607511;-0.083277;,
  -0.077467;0.503516;-0.089901;,
  -0.068200;0.483222;-0.106622;,
  -0.065079;0.465525;-0.075479;,
  -0.053584;0.437207;-0.071133;,
  -0.056427;0.548839;-0.150919;,
  -0.063338;0.576110;-0.130896;,
  -0.064276;0.592747;-0.095277;,
  -0.052611;0.598946;-0.114959;,
  -0.016993;0.605504;-0.118436;,
  -0.034364;0.604738;-0.116184;,
  -0.012110;0.541564;-0.028106;,
  -0.064276;0.592747;-0.095277;,
  -0.052611;0.598946;-0.114959;,
  -0.079756;0.511226;-0.056259;,
  -0.082530;0.553958;-0.077034;,
  -0.076858;0.535386;-0.070265;,
  -0.086048;0.544931;-0.058070;,
  -0.086048;0.544931;-0.058070;,
  -0.079756;0.511226;-0.056259;,
  -0.082530;0.553958;-0.077034;,
  -0.075542;0.540729;-0.086922;,
  -0.077741;0.517833;-0.076708;,
  -0.073538;0.508645;-0.055026;,
  -0.067624;0.500471;-0.120676;,
  -0.077741;0.517833;-0.076708;,
  -0.057955;0.474883;-0.005377;,
  -0.055834;0.490660;-0.027976;,
  -0.089056;0.456812;0.012312;,
  -0.056832;0.512253;-0.036432;,
  -0.004547;0.242387;0.240243;,
  -0.001421;0.208339;0.242996;,
  -0.004248;0.170648;0.160242;,
  -0.005270;0.181670;0.180096;,
  -0.034364;0.604738;-0.116184;,
  -0.016993;0.605504;-0.118436;,
  -0.054823;0.458681;-0.094820;,
  -0.048546;0.471148;-0.115483;,
  -0.048925;0.463489;-0.109617;,
  -0.049521;0.493579;-0.127295;,
  -0.007809;0.360795;0.169553;,
  -0.089056;0.456812;0.012312;,
  -0.098245;-0.042565;0.305790;,
  -0.054290;0.453598;-0.090625;,
  -0.048247;0.446709;-0.095854;,
  -0.047254;0.452631;-0.096108;,
  -0.047936;0.452753;-0.102288;,
  -0.107728;0.454798;0.078219;,
  -0.092578;0.429999;0.062535;,
  -0.098924;0.417380;0.052213;,
  -0.105176;0.406015;0.024525;,
  -0.064682;0.559121;-0.054090;,
  -0.071137;0.041824;0.036215;,
  -0.028415;0.042646;-0.025217;,
  -0.064455;0.015606;0.075902;,
  -0.037066;0.102504;-0.044552;,
  -0.081629;0.069775;-0.005782;,
  -0.045406;0.159759;-0.054403;,
  -0.050731;0.140040;0.041865;,
  -0.029721;0.186766;0.015397;,
  -0.029567;0.201951;0.090666;,
  -0.017807;0.221165;0.086876;,
  -0.015075;0.216431;0.108947;,
  -0.055571;0.222645;0.123257;,
  -0.021895;-0.009435;-0.011567;,
  -0.053615;-0.011813;0.110158;,
  -0.030908;0.107701;0.241216;,
  -0.118247;0.099156;0.185020;,
  -0.082998;0.108975;0.255403;,
  -0.050993;0.094582;0.175210;,
  -0.138530;0.087119;0.114304;,
  -0.072413;0.090853;0.108045;,
  -0.086411;0.025468;0.105373;,
  -0.136481;0.026297;0.101709;,
  -0.137153;0.088438;0.171875;,
  -0.056323;0.065271;0.182733;,
  -0.001421;0.208339;0.242996;,
  -0.046111;0.185021;0.238263;,
  -0.092578;0.429999;0.062535;,
  -0.077472;0.200538;0.115804;,
  -0.107599;0.115963;0.079466;,
  -0.130163;0.004802;0.067027;,
  -0.117067;0.008819;0.136906;,
  -0.097353;0.031771;0.204549;,
  -0.079459;0.058788;0.273007;,
  0.095172;0.185516;0.016143;,
  0.039311;0.190665;0.198833;,
  0.081698;0.188316;0.131122;,
  0.067794;0.219799;-0.064514;,
  0.081835;0.227513;-0.007135;,
  0.083890;0.161597;0.027622;,
  0.072416;0.092034;0.063249;,
  -0.099971;0.164082;0.207857;;
  916;
  3;0,1,2;,
  3;1,0,3;,
  3;4,5,6;,
  3;5,4,7;,
  3;8,9,10;,
  3;9,8,11;,
  3;12,13,14;,
  3;13,12,15;,
  3;16,12,17;,
  3;12,16,15;,
  3;18,19,20;,
  3;19,18,16;,
  3;6,21,22;,
  3;21,6,5;,
  3;14,23,24;,
  3;23,14,13;,
  3;25,26,27;,
  3;26,25,28;,
  3;29,30,31;,
  3;30,29,32;,
  3;30,33,31;,
  3;33,30,34;,
  3;35,36,37;,
  3;36,35,38;,
  3;38,39,36;,
  3;39,38,40;,
  3;37,41,42;,
  3;41,37,36;,
  3;36,43,41;,
  3;43,36,39;,
  3;42,30,32;,
  3;30,42,41;,
  3;41,34,30;,
  3;34,41,43;,
  3;44,45,46;,
  3;45,44,47;,
  3;48,49,50;,
  3;49,48,51;,
  3;50,52,53;,
  3;52,50,49;,
  3;54,55,56;,
  3;55,54,57;,
  3;57,58,55;,
  3;58,57,59;,
  3;56,60,61;,
  3;60,56,55;,
  3;55,62,60;,
  3;62,55,58;,
  3;61,49,51;,
  3;49,61,60;,
  3;60,52,49;,
  3;52,60,62;,
  3;32,19,63;,
  3;19,32,29;,
  3;64,65,66;,
  3;65,64,20;,
  3;14,67,12;,
  3;67,14,68;,
  3;68,69,67;,
  3;69,68,70;,
  3;70,42,69;,
  3;42,70,37;,
  3;48,34,51;,
  3;34,48,33;,
  3;51,43,61;,
  3;43,51,34;,
  3;43,56,61;,
  3;56,43,39;,
  3;39,54,56;,
  3;54,39,40;,
  3;12,63,17;,
  3;63,12,67;,
  3;67,32,63;,
  3;32,67,69;,
  3;69,42,32;,
  3;71,72,25;,
  3;73,74,75;,
  3;74,73,76;,
  3;74,77,75;,
  3;77,74,78;,
  3;79,78,80;,
  3;78,79,77;,
  3;81,82,83;,
  3;82,84,85;,
  3;84,82,86;,
  3;87,88,89;,
  3;88,90,89;,
  3;90,88,91;,
  3;92,93,94;,
  3;92,89,93;,
  3;92,87,89;,
  3;89,95,93;,
  3;95,89,90;,
  3;96,93,82;,
  3;93,86,82;,
  3;86,93,95;,
  3;97,98,99;,
  3;98,97,100;,
  3;100,101,98;,
  3;101,100,102;,
  3;103,104,105;,
  3;104,103,106;,
  3;106,107,104;,
  3;107,106,108;,
  3;105,109,110;,
  3;109,105,104;,
  3;104,111,109;,
  3;111,104,107;,
  3;110,100,97;,
  3;100,110,109;,
  3;109,102,100;,
  3;102,109,111;,
  3;112,113,114;,
  3;113,112,115;,
  3;116,117,118;,
  3;117,116,119;,
  3;120,121,122;,
  3;121,120,123;,
  3;120,124,125;,
  3;124,120,122;,
  3;126,124,127;,
  3;124,126,125;,
  3;95,97,86;,
  3;97,95,110;,
  3;86,99,84;,
  3;99,86,97;,
  3;90,103,105;,
  3;103,90,91;,
  3;105,95,90;,
  3;95,105,110;,
  3;128,96,129;,
  3;96,128,94;,
  3;129,130,128;,
  3;130,129,131;,
  3;72,28,25;,
  3;28,72,132;,
  3;10,133,8;,
  3;134,135,136;,
  3;135,134,137;,
  3;81,137,134;,
  3;138,11,139;,
  3;138,9,11;,
  3;138,140,9;,
  3;141,11,142;,
  3;11,141,139;,
  3;128,130,143;,
  3;94,144,92;,
  3;94,143,144;,
  3;94,128,143;,
  3;145,87,146;,
  3;87,145,147;,
  3;75,148,73;,
  3;148,75,149;,
  3;150,147,145;,
  3;7,149,75;,
  3;148,151,73;,
  3;102,152,101;,
  3;152,102,126;,
  3;102,125,126;,
  3;125,102,111;,
  3;111,120,125;,
  3;120,111,107;,
  3;120,108,123;,
  3;108,120,107;,
  3;8,153,154;,
  3;153,8,133;,
  3;154,155,8;,
  3;155,154,156;,
  3;122,114,113;,
  3;114,122,121;,
  3;121,112,114;,
  3;112,121,157;,
  3;158,124,159;,
  3;124,158,127;,
  3;159,122,113;,
  3;122,159,124;,
  3;126,160,152;,
  3;160,126,161;,
  3;162,121,123;,
  3;121,162,163;,
  3;121,164,157;,
  3;164,121,163;,
  3;165,126,127;,
  3;126,165,161;,
  3;161,166,160;,
  3;166,161,167;,
  3;162,118,163;,
  3;118,162,116;,
  3;163,117,164;,
  3;117,163,118;,
  3;165,167,161;,
  3;167,165,168;,
  3;169,170,171;,
  3;170,169,172;,
  3;173,174,175;,
  3;174,173,176;,
  3;177,178,179;,
  3;178,177,173;,
  3;180,178,181;,
  3;178,180,182;,
  3;183,169,171;,
  3;169,183,184;,
  3;174,185,186;,
  3;185,174,176;,
  3;46,187,44;,
  3;187,46,188;,
  3;180,169,182;,
  3;169,180,172;,
  3;20,29,65;,
  3;19,29,20;,
  3;29,31,189;,
  3;31,190,189;,
  3;190,31,33;,
  3;33,191,190;,
  3;191,33,48;,
  3;191,50,192;,
  3;50,191,48;,
  3;192,53,193;,
  3;53,192,50;,
  3;194,171,185;,
  3;171,194,183;,
  3;171,186,185;,
  3;186,171,170;,
  3;185,176,194;,
  3;194,173,177;,
  3;173,194,176;,
  3;178,175,181;,
  3;175,178,173;,
  3;179,182,184;,
  3;182,179,178;,
  3;182,169,184;,
  3;16,17,19;,
  3;17,63,19;,
  3;65,195,66;,
  3;196,197,198;,
  3;197,196,199;,
  3;200,154,153;,
  3;154,200,201;,
  3;202,203,204;,
  3;205,206,207;,
  3;196,208,209;,
  3;208,196,198;,
  3;210,209,211;,
  3;209,210,196;,
  3;212,213,214;,
  3;213,212,215;,
  3;212,214,211;,
  3;201,216,217;,
  3;216,201,200;,
  3;218,219,220;,
  3;219,218,217;,
  3;210,199,196;,
  3;213,205,207;,
  3;221,222,223;,
  3;198,197,224;,
  3;224,225,226;,
  3;225,224,197;,
  3;227,213,207;,
  3;228,229,214;,
  3;229,228,230;,
  3;220,231,232;,
  3;213,228,214;,
  3;156,201,233;,
  3;201,156,154;,
  3;233,217,218;,
  3;217,233,201;,
  3;219,217,234;,
  3;235,219,234;,
  3;236,237,238;,
  3;237,236,239;,
  3;209,240,211;,
  3;240,209,241;,
  3;211,242,212;,
  3;242,211,240;,
  3;243,239,244;,
  3;239,243,237;,
  3;244,236,245;,
  3;236,244,239;,
  3;246,221,223;,
  3;221,246,215;,
  3;221,212,247;,
  3;212,221,215;,
  3;199,248,2;,
  3;248,199,249;,
  3;133,10,250;,
  3;249,210,251;,
  3;210,249,199;,
  3;210,211,251;,
  3;252,1,253;,
  3;1,252,2;,
  3;20,254,18;,
  3;254,20,64;,
  3;24,68,14;,
  3;68,24,255;,
  3;68,256,70;,
  3;256,68,255;,
  3;256,37,70;,
  3;37,256,257;,
  3;258,2,252;,
  3;2,258,199;,
  3;257,259,37;,
  3;37,259,35;,
  3;260,204,261;,
  3;204,260,202;,
  3;262,263,223;,
  3;263,262,264;,
  3;197,258,225;,
  3;258,197,199;,
  3;265,203,227;,
  3;265,207,266;,
  3;207,265,227;,
  3;223,267,246;,
  3;267,223,263;,
  3;88,87,147;,
  3;83,82,85;,
  3;78,16,18;,
  3;16,78,74;,
  3;74,15,16;,
  3;15,74,76;,
  3;15,71,13;,
  3;71,15,76;,
  3;13,268,23;,
  3;268,13,71;,
  3;248,269,2;,
  3;2,269,0;,
  3;136,129,134;,
  3;129,136,131;,
  3;134,96,81;,
  3;96,134,129;,
  3;96,82,81;,
  3;93,96,94;,
  3;29,189,65;,
  3;205,215,246;,
  3;267,205,246;,
  3;205,267,206;,
  3;205,213,215;,
  3;187,188,270;,
  3;224,271,272;,
  3;222,221,208;,
  3;224,222,198;,
  3;272,273,262;,
  3;273,272,271;,
  3;263,274,275;,
  3;273,276,262;,
  3;277,271,278;,
  3;271,277,273;,
  3;222,272,262;,
  3;272,222,224;,
  3;222,208,198;,
  3;209,221,247;,
  3;221,209,208;,
  3;223,222,262;,
  3;266,206,279;,
  3;206,266,207;,
  3;206,280,279;,
  3;280,206,267;,
  3;280,263,275;,
  3;263,280,267;,
  3;264,262,276;,
  3;76,73,72;,
  3;138,281,140;,
  3;73,132,72;,
  3;132,73,151;,
  3;72,71,76;,
  3;271,226,278;,
  3;155,11,8;,
  3;276,277,282;,
  3;277,276,273;,
  3;274,276,282;,
  3;276,274,264;,
  3;28,141,26;,
  3;141,28,139;,
