xof 0303txt 0032
template ColorRGBA {
 <35ff44e0-6c7c-11cf-8f52-0040333594a3>
 FLOAT red;
 FLOAT green;
 FLOAT blue;
 FLOAT alpha;
}

template ColorRGB {
 <d3e16e81-7835-11cf-8f52-0040333594a3>
 FLOAT red;
 FLOAT green;
 FLOAT blue;
}

template Material {
 <3d82ab4d-62da-11cf-ab39-0020af71e433>
 ColorRGBA faceColor;
 FLOAT power;
 ColorRGB specularColor;
 ColorRGB emissiveColor;
 [...]
}

template TextureFilename {
 <a42790e1-7810-11cf-8f52-0040333594a3>
 STRING filename;
}

template Frame {
 <3d82ab46-62da-11cf-ab39-0020af71e433>
 [...]
}

template Matrix4x4 {
 <f6f23f45-7686-11cf-8f52-0040333594a3>
 array FLOAT matrix[16];
}

template FrameTransformMatrix {
 <f6f23f41-7686-11cf-8f52-0040333594a3>
 Matrix4x4 frameMatrix;
}

template Vector {
 <3d82ab5e-62da-11cf-ab39-0020af71e433>
 FLOAT x;
 FLOAT y;
 FLOAT z;
}

template MeshFace {
 <3d82ab5f-62da-11cf-ab39-0020af71e433>
 DWORD nFaceVertexIndices;
 array DWORD faceVertexIndices[nFaceVertexIndices];
}

template Mesh {
 <3d82ab44-62da-11cf-ab39-0020af71e433>
 DWORD nVertices;
 array Vector vertices[nVertices];
 DWORD nFaces;
 array MeshFace faces[nFaces];
 [...]
}

template MeshMaterialList {
 <f6f23f42-7686-11cf-8f52-0040333594a3>
 DWORD nMaterials;
 DWORD nFaceIndexes;
 array DWORD faceIndexes[nFaceIndexes];
 [Material <3d82ab4d-62da-11cf-ab39-0020af71e433>]
}

template VertexElement {
 <f752461c-1e23-48f6-b9f8-8350850f336f>
 DWORD Type;
 DWORD Method;
 DWORD Usage;
 DWORD UsageIndex;
}

template DeclData {
 <bf22e553-292c-4781-9fea-62bd554bdd93>
 DWORD nElements;
 array VertexElement Elements[nElements];
 DWORD nDWords;
 array DWORD data[nDWords];
}

template XSkinMeshHeader {
 <3cf169ce-ff7c-44ab-93c0-f78f62d172e2>
 WORD nMaxSkinWeightsPerVertex;
 WORD nMaxSkinWeightsPerFace;
 WORD nBones;
}

template SkinWeights {
 <6f0d123b-bad2-4167-a0d0-80224f25fabb>
 STRING transformNodeName;
 DWORD nWeights;
 array DWORD vertexIndices[nWeights];
 array FLOAT weights[nWeights];
 Matrix4x4 matrixOffset;
}

template AnimTicksPerSecond {
 <9e415a43-7ba6-4a73-8743-b73d47e88476>
 DWORD AnimTicksPerSecond;
}

template Animation {
 <3d82ab4f-62da-11cf-ab39-0020af71e433>
 [...]
}

template AnimationSet {
 <3d82ab50-62da-11cf-ab39-0020af71e433>
 [Animation <3d82ab4f-62da-11cf-ab39-0020af71e433>]
}

template FloatKeys {
 <10dd46a9-775b-11cf-8f52-0040333594a3>
 DWORD nValues;
 array FLOAT values[nValues];
}

template TimedFloatKeys {
 <f406b180-7b3b-11cf-8f52-0040333594a3>
 DWORD time;
 FloatKeys tfkeys;
}

template AnimationKey {
 <10dd46a8-775b-11cf-8f52-0040333594a3>
 DWORD keyType;
 DWORD nKeys;
 array TimedFloatKeys keys[nKeys];
}


Material _03_-_Default {
 1.000000;1.000000;1.000000;1.000000;;
 9.999999;
 0.000000;0.000000;0.000000;;
 0.000000;0.000000;0.000000;;

 TextureFilename {
  "MaleBody_full.png";
 }
}

Frame Dummy01 {
 

 FrameTransformMatrix {
  1.000000,0.000000,0.000000,0.000000,0.000000,-0.000000,-1.000000,0.000000,0.000000,1.000000,-0.000000,0.000000,0.000000,0.000000,0.000000,1.000000;;
 }

 Frame Bip01 {
  

  FrameTransformMatrix {
   -0.128297,0.991062,-0.036564,0.000000,0.013833,0.038654,0.999157,0.000000,0.991639,0.127683,-0.018668,0.000000,-0.030685,-0.085725,0.502529,1.000000;;
  }

  Frame Bip01_Pelvis {
   

   FrameTransformMatrix {
    -0.000000,1.000000,-0.000001,0.000000,-0.000001,0.000001,1.000000,0.000000,1.000000,0.000000,0.000001,0.000000,0.000000,0.000000,0.000000,1.000000;;
   }

   Frame Bip01_Spine {
    

    FrameTransformMatrix {
     0.999633,0.000064,0.027110,0.000000,0.002062,0.996920,-0.078394,0.000000,-0.027032,0.078422,0.996554,0.000000,0.051636,-0.000007,-0.000084,1.000000;;
    }

    Frame Bip01_Spine1 {
     

     FrameTransformMatrix {
      0.999277,-0.009567,-0.036798,0.000000,0.004886,0.992109,-0.125279,0.000000,0.037706,0.125008,0.991439,0.000000,0.106477,-0.000011,-0.000084,1.000000;;
     }

     Frame Bip01_Neck {
      

      FrameTransformMatrix {
       0.903366,0.000001,0.428870,0.000000,-0.000001,1.000000,-0.000000,0.000000,-0.428870,-0.000000,0.903366,0.000000,0.130516,0.000000,0.004628,1.000000;;
      }

      Frame Bip01_Head {
       

       FrameTransformMatrix {
        0.992416,-0.017606,0.121656,0.000000,0.017376,0.999845,0.002951,0.000000,-0.121689,-0.000815,0.992568,0.000000,0.033674,-0.000000,-0.000000,1.000000;;
       }

       Frame Bip01_HeadNub {
        

        FrameTransformMatrix {
         1.000000,0.000000,-0.000000,0.000000,-0.000000,1.000000,-0.000000,0.000000,0.000000,-0.000000,1.000000,0.000000,0.169824,-0.000000,0.000000,1.000000;;
        }
       }
      }

      Frame Bip01_L_Clavicle {
       

       FrameTransformMatrix {
        -0.308853,0.939693,0.146926,0.000000,0.848565,0.342019,-0.403683,0.000000,-0.429589,-0.000003,-0.903024,0.000000,-0.023698,0.015715,0.006128,1.000000;;
       }

       Frame Bip01_L_UpperArm {
        

        FrameTransformMatrix {
         0.627046,-0.733732,-0.261631,0.000000,0.541378,0.651966,-0.530896,0.000000,0.560110,0.191255,0.806039,0.000000,0.087086,0.000000,0.000000,1.000000;;
        }

        Frame Bip01_L_Forearm {
         

         FrameTransformMatrix {
          0.127949,0.000000,-0.991781,0.000000,-0.000000,1.000000,0.000000,0.000000,0.991781,-0.000000,0.127949,0.000000,0.137062,0.000000,0.000000,1.000000;;
         }

         Frame Bip01_L_Hand {
          

          FrameTransformMatrix {
           0.738504,0.140499,-0.659449,0.000000,0.312098,0.795729,0.519047,0.000000,0.597668,-0.589131,0.543799,0.000000,0.137062,0.000000,-0.000000,1.000000;;
          }

          Frame Bip01_L_Finger0 {
           

           FrameTransformMatrix {
            0.455795,-0.262150,0.850605,0.000000,0.801260,0.536996,-0.263856,0.000000,-0.387601,0.801819,0.454810,0.000000,0.057681,-0.023605,-0.000272,1.000000;;
           }

           Frame Bip01_L_Finger0Nub {
            

            FrameTransformMatrix {
             1.000000,0.000000,0.000000,0.000000,0.000000,1.000000,-0.000000,0.000000,-0.000000,0.000000,1.000000,0.000000,0.029435,0.000000,0.000000,1.000000;;
            }
           }
          }

          Frame Bip01_L_Finger1 {
           

           FrameTransformMatrix {
            0.044787,-0.000796,0.998996,0.000000,0.000000,1.000000,0.000796,0.000000,-0.998996,-0.000036,0.044787,0.000000,0.084102,0.000000,0.000000,1.000000;;
           }

           Frame Bip01_L_Finger1Nub {
            

            FrameTransformMatrix {
             1.000000,0.000000,-0.000000,0.000000,0.000000,1.000000,-0.000000,0.000000,0.000000,0.000000,1.000000,0.000000,0.047988,0.000000,0.000000,1.000000;;
            }
           }
          }
         }
        }
       }
      }

      Frame Bip01_R_Clavicle {
       

       FrameTransformMatrix {
        -0.025387,-0.966939,0.253740,0.000000,-0.907608,0.128692,0.399607,0.000000,-0.419050,-0.220152,-0.880869,0.000000,-0.023698,-0.015714,0.006128,1.000000;;
       }

       Frame Bip01_R_UpperArm {
        

        FrameTransformMatrix {
         0.768282,0.532034,-0.355924,0.000000,-0.410685,0.836201,0.363464,0.000000,0.490999,-0.133070,0.860937,0.000000,0.087086,-0.000000,0.000000,1.000000;;
        }

        Frame Bip01_R_Forearm {
         

         FrameTransformMatrix {
          -0.280921,0.000000,-0.959731,0.000000,-0.000000,1.000000,0.000000,0.000000,0.959731,0.000000,-0.280921,0.000000,0.137062,0.000000,0.000000,1.000000;;
         }

         Frame Bip01_R_Hand {
          

          FrameTransformMatrix {
           0.639378,0.437883,0.632025,0.000000,0.200610,0.698520,-0.686896,0.000000,-0.742261,0.565976,0.358774,0.000000,0.137062,-0.000000,0.000000,1.000000;;
          }

          Frame Bip01_R_Finger0 {
           

           FrameTransformMatrix {
            0.653003,0.132287,0.745713,0.000000,-0.558537,0.749101,0.356210,0.000000,-0.511492,-0.649114,0.563052,0.000000,0.057681,0.023605,-0.000272,1.000000;;
           }

           Frame Bip01_R_Finger0Nub {
            

            FrameTransformMatrix {
             -1.000000,0.000000,0.000000,0.000000,0.000000,1.000001,-0.000000,0.000000,0.000000,-0.000000,-1.000000,0.000000,0.029435,0.000000,-0.000000,1.000000;;
            }
           }
          }

          Frame Bip01_R_Finger1 {
           

           FrameTransformMatrix {
            0.019202,0.000796,0.999815,0.000000,-0.000000,1.000000,-0.000796,0.000000,-0.999815,0.000015,0.019202,0.000000,0.084102,0.000000,0.000000,1.000000;;
           }

           Frame Bip01_R_Finger1Nub {
            

            FrameTransformMatrix {
             -1.000000,-0.000000,0.000000,0.000000,-0.000000,1.000000,0.000000,0.000000,0.000000,0.000000,-1.000000,0.000000,0.047988,0.000000,0.000000,1.000000;;
            }
           }
          }
         }
        }
       }
      }
     }

     Frame Bip01_BackPack {
      

      FrameTransformMatrix {
       0.190104,-0.000002,-0.981764,0.000000,0.000003,1.000000,-0.000002,0.000000,0.981764,-0.000002,0.190104,0.000000,0.063697,-0.000000,-0.088856,1.000000;;
      }

      Frame Bip01_BackPackNub {
       

       FrameTransformMatrix {
        0.000796,0.000003,1.000000,0.000000,-0.000000,-1.000000,0.000003,0.000000,1.000000,-0.000000,-0.000796,0.000000,0.053240,0.000000,-0.000000,1.000000;;
       }
      }
     }
    }

    Frame Bip01_L_Thigh {
     

     FrameTransformMatrix {
      -0.955814,0.127839,0.264721,0.000000,-0.115293,-0.991365,0.062470,0.000000,0.270421,0.029189,0.962300,0.000000,-0.051611,0.054949,0.005811,1.000000;;
     }

     Frame Bip01_L_Calf {
      

      FrameTransformMatrix {
       0.961636,0.000000,-0.274328,0.000000,0.000000,1.000000,0.000000,0.000000,0.274328,-0.000000,0.961636,0.000000,0.237500,0.000000,-0.000000,1.000000;;
      }

      Frame Bip01_L_Foot {
       

       FrameTransformMatrix {
        0.992102,0.105530,0.067800,0.000000,-0.104909,0.994401,-0.012671,0.000000,-0.068758,0.005458,0.997618,0.000000,0.206841,0.000000,0.000000,1.000000;;
       }

       Frame Bip01_L_Toe0 {
        

        FrameTransformMatrix {
         -0.000000,-0.000001,1.000000,0.000000,0.000001,1.000000,0.000001,0.000000,-1.000000,0.000001,-0.000000,0.000000,0.065373,0.000000,0.066450,1.000000;;
        }

        Frame Bip01_L_Toe0Nub {
         

         FrameTransformMatrix {
          -1.000000,0.000000,0.000000,0.000000,0.000000,1.000000,-0.000000,0.000000,0.000000,-0.000000,-1.000000,0.000000,0.006735,0.000000,-0.000000,1.000000;;
         }
        }
       }
      }
     }
    }

    Frame Bip01_R_Thigh {
     

     FrameTransformMatrix {
      -0.990970,-0.077832,0.109182,0.000000,0.054986,-0.978556,-0.198507,0.000000,0.122291,-0.190711,0.973999,0.000000,-0.051618,-0.055162,-0.002850,1.000000;;
     }

     Frame Bip01_R_Calf {
      

      FrameTransformMatrix {
       0.962436,0.000000,-0.271508,0.000000,0.000000,1.000000,0.000000,0.000000,0.271508,-0.000000,0.962436,0.000000,0.237500,-0.000000,0.000000,1.000000;;
      }

      Frame Bip01_R_Foot {
       

       FrameTransformMatrix {
        0.974113,-0.081139,0.210998,0.000000,0.108675,0.986519,-0.122356,0.000000,-0.198225,0.142119,0.969798,0.000000,0.206841,0.000000,-0.000000,1.000000;;
       }

       Frame Bip01_R_Toe0 {
        

        FrameTransformMatrix {
         0.000000,-0.000000,1.000000,0.000000,0.000001,1.000000,0.000000,0.000000,-1.000000,0.000001,0.000000,0.000000,0.065373,-0.000000,0.066450,1.000000;;
        }

        Frame Bip01_R_Toe0Nub {
         

         FrameTransformMatrix {
          1.000000,-0.000000,0.000000,0.000000,0.000000,1.000000,0.000000,0.000000,0.000000,0.000000,1.000000,0.000000,0.006735,0.000000,0.000000,1.000000;;
         }
        }
       }
      }
     }
    }
   }

   Frame Bip01_DressFront {
    

    FrameTransformMatrix {
     -0.985862,0.003447,0.167527,0.000000,0.015386,0.997427,0.070024,0.000000,-0.166854,0.071612,-0.983378,0.000000,-0.043977,0.001389,0.061085,1.000000;;
    }

    Frame Bip01_DressFront02 {
     

     FrameTransformMatrix {
      0.982160,0.000062,0.188048,0.000000,0.014430,0.997027,-0.075694,0.000000,-0.187494,0.077057,0.979238,0.000000,0.183349,-0.000010,-0.000129,1.000000;;
     }

     Frame Bip01_DressFrontNub {
      

      FrameTransformMatrix {
       0.000796,0.000003,1.000000,0.000000,-0.000000,-1.000000,0.000003,0.000000,1.000000,-0.000000,-0.000796,0.000000,0.165302,0.000000,0.000000,1.000000;;
      }
     }
    }
   }

   Frame Bip01_DressBack {
    

    FrameTransformMatrix {
     -0.987910,0.007096,0.154865,0.000000,0.064827,0.926328,0.371099,0.000000,-0.140822,0.376652,-0.915589,0.000000,-0.047713,-0.000053,-0.078291,1.000000;;
    }

    Frame Bip01_DressBack02 {
     

     FrameTransformMatrix {
      0.986232,0.000000,0.165371,0.000000,-0.000000,1.000000,-0.000000,0.000000,-0.165371,0.000000,0.986231,0.000000,0.176177,0.000000,-0.000107,1.000000;;
     }

     Frame Bip01_DressBackNub {
      

      FrameTransformMatrix {
       0.000796,0.000003,1.000000,0.000000,0.000000,-1.000000,0.000003,0.000000,1.000000,-0.000000,-0.000796,0.000000,0.136508,0.000000,-0.000000,1.000000;;
      }
     }
    }
   }
  }

  Frame Bip01_Prop1 {
   

   FrameTransformMatrix {
    -0.351452,-0.577690,-0.736719,0.000000,-0.808940,-0.208739,0.549585,0.000000,-0.471272,0.789115,-0.393955,0.000000,0.220289,0.119450,-0.007242,1.000000;;
   }
  }

  Frame Bip01_Prop2 {
   

   FrameTransformMatrix {
    0.692315,0.637978,-0.337171,0.000000,-0.557568,0.176346,-0.811184,0.000000,-0.458059,0.749591,0.477803,0.000000,0.209542,0.123139,0.065044,1.000000;;
   }
  }
 }
}

Frame Translation_Data {
 

 FrameTransformMatrix {
  1.000000,0.000000,0.000000,0.000000,0.000000,-0.000000,-1.000000,0.000000,0.000000,1.000000,-0.000000,0.000000,0.000000,-0.000000,0.000000,1.000000;;
 }
}

Frame Body {
 

 FrameTransformMatrix {
  1.000000,0.000000,0.000000,0.000000,0.000000,1.000000,0.000000,0.000000,0.000000,0.000000,1.000000,0.000000,0.000000,0.000000,0.000000,1.000000;;
 }

 Mesh Body {
  617;
  0.041397;0.760971;0.051484;,
  0.006906;0.760814;0.045914;,
  0.000467;0.789823;0.062219;,
  0.048928;0.741791;0.048094;,
  0.057636;0.733058;0.047995;,
  0.027995;0.696088;0.021572;,
  0.015844;0.730051;0.028814;,
  0.063058;0.698201;0.054412;,
  -0.001386;0.809849;0.099770;,
  0.046218;0.783100;0.127742;,
  0.042151;0.782919;0.098437;,
  0.014102;0.789187;0.131273;,
  0.057609;0.551711;0.111473;,
  0.019159;0.561232;0.135332;,
  0.019690;0.548670;0.141059;,
  0.050127;0.562358;0.109533;,
  0.038581;0.561277;0.054599;,
  0.053075;0.534908;0.071892;,
  0.007417;0.556153;0.027426;,
  0.034787;0.511420;0.045752;,
  0.004776;0.501555;0.039982;,
  -0.025518;0.695222;0.011442;,
  -0.024756;0.731950;0.023025;,
  -0.023498;0.559865;0.140129;,
  -0.022074;0.545179;0.146362;,
  0.022197;0.656942;0.143369;,
  -0.032317;0.695599;0.152689;,
  -0.029795;0.658359;0.146725;,
  0.024751;0.697361;0.151026;,
  0.026161;0.468133;0.030738;,
  0.079463;0.369350;0.036311;,
  0.040993;0.373985;0.008852;,
  0.062256;0.463385;0.065793;,
  0.048215;0.280473;-0.012082;,
  0.077635;0.275516;0.031582;,
  -0.020434;0.462459;0.050715;,
  0.001722;0.350305;0.107912;,
  -0.010996;0.442870;0.152552;,
  -0.006059;0.364864;0.033758;,
  0.024433;0.268185;0.070295;,
  0.021162;0.270581;0.028234;,
  0.080939;0.357645;0.099999;,
  0.060711;0.437452;0.121749;,
  0.064830;0.273895;0.070232;,
  0.088920;-0.001438;0.054148;,
  0.049355;-0.001522;0.099608;,
  0.044025;-0.001415;0.051081;,
  0.084211;-0.001545;0.099341;,
  0.054346;0.220859;0.011730;,
  0.088476;0.147806;0.043994;,
  0.059149;0.147003;0.015359;,
  0.085812;0.222386;0.040411;,
  0.086562;0.068092;0.049313;,
  0.066577;0.067632;0.020738;,
  0.014574;0.199814;0.035808;,
  0.026632;0.151367;0.082325;,
  0.014864;0.215810;0.089201;,
  0.029913;0.142565;0.040541;,
  0.053322;0.077004;0.072660;,
  0.050120;0.059932;0.046015;,
  0.088636;0.154713;0.081915;,
  0.085994;0.228832;0.089429;,
  0.077182;0.083177;0.072374;,
  0.059390;0.506148;0.077350;,
  -0.037535;0.494207;0.033737;,
  -0.020434;0.462459;0.050715;,
  -0.036216;0.460250;0.048948;,
  0.068008;0.502847;0.131187;,
  0.021460;0.503345;0.161435;,
  0.060858;0.451434;0.128572;,
  0.017789;0.454092;0.154884;,
  0.019296;0.609792;0.134903;,
  0.054022;0.655136;0.125956;,
  0.065759;0.660126;0.109031;,
  0.041861;0.612328;0.058151;,
  0.060041;0.663900;0.055237;,
  0.050617;0.609868;0.108596;,
  0.026222;0.662283;0.018954;,
  0.018229;0.608564;0.029358;,
  -0.029605;0.663113;0.011750;,
  -0.030749;0.604359;0.025782;,
  0.078311;0.721436;0.039318;,
  0.102822;0.678640;0.027801;,
  0.033772;0.709851;0.067206;,
  0.081955;0.616071;0.051928;,
  0.053883;0.653835;0.051877;,
  0.121648;0.634517;0.030995;,
  0.064275;0.696409;0.118205;,
  0.053883;0.653835;0.051877;,
  0.084398;0.650108;0.110361;,
  0.105795;0.593930;0.082992;,
  0.081955;0.616071;0.051928;,
  0.074360;0.700172;0.121747;,
  0.133367;0.675225;0.086383;,
  0.108485;0.716750;0.097766;,
  0.145397;0.612106;0.062006;,
  0.097572;0.723557;0.062136;,
  0.114139;0.646544;0.018893;,
  0.049096;0.616009;-0.015030;,
  0.065980;0.625861;0.042415;,
  0.080631;0.629893;-0.027684;,
  0.035890;0.598121;-0.053006;,
  0.054993;0.612476;-0.066663;,
  0.065980;0.625861;0.042415;,
  0.080016;0.567897;-0.013267;,
  0.093287;0.569485;0.050083;,
  0.049096;0.616009;-0.015030;,
  0.060200;0.573801;-0.062211;,
  0.035890;0.598121;-0.053006;,
  0.104162;0.578925;-0.022722;,
  0.141153;0.590178;0.026748;,
  0.070864;0.579467;-0.066591;,
  -0.031555;0.614201;-0.122339;,
  0.025138;0.608497;-0.125505;,
  -0.018256;0.612088;-0.104945;,
  0.011607;0.610699;-0.142334;,
  -0.020766;0.612373;-0.090537;,
  -0.022854;0.627677;-0.097007;,
  -0.021438;0.617360;-0.100561;,
  -0.026161;0.620644;-0.084326;,
  0.040112;0.583782;-0.104747;,
  0.003936;0.627923;-0.085049;,
  0.029801;0.611220;-0.127913;,
  0.007395;0.596923;-0.069690;,
  0.036388;0.629993;-0.129422;,
  0.062979;0.612837;-0.096725;,
  0.029802;0.626866;-0.059248;,
  0.012106;0.645891;-0.087676;,
  0.072185;0.768623;0.102024;,
  0.079577;0.769325;0.073054;,
  0.042151;0.782919;0.098437;,
  0.042222;0.778947;0.073282;,
  0.062321;0.700996;0.135496;,
  0.010234;0.803074;0.074456;,
  0.071224;0.754184;0.051303;,
  0.048928;0.741791;0.048094;,
  0.041397;0.760971;0.051484;,
  0.060993;0.729582;0.053410;,
  0.065362;0.742446;0.134504;,
  0.023703;0.735893;0.148715;,
  0.068242;0.746295;0.130831;,
  -0.034174;0.730630;0.147817;,
  -0.032208;0.784900;0.122170;,
  0.046218;0.783100;0.127742;,
  0.068242;0.746295;0.130831;,
  0.054310;0.723297;0.076722;,
  0.067433;0.735409;0.121137;,
  0.033772;0.709851;0.067206;,
  0.065982;0.697949;0.103531;,
  0.060718;0.694855;0.068717;,
  0.057636;0.733058;0.047995;,
  0.070570;0.700704;0.119667;,
  0.007395;0.596923;-0.069690;,
  0.007409;0.831864;0.064662;,
  -0.003108;0.842250;0.082206;,
  -0.030549;0.812006;0.102034;,
  -0.029599;0.847449;0.086992;,
  0.012106;0.645891;-0.087676;,
  -0.031555;0.614201;-0.122339;,
  0.011607;0.610699;-0.142334;,
  -0.004779;0.605955;-0.080466;,
  -0.013092;0.628894;-0.071767;,
  -0.004779;0.605955;-0.080466;,
  -0.003768;0.617175;-0.094246;,
  -0.001520;0.640532;-0.086821;,
  -0.001520;0.640532;-0.086821;,
  -0.020766;0.612373;-0.090537;,
  -0.026161;0.620644;-0.084326;,
  -0.022854;0.627677;-0.097007;,
  0.095162;0.020228;-0.022686;,
  0.064907;-0.001385;-0.067433;,
  0.063586;0.017194;-0.060196;,
  0.100721;-0.001397;-0.029923;,
  0.045608;0.031888;0.088977;,
  0.044025;-0.001415;0.051081;,
  0.049355;-0.001522;0.099608;,
  0.042654;0.023542;0.048548;,
  0.053322;0.077004;0.072660;,
  0.087148;0.034910;0.088447;,
  0.077182;0.083177;0.072374;,
  0.088920;-0.001438;0.054148;,
  0.084211;-0.001545;0.099341;,
  0.090071;0.033508;0.051677;,
  0.066577;0.067632;0.020738;,
  0.086562;0.068092;0.049313;,
  0.036094;0.014161;-0.049742;,
  0.029967;-0.001373;-0.056979;,
  0.100721;-0.001397;-0.029923;,
  0.029967;-0.001373;-0.056979;,
  -0.006059;0.364864;0.033758;,
  0.021162;0.270581;0.028234;,
  0.014574;0.199814;0.035808;,
  0.029913;0.142565;0.040541;,
  0.050120;0.059932;0.046015;,
  0.050120;0.059932;0.046015;,
  -0.029914;0.449595;0.099451;,
  0.019692;0.827800;0.044543;,
  0.003130;0.810077;0.032892;,
  0.012272;0.815185;0.028847;,
  0.000587;0.821630;0.049912;,
  0.010891;0.855773;0.055411;,
  0.001882;0.874219;0.068104;,
  -0.003265;0.942847;-0.033962;,
  -0.021341;0.922661;-0.055139;,
  -0.022817;0.946627;-0.037402;,
  0.012611;0.862010;-0.041817;,
  -0.003912;0.857625;-0.048180;,
  0.008988;0.890698;-0.048642;,
  0.018748;0.831350;0.016468;,
  0.025310;0.853873;0.034763;,
  0.017788;0.841963;0.046701;,
  0.026025;0.892860;0.032943;,
  0.028111;0.890721;0.008589;,
  0.021466;0.904870;-0.036880;,
  0.028490;0.919947;-0.014442;,
  0.025478;0.873894;-0.012682;,
  0.022478;0.904015;0.044998;,
  0.010542;0.920931;0.058021;,
  -0.029175;0.926671;0.064755;,
  0.005979;0.955582;0.024394;,
  -0.027413;0.961813;0.030234;,
  0.025438;0.854610;-0.000697;,
  0.010095;0.816079;0.008507;,
  0.012404;0.838593;-0.019430;,
  -0.004158;0.788709;0.009339;,
  -0.024462;0.789320;0.020914;,
  -0.023093;0.780833;0.001599;,
  0.004334;0.911827;-0.050707;,
  0.016144;0.934326;-0.027325;,
  0.022230;0.944249;0.010236;,
  0.009624;0.954939;-0.006755;,
  -0.007866;0.962623;-0.005003;,
  -0.025164;0.965480;-0.005185;,
  -0.029196;0.887415;0.073308;,
  0.022230;0.944249;0.010236;,
  0.009624;0.954939;-0.006755;,
  0.031647;0.856006;0.033302;,
  0.037451;0.901247;0.019705;,
  0.041607;0.888716;0.036415;,
  0.030306;0.882422;0.023887;,
  0.041607;0.888716;0.036415;,
  0.031647;0.856006;0.033302;,
  0.037451;0.901247;0.019705;,
  0.028111;0.890721;0.008589;,
  0.028562;0.866279;0.014572;,
  0.025310;0.853873;0.034763;,
  0.012556;0.858021;-0.030289;,
  0.028562;0.866279;0.014572;,
  0.010234;0.803074;0.074456;,
  0.007409;0.831864;0.064662;,
  0.042222;0.778947;0.073282;,
  0.010891;0.855773;0.055411;,
  -0.026092;0.779348;0.041090;,
  -0.025609;0.756486;0.034524;,
  -0.036165;0.554572;0.028752;,
  -0.020281;0.501489;0.166674;,
  -0.021144;0.467239;0.164982;,
  -0.026822;0.436809;0.146273;,
  -0.025377;0.800394;0.032819;,
  -0.029914;0.449595;0.099451;,
  -0.007866;0.962623;-0.005003;,
  -0.025164;0.965480;-0.005185;,
  -0.002596;0.813795;-0.010460;,
  -0.009237;0.830265;-0.027965;,
  -0.009217;0.821692;-0.023524;,
  -0.020748;0.908460;-0.061298;,
  -0.020341;0.883036;-0.062231;,
  -0.006749;0.854220;-0.035938;,
  -0.028034;0.609700;0.138141;,
  0.042222;0.778947;0.073282;,
  0.064907;-0.001385;-0.067433;,
  -0.010580;0.802899;-0.012735;,
  -0.003332;0.808129;-0.007131;,
  -0.010901;0.808841;-0.011896;,
  -0.021665;0.818261;-0.028260;,
  -0.020908;0.821261;-0.040554;,
  -0.010772;0.809983;-0.018008;,
  -0.022509;0.808699;-0.013248;,
  -0.022269;0.799979;-0.015113;,
  -0.020435;0.853240;-0.054543;,
  -0.020861;0.846856;-0.046638;,
  0.067433;0.735409;0.121137;,
  -0.021929;0.808112;-0.022057;,
  0.049613;0.726019;0.093992;,
  0.054310;0.723297;0.076722;,
  0.057636;0.733058;0.047995;,
  0.022478;0.904015;0.044998;,
  0.054346;0.220859;0.011730;,
  0.012039;0.145903;0.006593;,
  -0.002259;0.222419;0.001778;,
  0.059149;0.147003;0.015359;,
  0.048215;0.280473;-0.012082;,
  -0.001853;0.279289;-0.007468;,
  0.040993;0.373985;0.008852;,
  -0.017285;0.370299;0.012030;,
  0.026161;0.468133;0.030738;,
  -0.024054;0.458208;0.023813;,
  0.004776;0.501555;0.039982;,
  0.016003;0.073245;0.007222;,
  0.066577;0.067632;0.020738;,
  0.030311;0.144177;0.109370;,
  -0.005004;0.077697;0.164336;,
  0.039112;0.074485;0.110169;,
  -0.009990;0.150782;0.158568;,
  -0.017504;0.217214;0.145331;,
  0.019325;0.214569;0.103085;,
  -0.020393;0.279401;0.146622;,
  0.017517;0.263375;0.100243;,
  0.000742;0.347863;0.122643;,
  -0.021812;0.364008;0.150265;,
  -0.020774;0.439448;0.164931;,
  0.049613;0.726019;0.093992;,
  -0.089714;0.768447;0.034029;,
  -0.059461;0.760852;0.040906;,
  -0.099471;0.748418;0.029949;,
  -0.055510;0.789855;0.057994;,
  -0.109983;0.733219;0.034735;,
  -0.079747;0.696461;0.016412;,
  -0.117780;0.698827;0.045752;,
  -0.065766;0.730097;0.022655;,
  -0.059291;0.809881;0.095400;,
  -0.111306;0.785142;0.113607;,
  -0.079354;0.789240;0.124220;,
  -0.100592;0.790782;0.079650;,
  -0.107696;0.554823;0.132758;,
  -0.066073;0.562749;0.144952;,
  -0.101946;0.565065;0.126697;,
  -0.063661;0.550239;0.151791;,
  -0.102974;0.563796;0.070576;,
  -0.113959;0.538053;0.093399;,
  -0.078858;0.557688;0.037164;,
  -0.103929;0.513499;0.063383;,
  -0.076584;0.503087;0.050458;,
  -0.023498;0.559865;0.140129;,
  -0.022074;0.545179;0.146362;,
  -0.081702;0.657684;0.142037;,
  -0.032317;0.695599;0.152689;,
  -0.088942;0.697755;0.145582;,
  -0.029795;0.658359;0.146725;,
  -0.098206;0.464552;0.050702;,
  -0.141509;0.365325;0.084215;,
  -0.124043;0.463641;0.094226;,
  -0.111376;0.366805;0.047537;,
  -0.117890;0.271141;0.042037;,
  -0.135248;0.271884;0.091991;,
  -0.046959;0.461925;0.060031;,
  -0.047475;0.358884;0.135683;,
  -0.059165;0.362580;0.060709;,
  -0.035004;0.443322;0.155643;,
  -0.073785;0.271555;0.116596;,
  -0.081165;0.267881;0.075146;,
  -0.126482;0.363067;0.147179;,
  -0.107841;0.443831;0.150043;,
  -0.113210;0.276217;0.125996;,
  -0.125889;-0.000920;0.146458;,
  -0.072033;-0.001004;0.173506;,
  -0.104384;-0.001027;0.186485;,
  -0.085516;-0.000897;0.126585;,
  -0.114372;0.215514;0.074360;,
  -0.135052;0.147063;0.123649;,
  -0.137807;0.220393;0.109603;,
  -0.113719;0.142856;0.088895;,
  -0.126591;0.068884;0.139650;,
  -0.115906;0.066025;0.106652;,
  -0.068702;0.199123;0.090171;,
  -0.065979;0.157599;0.144252;,
  -0.078955;0.142797;0.106217;,
  -0.056739;0.222627;0.139275;,
  -0.088453;0.080505;0.151173;,
  -0.093077;0.060450;0.124211;,
  -0.126246;0.159351;0.159106;,
  -0.126252;0.233823;0.155761;,
  -0.111523;0.086239;0.157430;,
  -0.119747;0.509520;0.100416;,
  -0.046959;0.461925;0.060031;,
  -0.114566;0.506284;0.154695;,
  -0.061890;0.504914;0.172167;,
  -0.107931;0.456810;0.153667;,
  -0.060008;0.459199;0.167547;,
  -0.075445;0.610803;0.137158;,
  -0.113092;0.656329;0.123815;,
  -0.124279;0.661483;0.106595;,
  -0.101511;0.613857;0.061564;,
  -0.107955;0.611560;0.112370;,
  -0.117076;0.665165;0.052967;,
  -0.082353;0.663059;0.017562;,
  -0.079372;0.609605;0.031681;,
  -0.127129;0.751672;0.001362;,
  -0.100563;0.718694;0.034563;,
  -0.159791;0.724964;-0.026653;,
  -0.174665;0.656881;-0.012268;,
  -0.196291;0.692740;-0.036681;,
  -0.132645;0.678919;0.000419;,
  -0.148332;0.710785;0.071541;,
  -0.179480;0.678553;0.047023;,
  -0.132645;0.678919;0.000419;,
  -0.206732;0.639343;-0.002902;,
  -0.174665;0.656881;-0.012268;,
  -0.157089;0.717694;0.073544;,
  -0.206577;0.724875;0.020119;,
  -0.173979;0.750311;0.047750;,
  -0.228301;0.674914;-0.027478;,
  -0.150684;0.757731;0.018816;,
  -0.181635;0.709693;-0.032448;,
  -0.109408;0.678336;-0.043110;,
  -0.129109;0.704064;-0.060353;,
  -0.153747;0.669227;-0.002697;,
  -0.081078;0.676990;-0.070735;,
  -0.086086;0.697617;-0.086906;,
  -0.153747;0.669227;-0.002697;,
  -0.138002;0.643729;-0.078587;,
  -0.109408;0.678336;-0.043110;,
  -0.182837;0.624298;-0.035504;,
  -0.102259;0.663625;-0.098178;,
  -0.081078;0.676990;-0.070735;,
  -0.153199;0.663687;-0.091426;,
  -0.210483;0.664677;-0.064961;,
  -0.101882;0.672336;-0.109066;,
  -0.049461;0.586326;-0.107266;,
  -0.079812;0.627603;-0.132401;,
  -0.077365;0.607327;-0.139752;,
  -0.051556;0.606776;-0.099438;,
  -0.041450;0.608834;-0.094488;,
  -0.032496;0.609996;-0.108592;,
  -0.029843;0.609883;-0.093957;,
  -0.042194;0.605969;-0.105307;,
  -0.101177;0.645844;-0.111164;,
  -0.041899;0.638247;-0.102586;,
  -0.064951;0.643842;-0.077166;,
  -0.080410;0.629557;-0.137609;,
  -0.067986;0.637561;-0.151014;,
  -0.084497;0.674255;-0.129767;,
  -0.046591;0.673512;-0.094205;,
  -0.031197;0.646657;-0.117119;,
  -0.131037;0.786865;0.067028;,
  -0.126949;0.788664;0.037470;,
  -0.100592;0.790782;0.079650;,
  -0.093523;0.787893;0.053905;,
  -0.124806;0.701643;0.126535;,
  -0.066987;0.803118;0.068628;,
  -0.114326;0.771996;0.019561;,
  -0.099471;0.748418;0.029949;,
  -0.111485;0.745869;0.022432;,
  -0.089714;0.768447;0.034029;,
  -0.132243;0.743470;0.116997;,
  -0.134630;0.747745;0.112504;,
  -0.091525;0.735959;0.140019;,
  -0.034174;0.730630;0.147817;,
  -0.032208;0.784900;0.122170;,
  -0.111306;0.785142;0.113607;,
  -0.134630;0.747745;0.112504;,
  -0.112793;0.725678;0.060728;,
  -0.100563;0.718694;0.034563;,
  -0.134108;0.738474;0.100873;,
  -0.125412;0.698611;0.094365;,
  -0.116861;0.695469;0.060212;,
  -0.109983;0.733219;0.034735;,
  -0.131499;0.701404;0.109990;,
  -0.064951;0.643842;-0.077166;,
  -0.062817;0.831456;0.059697;,
  -0.055062;0.841948;0.078532;,
  -0.030549;0.812006;0.102034;,
  -0.029599;0.847449;0.086992;,
  -0.031197;0.646657;-0.117119;,
  -0.049461;0.586326;-0.107266;,
  -0.077365;0.607327;-0.139752;,
  -0.049886;0.624004;-0.084644;,
  -0.025193;0.628970;-0.090688;,
  -0.049886;0.624004;-0.084644;,
  -0.048857;0.623268;-0.102397;,
  -0.030104;0.636692;-0.110991;,
  -0.030104;0.636692;-0.110991;,
  -0.041450;0.608834;-0.094488;,
  -0.029843;0.609883;-0.093957;,
  -0.032496;0.609996;-0.108592;,
  -0.160819;0.020746;0.077739;,
  -0.149806;-0.000867;0.024859;,
  -0.168708;-0.000879;0.073153;,
  -0.145837;0.017712;0.031053;,
  -0.072600;0.032406;0.162248;,
  -0.085516;-0.000897;0.126585;,
  -0.085208;0.024060;0.123722;,
  -0.072033;-0.001004;0.173506;,
  -0.088453;0.080505;0.151173;,
  -0.111235;0.035428;0.177520;,
  -0.111523;0.086239;0.157430;,
  -0.125889;-0.000920;0.146458;,
  -0.127891;0.034026;0.144608;,
  -0.104384;-0.001027;0.186485;,
  -0.115906;0.066025;0.106652;,
  -0.126591;0.068884;0.139650;,
  -0.116435;0.014678;0.030293;,
  -0.113512;-0.000856;0.021273;,
  -0.168708;-0.000879;0.073153;,
  -0.113512;-0.000856;0.021273;,
  -0.059165;0.362580;0.060709;,
  -0.081165;0.267881;0.075146;,
  -0.068702;0.199123;0.090171;,
  -0.078955;0.142797;0.106217;,
  -0.093077;0.060450;0.124211;,
  -0.093077;0.060450;0.124211;,
  -0.072325;0.826548;0.038572;,
  -0.053922;0.809301;0.029190;,
  -0.053812;0.821314;0.046066;,
  -0.062601;0.814166;0.023989;,
  -0.065763;0.854730;0.050437;,
  -0.058973;0.873391;0.064155;,
  -0.042541;0.942313;-0.036511;,
  -0.022817;0.946627;-0.037402;,
  -0.055074;0.861089;-0.046209;,
  -0.051378;0.889877;-0.052559;,
  -0.037754;0.857164;-0.050376;,
  -0.067858;0.830172;0.010848;,
  -0.077336;0.852477;0.028102;,
  -0.071100;0.840754;0.040933;,
  -0.078865;0.891433;0.026137;,
  -0.077729;0.889281;0.001721;,
  -0.065650;0.903685;-0.042533;,
  -0.071915;0.872570;-0.019001;,
  -0.075920;0.918527;-0.021217;,
  -0.077209;0.902660;0.038530;,
  -0.067519;0.919869;0.052956;,
  -0.029175;0.926671;0.064755;,
  -0.059589;0.954690;0.020139;,
  -0.027413;0.961813;0.030234;,
  -0.072901;0.853273;-0.007079;,
  -0.057127;0.837648;-0.023942;,
  -0.057839;0.815155;0.004099;,
  -0.043077;0.788180;0.006814;,
  -0.047069;0.911128;-0.054042;,
  -0.062407;0.933258;-0.032422;,
  -0.073562;0.942947;0.004020;,
  -0.059160;0.954003;-0.011218;,
  -0.025164;0.965480;-0.005185;,
  -0.042258;0.962155;-0.007235;,
  -0.029196;0.887415;0.073308;,
  -0.073562;0.942947;0.004020;,
  -0.059160;0.954003;-0.011218;,
  -0.083486;0.854440;0.025831;,
  -0.088708;0.899531;0.011518;,
  -0.081656;0.880899;0.016622;,
  -0.094648;0.886863;0.027574;,
  -0.094648;0.886863;0.027574;,
  -0.083486;0.854440;0.025831;,
  -0.088708;0.899531;0.011518;,
  -0.077729;0.889281;0.001721;,
  -0.078287;0.864826;0.007639;,
  -0.077336;0.852477;0.028102;,
  -0.056400;0.857083;-0.034764;,
  -0.078287;0.864826;0.007639;,
  -0.066987;0.803118;0.068628;,
  -0.062817;0.831456;0.059697;,
  -0.093523;0.787893;0.053905;,
  -0.065763;0.854730;0.050437;,
  -0.020281;0.501489;0.166674;,
  -0.021144;0.467239;0.164982;,
  -0.026822;0.436809;0.146273;,
  -0.029914;0.449595;0.099451;,
  -0.042258;0.962155;-0.007235;,
  -0.025164;0.965480;-0.005185;,
  -0.042746;0.813249;-0.013065;,
  -0.034347;0.829924;-0.029594;,
  -0.034709;0.821345;-0.025178;,
  -0.036432;0.853816;-0.037865;,
  -0.028034;0.609700;0.138141;,
  -0.093523;0.787893;0.053905;,
  -0.149806;-0.000867;0.024859;,
  -0.042293;0.807599;-0.009659;,
  -0.034242;0.802577;-0.014271;,
  -0.034194;0.808525;-0.013408;,
  -0.033562;0.809673;-0.019487;,
  -0.134108;0.738474;0.100873;,
  -0.111169;0.727441;0.078674;,
  -0.112793;0.725678;0.060728;,
  -0.109983;0.733219;0.034735;,
  -0.077209;0.902660;0.038530;,
  -0.070525;0.218917;0.035789;,
  -0.036857;0.144963;0.021060;,
  -0.077715;0.143090;0.049757;,
  -0.037792;0.222673;0.017046;,
  -0.077660;0.273940;0.023497;,
  -0.040604;0.277175;0.008842;,
  -0.060746;0.366337;0.029988;,
  -0.039290;0.365676;0.021088;,
  -0.052342;0.455201;0.031752;,
  -0.038366;0.451394;0.027975;,
  -0.037535;0.494207;0.033737;,
  -0.076584;0.503087;0.050458;,
  -0.036896;0.078532;0.020705;,
  -0.079936;0.070960;0.057030;,
  -0.055470;0.079293;0.181439;,
  -0.126246;0.159351;0.159106;,
  -0.111510;0.086240;0.157428;,
  -0.057833;0.153564;0.168916;,
  -0.126252;0.233823;0.155761;,
  -0.060950;0.221171;0.156033;,
  -0.058505;0.272688;0.147868;,
  -0.113210;0.276217;0.125996;,
  -0.126482;0.363067;0.147179;,
  -0.042023;0.357709;0.152277;,
  -0.021144;0.467239;0.164982;,
  -0.060008;0.459199;0.167547;,
  -0.111169;0.727441;0.078674;,
  -0.098206;0.464552;0.050702;,
  -0.111376;0.366805;0.047537;,
  -0.117890;0.271141;0.042037;,
  -0.114372;0.215514;0.074360;,
  -0.113719;0.142856;0.088895;,
  -0.115906;0.066025;0.106652;,
  0.080939;0.357645;0.099999;,
  0.017789;0.454092;0.154884;,
  0.060711;0.437452;0.121749;,
  0.064830;0.273895;0.070232;,
  0.085994;0.228832;0.089429;,
  0.088636;0.154713;0.081915;,
  0.077182;0.083177;0.072374;,
  -0.107841;0.443831;0.150043;;
  916;
  3;0,1,2;,
  3;1,0,3;,
  3;4,5,6;,
  3;5,4,7;,
  3;8,9,10;,
  3;9,8,11;,
  3;12,13,14;,
  3;13,12,15;,
  3;16,12,17;,
  3;12,16,15;,
  3;18,19,20;,
  3;19,18,16;,
  3;6,21,22;,
  3;21,6,5;,
  3;14,23,24;,
  3;23,14,13;,
  3;25,26,27;,
  3;26,25,28;,
  3;29,30,31;,
  3;30,29,32;,
  3;30,33,31;,
  3;33,30,34;,
  3;35,36,37;,
  3;36,35,38;,
  3;38,39,36;,
  3;39,38,40;,
  3;37,41,42;,
  3;41,37,36;,
  3;36,43,41;,
  3;43,36,39;,
  3;42,30,32;,
  3;30,42,41;,
  3;41,34,30;,
  3;34,41,43;,
  3;44,45,46;,
  3;45,44,47;,
  3;48,49,50;,
  3;49,48,51;,
  3;50,52,53;,
  3;52,50,49;,
  3;54,55,56;,
  3;55,54,57;,
  3;57,58,55;,
  3;58,57,59;,
  3;56,60,61;,
  3;60,56,55;,
  3;55,62,60;,
  3;62,55,58;,
  3;61,49,51;,
  3;49,61,60;,
  3;60,52,49;,
  3;52,60,62;,
  3;32,19,63;,
  3;19,32,29;,
  3;64,65,66;,
  3;65,64,20;,
  3;14,67,12;,
  3;67,14,68;,
  3;68,69,67;,
  3;69,68,70;,
  3;70,42,69;,
  3;42,70,37;,
  3;48,34,51;,
  3;34,48,33;,
  3;51,43,61;,
  3;43,51,34;,
  3;43,56,61;,
  3;56,43,39;,
  3;39,54,56;,
  3;54,39,40;,
  3;12,63,17;,
  3;63,12,67;,
  3;67,32,63;,
  3;32,67,69;,
  3;69,42,32;,
  3;71,72,25;,
  3;73,74,75;,
  3;74,73,76;,
  3;74,77,75;,
  3;77,74,78;,
  3;79,78,80;,
  3;78,79,77;,
  3;81,82,83;,
  3;82,84,85;,
  3;84,82,86;,
  3;87,88,89;,
  3;88,90,89;,
  3;90,88,91;,
  3;92,93,94;,
  3;92,89,93;,
  3;92,87,89;,
  3;89,95,93;,
  3;95,89,90;,
  3;96,93,82;,
  3;93,86,82;,
  3;86,93,95;,
  3;97,98,99;,
  3;98,97,100;,
  3;100,101,98;,
  3;101,100,102;,
  3;103,104,105;,
  3;104,103,106;,
  3;106,107,104;,
  3;107,106,108;,
  3;105,109,110;,
  3;109,105,104;,
  3;104,111,109;,
  3;111,104,107;,
  3;110,100,97;,
  3;100,110,109;,
  3;109,102,100;,
  3;102,109,111;,
  3;112,113,114;,
  3;113,112,115;,
  3;116,117,118;,
  3;117,116,119;,
  3;120,121,122;,
  3;121,120,123;,
  3;120,124,125;,
  3;124,120,122;,
  3;126,124,127;,
  3;124,126,125;,
  3;95,97,86;,
  3;97,95,110;,
  3;86,99,84;,
  3;99,86,97;,
  3;90,103,105;,
  3;103,90,91;,
  3;105,95,90;,
  3;95,105,110;,
  3;128,96,129;,
  3;96,128,94;,
  3;129,130,128;,
  3;130,129,131;,
  3;72,28,25;,
  3;28,72,132;,
  3;10,133,8;,
  3;134,135,136;,
  3;135,134,137;,
  3;81,137,134;,
  3;138,11,139;,
  3;138,9,11;,
  3;138,140,9;,
  3;141,11,142;,
  3;11,141,139;,
  3;128,130,143;,
  3;94,144,92;,
  3;94,143,144;,
  3;94,128,143;,
  3;145,87,146;,
  3;87,145,147;,
  3;75,148,73;,
  3;148,75,149;,
  3;150,147,145;,
  3;7,149,75;,
  3;148,151,73;,
  3;102,152,101;,
  3;152,102,126;,
  3;102,125,126;,
  3;125,102,111;,
  3;111,120,125;,
  3;120,111,107;,
  3;120,108,123;,
  3;108,120,107;,
  3;8,153,154;,
  3;153,8,133;,
  3;154,155,8;,
  3;155,154,156;,
  3;122,114,113;,
  3;114,122,121;,
  3;121,112,114;,
  3;112,121,157;,
  3;158,124,159;,
  3;124,158,127;,
  3;159,122,113;,
  3;122,159,124;,
  3;126,160,152;,
  3;160,126,161;,
  3;162,121,123;,
  3;121,162,163;,
  3;121,164,157;,
  3;164,121,163;,
  3;165,126,127;,
  3;126,165,161;,
  3;161,166,160;,
  3;166,161,167;,
  3;162,118,163;,
  3;118,162,116;,
  3;163,117,164;,
  3;117,163,118;,
  3;165,167,161;,
  3;167,165,168;,
  3;169,170,171;,
  3;170,169,172;,
  3;173,174,175;,
  3;174,173,176;,
  3;177,178,179;,
  3;178,177,173;,
  3;180,178,181;,
  3;178,180,182;,
  3;183,169,171;,
  3;169,183,184;,
  3;174,185,186;,
  3;185,174,176;,
  3;46,187,44;,
  3;187,46,188;,
  3;180,169,182;,
  3;169,180,172;,
  3;20,29,65;,
  3;19,29,20;,
  3;29,31,189;,
  3;31,190,189;,
  3;190,31,33;,
  3;33,191,190;,
  3;191,33,48;,
  3;191,50,192;,
  3;50,191,48;,
  3;192,53,193;,
  3;53,192,50;,
  3;194,171,185;,
  3;171,194,183;,
  3;171,186,185;,
  3;186,171,170;,
  3;185,176,194;,
  3;194,173,177;,
  3;173,194,176;,
  3;178,175,181;,
  3;175,178,173;,
  3;179,182,184;,
  3;182,179,178;,
  3;182,169,184;,
  3;16,17,19;,
  3;17,63,19;,
  3;65,195,66;,
  3;196,197,198;,
  3;197,196,199;,
  3;200,154,153;,
  3;154,200,201;,
  3;202,203,204;,
  3;205,206,207;,
  3;196,208,209;,
  3;208,196,198;,
  3;210,209,211;,
  3;209,210,196;,
  3;212,213,214;,
  3;213,212,215;,
  3;212,214,211;,
  3;201,216,217;,
  3;216,201,200;,
  3;218,219,220;,
  3;219,218,217;,
  3;210,199,196;,
  3;213,205,207;,
  3;221,222,223;,
  3;198,197,224;,
  3;224,225,226;,
  3;225,224,197;,
  3;227,213,207;,
  3;228,229,214;,
  3;229,228,230;,
  3;220,231,232;,
  3;213,228,214;,
  3;156,201,233;,
  3;201,156,154;,
  3;233,217,218;,
  3;217,233,201;,
  3;219,217,234;,
  3;235,219,234;,
  3;236,237,238;,
  3;237,236,239;,
  3;209,240,211;,
  3;240,209,241;,
  3;211,242,212;,
  3;242,211,240;,
  3;243,239,244;,
  3;239,243,237;,
  3;244,236,245;,
  3;236,244,239;,
  3;246,221,223;,
  3;221,246,215;,
  3;221,212,247;,
  3;212,221,215;,
  3;199,248,2;,
  3;248,199,249;,
  3;133,10,250;,
  3;249,210,251;,
  3;210,249,199;,
  3;210,211,251;,
  3;252,1,253;,
  3;1,252,2;,
  3;20,254,18;,
  3;254,20,64;,
  3;24,68,14;,
  3;68,24,255;,
  3;68,256,70;,
  3;256,68,255;,
  3;256,37,70;,
  3;37,256,257;,
  3;258,2,252;,
  3;2,258,199;,
  3;257,259,37;,
  3;37,259,35;,
  3;260,204,261;,
  3;204,260,202;,
  3;262,263,223;,
  3;263,262,264;,
  3;197,258,225;,
  3;258,197,199;,
  3;265,203,227;,
  3;265,207,266;,
  3;207,265,227;,
  3;223,267,246;,
  3;267,223,263;,
  3;88,87,147;,
  3;83,82,85;,
  3;78,16,18;,
  3;16,78,74;,
  3;74,15,16;,
  3;15,74,76;,
  3;15,71,13;,
  3;71,15,76;,
  3;13,268,23;,
  3;268,13,71;,
  3;248,269,2;,
  3;2,269,0;,
  3;136,129,134;,
  3;129,136,131;,
  3;134,96,81;,
  3;96,134,129;,
  3;96,82,81;,
  3;93,96,94;,
  3;29,189,65;,
  3;205,215,246;,
  3;267,205,246;,
  3;205,267,206;,
  3;205,213,215;,
  3;187,188,270;,
  3;224,271,272;,
  3;222,221,208;,
  3;224,222,198;,
  3;272,273,262;,
  3;273,272,271;,
  3;263,274,275;,
  3;273,276,262;,
  3;277,271,278;,
  3;271,277,273;,
  3;222,272,262;,
  3;272,222,224;,
  3;222,208,198;,
  3;209,221,247;,
  3;221,209,208;,
  3;223,222,262;,
  3;266,206,279;,
  3;206,266,207;,
  3;206,280,279;,
  3;280,206,267;,
  3;280,263,275;,
  3;263,280,267;,
  3;264,262,276;,
  3;76,73,72;,
  3;138,281,140;,
  3;73,132,72;,
  3;132,73,151;,
  3;72,71,76;,
  3;271,226,278;,
  3;155,11,8;,
  3;276,277,282;,
  3;277,276,273;,
  3;274,276,282;,
  3;276,274,264;,
  3;28,141,26;,
  3;141,28,139;,
  3;139,132,138;,
  3;132,139,28;,
  3;132,281,138;,
  3;281,132,151;,
