xof 0303txt 0032
template ColorRGBA {
 <35ff44e0-6c7c-11cf-8f52-0040333594a3>
 FLOAT red;
 FLOAT green;
 FLOAT blue;
 FLOAT alpha;
}

template ColorRGB {
 <d3e16e81-7835-11cf-8f52-0040333594a3>
 FLOAT red;
 FLOAT green;
 FLOAT blue;
}

template Material {
 <3d82ab4d-62da-11cf-ab39-0020af71e433>
 ColorRGBA faceColor;
 FLOAT power;
 ColorRGB specularColor;
 ColorRGB emissiveColor;
 [...]
}

template TextureFilename {
 <a42790e1-7810-11cf-8f52-0040333594a3>
 STRING filename;
}

template Frame {
 <3d82ab46-62da-11cf-ab39-0020af71e433>
 [...]
}

template Matrix4x4 {
 <f6f23f45-7686-11cf-8f52-0040333594a3>
 array FLOAT matrix[16];
}

template FrameTransformMatrix {
 <f6f23f41-7686-11cf-8f52-0040333594a3>
 Matrix4x4 frameMatrix;
}

template Vector {
 <3d82ab5e-62da-11cf-ab39-0020af71e433>
 FLOAT x;
 FLOAT y;
 FLOAT z;
}

template MeshFace {
 <3d82ab5f-62da-11cf-ab39-0020af71e433>
 DWORD nFaceVertexIndices;
 array DWORD faceVertexIndices[nFaceVertexIndices];
}

template Mesh {
 <3d82ab44-62da-11cf-ab39-0020af71e433>
 DWORD nVertices;
 array Vector vertices[nVertices];
 DWORD nFaces;
 array MeshFace faces[nFaces];
 [...]
}

template MeshMaterialList {
 <f6f23f42-7686-11cf-8f52-0040333594a3>
 DWORD nMaterials;
 DWORD nFaceIndexes;
 array DWORD faceIndexes[nFaceIndexes];
 [Material <3d82ab4d-62da-11cf-ab39-0020af71e433>]
}

template VertexElement {
 <f752461c-1e23-48f6-b9f8-8350850f336f>
 DWORD Type;
 DWORD Method;
 DWORD Usage;
 DWORD UsageIndex;
}

template DeclData {
 <bf22e553-292c-4781-9fea-62bd554bdd93>
 DWORD nElements;
 array VertexElement Elements[nElements];
 DWORD nDWords;
 array DWORD data[nDWords];
}

template XSkinMeshHeader {
 <3cf169ce-ff7c-44ab-93c0-f78f62d172e2>
 WORD nMaxSkinWeightsPerVertex;
 WORD nMaxSkinWeightsPerFace;
 WORD nBones;
}

template SkinWeights {
 <6f0d123b-bad2-4167-a0d0-80224f25fabb>
 STRING transformNodeName;
 DWORD nWeights;
 array DWORD vertexIndices[nWeights];
 array FLOAT weights[nWeights];
 Matrix4x4 matrixOffset;
}

template AnimTicksPerSecond {
 <9e415a43-7ba6-4a73-8743-b73d47e88476>
 DWORD AnimTicksPerSecond;
}

template Animation {
 <3d82ab4f-62da-11cf-ab39-0020af71e433>
 [...]
}

template AnimationSet {
 <3d82ab50-62da-11cf-ab39-0020af71e433>
 [Animation <3d82ab4f-62da-11cf-ab39-0020af71e433>]
}

template FloatKeys {
 <10dd46a9-775b-11cf-8f52-0040333594a3>
 DWORD nValues;
 array FLOAT values[nValues];
}

template TimedFloatKeys {
 <f406b180-7b3b-11cf-8f52-0040333594a3>
 DWORD time;
 FloatKeys tfkeys;
}

template AnimationKey {
 <10dd46a8-775b-11cf-8f52-0040333594a3>
 DWORD keyType;
 DWORD nKeys;
 array TimedFloatKeys keys[nKeys];
}


Material _03_-_Default {
 1.000000;1.000000;1.000000;1.000000;;
 9.999999;
 0.000000;0.000000;0.000000;;
 0.000000;0.000000;0.000000;;

 TextureFilename {
  "MaleBody_full.png";
 }
}

Frame Dummy01 {
 

 FrameTransformMatrix {
  1.000000,0.000000,0.000000,0.000000,0.000000,-0.000000,-1.000000,0.000000,0.000000,1.000000,-0.000000,0.000000,0.000000,0.000000,0.000000,1.000000;;
 }

 Frame Bip01 {
  

  FrameTransformMatrix {
   0.000001,0.965926,-0.258819,0.000000,-0.001950,0.258819,0.965924,0.000000,0.999998,0.000504,0.001884,0.000000,0.000000,0.030000,0.529630,1.000000;;
  }

  Frame Bip01_Pelvis {
   

   FrameTransformMatrix {
    -0.000000,1.000000,-0.000001,0.000000,0.063244,0.000001,0.997998,0.000000,0.997998,-0.000000,-0.063244,0.000000,0.000000,0.000000,0.000000,1.000000;;
   }

   Frame Bip01_Spine {
    

    FrameTransformMatrix {
     0.999981,-0.006033,0.001506,0.000000,0.006167,0.993236,-0.115946,0.000000,-0.000796,0.115953,0.993254,0.000000,0.051633,-0.000010,-0.000084,1.000000;;
    }

    Frame Bip01_Spine1 {
     

     FrameTransformMatrix {
      0.965648,-0.001294,0.259850,0.000000,0.110950,0.906306,-0.407798,0.000000,-0.234976,0.422619,0.875317,0.000000,0.106500,-0.000036,-0.000074,1.000000;;
     }

     Frame Bip01_Neck {
      

      FrameTransformMatrix {
       1.000000,-0.000000,0.000000,0.000000,0.000000,1.000000,0.000000,0.000000,0.000000,-0.000000,1.000000,0.000000,0.130505,0.000000,0.004625,1.000000;;
      }

      Frame Bip01_Head {
       

       FrameTransformMatrix {
        0.964729,0.138413,-0.223921,0.000000,-0.007342,0.864429,0.502701,0.000000,0.263144,-0.483326,0.834956,0.000000,0.033674,-0.000000,0.000000,1.000000;;
       }

       Frame Bip01_HeadNub {
        

        FrameTransformMatrix {
         1.000000,0.000000,-0.000000,0.000000,-0.000000,1.000000,-0.000000,0.000000,0.000000,-0.000000,1.000000,0.000000,0.169824,-0.000000,0.000000,1.000000;;
        }
       }
      }

      Frame Bip01_L_Clavicle {
       

       FrameTransformMatrix {
        -0.173648,0.984808,0.000136,0.000000,0.984807,0.173648,-0.000785,0.000000,-0.000796,-0.000003,-1.000000,0.000000,-0.024025,0.015714,-0.004625,1.000000;;
       }

       Frame Bip01_L_UpperArm {
        

        FrameTransformMatrix {
         0.644191,-0.763809,-0.040172,0.000000,0.763858,0.645149,-0.017424,0.000000,0.039226,-0.019462,0.999041,0.000000,0.087086,0.000000,-0.000000,1.000000;;
        }

        Frame Bip01_L_Forearm {
         

         FrameTransformMatrix {
          -0.617966,0.000000,-0.786205,0.000000,-0.000000,1.000000,-0.000000,0.000000,0.786205,-0.000000,-0.617966,0.000000,0.137062,-0.000000,-0.000000,1.000000;;
         }

         Frame Bip01_L_Hand {
          

          FrameTransformMatrix {
           0.893369,-0.039170,0.447612,0.000000,-0.171919,-0.950188,0.259976,0.000000,0.415133,-0.309207,-0.855603,0.000000,0.137062,0.000000,-0.000000,1.000000;;
          }

          Frame Bip01_L_Finger0 {
           

           FrameTransformMatrix {
            0.829256,-0.514255,0.218807,0.000000,0.558537,0.749101,-0.356210,0.000000,0.019274,0.417601,0.908427,0.000000,0.057681,-0.023605,-0.000272,1.000000;;
           }

           Frame Bip01_L_Finger0Nub {
            

            FrameTransformMatrix {
             1.000000,0.000000,0.000000,0.000000,-0.000000,1.000000,0.000000,0.000000,-0.000000,0.000000,1.000000,0.000000,0.029435,-0.000000,0.000000,1.000000;;
            }
           }
          }

          Frame Bip01_L_Finger1 {
           

           FrameTransformMatrix {
            0.533346,-0.000674,0.845897,0.000000,0.000000,1.000000,0.000796,0.000000,-0.845897,-0.000425,0.533346,0.000000,0.084102,0.000000,0.000000,1.000000;;
           }

           Frame Bip01_L_Finger1Nub {
            

            FrameTransformMatrix {
             1.000000,0.000000,0.000000,0.000000,-0.000000,1.000000,0.000000,0.000000,0.000000,0.000000,1.000000,0.000000,0.047988,0.000000,-0.000000,1.000000;;
            }
           }
          }
         }
        }
       }
      }

      Frame Bip01_R_Clavicle {
       

       FrameTransformMatrix {
        -0.000246,-0.951120,-0.308822,0.000000,-1.000000,0.000000,0.000796,0.000000,-0.000757,0.308822,-0.951120,0.000000,-0.024025,-0.015715,-0.004625,1.000000;;
       }

       Frame Bip01_R_UpperArm {
        

        FrameTransformMatrix {
         0.459634,0.826690,-0.324530,0.000000,-0.683883,0.562594,0.464534,0.000000,0.566604,0.008424,0.823947,0.000000,0.087086,-0.000000,0.000000,1.000000;;
        }

        Frame Bip01_R_Forearm {
         

         FrameTransformMatrix {
          -0.032629,0.000000,-0.999467,0.000000,0.000000,1.000000,-0.000000,0.000000,0.999468,-0.000000,-0.032629,0.000000,0.137062,0.000000,0.000000,1.000000;;
         }

         Frame Bip01_R_Hand {
          

          FrameTransformMatrix {
           0.977301,0.085479,0.193844,0.000000,0.159242,0.307085,-0.938265,0.000000,-0.139728,0.947836,0.286503,0.000000,0.137062,0.000000,0.000000,1.000000;;
          }

          Frame Bip01_R_Finger0 {
           

           FrameTransformMatrix {
            0.417774,-0.116941,0.900994,0.000000,-0.558537,0.749101,0.356210,0.000000,-0.716591,-0.652053,0.247639,0.000000,0.057681,0.023605,-0.000272,1.000000;;
           }

           Frame Bip01_R_Finger0Nub {
            

            FrameTransformMatrix {
             -1.000000,-0.000000,0.000000,0.000000,0.000000,1.000000,0.000000,0.000000,-0.000000,-0.000000,-1.000000,0.000000,0.029435,0.000000,-0.000000,1.000000;;
            }
           }
          }

          Frame Bip01_R_Finger1 {
           

           FrameTransformMatrix {
            0.352437,0.000745,0.935835,0.000000,0.000000,1.000000,-0.000796,0.000000,-0.935836,0.000281,0.352436,0.000000,0.084102,0.000000,0.000000,1.000000;;
           }

           Frame Bip01_R_Finger1Nub {
            

            FrameTransformMatrix {
             -1.000000,0.000000,-0.000000,0.000000,-0.000000,1.000000,0.000000,0.000000,-0.000000,-0.000000,-1.000000,0.000000,0.047988,0.000000,0.000000,1.000000;;
            }
           }
          }
         }
        }
       }
      }
     }

     Frame Bip01_BackPack {
      

      FrameTransformMatrix {
       0.081023,-0.088037,-0.992817,0.000000,-0.064786,0.993520,-0.093387,0.000000,0.994604,0.071887,0.074794,0.000000,0.041174,-0.003810,-0.088357,1.000000;;
      }

      Frame Bip01_BackPackNub {
       

       FrameTransformMatrix {
        0.000796,0.000003,1.000000,0.000000,-0.000000,-1.000000,0.000003,0.000000,1.000000,-0.000000,-0.000796,0.000000,0.053240,0.000000,0.000000,1.000000;;
       }
      }
     }
    }

    Frame Bip01_L_Thigh {
     

     FrameTransformMatrix {
      -0.303134,-0.105506,0.947089,0.000000,0.050729,-0.994230,-0.094521,0.000000,0.951597,0.019392,0.306737,0.000000,-0.051966,0.054533,0.006530,1.000000;;
     }

     Frame Bip01_L_Calf {
      

      FrameTransformMatrix {
       0.538314,-0.000000,-0.842744,0.000000,-0.000000,1.000000,0.000000,0.000000,0.842744,-0.000000,0.538314,0.000000,0.237500,0.000000,0.000000,1.000000;;
      }

      Frame Bip01_L_Foot {
       

       FrameTransformMatrix {
        0.983526,-0.017727,0.179897,0.000000,-0.005361,0.991882,0.127048,0.000000,-0.180689,-0.125919,0.975447,0.000000,0.206841,0.000000,0.000000,1.000000;;
       }

       Frame Bip01_L_Toe0 {
        

        FrameTransformMatrix {
         -0.000000,0.000001,1.000000,0.000000,-0.000000,1.000000,-0.000001,0.000000,-1.000000,-0.000000,-0.000000,0.000000,0.065373,0.000000,0.066450,1.000000;;
        }

        Frame Bip01_L_Toe0Nub {
         

         FrameTransformMatrix {
          -1.000000,-0.000000,0.000000,0.000000,-0.000000,1.000000,-0.000000,0.000000,-0.000000,-0.000000,-1.000000,0.000000,0.006735,-0.000000,0.000000,1.000000;;
         }
        }
       }
      }
     }
    }

    Frame Bip01_R_Thigh {
     

     FrameTransformMatrix {
      -0.966388,0.006596,-0.257004,0.000000,0.006996,-0.998626,-0.051935,0.000000,-0.256993,-0.051988,0.965014,0.000000,-0.051299,-0.055170,-0.006278,1.000000;;
     }

     Frame Bip01_R_Calf {
      

      FrameTransformMatrix {
       0.316456,-0.000000,-0.948607,0.000000,0.000000,1.000000,0.000000,0.000000,0.948607,-0.000000,0.316456,0.000000,0.237500,0.000000,0.000000,1.000000;;
      }

      Frame Bip01_R_Foot {
       

       FrameTransformMatrix {
        0.985465,-0.001081,-0.169878,0.000000,0.000902,0.999999,-0.001130,0.000000,0.169879,0.000961,0.985464,0.000000,0.206841,0.000000,0.000000,1.000000;;
       }

       Frame Bip01_R_Toe0 {
        

        FrameTransformMatrix {
         0.000000,0.000000,1.000000,0.000000,0.000000,1.000000,-0.000000,0.000000,-1.000000,0.000000,0.000000,0.000000,0.065373,0.000000,0.066450,1.000000;;
        }

        Frame Bip01_R_Toe0Nub {
         

         FrameTransformMatrix {
          1.000000,0.000000,0.000000,0.000000,0.000000,1.000000,-0.000000,0.000000,0.000000,0.000000,1.000000,0.000000,0.006735,-0.000000,-0.000000,1.000000;;
         }
        }
       }
      }
     }
    }
   }

   Frame Bip01_DressFront {
    

    FrameTransformMatrix {
     -0.676291,-0.085649,0.731638,0.000000,0.214263,0.927403,0.306619,0.000000,-0.704785,0.364127,-0.608843,0.000000,-0.004466,-0.021145,0.092771,1.000000;;
    }

    Frame Bip01_DressFront02 {
     

     FrameTransformMatrix {
      0.884054,-0.048771,0.464833,0.000000,0.039282,0.998775,0.030082,0.000000,-0.465730,-0.008335,0.884888,0.000000,0.183386,0.000001,-0.000117,1.000000;;
     }

     Frame Bip01_DressFrontNub {
      

      FrameTransformMatrix {
       0.000796,0.000003,1.000000,0.000000,0.000000,-1.000000,0.000003,0.000000,1.000000,-0.000000,-0.000796,0.000000,0.165302,-0.000000,0.000000,1.000000;;
      }
     }
    }
   }

   Frame Bip01_DressBack {
    

    FrameTransformMatrix {
     -0.886023,0.038029,0.462080,0.000000,0.191625,0.937561,0.290274,0.000000,-0.422190,0.345735,-0.837988,0.000000,-0.047673,-0.000048,-0.078302,1.000000;;
    }

    Frame Bip01_DressBack02 {
     

     FrameTransformMatrix {
      0.936852,0.174932,-0.302833,0.000000,-0.166408,0.984581,0.053939,0.000000,0.307600,-0.000139,0.951516,0.000000,0.176125,0.000000,-0.000103,1.000000;;
     }

     Frame Bip01_DressBackNub {
      

      FrameTransformMatrix {
       0.000796,0.000003,1.000000,0.000000,0.000000,-1.000000,0.000003,0.000000,1.000000,0.000000,-0.000796,0.000000,0.136508,0.000000,-0.000000,1.000000;;
      }
     }
    }
   }
  }

  Frame Bip01_Prop1 {
   

   FrameTransformMatrix {
    0.088660,-0.755468,0.649160,0.000000,-0.353429,0.585459,0.729606,0.000000,-0.931250,-0.294119,-0.215098,0.000000,0.209883,0.053620,-0.044785,1.000000;;
   }
  }

  Frame Bip01_Prop2 {
   

   FrameTransformMatrix {
    -0.008987,-0.999960,-0.000000,0.000000,0.999960,-0.008987,0.000000,0.000000,-0.000000,0.000000,1.000000,0.000000,0.049825,0.194331,0.160629,1.000000;;
   }
  }
 }
}

Frame Translation_Data {
 

 FrameTransformMatrix {
  1.000000,0.000000,0.000000,0.000000,0.000000,-0.000000,-1.000000,0.000000,0.000000,1.000000,-0.000000,0.000000,0.000000,0.000000,0.000000,1.000000;;
 }
}

Frame Body {
 

 FrameTransformMatrix {
  1.000000,0.000000,0.000000,0.000000,0.000000,1.000000,0.000000,0.000000,0.000000,0.000000,1.000000,0.000000,0.000000,0.000000,0.000000,1.000000;;
 }

 Mesh Body {
  617;
  0.073336;0.779099;-0.117878;,
  0.043292;0.764142;-0.131575;,
  0.030560;0.795548;-0.134679;,
  0.083439;0.762099;-0.107621;,
  0.090516;0.751107;-0.099635;,
  0.069925;0.703173;-0.115360;,
  0.058639;0.731489;-0.127454;,
  0.091398;0.723494;-0.078767;,
  0.013433;0.828365;-0.113992;,
  0.045021;0.828487;-0.063800;,
  0.051635;0.818767;-0.091667;,
  0.015269;0.827705;-0.073978;,
  0.085530;0.586093;-0.010660;,
  0.045005;0.599240;0.008587;,
  0.045839;0.588436;0.016572;,
  0.077707;0.595850;-0.014724;,
  0.070183;0.582575;-0.068739;,
  0.083874;0.560835;-0.045715;,
  0.041182;0.570655;-0.096146;,
  0.067907;0.533477;-0.064820;,
  0.038357;0.519728;-0.072209;,
  0.023751;0.689395;-0.138907;,
  0.023786;0.722487;-0.147193;,
  0.002171;0.597474;0.010728;,
  0.003890;0.584861;0.020043;,
  0.030764;0.706284;-0.000530;,
  -0.029825;0.741980;-0.023479;,
  -0.019252;0.701874;-0.009284;,
  0.023583;0.752711;-0.009091;,
  0.054278;0.529650;-0.084820;,
  0.088750;0.460428;-0.161912;,
  0.051846;0.487828;-0.173861;,
  0.088344;0.504480;-0.064989;,
  0.043209;0.425579;-0.262017;,
  0.071783;0.399693;-0.231251;,
  0.005157;0.527015;-0.075688;,
  0.008173;0.405895;-0.116454;,
  0.016412;0.486849;0.049455;,
  0.003669;0.469570;-0.157644;,
  0.018401;0.385050;-0.199069;,
  0.015238;0.404741;-0.231597;,
  0.087611;0.406931;-0.125414;,
  0.082599;0.461454;-0.030614;,
  0.059176;0.384179;-0.199909;,
  0.046364;0.125450;-0.231420;,
  0.002215;0.119848;-0.190780;,
  0.002084;0.128536;-0.238820;,
  0.036876;0.117899;-0.187630;,
  0.039545;0.351870;-0.253643;,
  0.062627;0.272416;-0.227244;,
  0.032664;0.278096;-0.254643;,
  0.071735;0.346565;-0.226245;,
  0.047885;0.194151;-0.225786;,
  0.028564;0.199044;-0.254333;,
  -0.002293;0.335778;-0.229247;,
  0.003364;0.283093;-0.186251;,
  0.002205;0.347993;-0.175051;,
  0.003897;0.276647;-0.228586;,
  0.015685;0.204649;-0.201930;,
  0.011052;0.189403;-0.232415;,
  0.065069;0.276709;-0.189017;,
  0.074472;0.349673;-0.176978;,
  0.040023;0.207841;-0.201450;,
  0.090347;0.534206;-0.033639;,
  -0.003321;0.509827;-0.079151;,
  0.005157;0.527015;-0.075688;,
  -0.002368;0.480123;-0.056724;,
  0.095524;0.543142;0.019998;,
  0.047115;0.548805;0.046577;,
  0.085859;0.480071;-0.001568;,
  0.042343;0.485998;0.027572;,
  0.036088;0.653569;0.003292;,
  0.065217;0.703392;-0.008304;,
  0.080487;0.704310;-0.022267;,
  0.071383;0.638432;-0.064279;,
  0.088452;0.690494;-0.071872;,
  0.070962;0.649781;-0.016012;,
  0.065531;0.673446;-0.110400;,
  0.053706;0.625363;-0.093294;,
  0.010597;0.667923;-0.131230;,
  0.007119;0.616004;-0.102983;,
  0.131776;0.768005;-0.081861;,
  0.158799;0.740975;-0.048633;,
  0.085999;0.742127;-0.093283;,
  0.130033;0.685570;-0.009609;,
  0.115288;0.700938;-0.058314;,
  0.167449;0.715575;-0.002879;,
  0.060371;0.755286;-0.039599;,
  0.115288;0.700938;-0.058314;,
  0.082346;0.723869;-0.005831;,
  0.127572;0.675389;0.018172;,
  0.130033;0.685570;-0.009609;,
  0.062298;0.764047;-0.032674;,
  0.125758;0.764207;0.003761;,
  0.098784;0.789945;-0.029147;,
  0.165079;0.705043;0.024822;,
  0.122424;0.783546;-0.058045;,
  0.157208;0.738062;-0.015993;,
  0.127775;0.710285;-0.084373;,
  0.110955;0.705573;-0.026262;,
  0.156620;0.731107;-0.075328;,
  0.144309;0.714729;-0.126293;,
  0.160559;0.722631;-0.124636;,
  0.110955;0.705573;-0.026262;,
  0.165043;0.668019;-0.074444;,
  0.143826;0.654001;-0.014242;,
  0.127775;0.710285;-0.084373;,
  0.156075;0.685107;-0.120785;,
  0.144309;0.714729;-0.126293;,
  0.186911;0.684273;-0.067257;,
  0.189678;0.686509;-0.004146;,
  0.178604;0.691490;-0.120853;,
  0.180247;0.702826;-0.244736;,
  0.148023;0.678437;-0.204442;,
  0.174645;0.712432;-0.225756;,
  0.153893;0.669365;-0.223267;,
  0.201762;0.722965;-0.208057;,
  0.209693;0.708265;-0.206849;,
  0.202170;0.713055;-0.213295;,
  0.212149;0.722360;-0.202780;,
  0.135667;0.692042;-0.160162;,
  0.189435;0.708673;-0.182015;,
  0.151759;0.672105;-0.187354;,
  0.167991;0.729587;-0.164362;,
  0.166623;0.658819;-0.186547;,
  0.160975;0.669931;-0.142785;,
  0.195207;0.708922;-0.145925;,
  0.202835;0.694011;-0.180605;,
  0.079039;0.821239;-0.075526;,
  0.097206;0.811421;-0.097126;,
  0.051635;0.818767;-0.091667;,
  0.062965;0.805064;-0.110321;,
  0.063556;0.756532;-0.012661;,
  0.034292;0.814325;-0.127348;,
  0.101683;0.786787;-0.107846;,
  0.083439;0.762099;-0.107621;,
  0.073336;0.779099;-0.117878;,
  0.101797;0.764884;-0.096370;,
  0.059616;0.798364;-0.033390;,
  0.017530;0.790486;-0.031008;,
  0.063483;0.800981;-0.037237;,
  -0.035042;0.773870;-0.049404;,
  -0.023421;0.810686;-0.095409;,
  0.045021;0.828487;-0.063800;,
  0.063483;0.800981;-0.037237;,
  0.076908;0.756205;-0.073363;,
  0.068657;0.788602;-0.040341;,
  0.085999;0.742127;-0.093283;,
  0.077669;0.742344;-0.036938;,
  0.084468;0.725506;-0.066147;,
  0.090516;0.751107;-0.099635;,
  0.076497;0.751699;-0.023328;,
  0.167991;0.729587;-0.164362;,
  0.031523;0.835935;-0.139776;,
  0.017800;0.842525;-0.123226;,
  -0.014262;0.825278;-0.123323;,
  -0.008648;0.843853;-0.121903;,
  0.202835;0.694011;-0.180605;,
  0.180247;0.702826;-0.244736;,
  0.153893;0.669365;-0.223267;,
  0.188265;0.730124;-0.195219;,
  0.209374;0.721275;-0.183090;,
  0.188265;0.730124;-0.195219;,
  0.189554;0.712872;-0.199405;,
  0.202016;0.700269;-0.182328;,
  0.202016;0.700269;-0.182328;,
  0.201762;0.722965;-0.208057;,
  0.212149;0.722360;-0.202780;,
  0.209693;0.708265;-0.206849;,
  0.061573;0.159519;-0.302271;,
  0.035435;0.147605;-0.352862;,
  0.034072;0.164722;-0.342641;,
  0.067030;0.139167;-0.312611;,
  0.000916;0.154740;-0.195696;,
  0.002084;0.128536;-0.238820;,
  0.002215;0.119848;-0.190780;,
  0.001957;0.153596;-0.237054;,
  0.015685;0.204649;-0.201930;,
  0.042363;0.155453;-0.191615;,
  0.040023;0.207841;-0.201450;,
  0.046364;0.125450;-0.231420;,
  0.036876;0.117899;-0.187630;,
  0.049122;0.160182;-0.227594;,
  0.028564;0.199044;-0.254333;,
  0.047885;0.194151;-0.225786;,
  0.005527;0.161509;-0.335628;,
  -0.000392;0.147810;-0.346044;,
  0.067030;0.139167;-0.312611;,
  -0.000392;0.147810;-0.346044;,
  0.003669;0.469570;-0.157644;,
  0.015238;0.404741;-0.231597;,
  -0.002293;0.335778;-0.229247;,
  0.003897;0.276647;-0.228586;,
  0.011052;0.189403;-0.232415;,
  0.011052;0.189403;-0.232415;,
  0.000848;0.481081;-0.004834;,
  0.048065;0.831006;-0.167018;,
  0.029768;0.818474;-0.182259;,
  0.038800;0.824443;-0.185228;,
  0.028416;0.827041;-0.156081;,
  0.041556;0.853989;-0.146831;,
  0.034515;0.867383;-0.128028;,
  0.024647;0.965980;-0.201070;,
  0.003961;0.954303;-0.225937;,
  0.005094;0.971084;-0.201274;,
  0.035819;0.891975;-0.236381;,
  0.018644;0.890279;-0.242286;,
  0.033090;0.921375;-0.233073;,
  0.045060;0.843655;-0.192171;,
  0.054170;0.858725;-0.168192;,
  0.047043;0.843696;-0.160176;,
  0.056668;0.896099;-0.157204;,
  0.056696;0.902088;-0.180999;,
  0.047154;0.930604;-0.218516;,
  0.056684;0.937270;-0.193122;,
  0.051543;0.893296;-0.206270;,
  0.054652;0.902714;-0.141889;,
  0.044647;0.914614;-0.123009;,
  0.005927;0.918619;-0.111156;,
  0.039138;0.958519;-0.142868;,
  0.006669;0.963151;-0.132274;,
  0.051504;0.871139;-0.201310;,
  0.035054;0.832054;-0.203864;,
  0.036239;0.862485;-0.222977;,
  0.019574;0.806246;-0.210737;,
  0.000313;0.803412;-0.197791;,
  -0.000286;0.801760;-0.218859;,
  0.029339;0.942089;-0.227671;,
  0.044077;0.955349;-0.199397;,
  0.053626;0.952172;-0.161383;,
  0.040249;0.968132;-0.172706;,
  0.023357;0.975163;-0.166939;,
  0.006263;0.978273;-0.164589;,
  0.004643;0.878751;-0.115964;,
  0.053626;0.952172;-0.161383;,
  0.040249;0.968132;-0.172706;,
  0.060468;0.861091;-0.169448;,
  0.067404;0.908155;-0.167954;,
  0.072254;0.890723;-0.156724;,
  0.059691;0.889156;-0.169530;,
  0.072254;0.890723;-0.156724;,
  0.060468;0.861091;-0.169448;,
  0.067404;0.908155;-0.167954;,
  0.056696;0.902088;-0.180999;,
  0.056412;0.877039;-0.183416;,
  0.054170;0.858725;-0.168192;,
  0.036486;0.884403;-0.226841;,
  0.056412;0.877039;-0.183416;,
  0.034292;0.814325;-0.127348;,
  0.031523;0.835935;-0.139776;,
  0.062965;0.805064;-0.110321;,
  0.041556;0.853989;-0.146831;,
  0.014894;0.772095;-0.156186;,
  0.018151;0.748856;-0.150013;,
  -0.002317;0.567901;-0.097400;,
  0.005164;0.546809;0.049626;,
  0.005038;0.513021;0.055538;,
  -0.004392;0.464845;0.000857;,
  0.008957;0.805283;-0.178417;,
  0.000848;0.481081;-0.004834;,
  0.023357;0.975163;-0.166939;,
  0.006263;0.978273;-0.164589;,
  0.020792;0.836428;-0.221286;,
  0.013600;0.857891;-0.231745;,
  0.013549;0.848333;-0.230379;,
  0.003356;0.942927;-0.236434;,
  0.002426;0.919238;-0.245673;,
  0.016629;0.883079;-0.231628;,
  -0.010164;0.649992;-0.001020;,
  0.062965;0.805064;-0.110321;,
  0.035435;0.147605;-0.352862;,
  0.012122;0.827062;-0.226261;,
  0.020045;0.829997;-0.219943;,
  0.012164;0.832399;-0.223497;,
  0.000609;0.846917;-0.234815;,
  0.000530;0.853795;-0.245463;,
  0.011861;0.835493;-0.228883;,
  0.000492;0.832950;-0.223751;,
  0.000150;0.825333;-0.228382;,
  0.001469;0.888584;-0.248191;,
  0.001359;0.879956;-0.242808;,
  0.068657;0.788602;-0.040341;,
  0.000337;0.835295;-0.232280;,
  0.064974;0.764184;-0.063513;,
  0.076908;0.756205;-0.073363;,
  0.090516;0.751107;-0.099635;,
  0.054652;0.902714;-0.141889;,
  0.039545;0.351870;-0.253643;,
  -0.002654;0.252507;-0.249684;,
  -0.011697;0.329326;-0.244968;,
  0.032664;0.278096;-0.254643;,
  0.043209;0.425579;-0.262017;,
  -0.006729;0.402978;-0.240008;,
  0.051846;0.487828;-0.173861;,
  -0.008907;0.465563;-0.166939;,
  0.054278;0.529650;-0.084820;,
  -0.003920;0.527403;-0.105591;,
  0.038357;0.519728;-0.072209;,
  -0.003823;0.180455;-0.257163;,
  0.028564;0.199044;-0.254333;,
  0.012313;0.268820;-0.152000;,
  0.020159;0.211810;-0.015363;,
  0.011032;0.199935;-0.159109;,
  0.016323;0.261376;-0.003746;,
  0.011227;0.311110;0.005514;,
  0.006844;0.345160;-0.161462;,
  0.012514;0.340352;0.030791;,
  0.011095;0.370723;-0.176005;,
  0.006648;0.393867;-0.107683;,
  0.002422;0.418502;0.024158;,
  0.006051;0.485677;0.055797;,
  0.064974;0.764184;-0.063513;,
  -0.056943;0.756781;-0.169834;,
  -0.015445;0.748679;-0.158786;,
  -0.064222;0.734583;-0.167895;,
  -0.018982;0.782506;-0.157630;,
  -0.059776;0.712981;-0.167914;,
  -0.028157;0.683089;-0.150969;,
  -0.073226;0.689783;-0.138535;,
  -0.013589;0.712476;-0.160915;,
  -0.037815;0.814874;-0.137734;,
  -0.091506;0.795518;-0.125250;,
  -0.067444;0.805931;-0.112296;,
  -0.070005;0.798092;-0.141088;,
  -0.080835;0.588508;-0.000392;,
  -0.040662;0.599865;0.011975;,
  -0.075141;0.596966;-0.008679;,
  -0.038046;0.589654;0.021749;,
  -0.072094;0.583614;-0.063111;,
  -0.084232;0.563275;-0.035339;,
  -0.045532;0.571288;-0.092716;,
  -0.071388;0.531714;-0.058763;,
  -0.043525;0.520917;-0.067155;,
  0.002171;0.597474;0.010728;,
  0.003890;0.584861;0.020043;,
  -0.067162;0.693069;-0.024364;,
  -0.029825;0.741980;-0.023479;,
  -0.079917;0.731517;-0.046667;,
  -0.019252;0.701874;-0.009284;,
  -0.055965;0.474975;-0.045511;,
  -0.095883;0.399813;0.033420;,
  -0.090128;0.490271;-0.011298;,
  -0.057935;0.388098;0.007379;,
  -0.055057;0.296226;0.070062;,
  -0.084081;0.326863;0.091173;,
  -0.006523;0.486600;-0.024364;,
  -0.017051;0.440068;0.094232;,
  -0.010352;0.401924;0.028874;,
  -0.007750;0.487200;0.050946;,
  -0.030663;0.356332;0.105905;,
  -0.027382;0.324963;0.089357;,
  -0.096543;0.433598;0.088679;,
  -0.083784;0.499571;0.048089;,
  -0.071435;0.356547;0.104692;,
  -0.073472;0.399973;0.353021;,
  -0.033906;0.442362;0.336595;,
  -0.068763;0.442121;0.336713;,
  -0.028576;0.397107;0.354113;,
  -0.055064;0.313735;0.143820;,
  -0.081571;0.355579;0.215157;,
  -0.086707;0.342192;0.141833;,
  -0.052132;0.327087;0.216649;,
  -0.071261;0.370927;0.291885;,
  -0.051242;0.343292;0.296931;,
  -0.013468;0.340085;0.157232;,
  -0.020696;0.392660;0.200128;,
  -0.022760;0.352422;0.214649;,
  -0.015786;0.390909;0.134466;,
  -0.038832;0.391511;0.276110;,
  -0.034671;0.370114;0.298791;,
  -0.082705;0.392261;0.203374;,
  -0.087889;0.389935;0.129044;,
  -0.063026;0.390042;0.271870;,
  -0.089939;0.536823;-0.022512;,
  -0.006523;0.486600;-0.024364;,
  -0.088221;0.545810;0.031338;,
  -0.036769;0.550023;0.051755;,
  -0.083352;0.506700;0.044452;,
  -0.036920;0.515048;0.060632;,
  -0.055767;0.646461;-0.009539;,
  -0.092290;0.682136;-0.046640;,
  -0.098627;0.680139;-0.065861;,
  -0.067623;0.627676;-0.083695;,
  -0.082781;0.637885;-0.037487;,
  -0.078483;0.667967;-0.112503;,
  -0.036802;0.659636;-0.135307;,
  -0.040922;0.618041;-0.106512;,
  -0.101661;0.732572;-0.178745;,
  -0.066144;0.732180;-0.138323;,
  -0.127658;0.689108;-0.179011;,
  -0.121467;0.641859;-0.127253;,
  -0.152900;0.650989;-0.163043;,
  -0.088527;0.674995;-0.135888;,
  -0.108653;0.740421;-0.095463;,
  -0.131627;0.695112;-0.090028;,
  -0.088527;0.674995;-0.135888;,
  -0.151803;0.631512;-0.099557;,
  -0.121467;0.641859;-0.127253;,
  -0.118782;0.745440;-0.096262;,
  -0.170774;0.709552;-0.133189;,
  -0.144532;0.751788;-0.132470;,
  -0.183149;0.640352;-0.135287;,
  -0.125190;0.743827;-0.164051;,
  -0.141554;0.662007;-0.175235;,
  -0.069566;0.628578;-0.178958;,
  -0.095857;0.635895;-0.203506;,
  -0.102644;0.652487;-0.134056;,
  -0.045728;0.607133;-0.205151;,
  -0.059607;0.610884;-0.227939;,
  -0.102644;0.652487;-0.134056;,
  -0.099906;0.580513;-0.172390;,
  -0.069566;0.628578;-0.178958;,
  -0.131404;0.598608;-0.118585;,
  -0.068775;0.575341;-0.205431;,
  -0.045728;0.607133;-0.205151;,
  -0.120104;0.586560;-0.191086;,
  -0.170058;0.608235;-0.159530;,
  -0.075504;0.577361;-0.221199;,
  0.039723;0.540147;-0.240326;,
  -0.016642;0.532462;-0.235780;,
  -0.002519;0.518358;-0.244309;,
  0.025807;0.554819;-0.231667;,
  0.013743;0.567530;-0.224595;,
  0.017199;0.561169;-0.239696;,
  0.023055;0.571306;-0.230522;,
  0.011881;0.558198;-0.230532;,
  -0.045212;0.554208;-0.213498;,
  -0.002167;0.582922;-0.244608;,
  -0.013220;0.592266;-0.212995;,
  -0.027636;0.536803;-0.241497;,
  -0.029995;0.538476;-0.261239;,
  -0.062001;0.566503;-0.245095;,
  -0.029559;0.607118;-0.244935;,
  -0.006154;0.583292;-0.264113;,
  -0.097782;0.800917;-0.141200;,
  -0.096938;0.788804;-0.168527;,
  -0.070005;0.798092;-0.141088;,
  -0.061080;0.785290;-0.159464;,
  -0.106794;0.721649;-0.074508;,
  -0.034053;0.796334;-0.159010;,
  -0.089256;0.764016;-0.177663;,
  -0.064222;0.734583;-0.167895;,
  -0.088294;0.744000;-0.163701;,
  -0.056943;0.756781;-0.169834;,
  -0.111910;0.756255;-0.110347;,
  -0.112607;0.758127;-0.116069;,
  -0.084452;0.763640;-0.078253;,
  -0.035042;0.773870;-0.049404;,
  -0.023421;0.810686;-0.095409;,
  -0.091506;0.795518;-0.125250;,
  -0.112607;0.758127;-0.116069;,
  -0.076370;0.721308;-0.140227;,
  -0.066144;0.732180;-0.138323;,
  -0.108029;0.748547;-0.117485;,
  -0.096565;0.706665;-0.100195;,
  -0.077190;0.692403;-0.124839;,
  -0.059776;0.712981;-0.167914;,
  -0.107455;0.714031;-0.090113;,
  -0.013220;0.592266;-0.212995;,
  -0.034310;0.827859;-0.154779;,
  -0.030904;0.836550;-0.134326;,
  -0.014262;0.825278;-0.123323;,
  -0.008648;0.843853;-0.121903;,
  -0.006154;0.583292;-0.264113;,
  0.039723;0.540147;-0.240326;,
  -0.002519;0.518358;-0.244309;,
  0.001645;0.582947;-0.220829;,
  0.018354;0.588233;-0.239902;,
  0.001645;0.582947;-0.220829;,
  -0.001482;0.570999;-0.233646;,
  0.005480;0.579320;-0.255738;,
  0.005480;0.579320;-0.255738;,
  0.013743;0.567530;-0.224595;,
  0.023055;0.571306;-0.230522;,
  0.017199;0.561169;-0.239696;,
  -0.079713;0.320515;0.360729;,
  -0.049459;0.286669;0.397112;,
  -0.085273;0.321623;0.383505;,
  -0.048138;0.286667;0.377173;,
  -0.030159;0.420327;0.309324;,
  -0.028576;0.397107;0.354113;,
  -0.027205;0.385686;0.331778;,
  -0.033906;0.442362;0.336595;,
  -0.038832;0.391511;0.276110;,
  -0.071699;0.418735;0.306701;,
  -0.063026;0.390042;0.271870;,
  -0.073472;0.399973;0.353021;,
  -0.074622;0.384983;0.321357;,
  -0.068763;0.442121;0.336713;,
  -0.051242;0.343292;0.296931;,
  -0.071261;0.370927;0.291885;,
  -0.020645;0.297508;0.376205;,
  -0.014519;0.296405;0.393306;,
  -0.085273;0.321623;0.383505;,
  -0.014519;0.296405;0.393306;,
  -0.010352;0.401924;0.028874;,
  -0.027382;0.324963;0.089357;,
  -0.013468;0.340085;0.157232;,
  -0.022760;0.352422;0.214649;,
  -0.034671;0.370114;0.298791;,
  -0.034671;0.370114;0.298791;,
  -0.044084;0.833684;-0.164607;,
  -0.027366;0.820134;-0.180764;,
  -0.022580;0.820785;-0.167704;,
  -0.036180;0.826621;-0.183267;,
  -0.035207;0.856219;-0.144822;,
  -0.026428;0.869153;-0.126434;,
  -0.014685;0.967123;-0.200041;,
  0.005094;0.971084;-0.201274;,
  -0.031962;0.893944;-0.234607;,
  -0.027362;0.923132;-0.231492;,
  -0.015246;0.891264;-0.241399;,
  -0.041669;0.846175;-0.189902;,
  -0.048623;0.861712;-0.165503;,
  -0.041972;0.846283;-0.157847;,
  -0.048372;0.899151;-0.154456;,
  -0.049295;0.905168;-0.178226;,
  -0.040087;0.933139;-0.216233;,
  -0.045988;0.896130;-0.203718;,
  -0.047875;0.940308;-0.190386;,
  -0.045177;0.905614;-0.139277;,
  -0.033526;0.916886;-0.120964;,
  0.005927;0.918619;-0.111156;,
  -0.026524;0.960426;-0.141150;,
  0.006669;0.963151;-0.132274;,
  -0.046975;0.874001;-0.198734;,
  -0.033391;0.864508;-0.221155;,
  -0.032977;0.834031;-0.202084;,
  -0.019401;0.807378;-0.209717;,
  -0.022138;0.943585;-0.226324;,
  -0.034585;0.957634;-0.197339;,
  -0.042303;0.954960;-0.158874;,
  -0.028633;0.970134;-0.170904;,
  0.006263;0.978273;-0.164589;,
  -0.011083;0.976163;-0.166038;,
  0.004643;0.878751;-0.115964;,
  -0.042303;0.954960;-0.158874;,
  -0.028633;0.970134;-0.170904;,
  -0.054830;0.864442;-0.166432;,
  -0.058936;0.911826;-0.164649;,
  -0.052432;0.892414;-0.166597;,
  -0.064196;0.894687;-0.153154;,
  -0.064196;0.894687;-0.153154;,
  -0.054830;0.864442;-0.166432;,
  -0.058936;0.911826;-0.164649;,
  -0.049295;0.905168;-0.178226;,
  -0.050591;0.880148;-0.180616;,
  -0.048623;0.861712;-0.165503;,
  -0.032568;0.886409;-0.225034;,
  -0.050591;0.880148;-0.180616;,
  -0.034053;0.796334;-0.159010;,
  -0.034310;0.827859;-0.154779;,
  -0.061080;0.785290;-0.159464;,
  -0.035207;0.856219;-0.144822;,
  0.005164;0.546809;0.049626;,
  0.005038;0.513021;0.055538;,
  -0.004392;0.464845;0.000857;,
  0.000848;0.481081;-0.004834;,
  -0.011083;0.976163;-0.166038;,
  0.006263;0.978273;-0.164589;,
  -0.019415;0.837596;-0.220234;,
  -0.011546;0.858622;-0.231087;,
  -0.011979;0.849075;-0.229711;,
  -0.013098;0.883943;-0.230851;,
  -0.010164;0.649992;-0.001020;,
  -0.061080;0.785290;-0.159464;,
  -0.049459;0.286669;0.397112;,
  -0.018973;0.831130;-0.218922;,
  -0.011574;0.827751;-0.225641;,
  -0.011163;0.833077;-0.222886;,
  -0.010962;0.836157;-0.228286;,
  -0.108029;0.748547;-0.117485;,
  -0.079318;0.731292;-0.126153;,
  -0.076370;0.721308;-0.140227;,
  -0.059776;0.712981;-0.167914;,
  -0.045177;0.905614;-0.139277;,
  -0.037699;0.287051;-0.024636;,
  -0.031483;0.243727;-0.156496;,
  -0.042264;0.255167;0.014191;,
  -0.031671;0.307199;-0.162783;,
  -0.040299;0.315869;-0.049594;,
  -0.032747;0.355756;-0.166023;,
  -0.025691;0.399851;-0.063691;,
  -0.024512;0.425004;-0.132164;,
  -0.018564;0.476175;-0.075316;,
  -0.017789;0.495356;-0.102144;,
  -0.003321;0.509827;-0.079151;,
  -0.043525;0.520917;-0.067155;,
  -0.032367;0.189274;-0.154112;,
  -0.041810;0.223070;0.047582;,
  -0.014576;0.399624;0.243758;,
  -0.082705;0.392261;0.203374;,
  -0.063012;0.390044;0.271869;,
  -0.019286;0.395287;0.180525;,
  -0.087889;0.389935;0.129044;,
  -0.023829;0.406098;0.136764;,
  -0.023619;0.381816;0.118763;,
  -0.071435;0.356547;0.104692;,
  -0.096543;0.433598;0.088679;,
  -0.015736;0.448790;0.109353;,
  0.005038;0.513021;0.055538;,
  -0.036920;0.515048;0.060632;,
  -0.079318;0.731292;-0.126153;,
  -0.055965;0.474975;-0.045511;,
  -0.057935;0.388098;0.007378;,
  -0.055057;0.296226;0.070062;,
  -0.055064;0.313735;0.143820;,
  -0.052132;0.327087;0.216649;,
  -0.051242;0.343292;0.296931;,
  0.087611;0.406931;-0.125414;,
  0.042343;0.485998;0.027572;,
  0.082599;0.461454;-0.030614;,
  0.059176;0.384179;-0.199909;,
  0.074472;0.349673;-0.176978;,
  0.065069;0.276709;-0.189017;,
  0.040023;0.207841;-0.201450;,
  -0.083784;0.499571;0.048089;;
  916;
  3;0,1,2;,
  3;1,0,3;,
  3;4,5,6;,
  3;5,4,7;,
  3;8,9,10;,
  3;9,8,11;,
  3;12,13,14;,
  3;13,12,15;,
  3;16,12,17;,
  3;12,16,15;,
  3;18,19,20;,
  3;19,18,16;,
  3;6,21,22;,
  3;21,6,5;,
  3;14,23,24;,
  3;23,14,13;,
  3;25,26,27;,
  3;26,25,28;,
  3;29,30,31;,
  3;30,29,32;,
  3;30,33,31;,
  3;33,30,34;,
  3;35,36,37;,
  3;36,35,38;,
  3;38,39,36;,
  3;39,38,40;,
  3;37,41,42;,
  3;41,37,36;,
  3;36,43,41;,
  3;43,36,39;,
  3;42,30,32;,
  3;30,42,41;,
  3;41,34,30;,
  3;34,41,43;,
  3;44,45,46;,
  3;45,44,47;,
  3;48,49,50;,
  3;49,48,51;,
  3;50,52,53;,
  3;52,50,49;,
  3;54,55,56;,
  3;55,54,57;,
  3;57,58,55;,
  3;58,57,59;,
  3;56,60,61;,
  3;60,56,55;,
  3;55,62,60;,
  3;62,55,58;,
  3;61,49,51;,
  3;49,61,60;,
  3;60,52,49;,
  3;52,60,62;,
  3;32,19,63;,
  3;19,32,29;,
  3;64,65,66;,
  3;65,64,20;,
  3;14,67,12;,
  3;67,14,68;,
  3;68,69,67;,
  3;69,68,70;,
  3;70,42,69;,
  3;42,70,37;,
  3;48,34,51;,
  3;34,48,33;,
  3;51,43,61;,
  3;43,51,34;,
  3;43,56,61;,
  3;56,43,39;,
  3;39,54,56;,
  3;54,39,40;,
  3;12,63,17;,
  3;63,12,67;,
  3;67,32,63;,
  3;32,67,69;,
  3;69,42,32;,
  3;71,72,25;,
  3;73,74,75;,
  3;74,73,76;,
  3;74,77,75;,
  3;77,74,78;,
  3;79,78,80;,
  3;78,79,77;,
  3;81,82,83;,
  3;82,84,85;,
  3;84,82,86;,
  3;87,88,89;,
  3;88,90,89;,
  3;90,88,91;,
  3;92,93,94;,
  3;92,89,93;,
  3;92,87,89;,
  3;89,95,93;,
  3;95,89,90;,
  3;96,93,82;,
  3;93,86,82;,
  3;86,93,95;,
  3;97,98,99;,
  3;98,97,100;,
  3;100,101,98;,
  3;101,100,102;,
  3;103,104,105;,
  3;104,103,106;,
  3;106,107,104;,
  3;107,106,108;,
  3;105,109,110;,
  3;109,105,104;,
  3;104,111,109;,
  3;111,104,107;,
  3;110,100,97;,
  3;100,110,109;,
  3;109,102,100;,
  3;102,109,111;,
  3;112,113,114;,
  3;113,112,115;,
  3;116,117,118;,
  3;117,116,119;,
  3;120,121,122;,
  3;121,120,123;,
  3;120,124,125;,
  3;124,120,122;,
  3;126,124,127;,
  3;124,126,125;,
  3;95,97,86;,
  3;97,95,110;,
  3;86,99,84;,
  3;99,86,97;,
  3;90,103,105;,
  3;103,90,91;,
  3;105,95,90;,
  3;95,105,110;,
  3;128,96,129;,
  3;96,128,94;,
  3;129,130,128;,
  3;130,129,131;,
  3;72,28,25;,
  3;28,72,132;,
  3;10,133,8;,
  3;134,135,136;,
  3;135,134,137;,
  3;81,137,134;,
  3;138,11,139;,
  3;138,9,11;,
  3;138,140,9;,
  3;141,11,142;,
  3;11,141,139;,
  3;128,130,143;,
  3;94,144,92;,
  3;94,143,144;,
  3;94,128,143;,
  3;145,87,146;,
  3;87,145,147;,
  3;75,148,73;,
  3;148,75,149;,
  3;150,147,145;,
  3;7,149,75;,
  3;148,151,73;,
  3;102,152,101;,
  3;152,102,126;,
  3;102,125,126;,
  3;125,102,111;,
  3;111,120,125;,
  3;120,111,107;,
  3;120,108,123;,
  3;108,120,107;,
  3;8,153,154;,
  3;153,8,133;,
  3;154,155,8;,
  3;155,154,156;,
  3;122,114,113;,
  3;114,122,121;,
  3;121,112,114;,
  3;112,121,157;,
  3;158,124,159;,
  3;124,158,127;,
  3;159,122,113;,
  3;122,159,124;,
  3;126,160,152;,
  3;160,126,161;,
  3;162,121,123;,
  3;121,162,163;,
  3;121,164,157;,
  3;164,121,163;,
  3;165,126,127;,
  3;126,165,161;,
  3;161,166,160;,
  3;166,161,167;,
  3;162,118,163;,
  3;118,162,116;,
  3;163,117,164;,
  3;117,163,118;,
  3;165,167,161;,
  3;167,165,168;,
  3;169,170,171;,
  3;170,169,172;,
  3;173,174,175;,
  3;174,173,176;,
  3;177,178,179;,
  3;178,177,173;,
  3;180,178,181;,
  3;178,180,182;,
  3;183,169,171;,
  3;169,183,184;,
  3;174,185,186;,
  3;185,174,176;,
  3;46,187,44;,
  3;187,46,188;,
  3;180,169,182;,
  3;169,180,172;,
  3;20,29,65;,
  3;19,29,20;,
  3;29,31,189;,
  3;31,190,189;,
  3;190,31,33;,
  3;33,191,190;,
  3;191,33,48;,
  3;191,50,192;,
  3;50,191,48;,
  3;192,53,193;,
  3;53,192,50;,
  3;194,171,185;,
  3;171,194,183;,
  3;171,186,185;,
  3;186,171,170;,
  3;185,176,194;,
  3;194,173,177;,
  3;173,194,176;,
  3;178,175,181;,
  3;175,178,173;,
  3;179,182,184;,
  3;182,179,178;,
  3;182,169,184;,
  3;16,17,19;,
  3;17,63,19;,
  3;65,195,66;,
  3;196,197,198;,
  3;197,196,199;,
  3;200,154,153;,
  3;154,200,201;,
  3;202,203,204;,
  3;205,206,207;,
  3;196,208,209;,
  3;208,196,198;,
  3;210,209,211;,
  3;209,210,196;,
  3;212,213,214;,
  3;213,212,215;,
  3;212,214,211;,
  3;201,216,217;,
  3;216,201,200;,
  3;218,219,220;,
  3;219,218,217;,
  3;210,199,196;,
  3;213,205,207;,
  3;221,222,223;,
  3;198,197,224;,
  3;224,225,226;,
  3;225,224,197;,
  3;227,213,207;,
  3;228,229,214;,
  3;229,228,230;,
  3;220,231,232;,
  3;213,228,214;,
  3;156,201,233;,
  3;201,156,154;,
  3;233,217,218;,
  3;217,233,201;,
  3;219,217,234;,
  3;235,219,234;,
  3;236,237,238;,
  3;237,236,239;,
  3;209,240,211;,
  3;240,209,241;,
  3;211,242,212;,
  3;242,211,240;,
  3;243,239,244;,
  3;239,243,237;,
  3;244,236,245;,
  3;236,244,239;,
  3;246,221,223;,
  3;221,246,215;,
  3;221,212,247;,
  3;212,221,215;,
  3;199,248,2;,
  3;248,199,249;,
  3;133,10,250;,
  3;249,210,251;,
  3;210,249,199;,
  3;210,211,251;,
  3;252,1,253;,
  3;1,252,2;,
  3;20,254,18;,
  3;254,20,64;,
  3;24,68,14;,
  3;68,24,255;,
  3;68,256,70;,
  3;256,68,255;,
  3;256,37,70;,
  3;37,256,257;,
  3;258,2,252;,
  3;2,258,199;,
  3;257,259,37;,
  3;37,259,35;,
  3;260,204,261;,
  3;204,260,202;,
  3;262,263,223;,
  3;263,262,264;,
  3;197,258,225;,
  3;258,197,199;,
  3;265,203,227;,
  3;265,207,266;,
  3;207,265,227;,
  3;223,267,246;,
  3;267,223,263;,
  3;88,87,147;,
  3;83,82,85;,
  3;78,16,18;,
  3;16,78,74;,
  3;74,15,16;,
  3;15,74,76;,
  3;15,71,13;,
  3;71,15,76;,
  3;13,268,23;,
  3;268,13,71;,
  3;248,269,2;,
  3;2,269,0;,
  3;136,129,134;,
  3;129,136,131;,
  3;134,96,81;,
  3;96,134,129;,
  3;96,82,81;,
  3;93,96,94;,
  3;29,189,65;,
  3;205,215,246;,
  3;267,205,246;,
  3;205,267,206;,
  3;205,213,215;,
  3;187,188,270;,
  3;224,271,272;,
  3;222,221,208;,
  3;224,222,198;,
  3;272,273,262;,
  3;273,272,271;,
  3;263,274,275;,
  3;273,276,262;,
  3;277,271,278;,
  3;271,277,273;,
  3;222,272,262;,
  3;272,222,224;,
  3;222,208,198;,
  3;209,221,247;,
  3;221,209,208;,
  3;223,222,262;,
  3;266,206,279;,
  3;206,266,207;,
  3;206,280,279;,
  3;280,206,267;,
  3;280,263,275;,
  3;263,280,267;,
  3;264,262,276;,
  3;76,73,72;,
  3;138,281,140;,
  3;73,132,72;,
