xof 0303txt 0032
template ColorRGBA {
 <35ff44e0-6c7c-11cf-8f52-0040333594a3>
 FLOAT red;
 FLOAT green;
 FLOAT blue;
 FLOAT alpha;
}

template ColorRGB {
 <d3e16e81-7835-11cf-8f52-0040333594a3>
 FLOAT red;
 FLOAT green;
 FLOAT blue;
}

template Material {
 <3d82ab4d-62da-11cf-ab39-0020af71e433>
 ColorRGBA faceColor;
 FLOAT power;
 ColorRGB specularColor;
 ColorRGB emissiveColor;
 [...]
}

template TextureFilename {
 <a42790e1-7810-11cf-8f52-0040333594a3>
 STRING filename;
}

template Frame {
 <3d82ab46-62da-11cf-ab39-0020af71e433>
 [...]
}

template Matrix4x4 {
 <f6f23f45-7686-11cf-8f52-0040333594a3>
 array FLOAT matrix[16];
}

template FrameTransformMatrix {
 <f6f23f41-7686-11cf-8f52-0040333594a3>
 Matrix4x4 frameMatrix;
}

template Vector {
 <3d82ab5e-62da-11cf-ab39-0020af71e433>
 FLOAT x;
 FLOAT y;
 FLOAT z;
}

template MeshFace {
 <3d82ab5f-62da-11cf-ab39-0020af71e433>
 DWORD nFaceVertexIndices;
 array DWORD faceVertexIndices[nFaceVertexIndices];
}

template Mesh {
 <3d82ab44-62da-11cf-ab39-0020af71e433>
 DWORD nVertices;
 array Vector vertices[nVertices];
 DWORD nFaces;
 array MeshFace faces[nFaces];
 [...]
}

template MeshMaterialList {
 <f6f23f42-7686-11cf-8f52-0040333594a3>
 DWORD nMaterials;
 DWORD nFaceIndexes;
 array DWORD faceIndexes[nFaceIndexes];
 [Material <3d82ab4d-62da-11cf-ab39-0020af71e433>]
}

template VertexElement {
 <f752461c-1e23-48f6-b9f8-8350850f336f>
 DWORD Type;
 DWORD Method;
 DWORD Usage;
 DWORD UsageIndex;
}

template DeclData {
 <bf22e553-292c-4781-9fea-62bd554bdd93>
 DWORD nElements;
 array VertexElement Elements[nElements];
 DWORD nDWords;
 array DWORD data[nDWords];
}

template XSkinMeshHeader {
 <3cf169ce-ff7c-44ab-93c0-f78f62d172e2>
 WORD nMaxSkinWeightsPerVertex;
 WORD nMaxSkinWeightsPerFace;
 WORD nBones;
}

template SkinWeights {
 <6f0d123b-bad2-4167-a0d0-80224f25fabb>
 STRING transformNodeName;
 DWORD nWeights;
 array DWORD vertexIndices[nWeights];
 array FLOAT weights[nWeights];
 Matrix4x4 matrixOffset;
}

template AnimTicksPerSecond {
 <9e415a43-7ba6-4a73-8743-b73d47e88476>
 DWORD AnimTicksPerSecond;
}

template Animation {
 <3d82ab4f-62da-11cf-ab39-0020af71e433>
 [...]
}

template AnimationSet {
 <3d82ab50-62da-11cf-ab39-0020af71e433>
 [Animation <3d82ab4f-62da-11cf-ab39-0020af71e433>]
}

template FloatKeys {
 <10dd46a9-775b-11cf-8f52-0040333594a3>
 DWORD nValues;
 array FLOAT values[nValues];
}

template TimedFloatKeys {
 <f406b180-7b3b-11cf-8f52-0040333594a3>
 DWORD time;
 FloatKeys tfkeys;
}

template AnimationKey {
 <10dd46a8-775b-11cf-8f52-0040333594a3>
 DWORD keyType;
 DWORD nKeys;
 array TimedFloatKeys keys[nKeys];
}


Material _03_-_Default {
 1.000000;1.000000;1.000000;1.000000;;
 9.999999;
 0.000000;0.000000;0.000000;;
 0.000000;0.000000;0.000000;;

 TextureFilename {
  "MaleBody_full.png";
 }
}

Frame Dummy01 {
 

 FrameTransformMatrix {
  1.000000,0.000000,0.000000,0.000000,0.000000,-0.000000,-1.000000,0.000000,0.000000,1.000000,-0.000000,0.000000,0.000000,0.000000,0.000000,1.000000;;
 }

 Frame Bip01 {
  

  FrameTransformMatrix {
   -0.026874,0.990535,-0.134604,0.000000,-0.000000,0.134653,0.990893,0.000000,0.999639,0.026630,-0.003619,0.000000,0.005837,-0.049861,0.505041,1.000000;;
  }

  Frame Bip01_Pelvis {
   

   FrameTransformMatrix {
    0.000000,1.000000,-0.000001,0.000000,-0.000001,0.000001,1.000000,0.000000,1.000000,0.000000,0.000001,0.000000,0.000000,0.000000,0.000000,1.000000;;
   }

   Frame Bip01_Spine {
    

    FrameTransformMatrix {
     0.996698,0.061185,-0.053377,0.000000,-0.054966,0.992291,0.111074,0.000000,0.059761,-0.107773,0.992378,0.000000,0.051628,0.000009,-0.000084,1.000000;;
    }

    Frame Bip01_Spine1 {
     

     FrameTransformMatrix {
      0.987429,-0.004052,0.158010,0.000000,0.005348,0.999956,-0.007773,0.000000,-0.157971,0.008521,0.987407,0.000000,0.106493,-0.000001,-0.000084,1.000000;;
     }

     Frame Bip01_Neck {
      

      FrameTransformMatrix {
       0.781617,0.000002,0.623759,0.000000,-0.000002,1.000000,-0.000001,0.000000,-0.623759,-0.000001,0.781617,0.000000,0.130521,0.000000,0.004631,1.000000;;
      }

      Frame Bip01_Head {
       

       FrameTransformMatrix {
        0.975670,0.059279,-0.211078,0.000000,-0.082020,0.991534,-0.100660,0.000000,0.203324,0.115524,0.972272,0.000000,0.033674,0.000000,0.000000,1.000000;;
       }

       Frame Bip01_HeadNub {
        

        FrameTransformMatrix {
         1.000000,0.000000,0.000000,0.000000,-0.000000,1.000000,-0.000000,0.000000,0.000000,0.000000,1.000000,0.000000,0.169824,-0.000000,-0.000000,1.000000;;
        }
       }
      }

      Frame Bip01_L_Clavicle {
       

       FrameTransformMatrix {
        -0.267159,0.939693,0.213548,0.000000,0.734013,0.342019,-0.586727,0.000000,-0.624381,-0.000002,-0.781120,0.000000,-0.021680,0.015715,0.011376,1.000000;;
       }

       Frame Bip01_L_UpperArm {
        

        FrameTransformMatrix {
         0.483822,-0.875162,0.003005,0.000000,0.752239,0.414106,-0.512496,0.000000,0.447273,0.250217,0.858684,0.000000,0.087086,0.000000,0.000000,1.000000;;
        }

        Frame Bip01_L_Forearm {
         

         FrameTransformMatrix {
          -0.131075,0.000000,-0.991372,0.000000,-0.000000,1.000000,-0.000000,0.000000,0.991373,0.000000,-0.131076,0.000000,0.137062,0.000000,0.000000,1.000000;;
         }

         Frame Bip01_L_Hand {
          

          FrameTransformMatrix {
           0.822765,0.554803,0.123501,0.000000,0.257315,-0.557322,0.789419,0.000000,0.506801,-0.617727,-0.601304,0.000000,0.137062,-0.000000,-0.000000,1.000000;;
          }

          Frame Bip01_L_Finger0 {
           

           FrameTransformMatrix {
            0.539809,-0.409565,0.735434,0.000000,0.788204,0.552646,-0.270773,0.000000,-0.295536,0.725837,0.621144,0.000000,0.057681,-0.023605,-0.000272,1.000000;;
           }

           Frame Bip01_L_Finger0Nub {
            

            FrameTransformMatrix {
             1.000000,0.000000,0.000000,0.000000,-0.000000,1.000000,-0.000000,0.000000,0.000000,-0.000000,1.000000,0.000000,0.029435,0.000000,0.000000,1.000000;;
            }
           }
          }

          Frame Bip01_L_Finger1 {
           

           FrameTransformMatrix {
            0.663034,-0.000596,0.748589,0.000000,0.000000,1.000000,0.000796,0.000000,-0.748589,-0.000528,0.663034,0.000000,0.084102,0.000000,0.000000,1.000000;;
           }

           Frame Bip01_L_Finger1Nub {
            

            FrameTransformMatrix {
             1.000000,0.000000,0.000000,0.000000,0.000000,1.000000,0.000000,0.000000,-0.000000,0.000000,1.000000,0.000000,0.047988,0.000000,0.000000,1.000000;;
            }
           }
          }
         }
        }
       }
      }

      Frame Bip01_R_Clavicle {
       

       FrameTransformMatrix {
        -0.094915,-0.992590,0.075872,0.000000,-0.775332,0.121513,0.619754,0.000000,-0.624381,-0.000002,-0.781120,0.000000,-0.021680,-0.015714,0.011376,1.000000;;
       }

       Frame Bip01_R_UpperArm {
        

        FrameTransformMatrix {
         0.670828,0.364569,-0.645817,0.000000,0.055878,0.843505,0.534207,0.000000,0.739505,-0.394448,0.545475,0.000000,0.087086,0.000000,0.000000,1.000000;;
        }

        Frame Bip01_R_Forearm {
         

         FrameTransformMatrix {
          -0.388519,-0.000000,-0.921441,0.000000,0.000000,1.000000,0.000000,0.000000,0.921441,0.000000,-0.388519,0.000000,0.137062,-0.000000,0.000000,1.000000;;
         }

         Frame Bip01_R_Hand {
          

          FrameTransformMatrix {
           0.660113,-0.133307,0.739243,0.000000,0.684133,0.513074,-0.518380,0.000000,-0.310183,0.847930,0.429886,0.000000,0.137062,0.000000,0.000000,1.000000;;
          }

          Frame Bip01_R_Finger0 {
           

           FrameTransformMatrix {
            0.479937,0.181690,0.858283,0.000000,-0.721001,0.639057,0.267890,0.000000,-0.499818,-0.747393,0.437705,0.000000,0.057681,0.023605,-0.000272,1.000000;;
           }

           Frame Bip01_R_Finger0Nub {
            

            FrameTransformMatrix {
             -1.000000,0.000000,-0.000000,0.000000,0.000000,1.000000,0.000000,0.000000,0.000000,0.000000,-1.000000,0.000000,0.029435,-0.000000,0.000000,1.000000;;
            }
           }
          }

          Frame Bip01_R_Finger1 {
           

           FrameTransformMatrix {
            -0.221747,0.000776,0.975103,0.000000,0.000000,1.000000,-0.000796,0.000000,-0.975104,-0.000177,-0.221747,0.000000,0.084102,0.000000,0.000000,1.000000;;
           }

           Frame Bip01_R_Finger1Nub {
            

            FrameTransformMatrix {
             -1.000000,0.000000,0.000000,0.000000,-0.000000,1.000000,0.000000,0.000000,0.000000,0.000000,-1.000000,0.000000,0.047988,0.000000,0.000000,1.000000;;
            }
           }
          }
         }
        }
       }
      }
     }

     Frame Bip01_BackPack {
      

      FrameTransformMatrix {
       0.190104,-0.000002,-0.981764,0.000000,0.000003,1.000000,-0.000002,0.000000,0.981764,-0.000002,0.190104,0.000000,0.063697,-0.000000,-0.088856,1.000000;;
      }

      Frame Bip01_BackPackNub {
       

       FrameTransformMatrix {
        0.000796,0.000003,1.000000,0.000000,-0.000000,-1.000000,0.000003,0.000000,1.000000,0.000000,-0.000796,0.000000,0.053240,0.000000,0.000000,1.000000;;
       }
      }
     }
    }

    Frame Bip01_L_Thigh {
     

     FrameTransformMatrix {
      -0.970624,0.108943,0.214525,0.000000,-0.086376,-0.989956,0.111923,0.000000,0.224564,0.090105,0.970285,0.000000,-0.048084,0.057638,-0.008953,1.000000;;
     }

     Frame Bip01_L_Calf {
      

      FrameTransformMatrix {
       0.958084,0.000000,-0.286488,0.000000,0.000000,1.000000,-0.000000,0.000000,0.286488,-0.000000,0.958084,0.000000,0.237500,0.000000,0.000000,1.000000;;
      }

      Frame Bip01_L_Foot {
       

       FrameTransformMatrix {
        0.989266,0.021915,0.144471,0.000000,-0.025193,0.999464,0.020901,0.000000,-0.143936,-0.024317,0.989288,0.000000,0.206841,-0.000000,0.000000,1.000000;;
       }

       Frame Bip01_L_Toe0 {
        

        FrameTransformMatrix {
         -0.000000,-0.000001,1.000000,0.000000,0.000000,1.000000,0.000001,0.000000,-1.000000,0.000000,-0.000000,0.000000,0.065373,-0.000000,0.066450,1.000000;;
        }

        Frame Bip01_L_Toe0Nub {
         

         FrameTransformMatrix {
          -1.000000,0.000000,-0.000000,0.000000,0.000000,1.000000,-0.000000,0.000000,0.000000,-0.000000,-1.000000,0.000000,0.006735,0.000000,0.000000,1.000000;;
         }
        }
       }
      }
     }
    }

    Frame Bip01_R_Thigh {
     

     FrameTransformMatrix {
      -0.975772,0.033638,0.216188,0.000000,-0.010888,-0.994352,0.105577,0.000000,0.218519,0.100666,0.970627,0.000000,-0.054842,-0.051962,0.002951,1.000000;;
     }

     Frame Bip01_R_Calf {
      

      FrameTransformMatrix {
       0.966962,0.000000,-0.254921,0.000000,0.000000,1.000000,-0.000000,0.000000,0.254921,0.000000,0.966962,0.000000,0.237500,0.000000,-0.000000,1.000000;;
      }

      Frame Bip01_R_Foot {
       

       FrameTransformMatrix {
        0.991490,-0.053955,0.118476,0.000000,0.050599,0.998233,0.031152,0.000000,-0.119948,-0.024892,0.992468,0.000000,0.206841,0.000000,0.000000,1.000000;;
       }

       Frame Bip01_R_Toe0 {
        

        FrameTransformMatrix {
         -0.000001,-0.000001,1.000000,0.000000,0.000001,1.000000,0.000001,0.000000,-1.000000,0.000001,-0.000001,0.000000,0.065373,-0.000000,0.066450,1.000000;;
        }

        Frame Bip01_R_Toe0Nub {
         

         FrameTransformMatrix {
          1.000000,0.000000,0.000000,0.000000,0.000000,1.000000,0.000000,0.000000,0.000000,0.000000,1.000000,0.000000,0.006735,-0.000000,0.000000,1.000000;;
         }
        }
       }
      }
     }
    }
   }

   Frame Bip01_DressFront {
    

    FrameTransformMatrix {
     -0.958119,-0.000002,0.286372,0.000000,-0.000002,1.000000,-0.000001,0.000000,-0.286372,-0.000002,-0.958119,0.000000,-0.043960,0.001399,0.061081,1.000000;;
    }

    Frame Bip01_DressFront02 {
     

     FrameTransformMatrix {
      0.976793,0.000001,0.214187,0.000000,-0.000001,1.000000,-0.000000,0.000000,-0.214187,-0.000000,0.976793,0.000000,0.183353,-0.000000,-0.000129,1.000000;;
     }

     Frame Bip01_DressFrontNub {
      

      FrameTransformMatrix {
       0.000796,0.000003,1.000000,0.000000,0.000000,-1.000000,0.000003,0.000000,1.000000,-0.000000,-0.000796,0.000000,0.165302,0.000000,0.000000,1.000000;;
      }
     }
    }
   }

   Frame Bip01_DressBack {
    

    FrameTransformMatrix {
     -0.957954,-0.000002,0.286923,0.000000,-0.000002,1.000000,-0.000001,0.000000,-0.286923,-0.000002,-0.957954,0.000000,-0.047692,0.000000,-0.078285,1.000000;;
    }

    Frame Bip01_DressBack02 {
     

     FrameTransformMatrix {
      0.990815,0.000000,0.135222,0.000000,-0.000000,1.000000,-0.000000,0.000000,-0.135222,-0.000000,0.990815,0.000000,0.176173,0.000000,-0.000108,1.000000;;
     }

     Frame Bip01_DressBackNub {
      

      FrameTransformMatrix {
       0.000796,0.000003,1.000000,0.000000,0.000000,-1.000000,0.000003,0.000000,1.000000,-0.000000,-0.000796,0.000000,0.136508,0.000000,-0.000000,1.000000;;
      }
     }
    }
   }
  }

  Frame Bip01_Prop1 {
   

   FrameTransformMatrix {
    0.780184,-0.606445,0.153420,0.000000,-0.425575,-0.334813,0.840706,0.000000,-0.458475,-0.721196,-0.519304,0.000000,0.178004,0.120398,-0.054709,1.000000;;
   }
  }

  Frame Bip01_Prop2 {
   

   FrameTransformMatrix {
    0.973015,-0.229653,-0.022416,0.000000,0.203888,0.810214,0.549530,0.000000,-0.108039,-0.539271,0.835173,0.000000,0.185872,0.084242,0.005644,1.000000;;
   }
  }
 }
}

Frame Translation_Data {
 

 FrameTransformMatrix {
  1.000000,0.000000,0.000000,0.000000,0.000000,-0.000000,-1.000000,0.000000,0.000000,1.000000,-0.000000,0.000000,0.000000,-0.000000,0.000000,1.000000;;
 }
}

Frame Body {
 

 FrameTransformMatrix {
  1.000000,0.000000,0.000000,0.000000,0.000000,1.000000,0.000000,0.000000,0.000000,0.000000,1.000000,0.000000,0.000000,0.000000,0.000000,1.000000;;
 }

 Mesh Body {
  617;
  0.079940;0.749647;-0.024931;,
  0.045062;0.751211;-0.023520;,
  0.043301;0.783224;-0.012703;,
  0.085832;0.729627;-0.025613;,
  0.094120;0.720490;-0.025971;,
  0.060021;0.684254;-0.034869;,
  0.049030;0.717052;-0.035185;,
  0.100511;0.688931;-0.009481;,
  0.050043;0.810722;0.019023;,
  0.101306;0.786157;0.042388;,
  0.091692;0.780205;0.014593;,
  0.070914;0.795199;0.050910;,
  0.090195;0.558858;0.079272;,
  0.051504;0.567877;0.096783;,
  0.049541;0.557621;0.105121;,
  0.084023;0.567219;0.072987;,
  0.076016;0.561637;0.017690;,
  0.089980;0.538232;0.041271;,
  0.046697;0.554068;-0.010903;,
  0.074663;0.511797;0.015745;,
  0.045748;0.500672;0.008161;,
  0.005507;0.685707;-0.035383;,
  0.008221;0.721078;-0.033230;,
  0.008667;0.566508;0.098963;,
  0.007524;0.553510;0.106587;,
  0.072496;0.662438;0.092406;,
  0.024204;0.708757;0.102139;,
  0.021564;0.667539;0.102751;,
  0.080134;0.706071;0.090507;,
  0.060907;0.468151;0.003020;,
  0.104156;0.366090;0.013545;,
  0.065434;0.372179;-0.013269;,
  0.096549;0.463708;0.038354;,
  0.064355;0.277010;-0.028186;,
  0.094489;0.272639;0.015024;,
  0.012697;0.467974;0.024087;,
  0.027174;0.358222;0.088008;,
  0.019727;0.452603;0.123820;,
  0.018517;0.368637;0.013256;,
  0.041978;0.272487;0.055317;,
  0.037729;0.272236;0.013302;,
  0.106470;0.358376;0.077814;,
  0.093040;0.442671;0.096616;,
  0.082689;0.274772;0.053944;,
  0.088920;-0.001438;0.054149;,
  0.049355;-0.001522;0.099609;,
  0.044025;-0.001415;0.051081;,
  0.084211;-0.001545;0.099342;,
  0.066253;0.218787;0.000006;,
  0.095177;0.145803;0.037146;,
  0.065092;0.145281;0.009302;,
  0.098531;0.219853;0.027793;,
  0.086770;0.067485;0.048937;,
  0.066321;0.066693;0.020697;,
  0.025583;0.203047;0.026513;,
  0.034932;0.157446;0.076408;,
  0.028678;0.222986;0.078470;,
  0.036309;0.145241;0.035381;,
  0.054508;0.079383;0.072268;,
  0.050120;0.059932;0.046016;,
  0.096966;0.155543;0.074397;,
  0.100615;0.229979;0.076141;,
  0.078635;0.084202;0.071326;,
  0.096219;0.510309;0.050114;,
  0.004421;0.491605;-0.001485;,
  0.012697;0.467974;0.024087;,
  0.004797;0.459306;0.017031;,
  0.099412;0.512405;0.104602;,
  0.050046;0.514516;0.129908;,
  0.093381;0.458674;0.103967;,
  0.048632;0.464554;0.127858;,
  0.063195;0.613650;0.089959;,
  0.101416;0.656780;0.071184;,
  0.110828;0.659151;0.052466;,
  0.078275;0.609500;0.011855;,
  0.097587;0.657580;0.000314;,
  0.091814;0.610207;0.061020;,
  0.058798;0.654361;-0.030230;,
  0.051786;0.604959;-0.014058;,
  0.004185;0.660460;-0.030025;,
  0.002504;0.603110;-0.012645;,
  0.112643;0.695628;-0.027174;,
  0.125586;0.647441;-0.018489;,
  0.070432;0.708845;0.003472;,
  0.096911;0.610163;0.034140;,
  0.075754;0.648666;0.014755;,
  0.136480;0.606818;0.006314;,
  0.103298;0.711641;0.054696;,
  0.075754;0.648666;0.014755;,
  0.111680;0.663111;0.068291;,
  0.115184;0.595086;0.067134;,
  0.096911;0.610163;0.034140;,
  0.114320;0.713903;0.056045;,
  0.161622;0.662191;0.034993;,
  0.148025;0.709313;0.026765;,
  0.154569;0.591481;0.039349;,
  0.134562;0.702515;-0.007983;,
  0.132244;0.621527;-0.008050;,
  0.055881;0.612683;-0.028154;,
  0.084464;0.627459;0.023292;,
  0.087748;0.609711;-0.046127;,
  0.035857;0.601378;-0.063813;,
  0.052178;0.595500;-0.077885;,
  0.084464;0.627459;0.023292;,
  0.066796;0.557938;-0.015592;,
  0.090179;0.568375;0.044168;,
  0.055881;0.612683;-0.028154;,
  0.034756;0.564989;-0.055872;,
  0.035857;0.601378;-0.063813;,
  0.091381;0.556067;-0.029235;,
  0.137694;0.562657;0.012983;,
  0.052321;0.559649;-0.067936;,
  0.019434;0.585725;-0.190815;,
  -0.001949;0.562782;-0.143138;,
  0.019328;0.595640;-0.171179;,
  -0.001525;0.553391;-0.162702;,
  0.036919;0.611929;-0.147375;,
  0.043890;0.601416;-0.158391;,
  0.033826;0.604602;-0.155285;,
  0.047778;0.613836;-0.151189;,
  0.006162;0.573043;-0.091914;,
  0.048695;0.589211;-0.131597;,
  0.009097;0.555047;-0.124524;,
  0.037277;0.609318;-0.105631;,
  0.022067;0.541087;-0.130439;,
  0.034374;0.548272;-0.087225;,
  0.067762;0.585800;-0.100602;,
  0.060438;0.573892;-0.136487;,
  0.120814;0.764579;0.015903;,
  0.122084;0.758899;-0.013437;,
  0.091692;0.780205;0.014593;,
  0.085981;0.771443;-0.007983;,
  0.114466;0.704456;0.068495;,
  0.055884;0.797841;-0.005906;,
  0.109166;0.739940;-0.029632;,
  0.085832;0.729627;-0.025613;,
  0.079940;0.749647;-0.024931;,
  0.099139;0.716686;-0.021000;,
  0.119046;0.747549;0.053853;,
  0.081792;0.745797;0.076943;,
  0.121189;0.750378;0.049063;,
  0.024822;0.745204;0.088449;,
  0.023590;0.792994;0.052098;,
  0.101306;0.786157;0.042388;,
  0.121189;0.750378;0.049063;,
  0.096244;0.717163;0.004363;,
  0.118070;0.737736;0.042152;,
  0.070432;0.708845;0.003472;,
  0.112200;0.696187;0.037504;,
  0.100638;0.688073;0.005292;,
  0.094120;0.720490;-0.025971;,
  0.119728;0.701085;0.051848;,
  0.037277;0.609318;-0.105631;,
  0.050908;0.819796;-0.024638;,
  0.043609;0.835737;-0.009417;,
  0.022089;0.815707;0.026367;,
  0.018427;0.844275;-0.002855;,
  0.060438;0.573892;-0.136487;,
  0.019434;0.585725;-0.190815;,
  -0.001525;0.553391;-0.162702;,
  0.037163;0.609996;-0.127515;,
  0.060701;0.606708;-0.137818;,
  0.037163;0.609996;-0.127515;,
  0.035844;0.596169;-0.138644;,
  0.057551;0.585055;-0.141965;,
  0.057551;0.585055;-0.141965;,
  0.036919;0.611929;-0.147375;,
  0.047778;0.613836;-0.151189;,
  0.043890;0.601416;-0.158391;,
  0.095162;0.020228;-0.022686;,
  0.064907;-0.001385;-0.067432;,
  0.063586;0.017194;-0.060195;,
  0.100721;-0.001397;-0.029922;,
  0.045608;0.031888;0.088978;,
  0.044025;-0.001415;0.051081;,
  0.049355;-0.001522;0.099609;,
  0.042654;0.023542;0.048549;,
  0.054508;0.079383;0.072268;,
  0.087148;0.034910;0.088447;,
  0.078635;0.084202;0.071326;,
  0.088920;-0.001438;0.054149;,
  0.084211;-0.001545;0.099342;,
  0.090071;0.033508;0.051677;,
  0.066321;0.066693;0.020697;,
  0.086770;0.067485;0.048937;,
  0.036094;0.014160;-0.049742;,
  0.029967;-0.001374;-0.056978;,
  0.100721;-0.001397;-0.029922;,
  0.029967;-0.001374;-0.056978;,
  0.018517;0.368637;0.013256;,
  0.037729;0.272236;0.013302;,
  0.025583;0.203047;0.026513;,
  0.036309;0.145241;0.035381;,
  0.050120;0.059932;0.046016;,
  0.050120;0.059932;0.046016;,
  0.006153;0.453703;0.068708;,
  0.061149;0.811847;-0.039965;,
  0.042979;0.793981;-0.048615;,
  0.052095;0.798087;-0.053721;,
  0.041536;0.806183;-0.034936;,
  0.054522;0.841283;-0.031740;,
  0.047313;0.861469;-0.020646;,
  0.039179;0.919028;-0.129157;,
  0.018762;0.897793;-0.146901;,
  0.019668;0.923555;-0.131847;,
  0.050318;0.837026;-0.128998;,
  0.033216;0.832960;-0.133869;,
  0.047752;0.864988;-0.138710;,
  0.058590;0.812437;-0.068156;,
  0.067468;0.836358;-0.052858;,
  0.060122;0.826246;-0.039268;,
  0.070079;0.874821;-0.058987;,
  0.070485;0.869985;-0.083039;,
  0.061676;0.879578;-0.129322;,
  0.070895;0.896522;-0.109122;,
  0.065626;0.851173;-0.102143;,
  0.067895;0.887385;-0.048044;,
  0.057711;0.906257;-0.036284;,
  0.018858;0.914989;-0.027921;,
  0.052796;0.937340;-0.073190;,
  0.020215;0.946095;-0.066135;,
  0.065357;0.833309;-0.088132;,
  0.048666;0.796937;-0.073875;,
  0.050338;0.816177;-0.104202;,
  0.033100;0.770690;-0.069214;,
  0.013639;0.773713;-0.056615;,
  0.013325;0.763153;-0.074927;,
  0.044074;0.886012;-0.142808;,
  0.058508;0.910144;-0.122766;,
  0.067497;0.923636;-0.086940;,
  0.054396;0.933174;-0.104239;,
  0.037475;0.942008;-0.102326;,
  0.020372;0.945834;-0.101813;,
  0.017356;0.876935;-0.015122;,
  0.067497;0.923636;-0.086940;,
  0.054396;0.933174;-0.104239;,
  0.073800;0.837951;-0.054911;,
  0.081051;0.881071;-0.073708;,
  0.085618;0.870169;-0.055994;,
  0.073225;0.863248;-0.067076;,
  0.085618;0.870169;-0.055994;,
  0.073800;0.837951;-0.054911;,
  0.081051;0.881071;-0.073708;,
  0.070485;0.869985;-0.083039;,
  0.070055;0.846335;-0.074444;,
  0.067468;0.836358;-0.052858;,
  0.050796;0.834297;-0.117119;,
  0.070055;0.846335;-0.074444;,
  0.055884;0.797841;-0.005906;,
  0.050908;0.819796;-0.024638;,
  0.085981;0.771443;-0.007983;,
  0.054522;0.841283;-0.031740;,
  0.012553;0.770851;-0.025434;,
  0.010746;0.747389;-0.027198;,
  0.003161;0.552199;-0.012218;,
  0.008028;0.512027;0.131153;,
  0.007946;0.477762;0.132743;,
  0.004748;0.448005;0.119349;,
  0.012479;0.782725;-0.041741;,
  0.006153;0.453703;0.068708;,
  0.037475;0.942008;-0.102326;,
  0.020372;0.945834;-0.101813;,
  0.034682;0.793392;-0.091706;,
  0.027792;0.808265;-0.110496;,
  0.027654;0.800227;-0.105150;,
  0.018224;0.883006;-0.151488;,
  0.017254;0.857648;-0.149646;,
  0.030999;0.831049;-0.121184;,
  0.016388;0.616269;0.097632;,
  0.085981;0.771443;-0.007983;,
  0.064907;-0.001385;-0.067432;,
  0.026016;0.782800;-0.092302;,
  0.033870;0.788165;-0.087737;,
  0.026058;0.788807;-0.092103;,
  0.014767;0.797044;-0.108748;,
  0.014887;0.798669;-0.121320;,
  0.025852;0.789282;-0.098301;,
  0.014395;0.789199;-0.092754;,
  0.014063;0.780331;-0.093660;,
  0.016114;0.828895;-0.138740;,
  0.015867;0.823424;-0.130170;,
  0.118070;0.737736;0.042152;,
  0.014377;0.787645;-0.101464;,
  0.095180;0.724254;0.020945;,
  0.096244;0.717163;0.004363;,
  0.094120;0.720490;-0.025971;,
  0.067895;0.887385;-0.048044;,
  0.066253;0.218787;0.000006;,
  0.035915;0.144966;-0.007556;,
  0.025405;0.221572;-0.017191;,
  0.065092;0.145281;0.009302;,
  0.064355;0.277010;-0.028186;,
  0.027137;0.278266;-0.029036;,
  0.065434;0.372179;-0.013269;,
  0.015451;0.370460;-0.013128;,
  0.060907;0.468152;0.003020;,
  0.012461;0.458873;-0.004246;,
  0.045748;0.500672;0.008161;,
  0.036713;0.072361;-0.003462;,
  0.066321;0.066693;0.020697;,
  0.040560;0.152041;0.103121;,
  0.007658;0.084987;0.121321;,
  0.043749;0.082112;0.108796;,
  0.007595;0.158404;0.118288;,
  0.007877;0.225325;0.106433;,
  0.033410;0.222437;0.092309;,
  0.009572;0.287922;0.107941;,
  0.035537;0.270376;0.085659;,
  0.026414;0.356813;0.102887;,
  0.006103;0.373086;0.118543;,
  0.007857;0.450051;0.133149;,
  0.095180;0.724254;0.020945;,
  -0.055410;0.766584;-0.010127;,
  -0.020847;0.755677;-0.015414;,
  -0.066413;0.746829;-0.008531;,
  -0.012290;0.786991;-0.005866;,
  -0.072753;0.731324;-0.004136;,
  -0.046910;0.691643;-0.021541;,
  -0.078966;0.701332;0.012889;,
  -0.032016;0.722544;-0.025217;,
  -0.007463;0.814619;0.026096;,
  -0.054557;0.798824;0.060950;,
  -0.021898;0.801488;0.062325;,
  -0.048756;0.798163;0.031098;,
  -0.076444;0.559462;0.083712;,
  -0.034111;0.569379;0.100827;,
  -0.068732;0.569898;0.080202;,
  -0.034481;0.557925;0.107360;,
  -0.066174;0.564131;0.024405;,
  -0.078402;0.538842;0.045757;,
  -0.039965;0.555588;-0.006810;,
  -0.064608;0.512319;0.019440;,
  -0.036268;0.500969;0.010346;,
  0.008667;0.566508;0.098963;,
  0.007524;0.553510;0.106587;,
  -0.030539;0.669732;0.105464;,
  0.024204;0.708757;0.102139;,
  -0.032702;0.713868;0.104571;,
  0.021564;0.667539;0.102751;,
  -0.052443;0.468319;0.006221;,
  -0.098558;0.367747;0.019700;,
  -0.086427;0.465015;0.043342;,
  -0.061039;0.372426;-0.009038;,
  -0.063702;0.277802;-0.023238;,
  -0.091814;0.274019;0.021435;,
  -0.003487;0.466692;0.024949;,
  -0.018268;0.357843;0.090329;,
  -0.013001;0.367532;0.015164;,
  -0.004474;0.452691;0.124465;,
  -0.037430;0.271854;0.059161;,
  -0.035249;0.271823;0.016923;,
  -0.097927;0.360492;0.084060;,
  -0.080484;0.444031;0.101476;,
  -0.078064;0.275448;0.059801;,
  -0.091697;-0.001437;0.054148;,
  -0.052132;-0.001522;0.099608;,
  -0.086988;-0.001545;0.099341;,
  -0.046802;-0.001414;0.051080;,
  -0.066105;0.219690;0.003740;,
  -0.095590;0.146681;0.040386;,
  -0.096965;0.221024;0.033082;,
  -0.066904;0.145961;0.011107;,
  -0.089329;0.067731;0.049484;,
  -0.069793;0.067006;0.020602;,
  -0.024750;0.201975;0.027830;,
  -0.033188;0.155369;0.076953;,
  -0.036924;0.144317;0.035746;,
  -0.024705;0.220600;0.080364;,
  -0.056078;0.078547;0.071990;,
  -0.052897;0.059933;0.046015;,
  -0.095277;0.155470;0.077915;,
  -0.096403;0.229911;0.081714;,
  -0.080127;0.083887;0.071896;,
  -0.084363;0.510963;0.054925;,
  -0.003487;0.466692;0.024949;,
  -0.084635;0.513071;0.109505;,
  -0.033977;0.514821;0.132146;,
  -0.079708;0.459741;0.108695;,
  -0.033566;0.464873;0.130189;,
  -0.030863;0.619773;0.101056;,
  -0.064307;0.668512;0.092187;,
  -0.077630;0.672492;0.076351;,
  -0.064065;0.618766;0.028648;,
  -0.065617;0.620456;0.079594;,
  -0.078056;0.670014;0.022575;,
  -0.048873;0.661984;-0.016584;,
  -0.045113;0.611268;-0.002626;,
  -0.084550;0.748332;-0.020534;,
  -0.071948;0.717439;0.021685;,
  -0.123057;0.727507;-0.045999;,
  -0.161800;0.673533;-0.018905;,
  -0.168980;0.707469;-0.052744;,
  -0.114020;0.682979;-0.006942;,
  -0.121117;0.733955;0.053645;,
  -0.160191;0.708397;0.032903;,
  -0.114020;0.682979;-0.006942;,
  -0.196075;0.668443;-0.011463;,
  -0.161800;0.673533;-0.018905;,
  -0.127137;0.743543;0.053125;,
  -0.169096;0.753205;-0.006043;,
  -0.131058;0.772790;0.019308;,
  -0.203272;0.702048;-0.045406;,
  -0.105434;0.765447;-0.007606;,
  -0.150058;0.721919;-0.047936;,
  -0.088430;0.672559;-0.039030;,
  -0.097759;0.697867;-0.063927;,
  -0.138697;0.683433;-0.006826;,
  -0.054109;0.655811;-0.061458;,
  -0.054834;0.675642;-0.080440;,
  -0.138697;0.683433;-0.006826;,
  -0.120239;0.638964;-0.072698;,
  -0.088430;0.672559;-0.039030;,
  -0.174188;0.640892;-0.036090;,
  -0.078996;0.643563;-0.084359;,
  -0.054109;0.655811;-0.061458;,
  -0.127468;0.658692;-0.091476;,
  -0.185352;0.679306;-0.076855;,
  -0.074454;0.650821;-0.099540;,
  -0.033362;0.575140;-0.115649;,
  -0.065381;0.620095;-0.130161;,
  -0.068230;0.599696;-0.137010;,
  -0.029995;0.595665;-0.108488;,
  -0.020895;0.591600;-0.104243;,
  -0.015124;0.591956;-0.119960;,
  -0.009404;0.591953;-0.106230;,
  -0.024099;0.588586;-0.114561;,
  -0.079661;0.626173;-0.100439;,
  -0.020955;0.620046;-0.113133;,
  -0.034267;0.620319;-0.081015;,
  -0.068954;0.615425;-0.134581;,
  -0.061570;0.626087;-0.149743;,
  -0.069767;0.657994;-0.118354;,
  -0.022258;0.653204;-0.097812;,
  -0.015564;0.631214;-0.128713;,
  -0.079132;0.797185;0.035929;,
  -0.087566;0.793318;0.007539;,
  -0.048756;0.798163;0.031098;,
  -0.050927;0.790013;0.006655;,
  -0.071252;0.717289;0.091643;,
  -0.020804;0.803038;0.003526;,
  -0.083481;0.771917;-0.009527;,
  -0.066413;0.746829;-0.008531;,
  -0.078922;0.744776;0.001397;,
  -0.055410;0.766584;-0.010127;,
  -0.078769;0.761001;0.076584;,
  -0.081897;0.764705;0.071995;,
  -0.032641;0.753551;0.091018;,
  0.024822;0.745204;0.088449;,
  0.023590;0.792994;0.052098;,
  -0.054557;0.798824;0.060950;,
  -0.081897;0.764705;0.071995;,
  -0.070973;0.730330;0.025072;,
  -0.071948;0.717439;0.021685;,
  -0.082951;0.753495;0.065008;,
  -0.077754;0.709313;0.061180;,
  -0.075605;0.700251;0.027259;,
  -0.072753;0.731324;-0.004136;,
  -0.080820;0.714942;0.076844;,
  -0.034267;0.620319;-0.081015;,
  -0.019098;0.823594;-0.020070;,
  -0.008182;0.838547;-0.006037;,
  0.022089;0.815707;0.026367;,
  0.018427;0.844275;-0.002855;,
  -0.015564;0.631214;-0.128713;,
  -0.033362;0.575140;-0.115649;,
  -0.068230;0.599696;-0.137010;,
  -0.026171;0.607433;-0.093303;,
  -0.003113;0.610779;-0.104621;,
  -0.026171;0.607433;-0.093303;,
  -0.029016;0.606308;-0.110837;,
  -0.011829;0.618409;-0.123641;,
  -0.011829;0.618409;-0.123641;,
  -0.020895;0.591600;-0.104243;,
  -0.009404;0.591953;-0.106230;,
  -0.015124;0.591956;-0.119960;,
  -0.097939;0.020228;-0.022687;,
  -0.067684;-0.001385;-0.067433;,
  -0.103498;-0.001396;-0.029923;,
  -0.066363;0.017194;-0.060196;,
  -0.048385;0.031888;0.088977;,
  -0.046802;-0.001414;0.051080;,
  -0.045431;0.023542;0.048548;,
  -0.052132;-0.001522;0.099608;,
  -0.056078;0.078547;0.071990;,
  -0.089925;0.034911;0.088446;,
  -0.080127;0.083887;0.071896;,
  -0.091697;-0.001437;0.054148;,
  -0.092848;0.033508;0.051676;,
  -0.086988;-0.001545;0.099341;,
  -0.069793;0.067006;0.020602;,
  -0.089329;0.067731;0.049484;,
  -0.038871;0.014161;-0.049743;,
  -0.032744;-0.001373;-0.056979;,
  -0.103498;-0.001396;-0.029923;,
  -0.032744;-0.001373;-0.056979;,
  -0.013001;0.367532;0.015164;,
  -0.035249;0.271823;0.016923;,
  -0.024750;0.201975;0.027830;,
  -0.036924;0.144317;0.035746;,
  -0.052897;0.059933;0.046015;,
  -0.052897;0.059933;0.046015;,
  -0.031003;0.815338;-0.040396;,
  -0.014156;0.796146;-0.048882;,
  -0.012692;0.809125;-0.031397;,
  -0.022888;0.800928;-0.054072;,
  -0.022244;0.844191;-0.032099;,
  -0.013632;0.863778;-0.020931;,
  -0.000154;0.920518;-0.129341;,
  0.019668;0.923555;-0.131847;,
  -0.017466;0.839594;-0.129315;,
  -0.012702;0.867278;-0.138992;,
  -0.000676;0.834244;-0.134028;,
  -0.028143;0.815724;-0.068562;,
  -0.035329;0.840253;-0.053339;,
  -0.028896;0.829618;-0.039684;,
  -0.034964;0.878801;-0.059478;,
  -0.035510;0.874001;-0.083534;,
  -0.025569;0.882884;-0.129730;,
  -0.031910;0.854868;-0.102599;,
  -0.033668;0.900484;-0.109611;,
  -0.031938;0.891167;-0.048510;,
  -0.020465;0.909219;-0.036650;,
  0.018858;0.914989;-0.027921;,
  -0.012868;0.939828;-0.073497;,
  0.020215;0.946095;-0.066135;,
  -0.033125;0.837040;-0.088593;,
  -0.019295;0.818815;-0.104528;,
  -0.019367;0.799515;-0.074193;,
  -0.005876;0.772167;-0.069397;,
  -0.007405;0.887962;-0.143049;,
  -0.020158;0.913124;-0.123134;,
  -0.028435;0.927271;-0.087389;,
  -0.014488;0.935784;-0.104561;,
  0.020372;0.945834;-0.101813;,
  0.003033;0.943313;-0.102487;,
  0.017356;0.876935;-0.015122;,
  -0.028435;0.927271;-0.087389;,
  -0.014488;0.935784;-0.104561;,
  -0.041502;0.842319;-0.055450;,
  -0.045293;0.885858;-0.074299;,
  -0.038901;0.867496;-0.067600;,
  -0.050838;0.875339;-0.056632;,
  -0.050838;0.875339;-0.056632;,
  -0.041502;0.842319;-0.055450;,
  -0.045293;0.885858;-0.074299;,
  -0.035510;0.874001;-0.083534;,
  -0.036951;0.850389;-0.074944;,
  -0.035329;0.840253;-0.053339;,
  -0.018261;0.836914;-0.117442;,
  -0.036951;0.850389;-0.074944;,
  -0.020804;0.803038;0.003526;,
  -0.019098;0.823594;-0.020070;,
  -0.050927;0.790013;0.006655;,
  -0.022244;0.844191;-0.032099;,
  0.008028;0.512027;0.131153;,
  0.007946;0.477762;0.132743;,
  0.004748;0.448005;0.119349;,
  0.006153;0.453703;0.068708;,
  0.003033;0.943313;-0.102487;,
  0.020372;0.945834;-0.101813;,
  -0.005526;0.794915;-0.091894;,
  0.002645;0.809218;-0.110614;,
  0.002125;0.801194;-0.105270;,
  0.001271;0.832176;-0.121323;,
  0.016388;0.616269;0.097632;,
  -0.050927;0.790013;0.006655;,
  -0.067684;-0.001385;-0.067433;,
  -0.005149;0.789644;-0.087920;,
  0.002319;0.783698;-0.092413;,
  0.002730;0.789691;-0.092212;,
  0.003029;0.790147;-0.098407;,
  -0.082951;0.753495;0.065008;,
  -0.065811;0.735363;0.041525;,
  -0.070973;0.730330;0.025072;,
  -0.072753;0.731324;-0.004136;,
  -0.031938;0.891167;-0.048510;,
  -0.022214;0.221668;-0.015709;,
  0.000269;0.145589;-0.011600;,
  -0.031258;0.145207;-0.007307;,
  0.001026;0.223273;-0.016000;,
  -0.025670;0.277593;-0.026427;,
  0.002770;0.277678;-0.026001;,
  -0.011858;0.369407;-0.011556;,
  0.003587;0.365727;-0.011977;,
  -0.005277;0.458086;-0.003314;,
  0.004253;0.451288;-0.003364;,
  0.004421;0.491605;-0.001485;,
  -0.036268;0.500969;0.010346;,
  -0.000479;0.079169;-0.011742;,
  -0.033957;0.072784;-0.004056;,
  -0.031152;0.075744;0.108029;,
  -0.095277;0.155470;0.077915;,
  -0.080113;0.083888;0.071897;,
  -0.031789;0.150867;0.102191;,
  -0.096403;0.229911;0.081714;,
  -0.032530;0.217499;0.095524;,
  -0.029572;0.270272;0.093077;,
  -0.078064;0.275448;0.059801;,
  -0.097927;0.360492;0.084060;,
  -0.016634;0.355364;0.107581;,
  0.007946;0.477762;0.132743;,
  -0.033566;0.464873;0.130189;,
  -0.065811;0.735363;0.041525;,
  -0.052443;0.468319;0.006221;,
  -0.061039;0.372426;-0.009038;,
  -0.063702;0.277802;-0.023238;,
  -0.066105;0.219690;0.003740;,
  -0.066904;0.145961;0.011107;,
  -0.069793;0.067006;0.020602;,
  0.106470;0.358376;0.077814;,
  0.048632;0.464554;0.127858;,
  0.093040;0.442671;0.096616;,
  0.082689;0.274772;0.053944;,
  0.100615;0.229979;0.076141;,
  0.096966;0.155543;0.074397;,
  0.078635;0.084202;0.071326;,
  -0.080484;0.444031;0.101476;;
  916;
  3;0,1,2;,
  3;1,0,3;,
  3;4,5,6;,
  3;5,4,7;,
  3;8,9,10;,
  3;9,8,11;,
  3;12,13,14;,
  3;13,12,15;,
  3;16,12,17;,
  3;12,16,15;,
  3;18,19,20;,
  3;19,18,16;,
  3;6,21,22;,
  3;21,6,5;,
  3;14,23,24;,
  3;23,14,13;,
  3;25,26,27;,
  3;26,25,28;,
  3;29,30,31;,
  3;30,29,32;,
  3;30,33,31;,
  3;33,30,34;,
  3;35,36,37;,
  3;36,35,38;,
  3;38,39,36;,
  3;39,38,40;,
  3;37,41,42;,
  3;41,37,36;,
  3;36,43,41;,
  3;43,36,39;,
  3;42,30,32;,
  3;30,42,41;,
  3;41,34,30;,
  3;34,41,43;,
  3;44,45,46;,
  3;45,44,47;,
  3;48,49,50;,
  3;49,48,51;,
  3;50,52,53;,
  3;52,50,49;,
  3;54,55,56;,
  3;55,54,57;,
  3;57,58,55;,
  3;58,57,59;,
  3;56,60,61;,
  3;60,56,55;,
  3;55,62,60;,
  3;62,55,58;,
  3;61,49,51;,
  3;49,61,60;,
  3;60,52,49;,
  3;52,60,62;,
  3;32,19,63;,
  3;19,32,29;,
  3;64,65,66;,
  3;65,64,20;,
  3;14,67,12;,
  3;67,14,68;,
  3;68,69,67;,
  3;69,68,70;,
  3;70,42,69;,
  3;42,70,37;,
  3;48,34,51;,
  3;34,48,33;,
  3;51,43,61;,
  3;43,51,34;,
  3;43,56,61;,
  3;56,43,39;,
  3;39,54,56;,
  3;54,39,40;,
  3;12,63,17;,
  3;63,12,67;,
  3;67,32,63;,
  3;32,67,69;,
  3;69,42,32;,
  3;71,72,25;,
  3;73,74,75;,
  3;74,73,76;,
  3;74,77,75;,
  3;77,74,78;,
  3;79,78,80;,
  3;78,79,77;,
  3;81,82,83;,
  3;82,84,85;,
  3;84,82,86;,
  3;87,88,89;,
  3;88,90,89;,
  3;90,88,91;,
  3;92,93,94;,
  3;92,89,93;,
  3;92,87,89;,
  3;89,95,93;,
  3;95,89,90;,
  3;96,93,82;,
  3;93,86,82;,
  3;86,93,95;,
  3;97,98,99;,
  3;98,97,100;,
  3;100,101,98;,
  3;101,100,102;,
  3;103,104,105;,
  3;104,103,106;,
  3;106,107,104;,
  3;107,106,108;,
  3;105,109,110;,
  3;109,105,104;,
  3;104,111,109;,
  3;111,104,107;,
  3;110,100,97;,
  3;100,110,109;,
  3;109,102,100;,
  3;102,109,111;,
  3;112,113,114;,
  3;113,112,115;,
  3;116,117,118;,
  3;117,116,119;,
  3;120,121,122;,
  3;121,120,123;,
  3;120,124,125;,
  3;124,120,122;,
  3;126,124,127;,
  3;124,126,125;,
  3;95,97,86;,
  3;97,95,110;,
  3;86,99,84;,
  3;99,86,97;,
  3;90,103,105;,
  3;103,90,91;,
  3;105,95,90;,
  3;95,105,110;,
  3;128,96,129;,
  3;96,128,94;,
  3;129,130,128;,
  3;130,129,131;,
  3;72,28,25;,
  3;28,72,132;,
  3;10,133,8;,
  3;134,135,136;,
  3;135,134,137;,
  3;81,137,134;,
  3;138,11,139;,
  3;138,9,11;,
  3;138,140,9;,
  3;141,11,142;,
  3;11,141,139;,
  3;128,130,143;,
  3;94,144,92;,
  3;94,143,144;,
  3;94,128,143;,
  3;145,87,146;,
  3;87,145,147;,
  3;75,148,73;,
  3;148,75,149;,
  3;150,147,145;,
  3;7,149,75;,
  3;148,151,73;,
  3;102,152,101;,
  3;152,102,126;,
  3;102,125,126;,
  3;125,102,111;,
  3;111,120,125;,
  3;120,111,107;,
  3;120,108,123;,
  3;108,120,107;,
  3;8,153,154;,
  3;153,8,133;,
  3;154,155,8;,
  3;155,154,156;,
  3;122,114,113;,
  3;114,122,121;,
  3;121,112,114;,
  3;112,121,157;,
  3;158,124,159;,
  3;124,158,127;,
  3;159,122,113;,
  3;122,159,124;,
  3;126,160,152;,
  3;160,126,161;,
  3;162,121,123;,
  3;121,162,163;,
  3;121,164,157;,
  3;164,121,163;,
  3;165,126,127;,
  3;126,165,161;,
  3;161,166,160;,
  3;166,161,167;,
  3;162,118,163;,
  3;118,162,116;,
  3;163,117,164;,
  3;117,163,118;,
  3;165,167,161;,
  3;167,165,168;,
  3;169,170,171;,
  3;170,169,172;,
  3;173,174,175;,
  3;174,173,176;,
  3;177,178,179;,
  3;178,177,173;,
  3;180,178,181;,
  3;178,180,182;,
  3;183,169,171;,
  3;169,183,184;,
  3;174,185,186;,
  3;185,174,176;,
  3;46,187,44;,
  3;187,46,188;,
  3;180,169,182;,
  3;169,180,172;,
  3;20,29,65;,
  3;19,29,20;,
  3;29,31,189;,
  3;31,190,189;,
  3;190,31,33;,
  3;33,191,190;,
  3;191,33,48;,
  3;191,50,192;,
  3;50,191,48;,
  3;192,53,193;,
  3;53,192,50;,
  3;194,171,185;,
  3;171,194,183;,
  3;171,186,185;,
  3;186,171,170;,
  3;185,176,194;,
  3;194,173,177;,
  3;173,194,176;,
  3;178,175,181;,
  3;175,178,173;,
  3;179,182,184;,
  3;182,179,178;,
  3;182,169,184;,
  3;16,17,19;,
  3;17,63,19;,
  3;65,195,66;,
  3;196,197,198;,
  3;197,196,199;,
  3;200,154,153;,
  3;154,200,201;,
  3;202,203,204;,
  3;205,206,207;,
  3;196,208,209;,
  3;208,196,198;,
  3;210,209,211;,
  3;209,210,196;,
  3;212,213,214;,
  3;213,212,215;,
  3;212,214,211;,
  3;201,216,217;,
  3;216,201,200;,
  3;218,219,220;,
  3;219,218,217;,
  3;210,199,196;,
  3;213,205,207;,
  3;221,222,223;,
  3;198,197,224;,
  3;224,225,226;,
  3;225,224,197;,
  3;227,213,207;,
  3;228,229,214;,
  3;229,228,230;,
  3;220,231,232;,
  3;213,228,214;,
  3;156,201,233;,
  3;201,156,154;,
  3;233,217,218;,
  3;217,233,201;,
  3;219,217,234;,
  3;235,219,234;,
  3;236,237,238;,
  3;237,236,239;,
  3;209,240,211;,
  3;240,209,241;,
  3;211,242,212;,
  3;242,211,240;,
  3;243,239,244;,
  3;239,243,237;,
  3;244,236,245;,
  3;236,244,239;,
  3;246,221,223;,
  3;221,246,215;,
  3;221,212,247;,
  3;212,221,215;,
  3;199,248,2;,
  3;248,199,249;,
  3;133,10,250;,
  3;249,210,251;,
  3;210,249,199;,
  3;210,211,251;,
  3;252,1,253;,
  3;1,252,2;,
  3;20,254,18;,
  3;254,20,64;,
  3;24,68,14;,
  3;68,24,255;,
  3;68,256,70;,
  3;256,68,255;,
  3;256,37,70;,
  3;37,256,257;,
  3;258,2,252;,
  3;2,258,199;,
  3;257,259,37;,
  3;37,259,35;,
  3;260,204,261;,
  3;204,260,202;,
  3;262,263,223;,
  3;263,262,264;,
  3;197,258,225;,
  3;258,197,199;,
  3;265,203,227;,
  3;265,207,266;,
  3;207,265,227;,
  3;223,267,246;,
  3;267,223,263;,
  3;88,87,147;,
  3;83,82,85;,
  3;78,16,18;,
  3;16,78,74;,
  3;74,15,16;,
  3;15,74,76;,
  3;15,71,13;,
  3;71,15,76;,
  3;13,268,23;,
  3;268,13,71;,
  3;248,269,2;,
  3;2,269,0;,
  3;136,129,134;,
  3;129,136,131;,
  3;134,96,81;,
  3;96,134,129;,
  3;96,82,81;,
  3;93,96,94;,
  3;29,189,65;,
  3;205,215,246;,
  3;267,205,246;,
  3;205,267,206;,
  3;205,213,215;,
  3;187,188,270;,
  3;224,271,272;,
  3;222,221,208;,
  3;224,222,198;,
  3;272,273,262;,
  3;273,272,271;,
  3;263,274,275;,
  3;273,276,262;,
  3;277,271,278;,
  3;271,277,273;,
  3;222,272,262;,
  3;272,222,224;,
  3;222,208,198;,
  3;209,221,247;,
  3;221,209,208;,
  3;223,222,262;,
  3;266,206,279;,
  3;206,266,207;,
  3;206,280,279;,
  3;280,206,267;,
  3;280,263,275;,
  3;263,280,267;,
  3;264,262,276;,
  3;76,73,72;,
  3;138,281,140;,
  3;73,132,72;,
  3;132,73,151;,
  3;72,71,76;,
  3;271,226,278;,
  3;155,11,8;,
  3;276,277,282;,
  3;277,276,273;,
  3;274,276,282;,
  3;276,274,264;,
  3;28,141,26;,
  3;141,28,139;,
  3;139,132,138;,
