xof 0303txt 0032
template ColorRGBA {
 <35ff44e0-6c7c-11cf-8f52-0040333594a3>
 FLOAT red;
 FLOAT green;
 FLOAT blue;
 FLOAT alpha;
}

template ColorRGB {
 <d3e16e81-7835-11cf-8f52-0040333594a3>
 FLOAT red;
 FLOAT green;
 FLOAT blue;
}

template Material {
 <3d82ab4d-62da-11cf-ab39-0020af71e433>
 ColorRGBA faceColor;
 FLOAT power;
 ColorRGB specularColor;
 ColorRGB emissiveColor;
 [...]
}

template TextureFilename {
 <a42790e1-7810-11cf-8f52-0040333594a3>
 STRING filename;
}

template Frame {
 <3d82ab46-62da-11cf-ab39-0020af71e433>
 [...]
}

template Matrix4x4 {
 <f6f23f45-7686-11cf-8f52-0040333594a3>
 array FLOAT matrix[16];
}

template FrameTransformMatrix {
 <f6f23f41-7686-11cf-8f52-0040333594a3>
 Matrix4x4 frameMatrix;
}

template Vector {
 <3d82ab5e-62da-11cf-ab39-0020af71e433>
 FLOAT x;
 FLOAT y;
 FLOAT z;
}

template MeshFace {
 <3d82ab5f-62da-11cf-ab39-0020af71e433>
 DWORD nFaceVertexIndices;
 array DWORD faceVertexIndices[nFaceVertexIndices];
}

template Mesh {
 <3d82ab44-62da-11cf-ab39-0020af71e433>
 DWORD nVertices;
 array Vector vertices[nVertices];
 DWORD nFaces;
 array MeshFace faces[nFaces];
 [...]
}

template MeshMaterialList {
 <f6f23f42-7686-11cf-8f52-0040333594a3>
 DWORD nMaterials;
 DWORD nFaceIndexes;
 array DWORD faceIndexes[nFaceIndexes];
 [Material <3d82ab4d-62da-11cf-ab39-0020af71e433>]
}

template VertexElement {
 <f752461c-1e23-48f6-b9f8-8350850f336f>
 DWORD Type;
 DWORD Method;
 DWORD Usage;
 DWORD UsageIndex;
}

template DeclData {
 <bf22e553-292c-4781-9fea-62bd554bdd93>
 DWORD nElements;
 array VertexElement Elements[nElements];
 DWORD nDWords;
 array DWORD data[nDWords];
}

template XSkinMeshHeader {
 <3cf169ce-ff7c-44ab-93c0-f78f62d172e2>
 WORD nMaxSkinWeightsPerVertex;
 WORD nMaxSkinWeightsPerFace;
 WORD nBones;
}

template SkinWeights {
 <6f0d123b-bad2-4167-a0d0-80224f25fabb>
 STRING transformNodeName;
 DWORD nWeights;
 array DWORD vertexIndices[nWeights];
 array FLOAT weights[nWeights];
 Matrix4x4 matrixOffset;
}

template AnimTicksPerSecond {
 <9e415a43-7ba6-4a73-8743-b73d47e88476>
 DWORD AnimTicksPerSecond;
}

template Animation {
 <3d82ab4f-62da-11cf-ab39-0020af71e433>
 [...]
}

template AnimationSet {
 <3d82ab50-62da-11cf-ab39-0020af71e433>
 [Animation <3d82ab4f-62da-11cf-ab39-0020af71e433>]
}

template FloatKeys {
 <10dd46a9-775b-11cf-8f52-0040333594a3>
 DWORD nValues;
 array FLOAT values[nValues];
}

template TimedFloatKeys {
 <f406b180-7b3b-11cf-8f52-0040333594a3>
 DWORD time;
 FloatKeys tfkeys;
}

template AnimationKey {
 <10dd46a8-775b-11cf-8f52-0040333594a3>
 DWORD keyType;
 DWORD nKeys;
 array TimedFloatKeys keys[nKeys];
}


Material _03_-_Default {
 1.000000;1.000000;1.000000;1.000000;;
 9.999999;
 0.000000;0.000000;0.000000;;
 0.000000;0.000000;0.000000;;

 TextureFilename {
  "MaleBody_full.png";
 }
}

Frame Dummy01 {
 

 FrameTransformMatrix {
  1.000000,0.000000,0.000000,0.000000,0.000000,-0.000000,-1.000000,0.000000,0.000000,1.000000,-0.000000,0.000000,0.000000,0.000000,0.000000,1.000000;;
 }

 Frame Bip01 {
  

  FrameTransformMatrix {
   -0.353776,0.923581,-0.147782,0.000000,-0.030695,0.146450,0.988742,0.000000,0.934826,0.354330,-0.023461,0.000000,0.005533,-0.024850,0.474789,1.000000;;
  }

  Frame Bip01_Pelvis {
   

   FrameTransformMatrix {
    -0.014298,0.997251,-0.072713,0.000000,0.047421,0.073315,0.996181,0.000000,0.998773,0.010795,-0.048339,0.000000,0.000000,0.000000,0.000000,1.000000;;
   }

   Frame Bip01_Spine {
    

    FrameTransformMatrix {
     0.968420,0.025748,0.247994,0.000000,-0.029731,0.999482,0.012327,0.000000,-0.247548,-0.019311,0.968683,0.000000,0.051512,0.003787,0.000475,1.000000;;
    }

    Frame Bip01_Spine1 {
     

     FrameTransformMatrix {
      0.919245,0.159125,0.360094,0.000000,-0.169515,0.985524,-0.002768,0.000000,-0.355322,-0.058497,0.932912,0.000000,0.106510,0.000005,-0.000079,1.000000;;
     }

     Frame Bip01_Neck {
      

      FrameTransformMatrix {
       0.865364,0.220628,0.449964,0.000000,-0.081728,0.947986,-0.307642,0.000000,-0.494435,0.229448,0.838384,0.000000,0.130518,-0.000006,0.004630,1.000000;;
      }

      Frame Bip01_Head {
       

       FrameTransformMatrix {
        0.530072,0.018052,-0.847760,0.000000,-0.075127,0.996842,-0.025747,0.000000,0.844618,0.077337,0.529754,0.000000,0.033674,0.000000,0.000000,1.000000;;
       }

       Frame Bip01_HeadNub {
        

        FrameTransformMatrix {
         1.000000,0.000000,0.000000,0.000000,0.000000,1.000000,0.000000,0.000000,0.000000,-0.000000,1.000000,0.000000,0.169824,-0.000000,0.000000,1.000000;;
        }
       }
      }

      Frame Bip01_L_Clavicle {
       

       FrameTransformMatrix {
        0.143889,0.948687,0.281582,0.000000,0.882040,0.006058,-0.471135,0.000000,-0.448666,0.316158,-0.835909,0.000000,-0.019416,0.018292,0.011611,1.000000;;
       }

       Frame Bip01_L_UpperArm {
        

        FrameTransformMatrix {
         0.389145,-0.919462,-0.056185,0.000000,0.916132,0.379919,0.127918,0.000000,-0.096270,-0.101252,0.990192,0.000000,0.087086,0.000000,0.000000,1.000000;;
        }

        Frame Bip01_L_Forearm {
         

         FrameTransformMatrix {
          -0.035454,-0.000000,-0.999371,0.000000,0.000000,1.000000,-0.000000,0.000000,0.999371,0.000000,-0.035454,0.000000,0.137062,0.000000,0.000000,1.000000;;
         }

         Frame Bip01_L_Hand {
          

          FrameTransformMatrix {
           0.789409,0.344608,-0.508015,0.000000,-0.059935,0.866877,0.494906,0.000000,0.610935,-0.360236,0.704975,0.000000,0.137062,0.000000,0.000000,1.000000;;
          }

          Frame Bip01_L_Finger0 {
           

           FrameTransformMatrix {
            0.235353,-0.564101,0.791454,0.000000,0.835198,0.533842,0.132129,0.000000,-0.497045,0.629924,0.596777,0.000000,0.057681,-0.023605,-0.000272,1.000000;;
           }

           Frame Bip01_L_Finger0Nub {
            

            FrameTransformMatrix {
             1.000000,0.000000,0.000000,0.000000,0.000000,1.000000,-0.000000,0.000000,0.000000,0.000000,1.000000,0.000000,0.029435,0.000000,0.000000,1.000000;;
            }
           }
          }

          Frame Bip01_L_Finger1 {
           

           FrameTransformMatrix {
            0.328909,-0.000752,0.944361,0.000000,-0.000000,1.000000,0.000796,0.000000,-0.944361,-0.000262,0.328909,0.000000,0.084102,0.000000,-0.000000,1.000000;;
           }

           Frame Bip01_L_Finger1Nub {
            

            FrameTransformMatrix {
             1.000000,0.000000,0.000000,0.000000,-0.000000,1.000000,0.000000,0.000000,-0.000000,0.000000,1.000000,0.000000,0.047988,0.000000,0.000000,1.000000;;
            }
           }
          }
         }
        }
       }
      }

      Frame Bip01_R_Clavicle {
       

       FrameTransformMatrix {
        -0.461681,-0.886663,-0.026069,0.000000,-0.758351,0.379282,0.530141,0.000000,-0.460169,0.264526,-0.847508,0.000000,-0.026350,-0.011503,0.004400,1.000000;;
       }

       Frame Bip01_R_UpperArm {
        

        FrameTransformMatrix {
         0.356342,0.764458,-0.537238,0.000000,-0.455754,0.644151,0.614294,0.000000,0.815664,0.025949,0.577944,0.000000,0.087086,0.000000,0.000000,1.000000;;
        }

        Frame Bip01_R_Forearm {
         

         FrameTransformMatrix {
          0.769555,-0.000000,-0.638581,0.000000,0.000000,1.000000,0.000000,0.000000,0.638581,-0.000000,0.769554,0.000000,0.137062,-0.000000,0.000000,1.000000;;
         }

         Frame Bip01_R_Hand {
          

          FrameTransformMatrix {
           0.943219,-0.109099,-0.313745,0.000000,-0.297636,0.141785,-0.944092,0.000000,0.147484,0.983867,0.101262,0.000000,0.137062,0.000000,0.000000,1.000000;;
          }

          Frame Bip01_R_Finger0 {
           

           FrameTransformMatrix {
            0.166554,0.297180,0.940183,0.000000,-0.870771,0.491688,-0.001159,0.000000,-0.462621,-0.818491,0.340669,0.000000,0.057681,0.023605,-0.000272,1.000000;;
           }

           Frame Bip01_R_Finger0Nub {
            

            FrameTransformMatrix {
             -1.000000,-0.000000,-0.000000,0.000000,-0.000000,1.000000,-0.000000,0.000000,0.000000,0.000000,-1.000000,0.000000,0.029435,-0.000000,0.000000,1.000000;;
            }
           }
          }

          Frame Bip01_R_Finger1 {
           

           FrameTransformMatrix {
            0.329983,0.000752,0.943987,0.000000,0.000000,1.000000,-0.000796,0.000000,-0.943987,0.000263,0.329983,0.000000,0.084102,0.000000,-0.000000,1.000000;;
           }

           Frame Bip01_R_Finger1Nub {
            

            FrameTransformMatrix {
             -1.000000,0.000000,0.000000,0.000000,-0.000000,1.000000,0.000000,0.000000,0.000000,-0.000000,-1.000000,0.000000,0.047988,0.000000,0.000000,1.000000;;
            }
           }
          }
         }
        }
       }
      }
     }

     Frame Bip01_BackPack {
      

      FrameTransformMatrix {
       -0.106593,-0.000073,-0.994303,0.000000,0.087902,0.996084,-0.009496,0.000000,0.990410,-0.088413,-0.106169,0.000000,0.063696,0.000004,-0.088844,1.000000;;
      }

      Frame Bip01_BackPackNub {
       

       FrameTransformMatrix {
        0.000796,0.000003,1.000000,0.000000,0.000000,-1.000000,0.000003,0.000000,1.000000,-0.000000,-0.000796,0.000000,0.053240,0.000000,-0.000000,1.000000;;
       }
      }
     }
    }

    Frame Bip01_L_Thigh {
     

     FrameTransformMatrix {
      -0.648557,0.204375,0.733215,0.000000,0.075803,-0.941148,0.329384,0.000000,0.757382,0.269205,0.594896,0.000000,-0.048679,0.052937,0.011298,1.000000;;
     }

     Frame Bip01_L_Calf {
      

      FrameTransformMatrix {
       0.816710,0.000000,-0.577048,0.000000,0.000000,1.000000,-0.000000,0.000000,0.577048,0.000000,0.816710,0.000000,0.237500,0.000000,-0.000000,1.000000;;
      }

      Frame Bip01_L_Foot {
       

       FrameTransformMatrix {
        0.994216,0.004479,0.107302,0.000000,-0.015184,0.994956,0.099160,0.000000,-0.106316,-0.100216,0.989269,0.000000,0.206841,-0.000000,0.000000,1.000000;;
       }

       Frame Bip01_L_Toe0 {
        

        FrameTransformMatrix {
         -0.000797,0.013164,0.999913,0.000000,-0.060279,0.998094,-0.013188,0.000000,-0.998181,-0.060284,-0.000002,0.000000,0.065373,0.000000,0.066450,1.000000;;
        }

        Frame Bip01_L_Toe0Nub {
         

         FrameTransformMatrix {
          -1.000000,-0.000000,0.000000,0.000000,-0.000000,1.000000,-0.000000,0.000000,-0.000000,-0.000000,-1.000000,0.000000,0.006735,0.000000,0.000000,1.000000;;
         }
        }
       }
      }
     }
    }

    Frame Bip01_R_Thigh {
     

     FrameTransformMatrix {
      -0.813780,-0.166014,0.556958,0.000000,0.088821,-0.982602,-0.163109,0.000000,0.574346,-0.083265,0.814367,0.000000,-0.051523,-0.057456,0.013431,1.000000;;
     }

     Frame Bip01_R_Calf {
      

      FrameTransformMatrix {
       0.731229,-0.000000,-0.682132,0.000000,0.000000,1.000000,0.000000,0.000000,0.682132,0.000000,0.731229,0.000000,0.237500,-0.000000,0.000000,1.000000;;
      }

      Frame Bip01_R_Foot {
       

       FrameTransformMatrix {
        0.869522,-0.080979,0.487210,0.000000,0.118782,0.991801,-0.047143,0.000000,-0.479398,0.098863,0.872011,0.000000,0.206841,0.000000,0.000000,1.000000;;
       }

       Frame Bip01_R_Toe0 {
        

        FrameTransformMatrix {
         -0.032848,-0.296794,0.954376,0.000000,0.037640,0.953847,0.297925,0.000000,-0.998751,0.045709,-0.020161,0.000000,0.065373,-0.000000,0.066450,1.000000;;
        }

        Frame Bip01_R_Toe0Nub {
         

         FrameTransformMatrix {
          1.000000,-0.000000,0.000000,0.000000,0.000000,1.000000,0.000000,0.000000,0.000000,0.000000,1.000000,0.000000,0.006735,-0.000000,0.000000,1.000000;;
         }
        }
       }
      }
     }
    }
   }

   Frame Bip01_DressFront {
    

    FrameTransformMatrix {
     -0.890634,-0.000002,0.454722,0.000000,-0.000003,1.000000,-0.000001,0.000000,-0.454722,-0.000002,-0.890634,0.000000,-0.043935,0.001399,0.061072,1.000000;;
    }

    Frame Bip01_DressFront02 {
     

     FrameTransformMatrix {
      0.866064,0.000001,0.499933,0.000000,-0.000001,1.000000,-0.000000,0.000000,-0.499933,-0.000000,0.866064,0.000000,0.183390,0.000000,-0.000114,1.000000;;
     }

     Frame Bip01_DressFrontNub {
      

      FrameTransformMatrix {
       0.000796,0.000003,1.000000,0.000000,-0.000000,-1.000000,0.000003,0.000000,1.000000,0.000000,-0.000796,0.000000,0.165302,-0.000000,0.000000,1.000000;;
      }
     }
    }
   }

   Frame Bip01_DressBack {
    

    FrameTransformMatrix {
     -0.855902,-0.042480,0.515391,0.000000,0.123642,0.950907,0.283706,0.000000,-0.502140,0.306548,-0.808631,0.000000,-0.047662,-0.000043,-0.078306,1.000000;;
    }

    Frame Bip01_DressBack02 {
     

     FrameTransformMatrix {
      0.818329,-0.097524,0.566416,0.000000,0.083258,0.995219,0.051067,0.000000,-0.568688,0.005369,0.822536,0.000000,0.176220,-0.000001,-0.000089,1.000000;;
     }

     Frame Bip01_DressBackNub {
      

      FrameTransformMatrix {
       0.000796,0.000003,1.000000,0.000000,0.000000,-1.000000,0.000003,0.000000,1.000000,-0.000000,-0.000796,0.000000,0.136508,-0.000000,0.000000,1.000000;;
      }
     }
    }
   }
  }

  Frame Bip01_Prop1 {
   

   FrameTransformMatrix {
    -0.697093,-0.035996,0.716076,0.000000,0.515771,0.668579,0.535707,0.000000,-0.498037,0.742769,-0.447497,0.000000,0.128228,-0.093862,-0.044506,1.000000;;
   }
  }

  Frame Bip01_Prop2 {
   

   FrameTransformMatrix {
    -0.348107,0.714686,0.606667,0.000000,0.926783,0.164998,0.337414,0.000000,0.141046,0.679705,-0.719797,0.000000,0.137197,0.042149,0.135086,1.000000;;
   }
  }
 }
}

Frame Translation_Data {
 

 FrameTransformMatrix {
  1.000000,0.000000,0.000000,0.000000,0.000000,-0.000000,-1.000000,0.000000,0.000000,1.000000,-0.000000,0.000000,0.000000,-0.000000,0.000000,1.000000;;
 }
}

Frame Body {
 

 FrameTransformMatrix {
  1.000000,0.000000,0.000000,0.000000,0.000000,1.000000,0.000000,0.000000,0.000000,0.000000,1.000000,0.000000,0.000000,0.000000,0.000000,1.000000;;
 }

 Mesh Body {
  617;
  0.024087;0.674643;-0.136080;,
  -0.008305;0.671438;-0.119194;,
  -0.010941;0.704773;-0.125230;,
  0.034781;0.655761;-0.128821;,
  0.042380;0.642414;-0.121895;,
  0.010255;0.612652;-0.099702;,
  -0.003343;0.635968;-0.113196;,
  0.055013;0.628472;-0.092507;,
  0.000016;0.744397;-0.113828;,
  0.056995;0.735218;-0.098844;,
  0.038330;0.722387;-0.119740;,
  0.030335;0.746270;-0.086787;,
  0.092364;0.532411;0.020644;,
  0.062424;0.543234;0.051478;,
  0.064818;0.529318;0.060067;,
  0.084105;0.542980;0.017599;,
  0.057082;0.533688;-0.030310;,
  0.078468;0.511793;-0.014731;,
  0.020047;0.522836;-0.045680;,
  0.056723;0.485605;-0.031981;,
  0.026553;0.472246;-0.029025;,
  -0.042141;0.613411;-0.084740;,
  -0.042435;0.641491;-0.101938;,
  0.023486;0.539605;0.069262;,
  0.026788;0.523290;0.077441;,
  0.059064;0.650358;0.012549;,
  0.009035;0.696107;0.014182;,
  0.012651;0.656671;0.035005;,
  0.059730;0.688759;-0.010767;,
  0.050621;0.455574;-0.049837;,
  0.097203;0.360850;-0.081932;,
  0.056414;0.374531;-0.102044;,
  0.090578;0.442995;-0.023770;,
  0.055154;0.284671;-0.150761;,
  0.088387;0.272765;-0.112880;,
  0.006072;0.449348;-0.029783;,
  0.026488;0.324781;-0.009604;,
  0.048921;0.423049;0.086923;,
  0.011798;0.360300;-0.075133;,
  0.038938;0.262265;-0.071198;,
  0.031691;0.270543;-0.110691;,
  0.104711;0.331293;-0.024789;,
  0.097476;0.408891;0.024509;,
  0.079373;0.266288;-0.074818;,
  0.096760;-0.001282;-0.079542;,
  0.056676;-0.003751;-0.034607;,
  0.051990;-0.003965;-0.083200;,
  0.091471;-0.001672;-0.034415;,
  0.061340;0.218733;-0.128211;,
  0.095487;0.145857;-0.095568;,
  0.063699;0.144980;-0.121442;,
  0.095288;0.220246;-0.102516;,
  0.090809;0.067076;-0.085633;,
  0.069380;0.065906;-0.113047;,
  0.023134;0.200456;-0.099738;,
  0.037509;0.153693;-0.052166;,
  0.028810;0.218812;-0.047416;,
  0.036697;0.142892;-0.093601;,
  0.058998;0.076895;-0.060863;,
  0.054442;0.057638;-0.088234;,
  0.099307;0.154450;-0.058188;,
  0.100109;0.228879;-0.054074;,
  0.082781;0.082888;-0.062624;,
  0.088796;0.484186;-0.009440;,
  -0.014891;0.461296;-0.022264;,
  0.006072;0.449348;-0.029783;,
  -0.006079;0.429050;-0.005871;,
  0.112543;0.486431;0.039698;,
  0.076609;0.486284;0.082014;,
  0.103190;0.427103;0.036377;,
  0.068906;0.429741;0.072457;,
  0.059306;0.601840;0.030658;,
  0.081698;0.638279;-0.012285;,
  0.085175;0.633465;-0.031954;,
  0.052106;0.574406;-0.041415;,
  0.058687;0.610975;-0.071811;,
  0.078735;0.591509;-0.002777;,
  0.014056;0.594350;-0.084892;,
  0.020448;0.560239;-0.054517;,
  -0.038833;0.599792;-0.071732;,
  -0.025462;0.555603;-0.037228;,
  0.087834;0.643217;-0.141574;,
  0.114469;0.607589;-0.117364;,
  0.037234;0.643571;-0.123266;,
  0.088002;0.572325;-0.062534;,
  0.060675;0.594660;-0.094363;,
  0.131982;0.580361;-0.081336;,
  0.052192;0.669999;-0.070448;,
  0.060675;0.594660;-0.094363;,
  0.073576;0.633158;-0.042239;,
  0.101580;0.575072;-0.022553;,
  0.088002;0.572325;-0.062534;,
  0.060893;0.676855;-0.068056;,
  0.127372;0.646393;-0.065361;,
  0.100415;0.680897;-0.088937;,
  0.145480;0.582824;-0.041259;,
  0.099939;0.662289;-0.121928;,
  0.127128;0.585809;-0.099953;,
  0.069638;0.537348;-0.125646;,
  0.074056;0.576903;-0.079843;,
  0.103808;0.544902;-0.136724;,
  0.064228;0.499725;-0.151749;,
  0.086079;0.507778;-0.165322;,
  0.074056;0.576903;-0.079843;,
  0.097061;0.499647;-0.092472;,
  0.096265;0.535206;-0.038161;,
  0.069638;0.537348;-0.125646;,
  0.090402;0.479389;-0.138440;,
  0.064228;0.499725;-0.151749;,
  0.123193;0.505889;-0.100969;,
  0.148989;0.544208;-0.058220;,
  0.100359;0.481464;-0.144104;,
  0.041918;0.457306;-0.253974;,
  0.089794;0.462066;-0.223284;,
  0.042546;0.462342;-0.232570;,
  0.088646;0.457214;-0.244409;,
  0.026696;0.477841;-0.205488;,
  0.028416;0.482104;-0.221591;,
  0.029642;0.473189;-0.215260;,
  0.020670;0.486846;-0.209812;,
  0.094611;0.462529;-0.181955;,
  0.050776;0.494550;-0.208382;,
  0.096941;0.470967;-0.218276;,
  0.047250;0.477247;-0.178431;,
  0.102037;0.488040;-0.227258;,
  0.107376;0.498123;-0.183208;,
  0.058246;0.514486;-0.178673;,
  0.057857;0.511030;-0.217028;,
  0.066611;0.716639;-0.129187;,
  0.060071;0.697955;-0.151555;,
  0.038330;0.722387;-0.119740;,
  0.028009;0.703573;-0.134449;,
  0.086892;0.677520;-0.038466;,
  0.001200;0.720831;-0.129729;,
  0.051025;0.672438;-0.152198;,
  0.034781;0.655761;-0.128821;,
  0.024087;0.674643;-0.136080;,
  0.056616;0.654425;-0.138182;,
  0.079989;0.705041;-0.075635;,
  0.053526;0.716477;-0.044229;,
  0.080293;0.705303;-0.081679;,
  0.001982;0.723250;-0.018235;,
  -0.014437;0.746197;-0.071251;,
  0.056995;0.735218;-0.098844;,
  0.080293;0.705303;-0.081679;,
  0.053824;0.656129;-0.098302;,
  0.078828;0.692155;-0.083098;,
  0.037234;0.643571;-0.123266;,
  0.077647;0.656212;-0.060000;,
  0.059178;0.634438;-0.079886;,
  0.042380;0.642414;-0.121895;,
  0.087964;0.667040;-0.052400;,
  0.047250;0.477247;-0.178431;,
  -0.001886;0.737383;-0.139454;,
  -0.010893;0.751840;-0.125583;,
  -0.025740;0.752852;-0.102633;,
  -0.036901;0.758157;-0.120013;,
  0.057857;0.511030;-0.217028;,
  0.041918;0.457306;-0.253974;,
  0.088646;0.457214;-0.244409;,
  0.038077;0.484187;-0.190374;,
  0.030221;0.503759;-0.205414;,
  0.038077;0.484187;-0.190374;,
  0.044457;0.480837;-0.206648;,
  0.047032;0.501457;-0.219837;,
  0.047032;0.501457;-0.219837;,
  0.026696;0.477841;-0.205488;,
  0.020670;0.486846;-0.209812;,
  0.028416;0.482104;-0.221591;,
  0.102697;0.020721;-0.156305;,
  0.074393;-0.002677;-0.201428;,
  0.071860;0.015789;-0.194224;,
  0.109645;-0.000529;-0.163450;,
  0.051063;0.029373;-0.045312;,
  0.051990;-0.003965;-0.083200;,
  0.056676;-0.003751;-0.034607;,
  0.049150;0.020864;-0.085770;,
  0.058998;0.076895;-0.060863;,
  0.092348;0.034894;-0.045299;,
  0.082781;0.082888;-0.062624;,
  0.096760;-0.001282;-0.079542;,
  0.091471;-0.001672;-0.034415;,
  0.095834;0.033670;-0.082026;,
  0.069380;0.065906;-0.113047;,
  0.090809;0.067076;-0.085633;,
  0.044465;0.011103;-0.184131;,
  0.039382;-0.004772;-0.191435;,
  0.109645;-0.000529;-0.163450;,
  0.039382;-0.004772;-0.191435;,
  0.011798;0.360300;-0.075133;,
  0.031691;0.270543;-0.110691;,
  0.023134;0.200456;-0.099738;,
  0.036697;0.142892;-0.093601;,
  0.054442;0.057638;-0.088234;,
  0.054442;0.057638;-0.088234;,
  0.015222;0.423520;0.041240;,
  0.009092;0.735112;-0.151951;,
  -0.008177;0.721553;-0.167510;,
  0.000650;0.727897;-0.170315;,
  -0.009831;0.724033;-0.149064;,
  0.000971;0.758019;-0.132268;,
  -0.007201;0.771306;-0.113851;,
  -0.019562;0.868415;-0.188490;,
  -0.038987;0.855480;-0.213749;,
  -0.039316;0.872603;-0.189298;,
  -0.004012;0.794572;-0.222458;,
  -0.020920;0.792006;-0.228805;,
  -0.008184;0.823852;-0.219632;,
  0.006210;0.747291;-0.177349;,
  0.013944;0.763068;-0.153342;,
  0.007296;0.747825;-0.145316;,
  0.014411;0.800652;-0.142807;,
  0.014825;0.806337;-0.166672;,
  0.005029;0.833906;-0.204826;,
  0.013530;0.841325;-0.179276;,
  0.010789;0.796999;-0.191950;,
  0.011666;0.807357;-0.127645;,
  0.000601;0.819017;-0.109211;,
  -0.038577;0.821367;-0.098474;,
  -0.006369;0.862365;-0.129818;,
  -0.039300;0.865618;-0.120178;,
  0.011632;0.774928;-0.186688;,
  -0.002922;0.735092;-0.189149;,
  -0.002608;0.765303;-0.208641;,
  -0.016999;0.708509;-0.196084;,
  -0.036462;0.704947;-0.183629;,
  -0.036397;0.703004;-0.204681;,
  -0.013035;0.844436;-0.214620;,
  0.000284;0.858719;-0.186142;,
  0.008906;0.856467;-0.147842;,
  -0.004872;0.871645;-0.159744;,
  -0.022223;0.877955;-0.154537;,
  -0.039502;0.880298;-0.152697;,
  -0.037889;0.781425;-0.102764;,
  0.008906;0.856467;-0.147842;,
  -0.004872;0.871645;-0.159744;,
  0.020158;0.765708;-0.154458;,
  0.024874;0.813058;-0.153426;,
  0.030208;0.796012;-0.141828;,
  0.018092;0.793703;-0.154949;,
  0.030208;0.796012;-0.141828;,
  0.020158;0.765708;-0.154458;,
  0.024874;0.813058;-0.153426;,
  0.014825;0.806337;-0.166672;,
  0.015763;0.781273;-0.168750;,
  0.013944;0.763068;-0.153342;,
  -0.003263;0.787159;-0.212799;,
  0.015763;0.781273;-0.168750;,
  0.001200;0.720831;-0.129729;,
  -0.001886;0.737383;-0.139454;,
  0.028009;0.703573;-0.134449;,
  0.000971;0.758019;-0.132268;,
  -0.042120;0.688308;-0.121383;,
  -0.041671;0.667176;-0.110580;,
  -0.020768;0.518462;-0.030848;,
  0.038426;0.481876;0.099213;,
  0.040409;0.447643;0.100115;,
  0.018633;0.407638;0.065805;,
  -0.036670;0.700288;-0.155671;,
  0.015222;0.423520;0.041240;,
  -0.022223;0.877955;-0.154537;,
  -0.039502;0.880298;-0.152697;,
  -0.016880;0.738580;-0.207012;,
  -0.024759;0.759553;-0.217959;,
  -0.024407;0.750022;-0.216462;,
  -0.038774;0.843956;-0.224099;,
  -0.038354;0.820136;-0.233033;,
  -0.022898;0.784854;-0.218108;,
  0.016779;0.603451;0.051413;,
  0.028009;0.703573;-0.134449;,
  0.074393;-0.002677;-0.201428;,
  -0.024967;0.728761;-0.212092;,
  -0.017367;0.732139;-0.205601;,
  -0.025247;0.734128;-0.209401;,
  -0.037140;0.747950;-0.221229;,
  -0.037239;0.754684;-0.231970;,
  -0.025543;0.737137;-0.214836;,
  -0.036921;0.734133;-0.209981;,
  -0.036783;0.726451;-0.214514;,
  -0.037827;0.789441;-0.235152;,
  -0.037689;0.780886;-0.229655;,
  0.078828;0.692155;-0.083098;,
  -0.036946;0.736361;-0.218543;,
  0.054638;0.669640;-0.087517;,
  0.053824;0.656129;-0.098302;,
  0.042380;0.642414;-0.121895;,
  0.011666;0.807357;-0.127645;,
  0.061340;0.218733;-0.128211;,
  0.027049;0.137090;-0.101207;,
  0.009912;0.212363;-0.109892;,
  0.063699;0.144980;-0.121442;,
  0.055154;0.284671;-0.150761;,
  0.007170;0.275181;-0.124165;,
  0.056414;0.374531;-0.102044;,
  -0.000053;0.359776;-0.079606;,
  0.050621;0.455574;-0.049837;,
  -0.000098;0.441740;-0.045464;,
  0.026553;0.472246;-0.029025;,
  0.033402;0.065099;-0.095723;,
  0.069380;0.065906;-0.113047;,
  0.046537;0.147013;-0.021914;,
  0.050383;0.082373;0.079693;,
  0.053721;0.077369;-0.018104;,
  0.037617;0.152554;0.064314;,
  0.021172;0.214809;0.043727;,
  0.034450;0.218013;-0.033934;,
  0.014697;0.273604;0.039432;,
  0.034717;0.254203;-0.042427;,
  0.026932;0.318245;0.003850;,
  0.021571;0.342086;0.058297;,
  0.039609;0.420748;0.095914;,
  0.054638;0.669640;-0.087517;,
  -0.101192;0.687815;-0.083852;,
  -0.069911;0.681095;-0.095935;,
  -0.106976;0.672237;-0.070834;,
  -0.063063;0.712562;-0.106222;,
  -0.113622;0.667734;-0.060871;,
  -0.089345;0.624615;-0.060392;,
  -0.112160;0.648551;-0.026527;,
  -0.079100;0.647843;-0.084596;,
  -0.053984;0.752270;-0.094482;,
  -0.088127;0.755467;-0.042788;,
  -0.056419;0.759869;-0.054035;,
  -0.093492;0.735254;-0.064836;,
  -0.059704;0.525392;0.088576;,
  -0.015826;0.540155;0.086588;,
  -0.055511;0.537485;0.080243;,
  -0.011857;0.525779;0.094319;,
  -0.072878;0.528573;0.028001;,
  -0.075190;0.504700;0.053912;,
  -0.059161;0.519718;-0.010140;,
  -0.071406;0.479269;0.024213;,
  -0.048291;0.468791;0.004410;,
  0.023486;0.539605;0.069262;,
  0.026788;0.523290;0.077441;,
  -0.036476;0.657339;0.052361;,
  0.009035;0.696107;0.014182;,
  -0.045371;0.701383;0.030715;,
  0.012651;0.656671;0.035005;,
  -0.071522;0.439137;0.008049;,
  -0.118431;0.342671;0.039356;,
  -0.084665;0.435244;0.056599;,
  -0.099390;0.346718;-0.003963;,
  -0.119994;0.245108;-0.017007;,
  -0.122616;0.249189;0.033821;,
  -0.022314;0.432701;0.000468;,
  -0.015633;0.320217;0.060831;,
  -0.046555;0.335856;-0.006775;,
  0.026835;0.422029;0.096789;,
  -0.057653;0.247395;0.037232;,
  -0.076150;0.242087;0.001974;,
  -0.087382;0.329893;0.094745;,
  -0.054642;0.410219;0.104365;,
  -0.092289;0.254077;0.057725;,
  -0.076399;-0.000023;0.140242;,
  -0.017454;-0.001895;0.152653;,
  -0.045375;-0.000063;0.173440;,
  -0.042497;-0.002413;0.110749;,
  -0.101927;0.191006;0.026480;,
  -0.098035;0.140585;0.097085;,
  -0.113705;0.206005;0.064577;,
  -0.088169;0.126334;0.059934;,
  -0.075932;0.070523;0.131028;,
  -0.075152;0.060925;0.097876;,
  -0.051997;0.181141;0.030234;,
  -0.027746;0.158265;0.089774;,
  -0.050003;0.132263;0.064031;,
  -0.028305;0.218798;0.063809;,
  -0.037100;0.084310;0.127507;,
  -0.048062;0.059134;0.108066;,
  -0.080212;0.163324;0.122601;,
  -0.090111;0.233165;0.098490;,
  -0.057597;0.091026;0.139296;,
  -0.075996;0.476579;0.064176;,
  -0.022314;0.432701;0.000468;,
  -0.055411;0.478678;0.114727;,
  -0.000066;0.482745;0.116267;,
  -0.049880;0.425599;0.111003;,
  0.000825;0.430392;0.111328;,
  -0.027519;0.604503;0.068337;,
  -0.071971;0.649508;0.051749;,
  -0.089574;0.646235;0.040864;,
  -0.079287;0.578437;0.015606;,
  -0.066588;0.595967;0.060289;,
  -0.104181;0.622876;-0.003944;,
  -0.085783;0.601646;-0.043289;,
  -0.068998;0.562983;-0.015700;,
  -0.123997;0.658313;-0.071017;,
  -0.077505;0.669664;-0.046414;,
  -0.138060;0.610954;-0.059868;,
  -0.099215;0.563407;-0.019371;,
  -0.142859;0.563534;-0.040708;,
  -0.084276;0.609964;-0.033481;,
  -0.103141;0.674702;0.008625;,
  -0.112057;0.626819;0.024048;,
  -0.084276;0.609964;-0.033481;,
  -0.121620;0.569984;0.028470;,
  -0.099215;0.563407;-0.019371;,
  -0.113763;0.677544;0.011370;,
  -0.165941;0.628117;-0.002382;,
  -0.151224;0.674384;-0.013146;,
  -0.165156;0.569999;0.007259;,
  -0.142822;0.666527;-0.049237;,
  -0.140943;0.547808;-0.053155;,
  -0.089267;0.487709;-0.047547;,
  -0.122364;0.491863;-0.062869;,
  -0.089221;0.545249;-0.028280;,
  -0.087486;0.447931;-0.054369;,
  -0.109845;0.443919;-0.068377;,
  -0.089221;0.545249;-0.028280;,
  -0.120779;0.474922;-0.001531;,
  -0.089267;0.487709;-0.047547;,
  -0.115927;0.531600;0.027284;,
  -0.110386;0.433083;-0.026544;,
  -0.087486;0.447931;-0.054369;,
  -0.146038;0.478486;-0.013505;,
  -0.167414;0.534207;0.002626;,
  -0.125737;0.432591;-0.036266;,
  -0.037408;0.365646;-0.105244;,
  -0.079195;0.367707;-0.066433;,
  -0.071527;0.349764;-0.075940;,
  -0.044888;0.384133;-0.095961;,
  -0.050077;0.413776;-0.088998;,
  -0.049820;0.402850;-0.101686;,
  -0.047889;0.417482;-0.099841;,
  -0.048343;0.402839;-0.090783;,
  -0.089760;0.398710;-0.040722;,
  -0.077099;0.409570;-0.098748;,
  -0.067551;0.430033;-0.072310;,
  -0.091240;0.370947;-0.065679;,
  -0.105201;0.366496;-0.079220;,
  -0.123261;0.402416;-0.057908;,
  -0.101132;0.435959;-0.090881;,
  -0.092089;0.404203;-0.110706;,
  -0.119562;0.729893;-0.047144;,
  -0.133661;0.711499;-0.066018;,
  -0.093492;0.735254;-0.064836;,
  -0.098610;0.715681;-0.080900;,
  -0.086095;0.698298;0.029809;,
  -0.070890;0.731163;-0.104216;,
  -0.128899;0.685576;-0.073169;,
  -0.106976;0.672237;-0.070834;,
  -0.113931;0.671822;-0.058580;,
  -0.101192;0.687815;-0.083852;,
  -0.099389;0.731122;-0.005118;,
  -0.103793;0.731545;-0.009446;,
  -0.053438;0.733244;-0.003846;,
  0.001982;0.723250;-0.018235;,
  -0.014437;0.746197;-0.071251;,
  -0.088127;0.755467;-0.042788;,
  -0.103793;0.731545;-0.009446;,
  -0.101753;0.678964;-0.035985;,
  -0.077505;0.669664;-0.046414;,
  -0.104407;0.717541;-0.009522;,
  -0.099285;0.677464;0.009832;,
  -0.104983;0.654156;-0.015094;,
  -0.113622;0.667734;-0.060871;,
  -0.098836;0.689477;0.021327;,
  -0.067551;0.430033;-0.072310;,
  -0.072166;0.736317;-0.136488;,
  -0.062886;0.751051;-0.123388;,
  -0.025740;0.752852;-0.102633;,
  -0.036901;0.758157;-0.120013;,
  -0.092089;0.404203;-0.110706;,
  -0.037408;0.365646;-0.105244;,
  -0.071527;0.349764;-0.075940;,
  -0.066184;0.423210;-0.081941;,
  -0.064692;0.424662;-0.107761;,
  -0.066184;0.423210;-0.081941;,
  -0.066533;0.406444;-0.087904;,
  -0.074963;0.405168;-0.110992;,
  -0.074963;0.405168;-0.110992;,
  -0.050077;0.413776;-0.088998;,
  -0.047889;0.417482;-0.099841;,
  -0.049820;0.402850;-0.101686;,
  -0.126918;0.021404;0.081927;,
  -0.130659;-0.002104;0.028842;,
  -0.136541;0.000056;0.080324;,
  -0.124529;0.016429;0.033114;,
  -0.019610;0.031192;0.140659;,
  -0.042497;-0.002413;0.110749;,
  -0.041979;0.022417;0.106961;,
  -0.017454;-0.001895;0.152653;,
  -0.037100;0.084310;0.127507;,
  -0.052896;0.036419;0.165147;,
  -0.057597;0.091026;0.139296;,
  -0.076399;-0.000023;0.140242;,
  -0.077471;0.034916;0.137646;,
  -0.045375;-0.000063;0.173440;,
  -0.075152;0.060925;0.097876;,
  -0.075932;0.070523;0.131028;,
  -0.096441;0.012009;0.025000;,
  -0.096524;-0.003880;0.016126;,
  -0.136541;0.000056;0.080324;,
  -0.096524;-0.003880;0.016126;,
  -0.046555;0.335856;-0.006775;,
  -0.076150;0.242087;0.001974;,
  -0.051997;0.181141;0.030234;,
  -0.050003;0.132263;0.064031;,
  -0.048062;0.059134;0.108066;,
  -0.048062;0.059134;0.108066;,
  -0.083114;0.733538;-0.152089;,
  -0.065346;0.720577;-0.167596;,
  -0.064272;0.723207;-0.146766;,
  -0.074376;0.726617;-0.170427;,
  -0.075840;0.756707;-0.132384;,
  -0.068181;0.770265;-0.113943;,
  -0.058917;0.867744;-0.188549;,
  -0.039316;0.872603;-0.189298;,
  -0.071836;0.793414;-0.222559;,
  -0.068674;0.822820;-0.219723;,
  -0.054831;0.791427;-0.228856;,
  -0.080573;0.745809;-0.177479;,
  -0.088913;0.761312;-0.153496;,
  -0.081774;0.746305;-0.145450;,
  -0.090694;0.798858;-0.142965;,
  -0.091231;0.804527;-0.166831;,
  -0.082267;0.832416;-0.204957;,
  -0.086803;0.795333;-0.192097;,
  -0.091093;0.839539;-0.179433;,
  -0.088225;0.805652;-0.127795;,
  -0.077620;0.817682;-0.109329;,
  -0.038577;0.821367;-0.098474;,
  -0.072072;0.861244;-0.129916;,
  -0.039300;0.865618;-0.120178;,
  -0.086908;0.773246;-0.186836;,
  -0.072282;0.764114;-0.208745;,
  -0.070995;0.733930;-0.189251;,
  -0.055998;0.707843;-0.196142;,
  -0.064543;0.843557;-0.214698;,
  -0.078427;0.857376;-0.186260;,
  -0.087083;0.854828;-0.147986;,
  -0.073796;0.870469;-0.159848;,
  -0.039502;0.880298;-0.152697;,
  -0.056685;0.877367;-0.154589;,
  -0.037889;0.781425;-0.102764;,
  -0.087083;0.854828;-0.147986;,
  -0.073796;0.870469;-0.159848;,
  -0.095211;0.763738;-0.154632;,
  -0.101543;0.810900;-0.153616;,
  -0.094100;0.791788;-0.155117;,
  -0.106327;0.793681;-0.142033;,
  -0.106327;0.793681;-0.142033;,
  -0.095211;0.763738;-0.154632;,
  -0.101543;0.810900;-0.153616;,
  -0.091231;0.804527;-0.166831;,
  -0.091306;0.779446;-0.168911;,
  -0.088913;0.761312;-0.153496;,
  -0.072360;0.785979;-0.212903;,
  -0.091306;0.779446;-0.168911;,
  -0.070890;0.731163;-0.104216;,
  -0.072166;0.736317;-0.136488;,
  -0.098610;0.715681;-0.080900;,
  -0.075840;0.756707;-0.132384;,
  0.038426;0.481876;0.099213;,
  0.040409;0.447643;0.100115;,
  0.018633;0.407638;0.065805;,
  0.015222;0.423520;0.041240;,
  -0.056685;0.877367;-0.154589;,
  -0.039502;0.880298;-0.152697;,
  -0.057111;0.737894;-0.207072;,
  -0.049920;0.759124;-0.217997;,
  -0.049951;0.749586;-0.216501;,
  -0.052642;0.784347;-0.218152;,
  0.016779;0.603451;0.051413;,
  -0.098610;0.715681;-0.080900;,
  -0.130659;-0.002104;0.028842;,
  -0.056408;0.731472;-0.205659;,
  -0.048678;0.728356;-0.212127;,
  -0.048589;0.733729;-0.209436;,
  -0.048380;0.736747;-0.214870;,
  -0.104407;0.717541;-0.009522;,
  -0.093186;0.692089;-0.026761;,
  -0.101753;0.678964;-0.035985;,
  -0.113622;0.667734;-0.060871;,
  -0.088225;0.805652;-0.127795;,
  -0.060480;0.189713;-0.033478;,
  -0.017298;0.127276;-0.061400;,
  -0.055830;0.118778;-0.004425;,
  -0.024902;0.203068;-0.074103;,
  -0.075270;0.248786;-0.051632;,
  -0.032314;0.260077;-0.082877;,
  -0.048449;0.339958;-0.035935;,
  -0.022886;0.341528;-0.054577;,
  -0.031853;0.426548;-0.022877;,
  -0.015547;0.423705;-0.031139;,
  -0.014891;0.461296;-0.022264;,
  -0.048291;0.468791;0.004410;,
  -0.012191;0.061936;-0.054063;,
  -0.048289;0.050288;0.016438;,
  0.003605;0.093434;0.138254;,
  -0.080212;0.163324;0.122601;,
  -0.057585;0.091025;0.139289;,
  -0.011115;0.160602;0.107763;,
  -0.090111;0.233165;0.098490;,
  -0.026916;0.222472;0.080698;,
  -0.034528;0.250103;0.060753;,
  -0.092289;0.254077;0.057725;,
  -0.087382;0.329893;0.094745;,
  -0.006101;0.316141;0.074938;,
  0.040409;0.447643;0.100115;,
  0.000825;0.430392;0.111328;,
  -0.093186;0.692089;-0.026761;,
  -0.071522;0.439137;0.008049;,
  -0.099390;0.346718;-0.003963;,
  -0.119994;0.245108;-0.017007;,
  -0.101927;0.191006;0.026480;,
  -0.088169;0.126334;0.059934;,
  -0.075152;0.060925;0.097876;,
  0.104711;0.331293;-0.024789;,
  0.068906;0.429741;0.072457;,
  0.097476;0.408891;0.024509;,
  0.079373;0.266288;-0.074818;,
  0.100109;0.228879;-0.054074;,
  0.099307;0.154450;-0.058188;,
  0.082781;0.082888;-0.062624;,
  -0.054642;0.410219;0.104365;;
  916;
  3;0,1,2;,
  3;1,0,3;,
  3;4,5,6;,
  3;5,4,7;,
  3;8,9,10;,
  3;9,8,11;,
  3;12,13,14;,
  3;13,12,15;,
  3;16,12,17;,
  3;12,16,15;,
  3;18,19,20;,
  3;19,18,16;,
  3;6,21,22;,
  3;21,6,5;,
  3;14,23,24;,
  3;23,14,13;,
  3;25,26,27;,
  3;26,25,28;,
  3;29,30,31;,
  3;30,29,32;,
  3;30,33,31;,
  3;33,30,34;,
  3;35,36,37;,
  3;36,35,38;,
  3;38,39,36;,
  3;39,38,40;,
  3;37,41,42;,
  3;41,37,36;,
  3;36,43,41;,
  3;43,36,39;,
  3;42,30,32;,
  3;30,42,41;,
  3;41,34,30;,
  3;34,41,43;,
  3;44,45,46;,
  3;45,44,47;,
  3;48,49,50;,
  3;49,48,51;,
  3;50,52,53;,
  3;52,50,49;,
  3;54,55,56;,
  3;55,54,57;,
  3;57,58,55;,
  3;58,57,59;,
  3;56,60,61;,
  3;60,56,55;,
  3;55,62,60;,
  3;62,55,58;,
  3;61,49,51;,
  3;49,61,60;,
  3;60,52,49;,
  3;52,60,62;,
  3;32,19,63;,
  3;19,32,29;,
  3;64,65,66;,
  3;65,64,20;,
  3;14,67,12;,
  3;67,14,68;,
  3;68,69,67;,
  3;69,68,70;,
  3;70,42,69;,
  3;42,70,37;,
  3;48,34,51;,
  3;34,48,33;,
  3;51,43,61;,
  3;43,51,34;,
  3;43,56,61;,
  3;56,43,39;,
  3;39,54,56;,
  3;54,39,40;,
  3;12,63,17;,
  3;63,12,67;,
  3;67,32,63;,
  3;32,67,69;,
  3;69,42,32;,
  3;71,72,25;,
  3;73,74,75;,
  3;74,73,76;,
  3;74,77,75;,
  3;77,74,78;,
  3;79,78,80;,
  3;78,79,77;,
  3;81,82,83;,
  3;82,84,85;,
  3;84,82,86;,
  3;87,88,89;,
  3;88,90,89;,
  3;90,88,91;,
  3;92,93,94;,
  3;92,89,93;,
  3;92,87,89;,
  3;89,95,93;,
  3;95,89,90;,
  3;96,93,82;,
  3;93,86,82;,
  3;86,93,95;,
  3;97,98,99;,
  3;98,97,100;,
  3;100,101,98;,
  3;101,100,102;,
  3;103,104,105;,
  3;104,103,106;,
  3;106,107,104;,
  3;107,106,108;,
  3;105,109,110;,
  3;109,105,104;,
  3;104,111,109;,
  3;111,104,107;,
  3;110,100,97;,
  3;100,110,109;,
  3;109,102,100;,
  3;102,109,111;,
  3;112,113,114;,
  3;113,112,115;,
  3;116,117,118;,
  3;117,116,119;,
  3;120,121,122;,
  3;121,120,123;,
  3;120,124,125;,
  3;124,120,122;,
  3;126,124,127;,
  3;124,126,125;,
  3;95,97,86;,
  3;97,95,110;,
  3;86,99,84;,
  3;99,86,97;,
  3;90,103,105;,
  3;103,90,91;,
  3;105,95,90;,
  3;95,105,110;,
  3;128,96,129;,
  3;96,128,94;,
  3;129,130,128;,
  3;130,129,131;,
  3;72,28,25;,
  3;28,72,132;,
  3;10,133,8;,
  3;134,135,136;,
  3;135,134,137;,
  3;81,137,134;,
  3;138,11,139;,
  3;138,9,11;,
  3;138,140,9;,
  3;141,11,142;,
  3;11,141,139;,
  3;128,130,143;,
  3;94,144,92;,
  3;94,143,144;,
  3;94,128,143;,
  3;145,87,146;,
  3;87,145,147;,
  3;75,148,73;,
  3;148,75,149;,
  3;150,147,145;,
  3;7,149,75;,
  3;148,151,73;,
  3;102,152,101;,
  3;152,102,126;,
  3;102,125,126;,
  3;125,102,111;,
  3;111,120,125;,
  3;120,111,107;,
  3;120,108,123;,
  3;108,120,107;,
  3;8,153,154;,
  3;153,8,133;,
  3;154,155,8;,
  3;155,154,156;,
  3;122,114,113;,
  3;114,122,121;,
  3;121,112,114;,
  3;112,121,157;,
  3;158,124,159;,
  3;124,158,127;,
  3;159,122,113;,
  3;122,159,124;,
  3;126,160,152;,
  3;160,126,161;,
  3;162,121,123;,
  3;121,162,163;,
  3;121,164,157;,
  3;164,121,163;,
  3;165,126,127;,
  3;126,165,161;,
  3;161,166,160;,
  3;166,161,167;,
  3;162,118,163;,
  3;118,162,116;,
  3;163,117,164;,
  3;117,163,118;,
  3;165,167,161;,
  3;167,165,168;,
  3;169,170,171;,
  3;170,169,172;,
  3;173,174,175;,
  3;174,173,176;,
  3;177,178,179;,
  3;178,177,173;,
  3;180,178,181;,
  3;178,180,182;,
  3;183,169,171;,
  3;169,183,184;,
  3;174,185,186;,
  3;185,174,176;,
  3;46,187,44;,
  3;187,46,188;,
  3;180,169,182;,
  3;169,180,172;,
  3;20,29,65;,
  3;19,29,20;,
  3;29,31,189;,
  3;31,190,189;,
  3;190,31,33;,
  3;33,191,190;,
  3;191,33,48;,
  3;191,50,192;,
  3;50,191,48;,
  3;192,53,193;,
  3;53,192,50;,
  3;194,171,185;,
  3;171,194,183;,
  3;171,186,185;,
  3;186,171,170;,
  3;185,176,194;,
  3;194,173,177;,
  3;173,194,176;,
  3;178,175,181;,
  3;175,178,173;,
  3;179,182,184;,
  3;182,179,178;,
  3;182,169,184;,
  3;16,17,19;,
  3;17,63,19;,
  3;65,195,66;,
  3;196,197,198;,
  3;197,196,199;,
  3;200,154,153;,
  3;154,200,201;,
  3;202,203,204;,
  3;205,206,207;,
  3;196,208,209;,
  3;208,196,198;,
  3;210,209,211;,
  3;209,210,196;,
  3;212,213,214;,
  3;213,212,215;,
  3;212,214,211;,
  3;201,216,217;,
  3;216,201,200;,
  3;218,219,220;,
  3;219,218,217;,
  3;210,199,196;,
  3;213,205,207;,
  3;221,222,223;,
  3;198,197,224;,
  3;224,225,226;,
  3;225,224,197;,
  3;227,213,207;,
  3;228,229,214;,
  3;229,228,230;,
  3;220,231,232;,
  3;213,228,214;,
  3;156,201,233;,
  3;201,156,154;,
  3;233,217,218;,
  3;217,233,201;,
  3;219,217,234;,
  3;235,219,234;,
  3;236,237,238;,
  3;237,236,239;,
  3;209,240,211;,
  3;240,209,241;,
  3;211,242,212;,
  3;242,211,240;,
  3;243,239,244;,
  3;239,243,237;,
  3;244,236,245;,
  3;236,244,239;,
  3;246,221,223;,
  3;221,246,215;,
  3;221,212,247;,
  3;212,221,215;,
  3;199,248,2;,
  3;248,199,249;,
  3;133,10,250;,
  3;249,210,251;,
  3;210,249,199;,
  3;210,211,251;,
  3;252,1,253;,
  3;1,252,2;,
  3;20,254,18;,
  3;254,20,64;,
  3;24,68,14;,
  3;68,24,255;,
  3;68,256,70;,
  3;256,68,255;,
  3;256,37,70;,
  3;37,256,257;,
  3;258,2,252;,
  3;2,258,199;,
  3;257,259,37;,
  3;37,259,35;,
  3;260,204,261;,
  3;204,260,202;,
  3;262,263,223;,
  3;263,262,264;,
  3;197,258,225;,
  3;258,197,199;,
  3;265,203,227;,
  3;265,207,266;,
  3;207,265,227;,
  3;223,267,246;,
  3;267,223,263;,
  3;88,87,147;,
  3;83,82,85;,
  3;78,16,18;,
  3;16,78,74;,
  3;74,15,16;,
  3;15,74,76;,
  3;15,71,13;,
  3;71,15,76;,
  3;13,268,23;,
  3;268,13,71;,
  3;248,269,2;,
  3;2,269,0;,
  3;136,129,134;,
  3;129,136,131;,
  3;134,96,81;,
  3;96,134,129;,
  3;96,82,81;,
  3;93,96,94;,
  3;29,189,65;,
  3;205,215,246;,
  3;267,205,246;,
  3;205,267,206;,
  3;205,213,215;,
  3;187,188,270;,
  3;224,271,272;,
  3;222,221,208;,
  3;224,222,198;,
  3;272,273,262;,
  3;273,272,271;,
  3;263,274,275;,
  3;273,276,262;,
  3;277,271,278;,
  3;271,277,273;,
  3;222,272,262;,
  3;272,222,224;,
  3;222,208,198;,
  3;209,221,247;,
  3;221,209,208;,
  3;223,222,262;,
  3;266,206,279;,
  3;206,266,207;,
  3;206,280,279;,
  3;280,206,267;,
  3;280,263,275;,
  3;263,280,267;,
  3;264,262,276;,
  3;76,73,72;,
