xof 0303txt 0032
template ColorRGBA {
 <35ff44e0-6c7c-11cf-8f52-0040333594a3>
 FLOAT red;
 FLOAT green;
 FLOAT blue;
 FLOAT alpha;
}

template ColorRGB {
 <d3e16e81-7835-11cf-8f52-0040333594a3>
 FLOAT red;
 FLOAT green;
 FLOAT blue;
}

template Material {
 <3d82ab4d-62da-11cf-ab39-0020af71e433>
 ColorRGBA faceColor;
 FLOAT power;
 ColorRGB specularColor;
 ColorRGB emissiveColor;
 [...]
}

template TextureFilename {
 <a42790e1-7810-11cf-8f52-0040333594a3>
 STRING filename;
}

template Frame {
 <3d82ab46-62da-11cf-ab39-0020af71e433>
 [...]
}

template Matrix4x4 {
 <f6f23f45-7686-11cf-8f52-0040333594a3>
 array FLOAT matrix[16];
}

template FrameTransformMatrix {
 <f6f23f41-7686-11cf-8f52-0040333594a3>
 Matrix4x4 frameMatrix;
}

template Vector {
 <3d82ab5e-62da-11cf-ab39-0020af71e433>
 FLOAT x;
 FLOAT y;
 FLOAT z;
}

template MeshFace {
 <3d82ab5f-62da-11cf-ab39-0020af71e433>
 DWORD nFaceVertexIndices;
 array DWORD faceVertexIndices[nFaceVertexIndices];
}

template Mesh {
 <3d82ab44-62da-11cf-ab39-0020af71e433>
 DWORD nVertices;
 array Vector vertices[nVertices];
 DWORD nFaces;
 array MeshFace faces[nFaces];
 [...]
}

template MeshMaterialList {
 <f6f23f42-7686-11cf-8f52-0040333594a3>
 DWORD nMaterials;
 DWORD nFaceIndexes;
 array DWORD faceIndexes[nFaceIndexes];
 [Material <3d82ab4d-62da-11cf-ab39-0020af71e433>]
}

template VertexElement {
 <f752461c-1e23-48f6-b9f8-8350850f336f>
 DWORD Type;
 DWORD Method;
 DWORD Usage;
 DWORD UsageIndex;
}

template DeclData {
 <bf22e553-292c-4781-9fea-62bd554bdd93>
 DWORD nElements;
 array VertexElement Elements[nElements];
 DWORD nDWords;
 array DWORD data[nDWords];
}

template XSkinMeshHeader {
 <3cf169ce-ff7c-44ab-93c0-f78f62d172e2>
 WORD nMaxSkinWeightsPerVertex;
 WORD nMaxSkinWeightsPerFace;
 WORD nBones;
}

template SkinWeights {
 <6f0d123b-bad2-4167-a0d0-80224f25fabb>
 STRING transformNodeName;
 DWORD nWeights;
 array DWORD vertexIndices[nWeights];
 array FLOAT weights[nWeights];
 Matrix4x4 matrixOffset;
}

template AnimTicksPerSecond {
 <9e415a43-7ba6-4a73-8743-b73d47e88476>
 DWORD AnimTicksPerSecond;
}

template Animation {
 <3d82ab4f-62da-11cf-ab39-0020af71e433>
 [...]
}

template AnimationSet {
 <3d82ab50-62da-11cf-ab39-0020af71e433>
 [Animation <3d82ab4f-62da-11cf-ab39-0020af71e433>]
}

template FloatKeys {
 <10dd46a9-775b-11cf-8f52-0040333594a3>
 DWORD nValues;
 array FLOAT values[nValues];
}

template TimedFloatKeys {
 <f406b180-7b3b-11cf-8f52-0040333594a3>
 DWORD time;
 FloatKeys tfkeys;
}

template AnimationKey {
 <10dd46a8-775b-11cf-8f52-0040333594a3>
 DWORD keyType;
 DWORD nKeys;
 array TimedFloatKeys keys[nKeys];
}


Material _03_-_Default {
 1.000000;1.000000;1.000000;1.000000;;
 9.999999;
 0.000000;0.000000;0.000000;;
 0.000000;0.000000;0.000000;;

 TextureFilename {
  "MaleBody_full.png";
 }
}

Frame Dummy01 {
 

 FrameTransformMatrix {
  1.000000,0.000000,0.000000,0.000000,0.000000,-0.000000,-1.000000,0.000000,0.000000,1.000000,-0.000000,0.000000,0.000000,0.000000,0.000000,1.000000;;
 }

 Frame Bip01 {
  

  FrameTransformMatrix {
   0.000001,0.965926,-0.258819,0.000000,-0.000000,0.258819,0.965926,0.000000,1.000000,-0.000001,0.000001,0.000000,0.000000,0.030000,0.540000,1.000000;;
  }

  Frame Bip01_Pelvis {
   

   FrameTransformMatrix {
    -0.000000,1.000000,-0.000001,0.000000,0.063244,0.000001,0.997998,0.000000,0.997998,-0.000000,-0.063244,0.000000,0.000000,0.000000,0.000000,1.000000;;
   }

   Frame Bip01_Spine {
    

    FrameTransformMatrix {
     1.000000,0.000052,0.000795,0.000000,-0.000001,0.997998,-0.063241,0.000000,-0.000796,0.063241,0.997998,0.000000,0.051633,-0.000005,-0.000085,1.000000;;
    }

    Frame Bip01_Spine1 {
     

     FrameTransformMatrix {
      0.739412,0.192496,0.645147,0.000000,0.389547,0.659235,-0.643165,0.000000,-0.549111,0.726880,0.412460,0.000000,0.106526,-0.000062,-0.000035,1.000000;;
     }

     Frame Bip01_Neck {
      

      FrameTransformMatrix {
       0.844844,0.225646,0.485100,0.000000,-0.121625,0.963971,-0.236574,0.000000,-0.521004,0.140868,0.841850,0.000000,0.130519,-0.000004,0.004629,1.000000;;
      }

      Frame Bip01_Head {
       

       FrameTransformMatrix {
        0.882031,0.379012,-0.279948,0.000000,-0.362546,0.925384,0.110571,0.000000,0.300967,0.003966,0.953626,0.000000,0.033674,0.000000,0.000000,1.000000;;
       }

       Frame Bip01_HeadNub {
        

        FrameTransformMatrix {
         1.000000,-0.000000,-0.000000,0.000000,0.000000,1.000000,-0.000000,0.000000,-0.000000,0.000000,1.000000,0.000000,0.169824,-0.000000,0.000000,1.000000;;
        }
       }
      }

      Frame Bip01_L_Clavicle {
       

       FrameTransformMatrix {
        0.225645,0.963972,0.140865,0.000000,0.844458,-0.121437,-0.521674,0.000000,-0.485773,0.236668,-0.841435,0.000000,-0.019008,0.019171,0.010841,1.000000;;
       }

       Frame Bip01_L_UpperArm {
        

        FrameTransformMatrix {
         0.205695,-0.978568,-0.009754,0.000000,0.830573,0.179841,-0.527072,0.000000,0.517530,0.100315,0.849765,0.000000,0.087086,0.000000,-0.000000,1.000000;;
        }

        Frame Bip01_L_Forearm {
         

         FrameTransformMatrix {
          -0.341815,0.000000,-0.939768,0.000000,0.000000,1.000000,0.000000,0.000000,0.939767,0.000000,-0.341814,0.000000,0.137062,0.000000,0.000000,1.000000;;
         }

         Frame Bip01_L_Hand {
          

          FrameTransformMatrix {
           0.997491,-0.036669,-0.060565,0.000000,0.044468,-0.341182,0.938945,0.000000,-0.055094,-0.939282,-0.338696,0.000000,0.137062,0.000000,0.000000,1.000000;;
          }

          Frame Bip01_L_Finger0 {
           

           FrameTransformMatrix {
            0.690342,-0.181727,0.700288,0.000000,0.558537,0.749101,-0.356210,0.000000,-0.459853,0.637043,0.618637,0.000000,0.057681,-0.023605,-0.000272,1.000000;;
           }

           Frame Bip01_L_Finger0Nub {
            

            FrameTransformMatrix {
             1.000000,-0.000000,-0.000000,0.000000,0.000000,1.000000,0.000000,0.000000,0.000000,0.000000,1.000000,0.000000,0.029435,0.000000,0.000000,1.000000;;
            }
           }
          }

          Frame Bip01_L_Finger1 {
           

           FrameTransformMatrix {
            0.728079,-0.000546,0.685493,0.000000,0.000000,1.000000,0.000796,0.000000,-0.685493,-0.000580,0.728079,0.000000,0.084102,0.000000,0.000000,1.000000;;
           }

           Frame Bip01_L_Finger1Nub {
            

            FrameTransformMatrix {
             1.000000,-0.000000,0.000000,0.000000,0.000000,1.000000,0.000000,0.000000,0.000000,-0.000000,1.000000,0.000000,0.047988,0.000000,0.000000,1.000000;;
            }
           }
          }
         }
        }
       }
      }

      Frame Bip01_R_Clavicle {
       

       FrameTransformMatrix {
        -0.107501,-0.948436,-0.298181,0.000000,-0.878137,-0.050050,0.475784,0.000000,-0.466174,0.312991,-0.827477,0.000000,-0.026100,-0.011126,0.006414,1.000000;;
       }

       Frame Bip01_R_UpperArm {
        

        FrameTransformMatrix {
         0.405559,0.300829,-0.863148,0.000000,-0.255545,0.943954,0.208922,0.000000,0.877621,0.135843,0.459704,0.000000,0.087086,0.000000,-0.000000,1.000000;;
        }

        Frame Bip01_R_Forearm {
         

         FrameTransformMatrix {
          0.004218,0.000000,-0.999991,0.000000,-0.000000,1.000000,-0.000000,0.000000,0.999991,0.000000,0.004218,0.000000,0.137062,0.000000,0.000000,1.000000;;
         }

         Frame Bip01_R_Hand {
          

          FrameTransformMatrix {
           0.907094,-0.078007,0.413637,0.000000,0.382772,0.561684,-0.733483,0.000000,-0.175116,0.823667,0.539359,0.000000,0.137062,-0.000000,0.000000,1.000000;;
          }

          Frame Bip01_R_Finger0 {
           

           FrameTransformMatrix {
            0.417774,-0.116941,0.900994,0.000000,-0.558537,0.749101,0.356210,0.000000,-0.716590,-0.652053,0.247639,0.000000,0.057681,0.023605,-0.000272,1.000000;;
           }

           Frame Bip01_R_Finger0Nub {
            

            FrameTransformMatrix {
             -1.000000,0.000000,0.000000,0.000000,0.000000,1.000000,-0.000000,0.000000,-0.000000,-0.000000,-1.000000,0.000000,0.029435,0.000000,0.000000,1.000000;;
            }
           }
          }

          Frame Bip01_R_Finger1 {
           

           FrameTransformMatrix {
            0.352436,0.000745,0.935835,0.000000,0.000000,1.000000,-0.000796,0.000000,-0.935836,0.000281,0.352436,0.000000,0.084102,0.000000,0.000000,1.000000;;
           }

           Frame Bip01_R_Finger1Nub {
            

            FrameTransformMatrix {
             -1.000000,-0.000000,0.000000,0.000000,0.000000,1.000000,-0.000000,0.000000,-0.000000,-0.000000,-1.000000,0.000000,0.047988,0.000000,0.000000,1.000000;;
            }
           }
          }
         }
        }
       }
      }
     }

     Frame Bip01_BackPack {
      

      FrameTransformMatrix {
       0.081023,-0.088037,-0.992817,0.000000,-0.064786,0.993520,-0.093387,0.000000,0.994604,0.071887,0.074794,0.000000,0.041174,-0.003810,-0.088357,1.000000;;
      }

      Frame Bip01_BackPackNub {
       

       FrameTransformMatrix {
        0.000796,0.000003,1.000000,0.000000,-0.000000,-1.000000,0.000003,0.000000,1.000000,-0.000000,-0.000796,0.000000,0.053240,-0.000000,0.000000,1.000000;;
       }
      }
     }
    }

    Frame Bip01_L_Thigh {
     

     FrameTransformMatrix {
      -0.701025,0.001363,0.713136,0.000000,-0.001058,-0.999999,0.000871,0.000000,0.713136,-0.000144,0.701025,0.000000,-0.051631,0.055115,0.003619,1.000000;;
     }

     Frame Bip01_L_Calf {
      

      FrameTransformMatrix {
       0.979644,0.000000,-0.200745,0.000000,0.000000,1.000000,-0.000000,0.000000,0.200745,-0.000000,0.979644,0.000000,0.237500,0.000000,0.000000,1.000000;;
      }

      Frame Bip01_L_Foot {
       

       FrameTransformMatrix {
        0.981172,0.001361,0.193129,0.000000,-0.023207,0.993561,0.110896,0.000000,-0.191735,-0.113290,0.974886,0.000000,0.206841,0.000000,-0.000000,1.000000;;
       }

       Frame Bip01_L_Toe0 {
        

        FrameTransformMatrix {
         -0.000000,0.000001,1.000000,0.000000,-0.000000,1.000000,-0.000001,0.000000,-1.000000,-0.000000,-0.000000,0.000000,0.065373,-0.000000,0.066450,1.000000;;
        }

        Frame Bip01_L_Toe0Nub {
         

         FrameTransformMatrix {
          -1.000000,-0.000000,0.000000,0.000000,-0.000000,1.000000,-0.000000,0.000000,-0.000000,-0.000000,-1.000000,0.000000,0.006735,0.000000,0.000000,1.000000;;
         }
        }
       }
      }
     }
    }

    Frame Bip01_R_Thigh {
     

     FrameTransformMatrix {
      -0.996816,-0.000000,0.079738,0.000000,0.000000,-1.000000,0.000003,0.000000,0.079738,0.000003,0.996816,0.000000,-0.051636,-0.055115,-0.003367,1.000000;;
     }

     Frame Bip01_R_Calf {
      

      FrameTransformMatrix {
       0.161776,0.000000,-0.986827,0.000000,0.000000,1.000000,-0.000000,0.000000,0.986827,-0.000000,0.161776,0.000000,0.237500,0.000000,-0.000000,1.000000;;
      }

      Frame Bip01_R_Foot {
       

       FrameTransformMatrix {
        0.955836,0.000000,-0.293901,0.000000,-0.000000,1.000000,0.000001,0.000000,0.293901,-0.000000,0.955836,0.000000,0.206841,0.000000,0.000000,1.000000;;
       }

       Frame Bip01_R_Toe0 {
        

        FrameTransformMatrix {
         -0.000000,-0.000000,1.000000,0.000000,0.000001,1.000000,0.000000,0.000000,-1.000000,0.000001,-0.000000,0.000000,0.065373,0.000000,0.066450,1.000000;;
        }

        Frame Bip01_R_Toe0Nub {
         

         FrameTransformMatrix {
          1.000000,0.000000,0.000000,0.000000,0.000000,1.000000,0.000000,0.000000,-0.000000,-0.000000,1.000000,0.000000,0.006735,-0.000000,0.000000,1.000000;;
         }
        }
       }
      }
     }
    }
   }

   Frame Bip01_DressFront {
    

    FrameTransformMatrix {
     -0.733778,-0.190299,0.652193,0.000000,0.121847,0.907542,0.401896,0.000000,-0.668373,0.374370,-0.642748,0.000000,-0.043904,0.001345,0.061035,1.000000;;
    }

    Frame Bip01_DressFront02 {
     

     FrameTransformMatrix {
      0.912593,0.000001,0.408870,0.000000,-0.000001,1.000000,-0.000000,0.000000,-0.408870,-0.000000,0.912593,0.000000,0.183378,0.000000,-0.000120,1.000000;;
     }

     Frame Bip01_DressFrontNub {
      

      FrameTransformMatrix {
       0.000796,0.000003,1.000000,0.000000,-0.000000,-1.000000,0.000003,0.000000,1.000000,-0.000000,-0.000796,0.000000,0.165302,0.000000,0.000000,1.000000;;
      }
     }
    }
   }

   Frame Bip01_DressBack {
    

    FrameTransformMatrix {
     -0.886022,0.038029,0.462080,0.000000,0.191625,0.937561,0.290274,0.000000,-0.422190,0.345735,-0.837988,0.000000,-0.047673,-0.000048,-0.078302,1.000000;;
    }

    Frame Bip01_DressBack02 {
     

     FrameTransformMatrix {
      0.936852,0.174932,-0.302833,0.000000,-0.166408,0.984581,0.053939,0.000000,0.307600,-0.000139,0.951516,0.000000,0.176125,0.000000,-0.000103,1.000000;;
     }

     Frame Bip01_DressBackNub {
      

      FrameTransformMatrix {
       0.000796,0.000003,1.000000,0.000000,0.000000,-1.000000,0.000003,0.000000,1.000000,0.000000,-0.000796,0.000000,0.136508,-0.000000,0.000000,1.000000;;
      }
     }
    }
   }
  }

  Frame Bip01_Prop1 {
   

   FrameTransformMatrix {
    -0.199986,-0.849259,-0.488635,0.000000,-0.979764,0.177512,0.092474,0.000000,0.008204,0.497241,-0.867574,0.000000,0.172351,0.059779,0.179331,1.000000;;
   }
  }

  Frame Bip01_Prop2 {
   

   FrameTransformMatrix {
    0.810257,-0.512244,0.284763,0.000000,0.442232,0.853219,0.276494,0.000000,-0.384597,-0.098100,0.917857,0.000000,0.084852,0.078509,0.107627,1.000000;;
   }
  }
 }
}

Frame Translation_Data {
 

 FrameTransformMatrix {
  1.000000,0.000000,0.000000,0.000000,0.000000,-0.000000,-1.000000,0.000000,0.000000,1.000000,-0.000000,0.000000,0.000000,-0.000000,0.000000,1.000000;;
 }
}

Frame Body {
 

 FrameTransformMatrix {
  1.000000,0.000000,0.000000,0.000000,0.000000,1.000000,0.000000,0.000000,0.000000,0.000000,1.000000,0.000000,0.000000,0.000000,0.000000,1.000000;;
 }

 Mesh Body {
  617;
  0.087222;0.774492;-0.135047;,
  0.063736;0.746673;-0.144079;,
  0.052812;0.770724;-0.165308;,
  0.093951;0.766646;-0.113922;,
  0.094468;0.758350;-0.096888;,
  0.077858;0.708671;-0.097309;,
  0.076467;0.722444;-0.120214;,
  0.087366;0.741899;-0.070747;,
  0.029186;0.805804;-0.170783;,
  0.040613;0.834626;-0.119615;,
  0.057965;0.816473;-0.140153;,
  0.015650;0.822640;-0.136345;,
  0.085627;0.596302;-0.010616;,
  0.045739;0.609361;0.008201;,
  0.045926;0.598720;0.016595;,
  0.078224;0.605776;-0.015433;,
  0.070107;0.592532;-0.069414;,
  0.083940;0.571047;-0.045672;,
  0.040760;0.580774;-0.096569;,
  0.067785;0.543104;-0.066075;,
  0.038359;0.530026;-0.072190;,
  0.042356;0.681161;-0.121719;,
  0.051802;0.699589;-0.143764;,
  0.002887;0.607844;0.010745;,
  0.003969;0.595224;0.020045;,
  0.018984;0.730872;-0.015301;,
  -0.038092;0.755239;-0.062072;,
  -0.025555;0.719141;-0.026863;,
  0.006534;0.778363;-0.042114;,
  0.055062;0.518081;-0.084910;,
  0.096205;0.422448;-0.117218;,
  0.058281;0.439256;-0.140343;,
  0.090136;0.503475;-0.054000;,
  0.055609;0.358214;-0.189212;,
  0.084586;0.335506;-0.151097;,
  0.006629;0.515441;-0.070477;,
  0.017285;0.389352;-0.052339;,
  0.016292;0.497189;0.049463;,
  0.010668;0.427332;-0.117800;,
  0.031119;0.320244;-0.115041;,
  0.027889;0.337486;-0.153618;,
  0.096792;0.391089;-0.060548;,
  0.085987;0.471055;-0.003749;,
  0.071890;0.321726;-0.114793;,
  0.072766;0.074549;-0.243085;,
  0.028310;0.054131;-0.207888;,
  0.028506;0.078633;-0.250112;,
  0.062973;0.052271;-0.204713;,
  0.055623;0.295152;-0.189346;,
  0.082132;0.212449;-0.189277;,
  0.052727;0.225567;-0.214653;,
  0.087232;0.282480;-0.163747;,
  0.071611;0.137408;-0.214192;,
  0.052757;0.150778;-0.240252;,
  0.014007;0.270257;-0.173449;,
  0.021204;0.206666;-0.149768;,
  0.016251;0.264202;-0.118086;,
  0.023325;0.214482;-0.191822;,
  0.038351;0.138211;-0.189454;,
  0.035135;0.133933;-0.223200;,
  0.083217;0.204069;-0.151670;,
  0.088351;0.269374;-0.116088;,
  0.062511;0.141954;-0.187004;,
  0.090357;0.544406;-0.033594;,
  -0.003333;0.520203;-0.079152;,
  0.006629;0.515441;-0.070477;,
  -0.002448;0.490498;-0.056725;,
  0.095524;0.553333;0.020046;,
  0.047113;0.559086;0.046601;,
  0.087653;0.491631;0.013437;,
  0.043754;0.499410;0.040127;,
  0.029070;0.674522;-0.001013;,
  0.051560;0.731144;-0.017283;,
  0.067804;0.731304;-0.027282;,
  0.065685;0.657178;-0.058118;,
  0.082298;0.710909;-0.063886;,
  0.062940;0.671711;-0.016785;,
  0.066616;0.685828;-0.094009;,
  0.050121;0.641440;-0.082681;,
  0.014259;0.674482;-0.121356;,
  0.006307;0.628838;-0.091298;,
  0.116135;0.772606;-0.089643;,
  0.119768;0.754965;-0.042309;,
  0.065823;0.766089;-0.107584;,
  0.062020;0.737929;-0.003791;,
  0.063667;0.737106;-0.053432;,
  0.107993;0.749605;0.006161;,
  0.043435;0.811329;-0.073466;,
  0.063667;0.737106;-0.053432;,
  0.040452;0.792569;-0.026039;,
  0.048427;0.749656;0.027943;,
  0.062020;0.737929;-0.003791;,
  0.048643;0.820565;-0.069466;,
  0.096640;0.810666;-0.015124;,
  0.092324;0.827411;-0.061750;,
  0.094287;0.761028;0.038009;,
  0.112989;0.799499;-0.076875;,
  0.115141;0.756104;-0.015401;,
  0.087282;0.699930;-0.064207;,
  0.061238;0.743055;-0.030385;,
  0.120774;0.710276;-0.053314;,
  0.103156;0.669430;-0.085602;,
  0.127251;0.669481;-0.081748;,
  0.061238;0.743055;-0.030385;,
  0.090232;0.668005;-0.016814;,
  0.054943;0.707679;0.021011;,
  0.087282;0.699930;-0.064207;,
  0.103256;0.644381;-0.055774;,
  0.103156;0.669430;-0.085602;,
  0.115842;0.676378;-0.008562;,
  0.108551;0.720780;0.035732;,
  0.123928;0.645347;-0.053077;,
  0.124069;0.596072;-0.183170;,
  0.099864;0.589105;-0.131962;,
  0.114488;0.612160;-0.171627;,
  0.109507;0.573601;-0.143698;,
  0.117994;0.636769;-0.158069;,
  0.130246;0.625397;-0.159076;,
  0.119295;0.625628;-0.158026;,
  0.128054;0.639484;-0.163314;,
  0.092452;0.624332;-0.089486;,
  0.133389;0.638370;-0.131584;,
  0.108617;0.597295;-0.109575;,
  0.110168;0.660662;-0.118442;,
  0.126749;0.589122;-0.107986;,
  0.126126;0.618510;-0.073251;,
  0.145368;0.656950;-0.102478;,
  0.150694;0.629027;-0.128462;,
  0.075364;0.833590;-0.127195;,
  0.100257;0.818971;-0.135029;,
  0.057965;0.816473;-0.140153;,
  0.073077;0.797794;-0.146613;,
  0.043962;0.787361;-0.037005;,
  0.053414;0.791205;-0.167094;,
  0.110290;0.793639;-0.128290;,
  0.093951;0.766646;-0.113922;,
  0.087222;0.774492;-0.135047;,
  0.103461;0.780615;-0.108470;,
  0.042463;0.826228;-0.075689;,
  0.001492;0.808850;-0.082997;,
  0.047730;0.827750;-0.078916;,
  -0.040040;0.776629;-0.107801;,
  -0.011889;0.791277;-0.158789;,
  0.040613;0.834626;-0.119615;,
  0.047730;0.827750;-0.078916;,
  0.073559;0.774136;-0.083262;,
  0.053674;0.817321;-0.075047;,
  0.065823;0.766089;-0.107584;,
  0.063366;0.769532;-0.047724;,
  0.077480;0.746549;-0.063092;,
  0.094468;0.758350;-0.096888;,
  0.058648;0.781900;-0.040655;,
  0.110168;0.660662;-0.118442;,
  0.057111;0.800110;-0.180150;,
  0.039254;0.810617;-0.190647;,
  0.007520;0.793866;-0.186647;,
  0.025193;0.804155;-0.212805;,
  0.150694;0.629027;-0.128462;,
  0.124069;0.596072;-0.183170;,
  0.109507;0.573601;-0.143698;,
  0.114868;0.649361;-0.142907;,
  0.139655;0.649284;-0.150430;,
  0.114868;0.649361;-0.142907;,
  0.120695;0.632689;-0.140696;,
  0.145100;0.631912;-0.137604;,
  0.145100;0.631912;-0.137604;,
  0.117994;0.636769;-0.158069;,
  0.128054;0.639484;-0.163314;,
  0.130246;0.625397;-0.159076;,
  0.087661;0.131129;-0.297754;,
  0.062664;0.136353;-0.350028;,
  0.060533;0.148923;-0.334641;,
  0.094004;0.115683;-0.314248;,
  0.025791;0.088558;-0.200697;,
  0.028506;0.078633;-0.250112;,
  0.028310;0.054131;-0.207888;,
  0.027430;0.101582;-0.239948;,
  0.038351;0.138211;-0.189454;,
  0.067124;0.089089;-0.195572;,
  0.062511;0.141954;-0.187004;,
  0.072766;0.074549;-0.243085;,
  0.062973;0.052271;-0.204713;,
  0.074188;0.105976;-0.227626;,
  0.052757;0.150778;-0.240252;,
  0.071611;0.137408;-0.214192;,
  0.032035;0.142658;-0.329857;,
  0.026766;0.133147;-0.344451;,
  0.094004;0.115683;-0.314248;,
  0.026766;0.133147;-0.344451;,
  0.010668;0.427332;-0.117800;,
  0.027889;0.337486;-0.153618;,
  0.014007;0.270257;-0.173449;,
  0.023325;0.214482;-0.191822;,
  0.035135;0.133933;-0.223200;,
  0.035135;0.133933;-0.223200;,
  0.000744;0.491450;-0.004833;,
  0.073336;0.792280;-0.165511;,
  0.078654;0.768177;-0.176232;,
  0.085474;0.775503;-0.171145;,
  0.065383;0.782717;-0.182278;,
  0.061804;0.816595;-0.181443;,
  0.047981;0.832367;-0.193389;,
  0.147362;0.877283;-0.250485;,
  0.161197;0.848846;-0.263997;,
  0.145067;0.873202;-0.270144;,
  0.155395;0.807364;-0.206949;,
  0.156365;0.796390;-0.221488;,
  0.162309;0.831358;-0.223051;,
  0.100025;0.790706;-0.174833;,
  0.085661;0.816705;-0.173157;,
  0.071441;0.804970;-0.172164;,
  0.089609;0.852527;-0.188158;,
  0.113350;0.847404;-0.191640;,
  0.155496;0.850749;-0.214537;,
  0.136934;0.870729;-0.208507;,
  0.132004;0.827576;-0.192806;,
  0.077632;0.863449;-0.192591;,
  0.062553;0.876817;-0.206450;,
  0.044702;0.868943;-0.242159;,
  0.095066;0.901661;-0.232487;,
  0.079960;0.896363;-0.263010;,
  0.119569;0.811746;-0.182304;,
  0.104283;0.772285;-0.178568;,
  0.132774;0.789341;-0.192355;,
  0.097879;0.742138;-0.180330;,
  0.080876;0.737279;-0.195623;,
  0.099272;0.726868;-0.195995;,
  0.163989;0.848792;-0.235918;,
  0.146320;0.877464;-0.228298;,
  0.112789;0.894792;-0.217264;,
  0.125828;0.897383;-0.236890;,
  0.119389;0.898464;-0.254928;,
  0.114604;0.894864;-0.271408;,
  0.034521;0.834202;-0.224735;,
  0.112789;0.894792;-0.217264;,
  0.125828;0.897383;-0.236890;,
  0.089034;0.820704;-0.168745;,
  0.106041;0.862214;-0.184651;,
  0.090682;0.854857;-0.171865;,
  0.098977;0.843010;-0.182595;,
  0.090682;0.854857;-0.171865;,
  0.089034;0.820704;-0.168745;,
  0.106041;0.862214;-0.184651;,
  0.113350;0.847404;-0.191640;,
  0.106521;0.826045;-0.180214;,
  0.085661;0.816705;-0.173157;,
  0.144175;0.805524;-0.202529;,
  0.106521;0.826045;-0.180214;,
  0.053414;0.791205;-0.167094;,
  0.057111;0.800110;-0.180150;,
  0.073077;0.797794;-0.146613;,
  0.061804;0.816595;-0.181443;,
  0.046735;0.737687;-0.176771;,
  0.047575;0.720606;-0.160359;,
  -0.002797;0.578272;-0.097416;,
  0.005156;0.557170;0.049628;,
  0.004964;0.523382;0.055541;,
  -0.001673;0.476857;0.023230;,
  0.065583;0.746783;-0.192788;,
  0.000744;0.491450;-0.004833;,
  0.119389;0.898464;-0.254928;,
  0.114604;0.894864;-0.271408;,
  0.118517;0.762596;-0.193720;,
  0.134103;0.772559;-0.210441;,
  0.129433;0.765393;-0.205963;,
  0.166520;0.835009;-0.259503;,
  0.166226;0.811623;-0.249485;,
  0.143674;0.794205;-0.219578;,
  -0.014471;0.667767;-0.005536;,
  0.073077;0.797794;-0.146613;,
  0.062664;0.136353;-0.350028;,
  0.117773;0.749349;-0.197126;,
  0.114833;0.757655;-0.191324;,
  0.117182;0.754834;-0.199511;,
  0.130102;0.757018;-0.216852;,
  0.142208;0.758078;-0.220460;,
  0.123110;0.754950;-0.201388;,
  0.115039;0.750327;-0.210079;,
  0.116442;0.742094;-0.206945;,
  0.157335;0.785417;-0.236026;,
  0.149339;0.780660;-0.231919;,
  0.053674;0.817321;-0.075047;,
  0.123585;0.748583;-0.211566;,
  0.058350;0.784201;-0.083132;,
  0.073559;0.774136;-0.083262;,
  0.094468;0.758350;-0.096888;,
  0.077632;0.863449;-0.192591;,
  0.055623;0.295152;-0.189346;,
  0.005863;0.214020;-0.200146;,
  -0.002563;0.288987;-0.183044;,
  0.052727;0.225567;-0.214653;,
  0.055609;0.358214;-0.189212;,
  0.001773;0.345897;-0.180458;,
  0.058281;0.439256;-0.140343;,
  0.000460;0.425610;-0.131385;,
  0.055062;0.518082;-0.084910;,
  0.006396;0.504771;-0.091449;,
  0.038359;0.530026;-0.072190;,
  0.004112;0.144607;-0.218742;,
  0.052757;0.150778;-0.240252;,
  0.028145;0.194429;-0.123227;,
  0.021939;0.199590;-0.026211;,
  0.030329;0.130076;-0.150838;,
  0.017731;0.251284;-0.012159;,
  0.012286;0.302688;-0.002667;,
  0.020633;0.257263;-0.105968;,
  0.012165;0.345690;0.018460;,
  0.023900;0.305853;-0.088309;,
  0.016134;0.382478;-0.039097;,
  0.004113;0.418302;0.032295;,
  0.005925;0.496036;0.055800;,
  0.058350;0.784201;-0.083132;,
  -0.003942;0.705210;-0.210678;,
  0.019860;0.710524;-0.178687;,
  -0.013290;0.684159;-0.202154;,
  0.016297;0.740088;-0.194815;,
  -0.017761;0.667160;-0.183764;,
  -0.001445;0.662910;-0.141118;,
  -0.045739;0.665093;-0.144278;,
  0.022514;0.677992;-0.162771;,
  -0.008332;0.774038;-0.201470;,
  -0.062952;0.750546;-0.201565;,
  -0.046135;0.771735;-0.185080;,
  -0.032411;0.749541;-0.212062;,
  -0.080739;0.599031;-0.000433;,
  -0.039952;0.610485;0.012395;,
  -0.074669;0.607781;-0.007949;,
  -0.037959;0.600096;0.021730;,
  -0.072211;0.594399;-0.062447;,
  -0.084165;0.573804;-0.035382;,
  -0.045980;0.581911;-0.092323;,
  -0.071372;0.543323;-0.058833;,
  -0.043523;0.531369;-0.067177;,
  0.002887;0.607844;0.010745;,
  0.003969;0.595224;0.020045;,
  -0.067392;0.702597;-0.042371;,
  -0.038092;0.755239;-0.062072;,
  -0.077149;0.730075;-0.088343;,
  -0.025555;0.719141;-0.026863;,
  -0.056048;0.492491;-0.059840;,
  -0.096012;0.397789;-0.013567;,
  -0.090177;0.498164;-0.022898;,
  -0.058096;0.395393;-0.042065;,
  -0.055295;0.287109;-0.010712;,
  -0.084266;0.309607;0.016387;,
  -0.006578;0.498791;-0.039190;,
  -0.017088;0.415377;0.057105;,
  -0.010481;0.401211;-0.017239;,
  -0.007871;0.497585;0.050942;,
  -0.030800;0.332596;0.037304;,
  -0.027570;0.308286;0.014194;,
  -0.096592;0.411209;0.049796;,
  -0.083806;0.493302;0.038598;,
  -0.071572;0.333143;0.036293;,
  -0.073472;0.342471;0.283404;,
  -0.033906;0.385670;0.269245;,
  -0.068763;0.385424;0.269350;,
  -0.028577;0.339551;0.284343;,
  -0.055231;0.287308;0.065564;,
  -0.081637;0.315692;0.143279;,
  -0.086839;0.315696;0.068747;,
  -0.052234;0.287361;0.139604;,
  -0.071257;0.316800;0.221301;,
  -0.051262;0.289083;0.222469;,
  -0.013592;0.310773;0.083453;,
  -0.020724;0.354799;0.135100;,
  -0.022830;0.312610;0.142161;,
  -0.015860;0.364862;0.070186;,
  -0.038816;0.339200;0.208606;,
  -0.034671;0.315525;0.227670;,
  -0.082732;0.353895;0.138275;,
  -0.087967;0.364961;0.064741;,
  -0.063012;0.338275;0.204276;,
  -0.089929;0.547363;-0.022558;,
  -0.006578;0.498791;-0.039190;,
  -0.088221;0.556347;0.031293;,
  -0.036772;0.560462;0.051736;,
  -0.083392;0.507339;0.040238;,
  -0.036960;0.516008;0.058822;,
  -0.057145;0.660749;-0.013767;,
  -0.087370;0.685665;-0.060823;,
  -0.090184;0.679586;-0.076795;,
  -0.064785;0.636336;-0.077418;,
  -0.081362;0.648660;-0.038132;,
  -0.064947;0.662708;-0.110032;,
  -0.023647;0.656280;-0.122296;,
  -0.038697;0.627252;-0.095819;,
  -0.007256;0.695403;-0.238660;,
  -0.023757;0.687229;-0.188099;,
  0.002662;0.650923;-0.260752;,
  -0.012224;0.589784;-0.229411;,
  -0.001829;0.604781;-0.274353;,
  -0.007964;0.630429;-0.205462;,
  -0.078634;0.666834;-0.204966;,
  -0.071024;0.619143;-0.221635;,
  -0.007964;0.630429;-0.205462;,
  -0.042403;0.562232;-0.242748;,
  -0.012224;0.589784;-0.229411;,
  -0.084588;0.669137;-0.214329;,
  -0.060528;0.639936;-0.276964;,
  -0.070118;0.683210;-0.254416;,
  -0.031888;0.576971;-0.287580;,
  -0.033767;0.693680;-0.252458;,
  0.007964;0.621357;-0.270549;,
  0.056944;0.608560;-0.209304;,
  0.061547;0.618817;-0.244247;,
  -0.003231;0.605484;-0.216484;,
  0.098544;0.602547;-0.200432;,
  0.107641;0.613687;-0.223918;,
  -0.003231;0.605484;-0.216484;,
  0.059889;0.556296;-0.232408;,
  0.056944;0.608560;-0.209304;,
  -0.003966;0.544898;-0.233850;,
  0.100435;0.572606;-0.223271;,
  0.098544;0.602547;-0.200432;,
  0.063109;0.564495;-0.259175;,
  0.007105;0.560825;-0.287582;,
  0.109886;0.578084;-0.234972;,
  0.199917;0.548065;-0.170675;,
  0.165991;0.545981;-0.216516;,
  0.185327;0.536320;-0.214541;,
  0.180416;0.558127;-0.172209;,
  0.163832;0.567057;-0.173745;,
  0.179106;0.568588;-0.180439;,
  0.172394;0.572109;-0.167641;,
  0.170245;0.562157;-0.181534;,
  0.125468;0.557200;-0.220729;,
  0.163978;0.592089;-0.189990;,
  0.131095;0.585916;-0.180532;,
  0.162255;0.553860;-0.226333;,
  0.174806;0.565302;-0.236804;,
  0.134653;0.585370;-0.244256;,
  0.139935;0.616405;-0.202892;,
  0.175837;0.602488;-0.202145;,
  -0.048213;0.744538;-0.233442;,
  -0.030339;0.725026;-0.247219;,
  -0.032411;0.749541;-0.212062;,
  -0.011848;0.733795;-0.217652;,
  -0.093772;0.707884;-0.113093;,
  0.003613;0.748773;-0.208167;,
  -0.018646;0.703021;-0.238216;,
  -0.013290;0.684159;-0.202154;,
  -0.027094;0.692937;-0.217437;,
  -0.003942;0.705210;-0.210678;,
  -0.088155;0.715283;-0.179178;,
  -0.086198;0.713988;-0.185650;,
  -0.074687;0.746085;-0.143085;,
  -0.040040;0.776629;-0.107801;,
  -0.011889;0.791277;-0.158789;,
  -0.062952;0.750546;-0.201565;,
  -0.086198;0.713988;-0.185650;,
  -0.042223;0.681206;-0.174802;,
  -0.023757;0.687229;-0.188099;,
  -0.080871;0.705354;-0.182983;,
  -0.077509;0.688243;-0.125548;,
  -0.053226;0.671127;-0.135298;,
  -0.017761;0.667160;-0.183764;,
  -0.090084;0.696077;-0.122819;,
  0.131095;0.585916;-0.180532;,
  0.032674;0.764518;-0.234094;,
  0.021175;0.784286;-0.230555;,
  0.007520;0.793866;-0.186647;,
  0.025193;0.804155;-0.212805;,
  0.175837;0.602488;-0.202145;,
  0.199917;0.548065;-0.170675;,
  0.185327;0.536320;-0.214541;,
  0.148743;0.579949;-0.175830;,
  0.170810;0.591885;-0.169380;,
  0.148743;0.579949;-0.175830;,
  0.160349;0.576333;-0.188831;,
  0.177872;0.593542;-0.190436;,
  0.177872;0.593542;-0.190436;,
  0.163832;0.567057;-0.173745;,
  0.172394;0.572109;-0.167641;,
  0.179106;0.568588;-0.180439;,
  -0.079713;0.262717;0.286895;,
  -0.049459;0.226992;0.321437;,
  -0.085273;0.262618;0.309698;,
  -0.048138;0.228045;0.301525;,
  -0.030160;0.365110;0.240846;,
  -0.028577;0.339551;0.284343;,
  -0.027205;0.329329;0.261435;,
  -0.033906;0.385670;0.269245;,
  -0.038816;0.339200;0.208606;,
  -0.071700;0.363659;0.238142;,
  -0.063012;0.338275;0.204276;,
  -0.073472;0.342471;0.283404;,
  -0.074622;0.329178;0.250991;,
  -0.068763;0.385424;0.269350;,
  -0.051262;0.289083;0.222469;,
  -0.071257;0.316800;0.221301;,
  -0.020646;0.238923;0.301132;,
  -0.014519;0.236916;0.318151;,
  -0.085273;0.262618;0.309698;,
  -0.014519;0.236916;0.318151;,
  -0.010481;0.401211;-0.017239;,
  -0.027570;0.308286;0.014194;,
  -0.013592;0.310773;0.083453;,
  -0.022830;0.312610;0.142161;,
  -0.034671;0.315525;0.227670;,
  -0.034671;0.315525;0.227670;,
  0.051813;0.757198;-0.248037;,
  0.065310;0.746426;-0.227399;,
  0.046454;0.755147;-0.224065;,
  0.067961;0.746958;-0.238295;,
  0.043874;0.787371;-0.250190;,
  0.033747;0.809166;-0.247967;,
  0.138176;0.862309;-0.285709;,
  0.145067;0.873202;-0.270144;,
  0.139563;0.781559;-0.267653;,
  0.148189;0.808344;-0.277189;,
  0.148449;0.783488;-0.251839;,
  0.079768;0.757688;-0.252505;,
  0.061653;0.777572;-0.265215;,
  0.050651;0.771081;-0.251883;,
  0.065075;0.812538;-0.282228;,
  0.088595;0.807053;-0.286562;,
  0.135120;0.817536;-0.292668;,
  0.109224;0.790445;-0.280152;,
  0.112513;0.830923;-0.302146;,
  0.054316;0.825443;-0.281995;,
  0.044294;0.847056;-0.276459;,
  0.044702;0.868943;-0.242159;,
  0.079730;0.876664;-0.291291;,
  0.079960;0.896363;-0.263010;,
  0.096568;0.774254;-0.270499;,
  0.116511;0.762833;-0.254714;,
  0.088393;0.746385;-0.239495;,
  0.088776;0.727300;-0.215234;,
  0.151966;0.829194;-0.282019;,
  0.127948;0.847517;-0.298746;,
  0.090384;0.858272;-0.303176;,
  0.109739;0.871160;-0.298578;,
  0.114604;0.894864;-0.271408;,
  0.111345;0.885353;-0.285772;,
  0.034521;0.834202;-0.224735;,
  0.090384;0.858272;-0.303176;,
  0.109739;0.871160;-0.298578;,
  0.062105;0.776810;-0.272002;,
  0.076533;0.814116;-0.297797;,
  0.072789;0.800325;-0.283008;,
  0.058812;0.802910;-0.294065;,
  0.058812;0.802910;-0.294065;,
  0.062105;0.776810;-0.272002;,
  0.076533;0.814116;-0.297797;,
  0.088595;0.807053;-0.286562;,
  0.081529;0.785309;-0.276042;,
  0.061653;0.777572;-0.265215;,
  0.128047;0.779234;-0.264372;,
  0.081529;0.785309;-0.276042;,
  0.003613;0.748773;-0.208167;,
  0.032674;0.764518;-0.234094;,
  -0.011848;0.733795;-0.217652;,
  0.043874;0.787371;-0.250190;,
  0.005156;0.557170;0.049628;,
  0.004964;0.523382;0.055541;,
  -0.001673;0.476857;0.023230;,
  0.000744;0.491450;-0.004833;,
  0.111345;0.885353;-0.285772;,
  0.114604;0.894864;-0.271408;,
  0.109126;0.747289;-0.229728;,
  0.128230;0.762986;-0.232961;,
  0.123470;0.755674;-0.228826;,
  0.136731;0.782888;-0.246200;,
  -0.014471;0.667767;-0.005536;,
  -0.011848;0.733795;-0.217652;,
  -0.049459;0.226992;0.321437;,
  0.105720;0.742801;-0.226267;,
  0.112238;0.740328;-0.218348;,
  0.111734;0.745954;-0.220402;,
  0.117780;0.746262;-0.221827;,
  -0.080871;0.705354;-0.182983;,
  -0.052154;0.694112;-0.168615;,
  -0.042223;0.681206;-0.174802;,
  -0.017761;0.667160;-0.183764;,
  0.054316;0.825443;-0.281995;,
  -0.035587;0.262831;-0.035891;,
  -0.028811;0.211272;-0.122701;,
  -0.042456;0.224297;0.004685;,
  -0.026398;0.275911;-0.125091;,
  -0.037680;0.305685;-0.070553;,
  -0.026916;0.326508;-0.133285;,
  -0.019272;0.397613;-0.070071;,
  -0.013643;0.404409;-0.104053;,
  -0.008475;0.481526;-0.069521;,
  -0.001816;0.482515;-0.079323;,
  -0.003333;0.520203;-0.079152;,
  -0.043523;0.531369;-0.067177;,
  -0.032048;0.156092;-0.123607;,
  -0.044423;0.185775;0.039187;,
  -0.014586;0.353489;0.189972;,
  -0.082732;0.353895;0.138275;,
  -0.062998;0.338277;0.204275;,
  -0.019343;0.361329;0.125857;,
  -0.087967;0.364961;0.064741;,
  -0.023881;0.379401;0.075181;,
  -0.023715;0.352638;0.055295;,
  -0.071572;0.333143;0.036293;,
  -0.096592;0.411209;0.049796;,
  -0.015752;0.418554;0.074268;,
  0.004964;0.523382;0.055540;,
  -0.036960;0.516008;0.058822;,
  -0.052154;0.694112;-0.168615;,
  -0.056048;0.492492;-0.059840;,
  -0.058096;0.395393;-0.042065;,
  -0.055295;0.287109;-0.010712;,
  -0.055231;0.287308;0.065564;,
  -0.052234;0.287361;0.139604;,
  -0.051262;0.289083;0.222469;,
  0.096792;0.391089;-0.060548;,
  0.043754;0.499410;0.040127;,
  0.085987;0.471055;-0.003749;,
  0.071890;0.321726;-0.114793;,
  0.088351;0.269374;-0.116088;,
  0.083217;0.204069;-0.151670;,
  0.062511;0.141954;-0.187004;,
  -0.083806;0.493302;0.038598;;
  916;
  3;0,1,2;,
  3;1,0,3;,
  3;4,5,6;,
  3;5,4,7;,
  3;8,9,10;,
  3;9,8,11;,
  3;12,13,14;,
  3;13,12,15;,
  3;16,12,17;,
  3;12,16,15;,
  3;18,19,20;,
  3;19,18,16;,
  3;6,21,22;,
  3;21,6,5;,
  3;14,23,24;,
  3;23,14,13;,
  3;25,26,27;,
  3;26,25,28;,
  3;29,30,31;,
  3;30,29,32;,
  3;30,33,31;,
  3;33,30,34;,
  3;35,36,37;,
  3;36,35,38;,
  3;38,39,36;,
  3;39,38,40;,
  3;37,41,42;,
  3;41,37,36;,
  3;36,43,41;,
  3;43,36,39;,
  3;42,30,32;,
  3;30,42,41;,
  3;41,34,30;,
  3;34,41,43;,
  3;44,45,46;,
  3;45,44,47;,
  3;48,49,50;,
  3;49,48,51;,
  3;50,52,53;,
  3;52,50,49;,
  3;54,55,56;,
  3;55,54,57;,
  3;57,58,55;,
  3;58,57,59;,
  3;56,60,61;,
  3;60,56,55;,
  3;55,62,60;,
  3;62,55,58;,
  3;61,49,51;,
  3;49,61,60;,
  3;60,52,49;,
  3;52,60,62;,
  3;32,19,63;,
  3;19,32,29;,
  3;64,65,66;,
  3;65,64,20;,
  3;14,67,12;,
  3;67,14,68;,
  3;68,69,67;,
  3;69,68,70;,
  3;70,42,69;,
  3;42,70,37;,
  3;48,34,51;,
  3;34,48,33;,
  3;51,43,61;,
  3;43,51,34;,
  3;43,56,61;,
  3;56,43,39;,
  3;39,54,56;,
  3;54,39,40;,
  3;12,63,17;,
  3;63,12,67;,
  3;67,32,63;,
  3;32,67,69;,
  3;69,42,32;,
  3;71,72,25;,
  3;73,74,75;,
  3;74,73,76;,
  3;74,77,75;,
  3;77,74,78;,
  3;79,78,80;,
  3;78,79,77;,
  3;81,82,83;,
  3;82,84,85;,
  3;84,82,86;,
  3;87,88,89;,
  3;88,90,89;,
  3;90,88,91;,
  3;92,93,94;,
  3;92,89,93;,
  3;92,87,89;,
  3;89,95,93;,
  3;95,89,90;,
  3;96,93,82;,
  3;93,86,82;,
  3;86,93,95;,
  3;97,98,99;,
  3;98,97,100;,
  3;100,101,98;,
  3;101,100,102;,
  3;103,104,105;,
  3;104,103,106;,
  3;106,107,104;,
  3;107,106,108;,
  3;105,109,110;,
  3;109,105,104;,
  3;104,111,109;,
  3;111,104,107;,
  3;110,100,97;,
  3;100,110,109;,
  3;109,102,100;,
  3;102,109,111;,
  3;112,113,114;,
  3;113,112,115;,
  3;116,117,118;,
  3;117,116,119;,
  3;120,121,122;,
  3;121,120,123;,
  3;120,124,125;,
  3;124,120,122;,
  3;126,124,127;,
  3;124,126,125;,
  3;95,97,86;,
  3;97,95,110;,
  3;86,99,84;,
  3;99,86,97;,
  3;90,103,105;,
  3;103,90,91;,
  3;105,95,90;,
  3;95,105,110;,
  3;128,96,129;,
  3;96,128,94;,
  3;129,130,128;,
  3;130,129,131;,
  3;72,28,25;,
  3;28,72,132;,
  3;10,133,8;,
  3;134,135,136;,
  3;135,134,137;,
  3;81,137,134;,
  3;138,11,139;,
  3;138,9,11;,
  3;138,140,9;,
  3;141,11,142;,
  3;11,141,139;,
  3;128,130,143;,
  3;94,144,92;,
  3;94,143,144;,
  3;94,128,143;,
  3;145,87,146;,
  3;87,145,147;,
  3;75,148,73;,
  3;148,75,149;,
  3;150,147,145;,
  3;7,149,75;,
  3;148,151,73;,
  3;102,152,101;,
  3;152,102,126;,
  3;102,125,126;,
  3;125,102,111;,
  3;111,120,125;,
  3;120,111,107;,
  3;120,108,123;,
  3;108,120,107;,
  3;8,153,154;,
  3;153,8,133;,
  3;154,155,8;,
  3;155,154,156;,
  3;122,114,113;,
  3;114,122,121;,
  3;121,112,114;,
  3;112,121,157;,
  3;158,124,159;,
  3;124,158,127;,
  3;159,122,113;,
  3;122,159,124;,
  3;126,160,152;,
  3;160,126,161;,
  3;162,121,123;,
  3;121,162,163;,
  3;121,164,157;,
  3;164,121,163;,
  3;165,126,127;,
  3;126,165,161;,
  3;161,166,160;,
  3;166,161,167;,
  3;162,118,163;,
  3;118,162,116;,
  3;163,117,164;,
  3;117,163,118;,
  3;165,167,161;,
  3;167,165,168;,
  3;169,170,171;,
  3;170,169,172;,
  3;173,174,175;,
  3;174,173,176;,
  3;177,178,179;,
  3;178,177,173;,
  3;180,178,181;,
  3;178,180,182;,
  3;183,169,171;,
  3;169,183,184;,
  3;174,185,186;,
  3;185,174,176;,
  3;46,187,44;,
  3;187,46,188;,
  3;180,169,182;,
  3;169,180,172;,
  3;20,29,65;,
  3;19,29,20;,
  3;29,31,189;,
  3;31,190,189;,
  3;190,31,33;,
  3;33,191,190;,
  3;191,33,48;,
  3;191,50,192;,
  3;50,191,48;,
  3;192,53,193;,
  3;53,192,50;,
  3;194,171,185;,
  3;171,194,183;,
  3;171,186,185;,
  3;186,171,170;,
  3;185,176,194;,
  3;194,173,177;,
  3;173,194,176;,
  3;178,175,181;,
  3;175,178,173;,
  3;179,182,184;,
  3;182,179,178;,
  3;182,169,184;,
  3;16,17,19;,
  3;17,63,19;,
  3;65,195,66;,
  3;196,197,198;,
  3;197,196,199;,
  3;200,154,153;,
  3;154,200,201;,
  3;202,203,204;,
  3;205,206,207;,
  3;196,208,209;,
  3;208,196,198;,
  3;210,209,211;,
  3;209,210,196;,
  3;212,213,214;,
  3;213,212,215;,
  3;212,214,211;,
  3;201,216,217;,
  3;216,201,200;,
  3;218,219,220;,
  3;219,218,217;,
  3;210,199,196;,
  3;213,205,207;,
  3;221,222,223;,
  3;198,197,224;,
  3;224,225,226;,
  3;225,224,197;,
  3;227,213,207;,
  3;228,229,214;,
  3;229,228,230;,
  3;220,231,232;,
  3;213,228,214;,
  3;156,201,233;,
  3;201,156,154;,
  3;233,217,218;,
  3;217,233,201;,
  3;219,217,234;,
  3;235,219,234;,
  3;236,237,238;,
  3;237,236,239;,
  3;209,240,211;,
  3;240,209,241;,
  3;211,242,212;,
  3;242,211,240;,
  3;243,239,244;,
  3;239,243,237;,
  3;244,236,245;,
  3;236,244,239;,
  3;246,221,223;,
  3;221,246,215;,
  3;221,212,247;,
  3;212,221,215;,
  3;199,248,2;,
  3;248,199,249;,
  3;133,10,250;,
  3;249,210,251;,
  3;210,249,199;,
  3;210,211,251;,
  3;252,1,253;,
  3;1,252,2;,
  3;20,254,18;,
  3;254,20,64;,
  3;24,68,14;,
  3;68,24,255;,
  3;68,256,70;,
  3;256,68,255;,
  3;256,37,70;,
  3;37,256,257;,
  3;258,2,252;,
  3;2,258,199;,
  3;257,259,37;,
  3;37,259,35;,
  3;260,204,261;,
  3;204,260,202;,
  3;262,263,223;,
  3;263,262,264;,
  3;197,258,225;,
  3;258,197,199;,
  3;265,203,227;,
  3;265,207,266;,
  3;207,265,227;,
  3;223,267,246;,
  3;267,223,263;,
  3;88,87,147;,
  3;83,82,85;,
  3;78,16,18;,
  3;16,78,74;,
  3;74,15,16;,
  3;15,74,76;,
  3;15,71,13;,
  3;71,15,76;,
  3;13,268,23;,
  3;268,13,71;,
  3;248,269,2;,
  3;2,269,0;,
  3;136,129,134;,
  3;129,136,131;,
  3;134,96,81;,
  3;96,134,129;,
  3;96,82,81;,
  3;93,96,94;,
  3;29,189,65;,
  3;205,215,246;,
  3;267,205,246;,
  3;205,267,206;,
  3;205,213,215;,
  3;187,188,270;,
  3;224,271,272;,
  3;222,221,208;,
  3;224,222,198;,
  3;272,273,262;,
  3;273,272,271;,
  3;263,274,275;,
  3;273,276,262;,
  3;277,271,278;,
  3;271,277,273;,
  3;222,272,262;,
  3;272,222,224;,
  3;222,208,198;,
  3;209,221,247;,
  3;221,209,208;,
  3;223,222,262;,
  3;266,206,279;,
  3;206,266,207;,
  3;206,280,279;,
  3;280,206,267;,
  3;280,263,275;,
  3;263,280,267;,
  3;264,262,276;,
  3;76,73,72;,
  3;138,281,140;,
  3;73,132,72;,
  3;132,73,151;,
  3;72,71,76;,
  3;271,226,278;,
  3;155,11,8;,
  3;276,277,282;,
  3;277,276,273;,
