xof 0303txt 0032
template ColorRGBA {
 <35ff44e0-6c7c-11cf-8f52-0040333594a3>
 FLOAT red;
 FLOAT green;
 FLOAT blue;
 FLOAT alpha;
}

template ColorRGB {
 <d3e16e81-7835-11cf-8f52-0040333594a3>
 FLOAT red;
 FLOAT green;
 FLOAT blue;
}

template Material {
 <3d82ab4d-62da-11cf-ab39-0020af71e433>
 ColorRGBA faceColor;
 FLOAT power;
 ColorRGB specularColor;
 ColorRGB emissiveColor;
 [...]
}

template TextureFilename {
 <a42790e1-7810-11cf-8f52-0040333594a3>
 STRING filename;
}

template Frame {
 <3d82ab46-62da-11cf-ab39-0020af71e433>
 [...]
}

template Matrix4x4 {
 <f6f23f45-7686-11cf-8f52-0040333594a3>
 array FLOAT matrix[16];
}

template FrameTransformMatrix {
 <f6f23f41-7686-11cf-8f52-0040333594a3>
 Matrix4x4 frameMatrix;
}

template Vector {
 <3d82ab5e-62da-11cf-ab39-0020af71e433>
 FLOAT x;
 FLOAT y;
 FLOAT z;
}

template MeshFace {
 <3d82ab5f-62da-11cf-ab39-0020af71e433>
 DWORD nFaceVertexIndices;
 array DWORD faceVertexIndices[nFaceVertexIndices];
}

template Mesh {
 <3d82ab44-62da-11cf-ab39-0020af71e433>
 DWORD nVertices;
 array Vector vertices[nVertices];
 DWORD nFaces;
 array MeshFace faces[nFaces];
 [...]
}

template MeshMaterialList {
 <f6f23f42-7686-11cf-8f52-0040333594a3>
 DWORD nMaterials;
 DWORD nFaceIndexes;
 array DWORD faceIndexes[nFaceIndexes];
 [Material <3d82ab4d-62da-11cf-ab39-0020af71e433>]
}

template VertexElement {
 <f752461c-1e23-48f6-b9f8-8350850f336f>
 DWORD Type;
 DWORD Method;
 DWORD Usage;
 DWORD UsageIndex;
}

template DeclData {
 <bf22e553-292c-4781-9fea-62bd554bdd93>
 DWORD nElements;
 array VertexElement Elements[nElements];
 DWORD nDWords;
 array DWORD data[nDWords];
}

template XSkinMeshHeader {
 <3cf169ce-ff7c-44ab-93c0-f78f62d172e2>
 WORD nMaxSkinWeightsPerVertex;
 WORD nMaxSkinWeightsPerFace;
 WORD nBones;
}

template SkinWeights {
 <6f0d123b-bad2-4167-a0d0-80224f25fabb>
 STRING transformNodeName;
 DWORD nWeights;
 array DWORD vertexIndices[nWeights];
 array FLOAT weights[nWeights];
 Matrix4x4 matrixOffset;
}

template AnimTicksPerSecond {
 <9e415a43-7ba6-4a73-8743-b73d47e88476>
 DWORD AnimTicksPerSecond;
}

template Animation {
 <3d82ab4f-62da-11cf-ab39-0020af71e433>
 [...]
}

template AnimationSet {
 <3d82ab50-62da-11cf-ab39-0020af71e433>
 [Animation <3d82ab4f-62da-11cf-ab39-0020af71e433>]
}

template FloatKeys {
 <10dd46a9-775b-11cf-8f52-0040333594a3>
 DWORD nValues;
 array FLOAT values[nValues];
}

template TimedFloatKeys {
 <f406b180-7b3b-11cf-8f52-0040333594a3>
 DWORD time;
 FloatKeys tfkeys;
}

template AnimationKey {
 <10dd46a8-775b-11cf-8f52-0040333594a3>
 DWORD keyType;
 DWORD nKeys;
 array TimedFloatKeys keys[nKeys];
}


Material _03_-_Default {
 1.000000;1.000000;1.000000;1.000000;;
 9.999999;
 0.000000;0.000000;0.000000;;
 0.000000;0.000000;0.000000;;

 TextureFilename {
  "MaleBody_full.png";
 }
}

Frame Dummy01 {
 

 FrameTransformMatrix {
  1.000000,0.000000,0.000000,0.000000,0.000000,-0.000000,-1.000000,0.000000,0.000000,1.000000,-0.000000,0.000000,0.000000,0.000000,0.000000,1.000000;;
 }

 Frame Bip01 {
  

  FrameTransformMatrix {
   0.000001,0.998648,-0.051978,0.000000,0.000000,0.051978,0.998648,0.000000,1.000000,-0.000001,-0.000000,0.000000,0.011285,-0.036626,0.503479,1.000000;;
  }

  Frame Bip01_Pelvis {
   

   FrameTransformMatrix {
    0.000000,0.999993,0.003883,0.000000,-0.000001,-0.003883,0.999992,0.000000,1.000000,-0.000000,0.000001,0.000000,0.000000,0.000000,0.000000,1.000000;;
   }

   Frame Bip01_Spine {
    

    FrameTransformMatrix {
     0.999992,-0.003877,-0.000520,0.000000,0.003872,0.999960,-0.008044,0.000000,0.000551,0.008042,0.999968,0.000000,0.051633,-0.000201,-0.000085,1.000000;;
    }

    Frame Bip01_Spine1 {
     

     FrameTransformMatrix {
      0.994328,0.000055,-0.106357,0.000000,-0.007409,0.997606,-0.068752,0.000000,0.106099,0.069150,0.991948,0.000000,0.106471,-0.000006,-0.000084,1.000000;;
     }

     Frame Bip01_Neck {
      

      FrameTransformMatrix {
       0.903366,0.000001,0.428870,0.000000,-0.000001,1.000000,-0.000000,0.000000,-0.428870,-0.000000,0.903366,0.000000,0.130516,0.000000,0.004628,1.000000;;
      }

      Frame Bip01_Head {
       

       FrameTransformMatrix {
        0.968122,-0.009693,0.250291,0.000000,0.057536,0.981137,-0.184552,0.000000,-0.243781,0.193069,0.950418,0.000000,0.033674,0.000000,0.000000,1.000000;;
       }

       Frame Bip01_HeadNub {
        

        FrameTransformMatrix {
         1.000000,0.000000,-0.000000,0.000000,-0.000000,1.000000,0.000000,0.000000,0.000000,0.000000,1.000000,0.000000,0.169824,0.000000,0.000000,1.000000;;
        }
       }
      }

      Frame Bip01_L_Clavicle {
       

       FrameTransformMatrix {
        -0.312063,0.910355,0.271791,0.000000,0.848994,0.395610,-0.350288,0.000000,-0.426410,0.121437,-0.896341,0.000000,-0.023698,0.015715,0.006128,1.000000;;
       }

       Frame Bip01_L_UpperArm {
        

        FrameTransformMatrix {
         0.817195,-0.575686,0.027903,0.000000,0.471763,0.640294,-0.606187,0.000000,0.331107,0.508536,0.794833,0.000000,0.087086,0.000000,-0.000000,1.000000;;
        }

        Frame Bip01_L_Forearm {
         

         FrameTransformMatrix {
          0.070129,-0.000000,-0.997538,0.000000,-0.000000,1.000000,0.000000,0.000000,0.997538,0.000000,0.070129,0.000000,0.137062,0.000000,0.000000,1.000000;;
         }

         Frame Bip01_L_Hand {
          

          FrameTransformMatrix {
           0.953678,-0.153485,-0.258728,0.000000,-0.131206,-0.986157,0.101387,0.000000,-0.270708,-0.062744,-0.960615,0.000000,0.137062,-0.000000,0.000000,1.000000;;
          }

          Frame Bip01_L_Finger0 {
           

           FrameTransformMatrix {
            0.292048,-0.749001,0.594732,0.000000,0.954394,0.268529,-0.130480,0.000000,-0.061973,0.605715,0.793265,0.000000,0.057681,-0.023605,-0.000272,1.000000;;
           }

           Frame Bip01_L_Finger0Nub {
            

            FrameTransformMatrix {
             1.000000,0.000000,0.000000,0.000000,-0.000000,1.000000,0.000000,0.000000,0.000000,-0.000000,1.000000,0.000000,0.029435,0.000000,0.000000,1.000000;;
            }
           }
          }

          Frame Bip01_L_Finger1 {
           

           FrameTransformMatrix {
            0.761548,-0.000516,0.648107,0.000000,-0.000000,1.000000,0.000796,0.000000,-0.648108,-0.000606,0.761548,0.000000,0.084102,0.000000,0.000000,1.000000;;
           }

           Frame Bip01_L_Finger1Nub {
            

            FrameTransformMatrix {
             1.000000,0.000000,0.000000,0.000000,0.000000,1.000000,-0.000000,0.000000,-0.000000,0.000000,1.000000,0.000000,0.047988,-0.000000,0.000000,1.000000;;
            }
           }
          }
         }
        }
       }
      }

      Frame Bip01_R_Clavicle {
       

       FrameTransformMatrix {
        -0.169545,-0.982216,0.080659,0.000000,-0.886965,0.187754,0.421949,0.000000,-0.429589,-0.000003,-0.903024,0.000000,-0.023698,-0.015714,0.006128,1.000000;;
       }

       Frame Bip01_R_UpperArm {
        

        FrameTransformMatrix {
         0.342459,0.874825,-0.342642,0.000000,-0.550230,0.482356,0.681601,0.000000,0.761557,-0.044889,0.646542,0.000000,0.087086,0.000000,0.000000,1.000000;;
        }

        Frame Bip01_R_Forearm {
         

         FrameTransformMatrix {
          0.058010,-0.000000,-0.998316,0.000000,-0.000000,1.000000,0.000000,0.000000,0.998316,0.000000,0.058010,0.000000,0.137062,0.000000,-0.000000,1.000000;;
         }

         Frame Bip01_R_Hand {
          

          FrameTransformMatrix {
           0.992059,0.040247,-0.119164,0.000000,-0.109470,0.742839,-0.660459,0.000000,0.061938,0.668259,0.741346,0.000000,0.137062,0.000000,0.000000,1.000000;;
          }

          Frame Bip01_R_Finger0 {
           

           FrameTransformMatrix {
            0.558836,0.022484,0.828973,0.000000,-0.558537,0.749101,0.356210,0.000000,-0.612975,-0.662075,0.431183,0.000000,0.057681,0.023605,-0.000272,1.000000;;
           }

           Frame Bip01_R_Finger0Nub {
            

            FrameTransformMatrix {
             -1.000000,-0.000000,0.000000,0.000000,0.000000,1.000000,0.000000,0.000000,0.000000,-0.000000,-1.000000,0.000000,0.029435,0.000000,0.000000,1.000000;;
            }
           }
          }

          Frame Bip01_R_Finger1 {
           

           FrameTransformMatrix {
            0.832140,0.000442,0.554565,0.000000,0.259062,0.883871,-0.389433,0.000000,-0.490336,0.467730,0.735390,0.000000,0.084102,0.000000,0.000000,1.000000;;
           }

           Frame Bip01_R_Finger1Nub {
            

            FrameTransformMatrix {
             -1.000000,-0.000000,-0.000000,0.000000,0.000000,1.000000,0.000000,0.000000,-0.000000,-0.000000,-1.000000,0.000000,0.047988,0.000000,0.000000,1.000000;;
            }
           }
          }
         }
        }
       }
      }
     }

     Frame Bip01_BackPack {
      

      FrameTransformMatrix {
       0.190104,-0.000002,-0.981764,0.000000,0.000003,1.000000,-0.000002,0.000000,0.981764,-0.000002,0.190104,0.000000,0.063697,-0.000000,-0.088856,1.000000;;
      }

      Frame Bip01_BackPackNub {
       

       FrameTransformMatrix {
        0.000796,0.000003,1.000000,0.000000,0.000000,-1.000000,0.000003,0.000000,1.000000,0.000000,-0.000796,0.000000,0.053240,0.000000,0.000000,1.000000;;
       }
      }
     }
    }

    Frame Bip01_L_Thigh {
     

     FrameTransformMatrix {
      -0.981444,0.008417,0.191563,0.000000,-0.009071,-0.999956,-0.002535,0.000000,0.191533,-0.004226,0.981477,0.000000,-0.051847,0.055224,0.000502,1.000000;;
     }

     Frame Bip01_L_Calf {
      

      FrameTransformMatrix {
       0.943508,-0.000000,-0.331349,0.000000,-0.000000,1.000000,-0.000000,0.000000,0.331349,-0.000000,0.943508,0.000000,0.237500,0.000000,0.000000,1.000000;;
      }

      Frame Bip01_L_Foot {
       

       FrameTransformMatrix {
        0.980716,0.009335,0.195214,0.000000,-0.008173,0.999944,-0.006762,0.000000,-0.195266,0.005036,0.980737,0.000000,0.206841,0.000000,0.000000,1.000000;;
       }

       Frame Bip01_L_Toe0 {
        

        FrameTransformMatrix {
         0.000000,-0.000000,1.000000,0.000000,-0.000000,1.000000,-0.000000,0.000000,-1.000000,-0.000000,0.000000,0.000000,0.065373,0.000000,0.066450,1.000000;;
        }

        Frame Bip01_L_Toe0Nub {
         

         FrameTransformMatrix {
          -1.000000,-0.000000,-0.000000,0.000000,0.000000,1.000000,0.000000,0.000000,-0.000000,-0.000000,-1.000000,0.000000,0.006735,0.000000,0.000000,1.000000;;
         }
        }
       }
      }
     }
    }

    Frame Bip01_R_Thigh {
     

     FrameTransformMatrix {
      -0.972550,-0.133001,0.190938,0.000000,0.110817,-0.986257,-0.122543,0.000000,0.204613,-0.098020,0.973923,0.000000,-0.051419,-0.055223,-0.000386,1.000000;;
     }

     Frame Bip01_R_Calf {
      

      FrameTransformMatrix {
       0.963675,0.000000,-0.267076,0.000000,0.000000,1.000000,0.000000,0.000000,0.267076,0.000000,0.963675,0.000000,0.237500,0.000000,0.000000,1.000000;;
      }

      Frame Bip01_R_Foot {
       

       FrameTransformMatrix {
        0.996200,0.009425,0.086587,0.000000,0.009073,0.977491,-0.210781,0.000000,-0.086624,0.210765,0.973691,0.000000,0.206841,0.000000,0.000000,1.000000;;
       }

       Frame Bip01_R_Toe0 {
        

        FrameTransformMatrix {
         -0.041396,-0.315284,0.948094,0.000000,0.122086,0.940201,0.317989,0.000000,-0.991656,0.128912,-0.000429,0.000000,0.065373,0.000000,0.066450,1.000000;;
        }

        Frame Bip01_R_Toe0Nub {
         

         FrameTransformMatrix {
          1.000000,0.000000,0.000000,0.000000,-0.000000,1.000000,0.000000,0.000000,-0.000000,0.000000,1.000000,0.000000,0.006735,-0.000000,0.000000,1.000000;;
         }
        }
       }
      }
     }
    }
   }

   Frame Bip01_DressFront {
    

    FrameTransformMatrix {
     -0.976867,-0.000002,0.213850,0.000000,-0.000002,1.000000,-0.000001,0.000000,-0.213850,-0.000002,-0.976867,0.000000,-0.043970,0.001399,0.061084,1.000000;;
    }

    Frame Bip01_DressFront02 {
     

     FrameTransformMatrix {
      0.982159,0.000001,0.188051,0.000000,-0.000001,1.000000,-0.000000,0.000000,-0.188051,-0.000000,0.982159,0.000000,0.183349,0.000000,-0.000129,1.000000;;
     }

     Frame Bip01_DressFrontNub {
      

      FrameTransformMatrix {
       0.000796,0.000003,1.000000,0.000000,0.000000,-1.000000,0.000003,0.000000,1.000000,-0.000000,-0.000796,0.000000,0.165302,0.000000,0.000000,1.000000;;
      }
     }
    }
   }

   Frame Bip01_DressBack {
    

    FrameTransformMatrix {
     -0.978951,-0.019488,0.203163,0.000000,-0.019079,0.999810,0.003974,0.000000,-0.203201,0.000014,-0.979137,0.000000,-0.047704,0.000000,-0.078282,1.000000;;
    }

    Frame Bip01_DressBack02 {
     

     FrameTransformMatrix {
      0.986232,0.000000,0.165371,0.000000,-0.000000,1.000000,-0.000000,0.000000,-0.165371,-0.000000,0.986232,0.000000,0.176177,-0.000000,-0.000107,1.000000;;
     }

     Frame Bip01_DressBackNub {
      

      FrameTransformMatrix {
       0.000796,0.000003,1.000000,0.000000,0.000000,-1.000000,0.000003,0.000000,1.000000,-0.000000,-0.000796,0.000000,0.136508,-0.000000,-0.000000,1.000000;;
      }
     }
    }
   }
  }

  Frame Bip01_Prop1 {
   

   FrameTransformMatrix {
    -0.156007,-0.986111,0.056982,0.000000,-0.820131,0.161467,0.548920,0.000000,-0.550497,0.038903,-0.833931,0.000000,0.191722,0.137193,0.052739,1.000000;;
   }
  }

  Frame Bip01_Prop2 {
   

   FrameTransformMatrix {
    0.269368,-0.226227,-0.936088,0.000000,0.951138,0.214824,0.221782,0.000000,0.150921,-0.950091,0.273040,0.000000,0.163623,0.096058,0.056869,1.000000;;
   }
  }
 }
}

Frame Translation_Data {
 

 FrameTransformMatrix {
  1.000000,0.000000,0.000000,0.000000,0.000000,-0.000000,-1.000000,0.000000,0.000000,1.000000,-0.000000,0.000000,0.000000,-0.000000,0.000000,1.000000;;
 }
}

Frame Body {
 

 FrameTransformMatrix {
  1.000000,0.000000,0.000000,0.000000,0.000000,1.000000,0.000000,0.000000,0.000000,0.000000,1.000000,0.000000,0.000000,0.000000,0.000000,1.000000;;
 }

 Mesh Body {
  617;
  0.078539;0.762132;0.007479;,
  0.046747;0.764178;0.006174;,
  0.040176;0.791706;0.024824;,
  0.085681;0.743628;0.003205;,
  0.097451;0.735644;0.005666;,
  0.068710;0.701038;-0.023423;,
  0.055826;0.734977;-0.013411;,
  0.103331;0.701058;0.010041;,
  0.038183;0.808527;0.063909;,
  0.086218;0.779884;0.088161;,
  0.082726;0.780562;0.054565;,
  0.053687;0.785366;0.093614;,
  0.094825;0.554464;0.072669;,
  0.054283;0.563336;0.090773;,
  0.053484;0.551189;0.097217;,
  0.087981;0.564742;0.068636;,
  0.082782;0.563043;0.012713;,
  0.095638;0.537059;0.033096;,
  0.054985;0.557215;-0.017802;,
  0.081038;0.512600;0.004924;,
  0.052313;0.502482;-0.004198;,
  0.015300;0.700644;-0.034375;,
  0.015231;0.737213;-0.019107;,
  0.011362;0.561340;0.090700;,
  0.011442;0.547076;0.097201;,
  0.060452;0.655050;0.096503;,
  0.006527;0.691385;0.106690;,
  0.008301;0.655980;0.098364;,
  0.063653;0.693492;0.105971;,
  0.067348;0.467014;-0.009369;,
  0.108877;0.363828;0.003664;,
  0.071040;0.370275;-0.024304;,
  0.101874;0.461735;0.027113;,
  0.069209;0.274171;-0.038865;,
  0.097994;0.270545;0.005205;,
  0.018439;0.466891;0.011077;,
  0.029646;0.357263;0.075861;,
  0.023150;0.445058;0.106331;,
  0.023322;0.367441;0.000842;,
  0.044316;0.272036;0.043797;,
  0.041309;0.270776;0.001806;,
  0.109203;0.356381;0.068005;,
  0.096510;0.439456;0.084711;,
  0.085076;0.273794;0.043586;,
  0.088920;-0.001438;0.054149;,
  0.049355;-0.001522;0.099609;,
  0.044025;-0.001415;0.051082;,
  0.084211;-0.001545;0.099342;,
  0.069529;0.216365;-0.007932;,
  0.096391;0.145078;0.033771;,
  0.067146;0.143456;0.005087;,
  0.100974;0.218502;0.020733;,
  0.086677;0.067539;0.049202;,
  0.066785;0.065943;0.020586;,
  0.027886;0.202478;0.018097;,
  0.035156;0.159417;0.070531;,
  0.029687;0.225041;0.069032;,
  0.037600;0.145090;0.030245;,
  0.054072;0.080466;0.071426;,
  0.050120;0.059932;0.046016;,
  0.097193;0.156711;0.070510;,
  0.101745;0.231092;0.068538;,
  0.078248;0.085060;0.070836;,
  0.101628;0.508483;0.039759;,
  0.011260;0.494348;-0.015677;,
  0.018439;0.466891;0.011077;,
  0.011126;0.460624;0.000100;,
  0.103341;0.506048;0.094300;,
  0.053306;0.506178;0.118349;,
  0.096967;0.454063;0.091285;,
  0.051663;0.458492;0.113771;,
  0.057238;0.609494;0.087300;,
  0.092839;0.654287;0.079950;,
  0.105036;0.660171;0.063607;,
  0.083577;0.614518;0.011669;,
  0.100865;0.666518;0.009782;,
  0.089871;0.610633;0.062535;,
  0.068104;0.666450;-0.027628;,
  0.061415;0.611398;-0.018451;,
  0.013161;0.666378;-0.036514;,
  0.012655;0.606862;-0.024609;,
  0.118033;0.710970;-0.008992;,
  0.150179;0.672057;-0.013149;,
  0.077476;0.697538;0.023725;,
  0.143144;0.613746;0.025372;,
  0.107814;0.644311;0.018871;,
  0.177760;0.634268;-0.001720;,
  0.111475;0.701337;0.074138;,
  0.107814;0.644311;0.018871;,
  0.140119;0.659034;0.074594;,
  0.171301;0.602782;0.057450;,
  0.143144;0.613746;0.025372;,
  0.120715;0.707592;0.076118;,
  0.182455;0.687106;0.042603;,
  0.150192;0.724703;0.046917;,
  0.205875;0.623010;0.030360;,
  0.137138;0.721518;0.011500;,
  0.167279;0.643403;-0.014767;,
  0.106362;0.597660;-0.037359;,
  0.124782;0.619971;0.015979;,
  0.134298;0.613819;-0.054847;,
  0.100296;0.582340;-0.076655;,
  0.110721;0.585337;-0.089480;,
  0.124782;0.619971;0.015979;,
  0.144970;0.555997;-0.030465;,
  0.161584;0.570819;0.030400;,
  0.106362;0.597660;-0.037359;,
  0.112849;0.556171;-0.065996;,
  0.100296;0.582340;-0.076655;,
  0.166308;0.568796;-0.043690;,
  0.203791;0.594255;-0.000144;,
  0.129196;0.555554;-0.082071;,
  0.021761;0.576609;-0.171754;,
  0.024515;0.569790;-0.115162;,
  0.035016;0.588069;-0.158455;,
  0.011693;0.558692;-0.128711;,
  0.083166;0.598675;-0.151145;,
  0.078430;0.587575;-0.162756;,
  0.074127;0.596081;-0.157259;,
  0.091157;0.593596;-0.157960;,
  0.068184;0.575984;-0.078680;,
  0.080417;0.572226;-0.137684;,
  0.044491;0.558384;-0.101587;,
  0.094703;0.595357;-0.116010;,
  0.045516;0.540192;-0.109717;,
  0.082912;0.541516;-0.083826;,
  0.111702;0.561046;-0.122450;,
  0.080711;0.553336;-0.143975;,
  0.114466;0.762856;0.052064;,
  0.118421;0.765678;0.022548;,
  0.082726;0.780562;0.054565;,
  0.081797;0.777755;0.029625;,
  0.101445;0.698331;0.091242;,
  0.049874;0.803924;0.038143;,
  0.106528;0.752346;0.000529;,
  0.085681;0.743628;0.003205;,
  0.078539;0.762132;0.007479;,
  0.096238;0.724124;0.001941;,
  0.105458;0.739869;0.092489;,
  0.063446;0.730837;0.106577;,
  0.108341;0.744120;0.089009;,
  0.005589;0.725472;0.105121;,
  0.007409;0.781695;0.084088;,
  0.086218;0.779884;0.088161;,
  0.108341;0.744120;0.089009;,
  0.093442;0.723490;0.032418;,
  0.107779;0.733045;0.077616;,
  0.077476;0.697538;0.023725;,
  0.105575;0.697478;0.059146;,
  0.100812;0.696735;0.024073;,
  0.097451;0.735644;0.005666;,
  0.109923;0.699150;0.075524;,
  0.094703;0.595357;-0.116010;,
  0.045478;0.835465;0.032351;,
  0.033259;0.844714;0.048940;,
  0.009058;0.810389;0.066282;,
  0.006420;0.848424;0.051757;,
  0.080711;0.553336;-0.143975;,
  0.021761;0.576609;-0.171754;,
  0.011693;0.558692;-0.128711;,
  0.087294;0.594655;-0.132040;,
  0.099264;0.578278;-0.148148;,
  0.087294;0.594655;-0.132040;,
  0.074457;0.586393;-0.141192;,
  0.081872;0.564431;-0.149465;,
  0.081872;0.564431;-0.149465;,
  0.083166;0.598675;-0.151145;,
  0.091157;0.593596;-0.157960;,
  0.078430;0.587575;-0.162756;,
  0.095162;0.020228;-0.022685;,
  0.064907;-0.001385;-0.067432;,
  0.063586;0.017194;-0.060195;,
  0.100721;-0.001397;-0.029922;,
  0.045608;0.031888;0.088978;,
  0.044025;-0.001415;0.051082;,
  0.049355;-0.001522;0.099609;,
  0.042654;0.023542;0.048549;,
  0.054072;0.080466;0.071426;,
  0.087148;0.034910;0.088447;,
  0.078248;0.085060;0.070836;,
  0.088920;-0.001438;0.054149;,
  0.084211;-0.001545;0.099342;,
  0.090071;0.033508;0.051678;,
  0.066785;0.065943;0.020586;,
  0.086677;0.067539;0.049202;,
  0.036094;0.014160;-0.049741;,
  0.029967;-0.001374;-0.056978;,
  0.100721;-0.001397;-0.029922;,
  0.029967;-0.001374;-0.056978;,
  0.023322;0.367441;0.000842;,
  0.041309;0.270776;0.001806;,
  0.027886;0.202478;0.018097;,
  0.037600;0.145090;0.030245;,
  0.050120;0.059932;0.046016;,
  0.050120;0.059932;0.046016;,
  0.011077;0.450754;0.051153;,
  0.059237;0.834622;0.016940;,
  0.046608;0.814780;0.003864;,
  0.055771;0.820623;0.001047;,
  0.040252;0.825456;0.017207;,
  0.046131;0.861986;0.024523;,
  0.033421;0.879943;0.034449;,
  0.038891;0.943081;-0.071087;,
  0.026602;0.920213;-0.093641;,
  0.019918;0.944659;-0.077864;,
  0.063454;0.864055;-0.071345;,
  0.048716;0.857704;-0.080017;,
  0.058315;0.891884;-0.080397;,
  0.062659;0.836808;-0.011082;,
  0.063908;0.860677;0.006631;,
  0.055664;0.848593;0.017897;,
  0.061214;0.899410;0.002585;,
  0.067529;0.896422;-0.020936;,
  0.067253;0.907779;-0.067656;,
  0.068971;0.924481;-0.045335;,
  0.070091;0.878488;-0.041290;,
  0.054662;0.910661;0.013208;,
  0.039170;0.926809;0.023078;,
  -0.001477;0.928696;0.022943;,
  0.037016;0.959277;-0.012886;,
  0.002679;0.962267;-0.012909;,
  0.069881;0.859853;-0.028321;,
  0.056944;0.820385;-0.019393;,
  0.061737;0.841758;-0.047906;,
  0.045415;0.791750;-0.019215;,
  0.023499;0.790766;-0.011133;,
  0.028871;0.781619;-0.029421;,
  0.052087;0.912304;-0.084467;,
  0.057640;0.936919;-0.060894;,
  0.056403;0.949073;-0.023517;,
  0.045852;0.957636;-0.042939;,
  0.027666;0.963537;-0.044508;,
  0.010449;0.964575;-0.047656;,
  0.000800;0.890066;0.033749;,
  0.056403;0.949073;-0.023517;,
  0.045852;0.957636;-0.042939;,
  0.070168;0.863389;0.006087;,
  0.073841;0.908341;-0.009117;,
  0.076320;0.897061;0.008775;,
  0.067917;0.889081;-0.005009;,
  0.076320;0.897061;0.008775;,
  0.070168;0.863389;0.006087;,
  0.073841;0.908341;-0.009117;,
  0.067529;0.896422;-0.020936;,
  0.069292;0.872448;-0.013485;,
  0.063908;0.860677;0.006631;,
  0.061854;0.860597;-0.059758;,
  0.069292;0.872448;-0.013485;,
  0.049874;0.803924;0.038143;,
  0.045478;0.835465;0.032351;,
  0.081797;0.777755;0.029625;,
  0.046131;0.861986;0.024523;,
  0.013693;0.782937;0.002840;,
  0.014269;0.760704;-0.005607;,
  0.011545;0.554961;-0.021430;,
  0.011269;0.503697;0.118247;,
  0.011137;0.469419;0.116987;,
  0.007756;0.444310;0.104396;,
  0.016551;0.803763;-0.001875;,
  0.011077;0.450754;0.051153;,
  0.027666;0.963537;-0.044508;,
  0.010449;0.964575;-0.047656;,
  0.047872;0.815960;-0.039989;,
  0.042712;0.830863;-0.059304;,
  0.042805;0.822543;-0.054406;,
  0.029559;0.905891;-0.098748;,
  0.032526;0.880630;-0.098057;,
  0.044213;0.854570;-0.068211;,
  0.009736;0.608884;0.088167;,
  0.081797;0.777755;0.029625;,
  0.064907;-0.001385;-0.067432;,
  0.041450;0.804206;-0.042858;,
  0.047132;0.810402;-0.036484;,
  0.040431;0.810115;-0.042444;,
  0.031705;0.817634;-0.060875;,
  0.034215;0.820149;-0.073044;,
  0.041469;0.810991;-0.048513;,
  0.029278;0.808711;-0.045644;,
  0.030652;0.799988;-0.046912;,
  0.033979;0.851354;-0.088690;,
  0.032847;0.845317;-0.080584;,
  0.107779;0.733045;0.077616;,
  0.031373;0.807797;-0.054191;,
  0.089275;0.725044;0.050015;,
  0.093442;0.723490;0.032418;,
  0.097451;0.735644;0.005666;,
  0.054662;0.910661;0.013208;,
  0.069529;0.216365;-0.007932;,
  0.040692;0.144809;-0.021523;,
  0.030964;0.221299;-0.032096;,
  0.067146;0.143456;0.005087;,
  0.069209;0.274171;-0.038865;,
  0.033198;0.278553;-0.043559;,
  0.071040;0.370275;-0.024304;,
  0.021773;0.371063;-0.027906;,
  0.067348;0.467014;-0.009369;,
  0.019190;0.459459;-0.019026;,
  0.052313;0.502482;-0.004198;,
  0.040898;0.072327;-0.016813;,
  0.066785;0.065943;0.020586;,
  0.039764;0.154058;0.097152;,
  0.001266;0.079067;0.109880;,
  0.041838;0.084470;0.106379;,
  0.003202;0.152368;0.104792;,
  0.005108;0.218972;0.090815;,
  0.033997;0.225156;0.083018;,
  0.008578;0.280256;0.090647;,
  0.036954;0.270841;0.073891;,
  0.028431;0.355932;0.090716;,
  0.007631;0.366615;0.102034;,
  0.010675;0.441641;0.116664;,
  0.089275;0.725044;0.050015;,
  -0.055301;0.770062;0.001573;,
  -0.019609;0.764408;0.001045;,
  -0.063914;0.750614;-0.004680;,
  -0.015793;0.791900;0.020498;,
  -0.070152;0.737933;-0.006335;,
  -0.039050;0.701320;-0.030106;,
  -0.077539;0.701531;-0.001176;,
  -0.025772;0.735259;-0.019717;,
  -0.019713;0.808728;0.059434;,
  -0.071522;0.781628;0.077307;,
  -0.039756;0.785690;0.086392;,
  -0.062273;0.788330;0.049294;,
  -0.071872;0.555111;0.072635;,
  -0.031545;0.563595;0.090621;,
  -0.065154;0.565205;0.068365;,
  -0.030568;0.551515;0.097200;,
  -0.059763;0.563474;0.012461;,
  -0.072804;0.537712;0.033062;,
  -0.031893;0.557477;-0.017956;,
  -0.058519;0.513328;0.005077;,
  -0.029733;0.502800;-0.004214;,
  0.011362;0.561340;0.090700;,
  0.011442;0.547076;0.097201;,
  -0.043507;0.655209;0.092073;,
  0.006527;0.691385;0.106690;,
  -0.050059;0.693789;0.098919;,
  0.008301;0.655980;0.098364;,
  -0.051747;0.468146;-0.009261;,
  -0.104315;0.370086;0.007825;,
  -0.083642;0.465515;0.029908;,
  -0.069080;0.372824;-0.023899;,
  -0.079015;0.278552;-0.038793;,
  -0.103490;0.276113;0.008037;,
  -0.002973;0.462730;0.006106;,
  -0.019260;0.354043;0.071396;,
  -0.019618;0.364532;-0.003845;,
  -0.001061;0.445152;0.106326;,
  -0.046401;0.270150;0.041039;,
  -0.047753;0.270398;-0.001210;,
  -0.098829;0.361818;0.071832;,
  -0.075907;0.441939;0.086431;,
  -0.086528;0.276293;0.045100;,
  -0.118438;0.002788;0.047618;,
  -0.066793;-0.002376;0.078248;,
  -0.099653;0.002094;0.088985;,
  -0.077200;-0.002978;0.030555;,
  -0.082833;0.220340;-0.011640;,
  -0.113662;0.149227;0.027540;,
  -0.110967;0.223529;0.020194;,
  -0.087646;0.146786;-0.004049;,
  -0.110833;0.070371;0.037392;,
  -0.096559;0.068026;0.005898;,
  -0.040792;0.199989;0.008925;,
  -0.047980;0.153867;0.058699;,
  -0.055860;0.143190;0.017980;,
  -0.035151;0.218425;0.061223;,
  -0.073790;0.078266;0.053868;,
  -0.077052;0.058641;0.025134;,
  -0.109637;0.157871;0.064887;,
  -0.105753;0.232224;0.068584;,
  -0.096853;0.085629;0.057583;,
  -0.079018;0.509184;0.039722;,
  -0.002973;0.462730;0.006106;,
  -0.080772;0.506763;0.094263;,
  -0.030747;0.506504;0.118332;,
  -0.075092;0.455748;0.092280;,
  -0.029058;0.458029;0.112985;,
  -0.037656;0.609595;0.084841;,
  -0.074371;0.654543;0.072824;,
  -0.085112;0.660461;0.055504;,
  -0.060027;0.614671;0.007948;,
  -0.068958;0.610802;0.058420;,
  -0.076354;0.666788;0.002230;,
  -0.040533;0.666616;-0.032257;,
  -0.036344;0.611503;-0.020984;,
  -0.081022;0.740813;-0.018584;,
  -0.049014;0.729252;0.023099;,
  -0.094435;0.698039;-0.042149;,
  -0.077776;0.634752;-0.016619;,
  -0.108584;0.652583;-0.049577;,
  -0.055445;0.674180;-0.003414;,
  -0.094519;0.707498;0.057273;,
  -0.104853;0.661133;0.038468;,
  -0.055445;0.674180;-0.003414;,
  -0.107477;0.606922;-0.000244;,
  -0.077776;0.634752;-0.016619;,
  -0.105558;0.710047;0.057005;,
  -0.143943;0.685286;-0.000163;,
  -0.129993;0.726846;0.023313;,
  -0.138140;0.624495;-0.033248;,
  -0.107486;0.738718;-0.004748;,
  -0.099069;0.668139;-0.055466;,
  -0.021854;0.650983;-0.063031;,
  -0.047783;0.663561;-0.085767;,
  -0.061197;0.648696;-0.016891;,
  0.006435;0.642066;-0.092834;,
  -0.006134;0.656584;-0.112734;,
  -0.061197;0.648696;-0.016891;,
  -0.042547;0.600390;-0.079946;,
  -0.021854;0.650983;-0.063031;,
  -0.079601;0.589389;-0.027908;,
  -0.009694;0.615829;-0.112856;,
  0.006435;0.642066;-0.092834;,
  -0.062557;0.610368;-0.097095;,
  -0.117271;0.608853;-0.066193;,
  -0.015507;0.622184;-0.122853;,
  0.116721;0.652994;-0.164418;,
  0.074549;0.615555;-0.155666;,
  0.082151;0.621878;-0.174989;,
  0.109314;0.646981;-0.144597;,
  0.079067;0.630833;-0.118786;,
  0.084355;0.641610;-0.130462;,
  0.086558;0.639309;-0.115933;,
  0.080381;0.631364;-0.129912;,
  0.017423;0.612499;-0.139644;,
  0.058286;0.652649;-0.120581;,
  0.041008;0.630727;-0.099849;,
  0.042041;0.626974;-0.163734;,
  0.042399;0.644813;-0.172663;,
  0.003522;0.646400;-0.149072;,
  0.027101;0.666227;-0.107203;,
  0.057283;0.669663;-0.130877;,
  -0.091388;0.782002;0.047911;,
  -0.093973;0.785981;0.018386;,
  -0.062273;0.788330;0.049294;,
  -0.057216;0.787349;0.024655;,
  -0.085714;0.698820;0.079635;,
  -0.027337;0.804191;0.032176;,
  -0.084738;0.771316;-0.003196;,
  -0.063914;0.750614;-0.004680;,
  -0.077315;0.747431;0.000278;,
  -0.055301;0.770062;0.001573;,
  -0.092185;0.740553;0.077703;,
  -0.094566;0.744903;0.073868;,
  -0.051766;0.731236;0.097673;,
  0.005589;0.725472;0.105121;,
  0.007409;0.781695;0.084088;,
  -0.071522;0.781628;0.077307;,
  -0.094566;0.744903;0.073868;,
  -0.073024;0.727343;0.021434;,
  -0.049014;0.729252;0.023099;,
  -0.092909;0.736329;0.063866;,
  -0.085852;0.697978;0.047274;,
  -0.076798;0.697199;0.013058;,
  -0.070152;0.737933;-0.006335;,
  -0.092181;0.699678;0.062990;,
  0.041008;0.630727;-0.099849;,
  -0.023771;0.831805;0.022263;,
  -0.017972;0.842006;0.041477;,
  0.009058;0.810389;0.066282;,
  0.006420;0.848424;0.051757;,
  0.057283;0.669663;-0.130877;,
  0.116721;0.652994;-0.164418;,
  0.082151;0.621878;-0.174989;,
  0.062550;0.632653;-0.107735;,
  0.076439;0.654516;-0.107997;,
  0.062550;0.632653;-0.107735;,
  0.063503;0.637747;-0.124762;,
  0.067173;0.661997;-0.126816;,
  0.067173;0.661997;-0.126816;,
  0.079067;0.630833;-0.118786;,
  0.086558;0.639309;-0.115933;,
  0.084355;0.641610;-0.130462;,
  -0.146093;0.025045;-0.024157;,
  -0.134515;-0.000307;-0.075225;,
  -0.156262;0.004314;-0.028370;,
  -0.128704;0.017950;-0.069549;,
  -0.062572;0.030267;0.065605;,
  -0.077200;-0.002978;0.030555;,
  -0.073669;0.021593;0.026688;,
  -0.066793;-0.002376;0.078248;,
  -0.073790;0.078266;0.053868;,
  -0.101428;0.038619;0.078073;,
  -0.096853;0.085629;0.057583;,
  -0.118438;0.002788;0.047618;,
  -0.116039;0.037589;0.044191;,
  -0.099653;0.002094;0.088985;,
  -0.096559;0.068026;0.005898;,
  -0.110833;0.070371;0.037392;,
  -0.099902;0.011402;-0.068180;,
  -0.098339;-0.004796;-0.076330;,
  -0.156262;0.004314;-0.028370;,
  -0.098339;-0.004796;-0.076330;,
  -0.019618;0.364532;-0.003845;,
  -0.047753;0.270398;-0.001210;,
  -0.040792;0.199989;0.008925;,
  -0.055860;0.143190;0.017980;,
  -0.077052;0.058641;0.025134;,
  -0.077052;0.058641;0.025134;,
  -0.029954;0.823580;-0.003738;,
  -0.008691;0.807934;-0.008957;,
  -0.013391;0.822621;0.009393;,
  -0.016801;0.811639;-0.015778;,
  -0.028168;0.852788;0.007297;,
  -0.025565;0.872641;0.020773;,
  0.000823;0.938368;-0.079912;,
  0.019918;0.944659;-0.077864;,
  -0.002152;0.855933;-0.086555;,
  -0.000196;0.884640;-0.093962;,
  0.015914;0.853643;-0.087622;,
  -0.021286;0.826416;-0.030544;,
  -0.035585;0.848360;-0.016436;,
  -0.030493;0.837927;-0.002078;,
  -0.040454;0.886823;-0.020986;,
  -0.035059;0.883722;-0.044720;,
  -0.017187;0.897325;-0.087232;,
  -0.024309;0.866801;-0.063176;,
  -0.032231;0.911953;-0.068798;,
  -0.041962;0.898699;-0.009194;,
  -0.036493;0.917442;0.005537;,
  -0.001477;0.928696;0.022943;,
  -0.026538;0.951409;-0.027621;,
  0.002679;0.962267;-0.012909;,
  -0.025436;0.848053;-0.050420;,
  -0.005658;0.833415;-0.063531;,
  -0.008902;0.812234;-0.034659;,
  0.007692;0.787080;-0.027961;,
  0.002263;0.906136;-0.096018;,
  -0.018497;0.927493;-0.078546;,
  -0.036446;0.937579;-0.045043;,
  -0.020818;0.949382;-0.058396;,
  0.010449;0.964575;-0.047656;,
  -0.005669;0.959410;-0.052236;,
  0.000800;0.890066;0.033749;,
  -0.036446;0.937579;-0.045043;,
  -0.020818;0.949382;-0.058396;,
  -0.041428;0.849574;-0.019786;,
  -0.048443;0.893203;-0.037467;,
  -0.040606;0.875646;-0.030169;,
  -0.055749;0.880711;-0.021844;,
  -0.055749;0.880711;-0.021844;,
  -0.041428;0.849574;-0.019786;,
  -0.048443;0.893203;-0.037467;,
  -0.035059;0.883722;-0.044720;,
  -0.034275;0.859627;-0.037496;,
  -0.035585;0.848360;-0.016436;,
  -0.004983;0.852323;-0.075253;,
  -0.034275;0.859627;-0.037496;,
  -0.027337;0.804191;0.032176;,
  -0.023771;0.831805;0.022263;,
  -0.057216;0.787349;0.024655;,
  -0.028168;0.852788;0.007297;,
  0.011269;0.503697;0.118247;,
  0.011137;0.469419;0.116987;,
  0.007756;0.444310;0.104396;,
  0.011077;0.450754;0.051153;,
  -0.005669;0.959410;-0.052236;,
  0.010449;0.964575;-0.047656;,
  0.008956;0.811143;-0.049011;,
  0.018374;0.827850;-0.064947;,
  0.018096;0.819484;-0.060135;,
  0.015441;0.851008;-0.074882;,
  0.009736;0.608884;0.088167;,
  -0.057216;0.787349;0.024655;,
  -0.134515;-0.000307;-0.075225;,
  0.009367;0.805727;-0.045239;,
  0.018514;0.801367;-0.048175;,
  0.017853;0.807320;-0.047679;,
  0.019379;0.808257;-0.053635;,
  -0.092909;0.736329;0.063866;,
  -0.070999;0.728502;0.039600;,
  -0.073024;0.727343;0.021434;,
  -0.070152;0.737933;-0.006335;,
  -0.041962;0.898699;-0.009194;,
  -0.028163;0.221641;-0.036465;,
  0.001500;0.145935;-0.031776;,
  -0.039435;0.145318;-0.029187;,
  0.003330;0.223630;-0.035153;,
  -0.031822;0.277877;-0.045908;,
  0.005679;0.278821;-0.044671;,
  -0.013898;0.369068;-0.030566;,
  0.007603;0.366958;-0.029909;,
  -0.003737;0.457384;-0.021610;,
  0.009352;0.452463;-0.020614;,
  0.011260;0.494348;-0.015677;,
  -0.029733;0.502800;-0.004214;,
  -0.000127;0.079554;-0.032788;,
  -0.044386;0.072925;-0.027163;,
  -0.047193;0.073519;0.090275;,
  -0.109637;0.157871;0.064887;,
  -0.096840;0.085629;0.057582;,
  -0.043875;0.148560;0.084130;,
  -0.105753;0.232224;0.068584;,
  -0.041852;0.215780;0.076996;,
  -0.035858;0.267760;0.074150;,
  -0.086528;0.276293;0.045100;,
  -0.098829;0.361818;0.071832;,
  -0.016367;0.351201;0.088425;,
  0.011137;0.469419;0.116987;,
  -0.029058;0.458029;0.112985;,
  -0.070999;0.728502;0.039600;,
  -0.051747;0.468146;-0.009261;,
  -0.069080;0.372824;-0.023899;,
  -0.079015;0.278552;-0.038793;,
  -0.082833;0.220340;-0.011640;,
  -0.087646;0.146786;-0.004049;,
  -0.096559;0.068026;0.005898;,
  0.109203;0.356381;0.068005;,
  0.051663;0.458492;0.113771;,
  0.096510;0.439456;0.084711;,
  0.085076;0.273794;0.043586;,
  0.101745;0.231092;0.068538;,
  0.097193;0.156711;0.070510;,
  0.078248;0.085060;0.070836;,
  -0.075907;0.441939;0.086431;;
  916;
  3;0,1,2;,
  3;1,0,3;,
  3;4,5,6;,
  3;5,4,7;,
  3;8,9,10;,
  3;9,8,11;,
  3;12,13,14;,
  3;13,12,15;,
  3;16,12,17;,
  3;12,16,15;,
  3;18,19,20;,
  3;19,18,16;,
  3;6,21,22;,
  3;21,6,5;,
  3;14,23,24;,
  3;23,14,13;,
  3;25,26,27;,
  3;26,25,28;,
  3;29,30,31;,
  3;30,29,32;,
  3;30,33,31;,
  3;33,30,34;,
  3;35,36,37;,
  3;36,35,38;,
  3;38,39,36;,
  3;39,38,40;,
  3;37,41,42;,
  3;41,37,36;,
  3;36,43,41;,
  3;43,36,39;,
  3;42,30,32;,
  3;30,42,41;,
  3;41,34,30;,
  3;34,41,43;,
  3;44,45,46;,
  3;45,44,47;,
  3;48,49,50;,
  3;49,48,51;,
  3;50,52,53;,
  3;52,50,49;,
  3;54,55,56;,
  3;55,54,57;,
  3;57,58,55;,
  3;58,57,59;,
  3;56,60,61;,
  3;60,56,55;,
  3;55,62,60;,
  3;62,55,58;,
  3;61,49,51;,
  3;49,61,60;,
  3;60,52,49;,
  3;52,60,62;,
  3;32,19,63;,
  3;19,32,29;,
  3;64,65,66;,
  3;65,64,20;,
  3;14,67,12;,
  3;67,14,68;,
  3;68,69,67;,
  3;69,68,70;,
  3;70,42,69;,
  3;42,70,37;,
  3;48,34,51;,
  3;34,48,33;,
  3;51,43,61;,
  3;43,51,34;,
  3;43,56,61;,
  3;56,43,39;,
  3;39,54,56;,
  3;54,39,40;,
  3;12,63,17;,
  3;63,12,67;,
  3;67,32,63;,
  3;32,67,69;,
  3;69,42,32;,
  3;71,72,25;,
  3;73,74,75;,
  3;74,73,76;,
  3;74,77,75;,
  3;77,74,78;,
  3;79,78,80;,
  3;78,79,77;,
  3;81,82,83;,
  3;82,84,85;,
  3;84,82,86;,
  3;87,88,89;,
  3;88,90,89;,
  3;90,88,91;,
  3;92,93,94;,
  3;92,89,93;,
  3;92,87,89;,
  3;89,95,93;,
  3;95,89,90;,
  3;96,93,82;,
  3;93,86,82;,
  3;86,93,95;,
  3;97,98,99;,
  3;98,97,100;,
  3;100,101,98;,
  3;101,100,102;,
  3;103,104,105;,
  3;104,103,106;,
  3;106,107,104;,
  3;107,106,108;,
  3;105,109,110;,
  3;109,105,104;,
  3;104,111,109;,
  3;111,104,107;,
  3;110,100,97;,
  3;100,110,109;,
  3;109,102,100;,
  3;102,109,111;,
  3;112,113,114;,
  3;113,112,115;,
  3;116,117,118;,
  3;117,116,119;,
  3;120,121,122;,
  3;121,120,123;,
  3;120,124,125;,
  3;124,120,122;,
  3;126,124,127;,
  3;124,126,125;,
  3;95,97,86;,
  3;97,95,110;,
  3;86,99,84;,
  3;99,86,97;,
  3;90,103,105;,
  3;103,90,91;,
  3;105,95,90;,
  3;95,105,110;,
  3;128,96,129;,
  3;96,128,94;,
  3;129,130,128;,
  3;130,129,131;,
  3;72,28,25;,
  3;28,72,132;,
  3;10,133,8;,
  3;134,135,136;,
  3;135,134,137;,
  3;81,137,134;,
  3;138,11,139;,
  3;138,9,11;,
  3;138,140,9;,
  3;141,11,142;,
  3;11,141,139;,
  3;128,130,143;,
  3;94,144,92;,
  3;94,143,144;,
  3;94,128,143;,
  3;145,87,146;,
  3;87,145,147;,
  3;75,148,73;,
  3;148,75,149;,
  3;150,147,145;,
  3;7,149,75;,
  3;148,151,73;,
  3;102,152,101;,
  3;152,102,126;,
  3;102,125,126;,
  3;125,102,111;,
  3;111,120,125;,
  3;120,111,107;,
  3;120,108,123;,
  3;108,120,107;,
  3;8,153,154;,
  3;153,8,133;,
  3;154,155,8;,
  3;155,154,156;,
  3;122,114,113;,
  3;114,122,121;,
  3;121,112,114;,
  3;112,121,157;,
  3;158,124,159;,
  3;124,158,127;,
  3;159,122,113;,
  3;122,159,124;,
  3;126,160,152;,
  3;160,126,161;,
  3;162,121,123;,
  3;121,162,163;,
  3;121,164,157;,
  3;164,121,163;,
  3;165,126,127;,
  3;126,165,161;,
  3;161,166,160;,
  3;166,161,167;,
  3;162,118,163;,
  3;118,162,116;,
  3;163,117,164;,
  3;117,163,118;,
  3;165,167,161;,
  3;167,165,168;,
  3;169,170,171;,
  3;170,169,172;,
  3;173,174,175;,
  3;174,173,176;,
  3;177,178,179;,
  3;178,177,173;,
  3;180,178,181;,
  3;178,180,182;,
  3;183,169,171;,
  3;169,183,184;,
  3;174,185,186;,
  3;185,174,176;,
  3;46,187,44;,
  3;187,46,188;,
  3;180,169,182;,
  3;169,180,172;,
  3;20,29,65;,
  3;19,29,20;,
  3;29,31,189;,
  3;31,190,189;,
  3;190,31,33;,
  3;33,191,190;,
  3;191,33,48;,
  3;191,50,192;,
  3;50,191,48;,
  3;192,53,193;,
  3;53,192,50;,
  3;194,171,185;,
  3;171,194,183;,
  3;171,186,185;,
  3;186,171,170;,
  3;185,176,194;,
  3;194,173,177;,
  3;173,194,176;,
  3;178,175,181;,
  3;175,178,173;,
  3;179,182,184;,
  3;182,179,178;,
  3;182,169,184;,
  3;16,17,19;,
  3;17,63,19;,
  3;65,195,66;,
  3;196,197,198;,
  3;197,196,199;,
  3;200,154,153;,
  3;154,200,201;,
  3;202,203,204;,
  3;205,206,207;,
  3;196,208,209;,
  3;208,196,198;,
  3;210,209,211;,
  3;209,210,196;,
  3;212,213,214;,
  3;213,212,215;,
  3;212,214,211;,
  3;201,216,217;,
  3;216,201,200;,
  3;218,219,220;,
  3;219,218,217;,
  3;210,199,196;,
  3;213,205,207;,
  3;221,222,223;,
  3;198,197,224;,
  3;224,225,226;,
  3;225,224,197;,
  3;227,213,207;,
  3;228,229,214;,
  3;229,228,230;,
  3;220,231,232;,
  3;213,228,214;,
  3;156,201,233;,
  3;201,156,154;,
  3;233,217,218;,
  3;217,233,201;,
  3;219,217,234;,
  3;235,219,234;,
  3;236,237,238;,
  3;237,236,239;,
  3;209,240,211;,
  3;240,209,241;,
  3;211,242,212;,
  3;242,211,240;,
  3;243,239,244;,
  3;239,243,237;,
  3;244,236,245;,
  3;236,244,239;,
  3;246,221,223;,
  3;221,246,215;,
  3;221,212,247;,
  3;212,221,215;,
  3;199,248,2;,
  3;248,199,249;,
  3;133,10,250;,
  3;249,210,251;,
  3;210,249,199;,
  3;210,211,251;,
  3;252,1,253;,
  3;1,252,2;,
  3;20,254,18;,
  3;254,20,64;,
  3;24,68,14;,
  3;68,24,255;,
  3;68,256,70;,
  3;256,68,255;,
  3;256,37,70;,
  3;37,256,257;,
  3;258,2,252;,
  3;2,258,199;,
  3;257,259,37;,
  3;37,259,35;,
  3;260,204,261;,
  3;204,260,202;,
  3;262,263,223;,
  3;263,262,264;,
  3;197,258,225;,
  3;258,197,199;,
  3;265,203,227;,
  3;265,207,266;,
  3;207,265,227;,
  3;223,267,246;,
  3;267,223,263;,
  3;88,87,147;,
  3;83,82,85;,
  3;78,16,18;,
  3;16,78,74;,
  3;74,15,16;,
  3;15,74,76;,
  3;15,71,13;,
  3;71,15,76;,
  3;13,268,23;,
  3;268,13,71;,
  3;248,269,2;,
  3;2,269,0;,
  3;136,129,134;,
  3;129,136,131;,
  3;134,96,81;,
  3;96,134,129;,
  3;96,82,81;,
  3;93,96,94;,
  3;29,189,65;,
  3;205,215,246;,
  3;267,205,246;,
  3;205,267,206;,
  3;205,213,215;,
  3;187,188,270;,
  3;224,271,272;,
  3;222,221,208;,
  3;224,222,198;,
  3;272,273,262;,
  3;273,272,271;,
  3;263,274,275;,
  3;273,276,262;,
  3;277,271,278;,
  3;271,277,273;,
  3;222,272,262;,
  3;272,222,224;,
  3;222,208,198;,
  3;209,221,247;,
  3;221,209,208;,
  3;223,222,262;,
  3;266,206,279;,
  3;206,266,207;,
  3;206,280,279;,
  3;280,206,267;,
  3;280,263,275;,
  3;263,280,267;,
  3;264,262,276;,
  3;76,73,72;,
  3;138,281,140;,
  3;73,132,72;,
  3;132,73,151;,
  3;72,71,76;,
  3;271,226,278;,
  3;155,11,8;,
  3;276,277,282;,
  3;277,276,273;,
  3;274,276,282;,
  3;276,274,264;,
  3;28,141,26;,
  3;141,28,139;,
  3;139,132,138;,
  3;132,139,28;,
  3;132,281,138;,
  3;281,132,151;,
  3;281,148,283;,
