xof 0303txt 0032
template ColorRGBA {
 <35ff44e0-6c7c-11cf-8f52-0040333594a3>
 FLOAT red;
 FLOAT green;
 FLOAT blue;
 FLOAT alpha;
}

template ColorRGB {
 <d3e16e81-7835-11cf-8f52-0040333594a3>
 FLOAT red;
 FLOAT green;
 FLOAT blue;
}

template Material {
 <3d82ab4d-62da-11cf-ab39-0020af71e433>
 ColorRGBA faceColor;
 FLOAT power;
 ColorRGB specularColor;
 ColorRGB emissiveColor;
 [...]
}

template TextureFilename {
 <a42790e1-7810-11cf-8f52-0040333594a3>
 STRING filename;
}

template Frame {
 <3d82ab46-62da-11cf-ab39-0020af71e433>
 [...]
}

template Matrix4x4 {
 <f6f23f45-7686-11cf-8f52-0040333594a3>
 array FLOAT matrix[16];
}

template FrameTransformMatrix {
 <f6f23f41-7686-11cf-8f52-0040333594a3>
 Matrix4x4 frameMatrix;
}

template Vector {
 <3d82ab5e-62da-11cf-ab39-0020af71e433>
 FLOAT x;
 FLOAT y;
 FLOAT z;
}

template MeshFace {
 <3d82ab5f-62da-11cf-ab39-0020af71e433>
 DWORD nFaceVertexIndices;
 array DWORD faceVertexIndices[nFaceVertexIndices];
}

template Mesh {
 <3d82ab44-62da-11cf-ab39-0020af71e433>
 DWORD nVertices;
 array Vector vertices[nVertices];
 DWORD nFaces;
 array MeshFace faces[nFaces];
 [...]
}

template MeshMaterialList {
 <f6f23f42-7686-11cf-8f52-0040333594a3>
 DWORD nMaterials;
 DWORD nFaceIndexes;
 array DWORD faceIndexes[nFaceIndexes];
 [Material <3d82ab4d-62da-11cf-ab39-0020af71e433>]
}

template VertexElement {
 <f752461c-1e23-48f6-b9f8-8350850f336f>
 DWORD Type;
 DWORD Method;
 DWORD Usage;
 DWORD UsageIndex;
}

template DeclData {
 <bf22e553-292c-4781-9fea-62bd554bdd93>
 DWORD nElements;
 array VertexElement Elements[nElements];
 DWORD nDWords;
 array DWORD data[nDWords];
}

template XSkinMeshHeader {
 <3cf169ce-ff7c-44ab-93c0-f78f62d172e2>
 WORD nMaxSkinWeightsPerVertex;
 WORD nMaxSkinWeightsPerFace;
 WORD nBones;
}

template SkinWeights {
 <6f0d123b-bad2-4167-a0d0-80224f25fabb>
 STRING transformNodeName;
 DWORD nWeights;
 array DWORD vertexIndices[nWeights];
 array FLOAT weights[nWeights];
 Matrix4x4 matrixOffset;
}

template AnimTicksPerSecond {
 <9e415a43-7ba6-4a73-8743-b73d47e88476>
 DWORD AnimTicksPerSecond;
}

template Animation {
 <3d82ab4f-62da-11cf-ab39-0020af71e433>
 [...]
}

template AnimationSet {
 <3d82ab50-62da-11cf-ab39-0020af71e433>
 [Animation <3d82ab4f-62da-11cf-ab39-0020af71e433>]
}

template FloatKeys {
 <10dd46a9-775b-11cf-8f52-0040333594a3>
 DWORD nValues;
 array FLOAT values[nValues];
}

template TimedFloatKeys {
 <f406b180-7b3b-11cf-8f52-0040333594a3>
 DWORD time;
 FloatKeys tfkeys;
}

template AnimationKey {
 <10dd46a8-775b-11cf-8f52-0040333594a3>
 DWORD keyType;
 DWORD nKeys;
 array TimedFloatKeys keys[nKeys];
}


Material _03_-_Default {
 1.000000;1.000000;1.000000;1.000000;;
 9.999999;
 0.000000;0.000000;0.000000;;
 0.000000;0.000000;0.000000;;

 TextureFilename {
  "MaleBody_full.png";
 }
}

Frame Dummy01 {
 

 FrameTransformMatrix {
  1.000000,0.000000,0.000000,0.000000,0.000000,-0.000000,-1.000000,0.000000,0.000000,1.000000,-0.000000,0.000000,0.000000,0.000000,0.000000,1.000000;;
 }

 Frame Bip01 {
  

  FrameTransformMatrix {
   -0.060047,-0.997618,-0.033940,0.000000,-0.035956,-0.031817,0.998847,0.000000,-0.997548,0.061198,-0.033960,0.000000,0.000000,0.305240,-0.143201,1.000000;;
  }

  Frame Bip01_Pelvis {
   

   FrameTransformMatrix {
    0.000000,0.998043,-0.062526,0.000000,-0.000001,0.062526,0.998043,0.000000,1.000000,0.000000,0.000001,0.000000,0.000000,0.000000,0.000000,1.000000;;
   }

   Frame Bip01_Spine {
    

    FrameTransformMatrix {
     0.996085,-0.018962,-0.086345,0.000000,0.019331,0.999807,0.003434,0.000000,0.086264,-0.005089,0.996259,0.000000,0.051525,0.003229,-0.000084,1.000000;;
    }

    Frame Bip01_Spine1 {
     

     FrameTransformMatrix {
      0.997321,0.039773,-0.061385,0.000000,-0.038057,0.998859,0.028864,0.000000,0.062463,-0.026451,0.997697,0.000000,0.106475,0.000002,-0.000085,1.000000;;
     }

     Frame Bip01_Neck {
      

      FrameTransformMatrix {
       0.946123,0.281317,0.160353,0.000000,-0.249276,0.948840,-0.193813,0.000000,-0.206673,0.143399,0.967845,0.000000,0.130510,-0.000004,0.004626,1.000000;;
      }

      Frame Bip01_Head {
       

       FrameTransformMatrix {
        0.851005,-0.114448,-0.512535,0.000000,0.201938,0.972240,0.118195,0.000000,0.484780,-0.204085,0.850493,0.000000,0.033674,0.000000,0.000000,1.000000;;
       }

       Frame Bip01_HeadNub {
        

        FrameTransformMatrix {
         1.000000,-0.000000,-0.000000,0.000000,0.000000,1.000000,0.000000,0.000000,0.000000,0.000000,1.000000,0.000000,0.169824,0.000000,-0.000000,1.000000;;
        }
       }
      }

      Frame Bip01_L_Clavicle {
       

       FrameTransformMatrix {
        0.486077,0.868923,0.093283,0.000000,0.858937,-0.455338,-0.234293,0.000000,-0.161107,0.194009,-0.967680,0.000000,-0.019055,0.021801,0.002743,1.000000;;
       }

       Frame Bip01_L_UpperArm {
        

        FrameTransformMatrix {
         0.255845,0.916610,-0.307196,0.000000,-0.106589,0.342581,0.933422,0.000000,0.960824,-0.206067,0.185348,0.000000,0.087086,0.000000,0.000000,1.000000;;
        }

        Frame Bip01_L_Forearm {
         

         FrameTransformMatrix {
          0.999998,0.000000,-0.002128,0.000000,0.000000,1.000000,0.000000,0.000000,0.002128,-0.000000,0.999998,0.000000,0.137062,0.000000,0.000000,1.000000;;
         }

         Frame Bip01_L_Hand {
          

          FrameTransformMatrix {
           0.985438,0.152818,-0.074551,0.000000,0.120626,-0.319306,0.939943,0.000000,0.119836,-0.935249,-0.333090,0.000000,0.137062,0.000000,0.000000,1.000000;;
          }

          Frame Bip01_L_Finger0 {
           

           FrameTransformMatrix {
            0.718296,-0.222034,0.659357,0.000000,0.558537,0.749101,-0.356210,0.000000,-0.414835,0.624140,0.662090,0.000000,0.057681,-0.023605,-0.000272,1.000000;;
           }

           Frame Bip01_L_Finger0Nub {
            

            FrameTransformMatrix {
             1.000000,-0.000000,0.000000,0.000000,0.000000,1.000000,0.000000,0.000000,-0.000000,0.000000,1.000000,0.000000,0.029435,0.000000,0.000000,1.000000;;
            }
           }
          }

          Frame Bip01_L_Finger1 {
           

           FrameTransformMatrix {
            0.089974,-0.000793,0.995944,0.000000,0.000000,1.000000,0.000796,0.000000,-0.995944,-0.000072,0.089974,0.000000,0.084102,0.000000,-0.000000,1.000000;;
           }

           Frame Bip01_L_Finger1Nub {
            

            FrameTransformMatrix {
             1.000000,-0.000000,0.000000,0.000000,0.000000,1.000000,0.000000,0.000000,0.000000,0.000000,1.000000,0.000000,0.047988,0.000000,0.000000,1.000000;;
            }
           }
          }
         }
        }
       }
      }

      Frame Bip01_R_Clavicle {
       

       FrameTransformMatrix {
        0.036556,-0.980993,-0.190568,0.000000,-0.985683,-0.066804,0.154809,0.000000,-0.164597,0.182181,-0.969390,0.000000,-0.027897,-0.008020,-0.001764,1.000000;;
       }

       Frame Bip01_R_UpperArm {
        

        FrameTransformMatrix {
         0.425565,-0.853095,-0.301866,0.000000,-0.113480,0.280637,-0.953082,0.000000,0.897785,0.439854,0.022620,0.000000,0.087086,0.000000,0.000000,1.000000;;
        }

        Frame Bip01_R_Forearm {
         

         FrameTransformMatrix {
          0.948610,0.000000,-0.316447,0.000000,0.000000,1.000000,-0.000000,0.000000,0.316447,-0.000000,0.948610,0.000000,0.137062,0.000000,0.000000,1.000000;;
         }

         Frame Bip01_R_Hand {
          

          FrameTransformMatrix {
           0.966980,-0.208106,0.147111,0.000000,0.087169,-0.272350,-0.958242,0.000000,0.239482,0.939424,-0.245217,0.000000,0.137062,0.000000,0.000000,1.000000;;
          }

          Frame Bip01_R_Finger0 {
           

           FrameTransformMatrix {
            0.699048,0.193931,0.688275,0.000000,-0.558537,0.749101,0.356210,0.000000,-0.446508,-0.633435,0.631975,0.000000,0.057681,0.023605,-0.000272,1.000000;;
           }

           Frame Bip01_R_Finger0Nub {
            

            FrameTransformMatrix {
             -1.000000,-0.000000,-0.000000,0.000000,-0.000000,1.000000,0.000000,0.000000,-0.000000,0.000000,-1.000000,0.000000,0.029435,0.000000,0.000000,1.000000;;
            }
           }
          }

          Frame Bip01_R_Finger1 {
           

           FrameTransformMatrix {
            0.147503,0.000788,0.989061,0.000000,0.000000,1.000000,-0.000796,0.000000,-0.989061,0.000117,0.147503,0.000000,0.084102,0.000000,0.000000,1.000000;;
           }

           Frame Bip01_R_Finger1Nub {
            

            FrameTransformMatrix {
             -1.000000,0.000000,0.000000,0.000000,0.000000,1.000000,-0.000000,0.000000,-0.000000,0.000000,-1.000000,0.000000,0.047988,0.000000,0.000000,1.000000;;
            }
           }
          }
         }
        }
       }
      }
     }

     Frame Bip01_BackPack {
      

      FrameTransformMatrix {
       0.008250,-0.000002,-0.999966,0.000000,0.000003,1.000000,-0.000002,0.000000,0.999966,-0.000003,0.008250,0.000000,0.063696,-0.000000,-0.088848,1.000000;;
      }

      Frame Bip01_BackPackNub {
       

       FrameTransformMatrix {
        0.000796,0.000003,1.000000,0.000000,0.000000,-1.000000,0.000003,0.000000,1.000000,-0.000000,-0.000796,0.000000,0.053240,0.000000,0.000000,1.000000;;
       }
      }
     }
    }

    Frame Bip01_L_Thigh {
     

     FrameTransformMatrix {
      -0.995759,-0.049043,0.077840,0.000000,0.053105,-0.997286,0.051002,0.000000,0.075128,0.054920,0.995661,0.000000,-0.052317,0.050991,-0.004625,1.000000;;
     }

     Frame Bip01_L_Calf {
      

      FrameTransformMatrix {
       0.958226,0.000000,-0.286012,0.000000,0.000000,1.000000,0.000000,0.000000,0.286012,-0.000000,0.958226,0.000000,0.237500,0.000000,0.000000,1.000000;;
      }

      Frame Bip01_L_Foot {
       

       FrameTransformMatrix {
        0.985660,-0.003000,-0.168718,0.000000,-0.000206,0.999820,-0.018981,0.000000,0.168744,0.018744,0.985481,0.000000,0.206841,0.000000,-0.000000,1.000000;;
       }

       Frame Bip01_L_Toe0 {
        

        FrameTransformMatrix {
         0.196670,0.145110,0.969672,0.000000,0.029399,0.987670,-0.153766,0.000000,-0.980029,0.058748,0.189979,0.000000,0.065373,0.000000,0.066450,1.000000;;
        }

        Frame Bip01_L_Toe0Nub {
         

         FrameTransformMatrix {
          -1.000000,0.000000,0.000000,0.000000,0.000000,1.000000,-0.000000,0.000000,0.000000,-0.000000,-1.000000,0.000000,0.006735,0.000000,0.000000,1.000000;;
         }
        }
       }
      }
     }
    }

    Frame Bip01_R_Thigh {
     

     FrameTransformMatrix {
      -0.991217,-0.095945,0.091010,0.000000,0.088998,-0.993008,-0.077550,0.000000,0.097814,-0.068770,0.992826,0.000000,-0.050222,-0.059439,-0.004063,1.000000;;
     }

     Frame Bip01_R_Calf {
      

      FrameTransformMatrix {
       0.833501,0.000000,-0.552519,0.000000,0.000000,1.000000,0.000000,0.000000,0.552519,-0.000000,0.833500,0.000000,0.237500,0.000000,0.000000,1.000000;;
      }

      Frame Bip01_R_Foot {
       

       FrameTransformMatrix {
        0.997015,-0.049387,-0.059347,0.000000,0.042291,0.992419,-0.115395,0.000000,0.064596,0.112541,0.991545,0.000000,0.206841,-0.000000,0.000000,1.000000;;
       }

       Frame Bip01_R_Toe0 {
        

        FrameTransformMatrix {
         -0.550203,-0.045126,0.833811,0.000000,-0.058757,0.998156,0.015249,0.000000,-0.832961,-0.040602,-0.551840,0.000000,0.065373,0.000000,0.066450,1.000000;;
        }

        Frame Bip01_R_Toe0Nub {
         

         FrameTransformMatrix {
          1.000000,0.000000,-0.000000,0.000000,0.000000,1.000000,0.000000,0.000000,0.000000,-0.000000,1.000000,0.000000,0.006735,0.000000,0.000000,1.000000;;
         }
        }
       }
      }
     }
    }
   }

   Frame Bip01_DressFront {
    

    FrameTransformMatrix {
     -0.977308,-0.053351,0.204992,0.000000,-0.052472,0.998575,0.009723,0.000000,-0.205219,-0.001254,-0.978715,0.000000,-0.043972,0.001399,0.061084,1.000000;;
    }

    Frame Bip01_DressFront02 {
     

     FrameTransformMatrix {
      0.945398,0.000001,0.325918,0.000000,-0.000001,1.000000,-0.000000,0.000000,-0.325918,-0.000000,0.945398,0.000000,0.183367,0.000000,-0.000124,1.000000;;
     }

     Frame Bip01_DressFrontNub {
      

      FrameTransformMatrix {
       0.000796,0.000003,1.000000,0.000000,-0.000000,-1.000000,0.000003,0.000000,1.000000,-0.000000,-0.000796,0.000000,0.165302,0.000000,0.000000,1.000000;;
      }
     }
    }
   }

   Frame Bip01_DressBack {
    

    FrameTransformMatrix {
     -0.959152,-0.077657,0.272024,0.000000,-0.075636,0.996974,0.017923,0.000000,-0.272593,-0.003384,-0.962123,0.000000,-0.047694,0.000001,-0.078284,1.000000;;
    }

    Frame Bip01_DressBack02 {
     

     FrameTransformMatrix {
      0.912317,0.000001,0.409484,0.000000,-0.000001,1.000000,-0.000000,0.000000,-0.409484,-0.000000,0.912317,0.000000,0.176203,0.000000,-0.000099,1.000000;;
     }

     Frame Bip01_DressBackNub {
      

      FrameTransformMatrix {
       0.000796,0.000003,1.000000,0.000000,0.000000,-1.000000,0.000003,0.000000,1.000000,0.000000,-0.000796,0.000000,0.136508,0.000000,-0.000000,1.000000;;
      }
     }
    }
   }
  }

  Frame Bip01_Prop1 {
   

   FrameTransformMatrix {
    0.422404,-0.045727,-0.905253,0.000000,0.725946,-0.580963,0.368083,0.000000,-0.542750,-0.812645,-0.212206,0.000000,0.011120,0.552711,-0.117327,1.000000;;
   }
  }

  Frame Bip01_Prop2 {
   

   FrameTransformMatrix {
    -0.054665,0.998460,-0.009448,0.000000,-0.170979,-0.018683,-0.985098,0.000000,-0.983757,-0.052235,0.171737,0.000000,0.020808,0.556887,0.084274,1.000000;;
   }
  }
 }
}

Frame Translation_Data {
 

 FrameTransformMatrix {
  1.000000,0.000000,0.000000,0.000000,0.000000,-0.000000,-1.000000,0.000000,0.000000,1.000000,-0.000000,0.000000,0.000000,-0.000000,0.000000,1.000000;;
 }
}

Frame Body {
 

 FrameTransformMatrix {
  1.000000,0.000000,0.000000,0.000000,0.000000,1.000000,0.000000,0.000000,0.000000,0.000000,1.000000,0.000000,0.000000,0.000000,0.000000,1.000000;;
 }

 Mesh Body {
  617;
  -0.061993;0.139122;-0.296795;,
  -0.029031;0.119143;-0.290755;,
  -0.023047;0.145202;-0.311498;,
  -0.076173;0.119727;-0.290381;,
  -0.080876;0.093386;-0.286039;,
  -0.051190;0.059083;-0.258046;,
  -0.037516;0.091286;-0.269060;,
  -0.086884;0.057768;-0.290360;,
  -0.022538;0.159008;-0.351759;,
  -0.072571;0.134632;-0.372082;,
  -0.059351;0.148934;-0.346109;,
  -0.040302;0.135434;-0.378793;,
  -0.079542;-0.090191;-0.346960;,
  -0.038567;-0.083810;-0.362862;,
  -0.036971;-0.095247;-0.368973;,
  -0.073360;-0.080433;-0.342721;,
  -0.071326;-0.080352;-0.286555;,
  -0.083245;-0.106844;-0.307230;,
  -0.045496;-0.086089;-0.254332;,
  -0.071329;-0.131414;-0.277888;,
  -0.043352;-0.142131;-0.266895;,
  0.002536;0.058029;-0.248732;,
  0.003357;0.093067;-0.265644;,
  0.004177;-0.087325;-0.360295;,
  0.004838;-0.100722;-0.366412;,
  -0.046265;0.004562;-0.376065;,
  0.006456;0.039143;-0.389053;,
  0.005892;0.003543;-0.378134;,
  -0.050559;0.042780;-0.386730;,
  -0.059940;-0.178128;-0.262863;,
  -0.097923;-0.282139;-0.281169;,
  -0.063133;-0.275348;-0.249563;,
  -0.090885;-0.183469;-0.302381;,
  -0.060973;-0.370665;-0.235816;,
  -0.085219;-0.375228;-0.282567;,
  -0.009108;-0.177440;-0.278695;,
  -0.011895;-0.286513;-0.345301;,
  -0.009722;-0.202454;-0.374573;,
  -0.013137;-0.277069;-0.269931;,
  -0.028035;-0.373178;-0.315836;,
  -0.029154;-0.373982;-0.273628;,
  -0.091809;-0.288867;-0.345299;,
  -0.080618;-0.205396;-0.359137;,
  -0.068642;-0.372120;-0.319636;,
  -0.066329;-0.641229;-0.343290;,
  -0.023438;-0.626154;-0.382851;,
  -0.021832;-0.641694;-0.336599;,
  -0.058187;-0.626654;-0.385549;,
  -0.057448;-0.428453;-0.264718;,
  -0.079118;-0.501662;-0.306111;,
  -0.052813;-0.501737;-0.274667;,
  -0.085951;-0.427902;-0.296378;,
  -0.066963;-0.578873;-0.317010;,
  -0.049721;-0.582587;-0.287366;,
  -0.013266;-0.442563;-0.286008;,
  -0.014766;-0.487624;-0.337231;,
  -0.010357;-0.421904;-0.337695;,
  -0.020962;-0.500513;-0.296862;,
  -0.032747;-0.563646;-0.334979;,
  -0.030617;-0.585359;-0.312612;,
  -0.076463;-0.491391;-0.343167;,
  -0.082190;-0.417076;-0.344472;,
  -0.056983;-0.559581;-0.336059;,
  -0.089788;-0.135326;-0.313773;,
  -0.003334;-0.151384;-0.252886;,
  -0.009108;-0.177440;-0.278695;,
  -0.003407;-0.185373;-0.268083;,
  -0.088394;-0.138687;-0.368274;,
  -0.037064;-0.140615;-0.389330;,
  -0.081854;-0.190795;-0.365076;,
  -0.035494;-0.187312;-0.384064;,
  -0.043366;-0.040029;-0.363391;,
  -0.078567;0.006235;-0.359416;,
  -0.090454;0.013813;-0.343559;,
  -0.070807;-0.027807;-0.288978;,
  -0.085734;0.024269;-0.290420;,
  -0.076362;-0.035591;-0.339497;,
  -0.052757;0.026050;-0.253212;,
  -0.049322;-0.029316;-0.258231;,
  0.001013;0.025403;-0.244633;,
  -0.000896;-0.035239;-0.250685;,
  -0.061181;0.171156;-0.334862;,
  -0.064374;0.221629;-0.332179;,
  -0.071578;0.149763;-0.286593;,
  -0.075396;0.269425;-0.268643;,
  -0.071068;0.209875;-0.273810;,
  -0.069863;0.278179;-0.316118;,
  -0.131406;0.160736;-0.290071;,
  -0.071068;0.209875;-0.273810;,
  -0.136737;0.210739;-0.281044;,
  -0.128430;0.259736;-0.275971;,
  -0.075396;0.269425;-0.268643;,
  -0.138012;0.161703;-0.299228;,
  -0.130110;0.222226;-0.339593;,
  -0.126794;0.172636;-0.341288;,
  -0.122959;0.268445;-0.323305;,
  -0.089148;0.172299;-0.345478;,
  -0.067257;0.307064;-0.314812;,
  -0.082676;0.361080;-0.258613;,
  -0.075402;0.300839;-0.258285;,
  -0.076932;0.362534;-0.294838;,
  -0.089937;0.401297;-0.257229;,
  -0.088734;0.408969;-0.280570;,
  -0.075402;0.300839;-0.258285;,
  -0.136619;0.351996;-0.275392;,
  -0.136207;0.289513;-0.267550;,
  -0.082676;0.361080;-0.258613;,
  -0.127904;0.398731;-0.265289;,
  -0.089937;0.401297;-0.257229;,
  -0.131829;0.352869;-0.303148;,
  -0.128321;0.295700;-0.323814;,
  -0.125757;0.404437;-0.285295;,
  -0.073720;0.497413;-0.226484;,
  -0.120213;0.469846;-0.244791;,
  -0.073401;0.478221;-0.237228;,
  -0.119990;0.488814;-0.234240;,
  -0.061386;0.479099;-0.247053;,
  -0.067132;0.490465;-0.257928;,
  -0.069139;0.487184;-0.247618;,
  -0.054499;0.482952;-0.255646;,
  -0.121936;0.433705;-0.241830;,
  -0.076672;0.463310;-0.268661;,
  -0.125221;0.470195;-0.249148;,
  -0.073313;0.432877;-0.252184;,
  -0.129158;0.479617;-0.266289;,
  -0.131436;0.435812;-0.278392;,
  -0.080854;0.434119;-0.290254;,
  -0.082621;0.472285;-0.285410;,
  -0.081751;0.166934;-0.349087;,
  -0.085791;0.174336;-0.320631;,
  -0.059351;0.148934;-0.346109;,
  -0.054944;0.156179;-0.320916;,
  -0.087727;0.049574;-0.371211;,
  -0.033186;0.156152;-0.325455;,
  -0.085031;0.157752;-0.300072;,
  -0.076173;0.119727;-0.290381;,
  -0.061993;0.139122;-0.296795;,
  -0.086372;0.135535;-0.302896;,
  -0.097765;0.097000;-0.365513;,
  -0.051617;0.080451;-0.388039;,
  -0.100477;0.102700;-0.362223;,
  0.006141;0.074071;-0.389317;,
  0.006354;0.131428;-0.371514;,
  -0.072571;0.134632;-0.372082;,
  -0.100477;0.102700;-0.362223;,
  -0.084442;0.087325;-0.312779;,
  -0.100789;0.098471;-0.352710;,
  -0.071578;0.149763;-0.286593;,
  -0.090824;0.050976;-0.339020;,
  -0.084933;0.052455;-0.304139;,
  -0.080876;0.093386;-0.286039;,
  -0.095664;0.051662;-0.355332;,
  -0.073313;0.432877;-0.252184;,
  -0.036936;0.173945;-0.336005;,
  -0.024978;0.172229;-0.355448;,
  0.006643;0.160518;-0.355480;,
  0.001284;0.176728;-0.360612;,
  -0.082621;0.472285;-0.285410;,
  -0.073720;0.497413;-0.226484;,
  -0.119990;0.488814;-0.234240;,
  -0.063384;0.459304;-0.248594;,
  -0.054955;0.469897;-0.270678;,
  -0.063384;0.459304;-0.248594;,
  -0.075962;0.470804;-0.253723;,
  -0.075439;0.474623;-0.278031;,
  -0.075439;0.474623;-0.278031;,
  -0.061386;0.479099;-0.247053;,
  -0.054499;0.482952;-0.255646;,
  -0.067132;0.490465;-0.257928;,
  -0.079228;-0.645661;-0.264386;,
  -0.051676;-0.680248;-0.226579;,
  -0.050513;-0.660313;-0.227319;,
  -0.084500;-0.668525;-0.264983;,
  -0.021782;-0.597941;-0.361767;,
  -0.021832;-0.641694;-0.336599;,
  -0.023438;-0.626154;-0.382851;,
  -0.021605;-0.618886;-0.326071;,
  -0.032747;-0.563646;-0.334979;,
  -0.063326;-0.595721;-0.363801;,
  -0.056983;-0.559581;-0.336059;,
  -0.066329;-0.641229;-0.343290;,
  -0.058187;-0.626654;-0.385549;,
  -0.068989;-0.608978;-0.329820;,
  -0.049721;-0.582587;-0.287366;,
  -0.066963;-0.578873;-0.317010;,
  -0.022209;-0.659492;-0.235833;,
  -0.016067;-0.676462;-0.233485;,
  -0.084500;-0.668525;-0.264983;,
  -0.016067;-0.676462;-0.233485;,
  -0.013137;-0.277069;-0.269931;,
  -0.029154;-0.373982;-0.273628;,
  -0.013266;-0.442563;-0.286008;,
  -0.020962;-0.500513;-0.296862;,
  -0.030617;-0.585359;-0.312612;,
  -0.030617;-0.585359;-0.312612;,
  -0.000708;-0.196158;-0.318879;,
  -0.050776;0.187401;-0.320042;,
  -0.034521;0.189039;-0.298659;,
  -0.043746;0.194908;-0.301207;,
  -0.031511;0.176331;-0.317567;,
  -0.041674;0.192017;-0.349604;,
  -0.032340;0.190327;-0.371797;,
  -0.029447;0.313073;-0.380683;,
  -0.011906;0.321787;-0.352417;,
  -0.009974;0.318312;-0.382003;,
  -0.045646;0.279471;-0.306812;,
  -0.029284;0.283138;-0.299632;,
  -0.042132;0.299701;-0.328287;,
  -0.050480;0.213549;-0.309185;,
  -0.056574;0.208718;-0.337901;,
  -0.048797;0.192592;-0.333384;,
  -0.057261;0.229630;-0.370856;,
  -0.059917;0.249667;-0.356945;,
  -0.054308;0.296283;-0.346589;,
  -0.060780;0.284152;-0.370901;,
  -0.057810;0.259831;-0.331751;,
  -0.053414;0.224770;-0.386475;,
  -0.041148;0.222091;-0.407464;,
  -0.001275;0.219862;-0.415267;,
  -0.037307;0.268561;-0.420808;,
  -0.003778;0.267229;-0.428677;,
  -0.057525;0.239861;-0.320953;,
  -0.042042;0.213048;-0.291865;,
  -0.044960;0.248425;-0.297584;,
  -0.027822;0.199020;-0.268328;,
  -0.007253;0.189670;-0.274334;,
  -0.009086;0.202196;-0.257402;,
  -0.037489;0.312068;-0.345545;,
  -0.048712;0.302709;-0.376832;,
  -0.053904;0.274913;-0.404159;,
  -0.041677;0.295208;-0.404846;,
  -0.024138;0.297839;-0.412158;,
  -0.006843;0.299748;-0.414321;,
  -0.001125;0.192959;-0.385428;,
  -0.053904;0.274913;-0.404159;,
  -0.041677;0.295208;-0.404846;,
  -0.062939;0.210922;-0.339112;,
  -0.068977;0.245061;-0.371721;,
  -0.072766;0.224259;-0.369185;,
  -0.061770;0.232228;-0.357358;,
  -0.072766;0.224259;-0.369185;,
  -0.062939;0.210922;-0.339112;,
  -0.068977;0.245061;-0.371721;,
  -0.059917;0.249667;-0.356945;,
  -0.060273;0.232337;-0.338700;,
  -0.056574;0.208718;-0.337901;,
  -0.045330;0.267488;-0.309067;,
  -0.060273;0.232337;-0.338700;,
  -0.033186;0.156152;-0.325455;,
  -0.036936;0.173945;-0.336005;,
  -0.054944;0.156179;-0.320916;,
  -0.041674;0.192017;-0.349604;,
  0.004257;0.137700;-0.290242;,
  0.003972;0.115726;-0.280516;,
  -0.002439;-0.089754;-0.248178;,
  0.004788;-0.144455;-0.386711;,
  0.003701;-0.178691;-0.384894;,
  0.008734;-0.200865;-0.371167;,
  -0.006815;0.174328;-0.288814;,
  -0.000708;-0.196158;-0.318879;,
  -0.024138;0.297839;-0.412158;,
  -0.006843;0.299748;-0.414321;,
  -0.029800;0.228624;-0.280307;,
  -0.023538;0.252118;-0.285837;,
  -0.023471;0.244010;-0.280596;,
  -0.012667;0.320075;-0.337040;,
  -0.013141;0.308262;-0.314509;,
  -0.026169;0.270878;-0.302712;,
  0.004091;-0.042569;-0.363191;,
  -0.054944;0.156179;-0.320916;,
  -0.051676;-0.680248;-0.226579;,
  -0.021890;0.225346;-0.269614;,
  -0.028997;0.222937;-0.277030;,
  -0.021540;0.227572;-0.275185;,
  -0.011143;0.246659;-0.275105;,
  -0.012180;0.258803;-0.271621;,
  -0.021808;0.233442;-0.273146;,
  -0.009966;0.228900;-0.274239;,
  -0.010265;0.226187;-0.265746;,
  -0.012921;0.286805;-0.292452;,
  -0.012323;0.276784;-0.290826;,
  -0.100789;0.098471;-0.352710;,
  -0.010752;0.236244;-0.269367;,
  -0.081455;0.086145;-0.327112;,
  -0.084442;0.087325;-0.312779;,
  -0.080876;0.093386;-0.286039;,
  -0.053414;0.224770;-0.386475;,
  -0.057448;-0.428453;-0.264718;,
  -0.028226;-0.497456;-0.254140;,
  -0.020923;-0.421386;-0.239423;,
  -0.052813;-0.501737;-0.274667;,
  -0.060973;-0.370665;-0.235816;,
  -0.025243;-0.366642;-0.225674;,
  -0.063133;-0.275348;-0.249563;,
  -0.014391;-0.274147;-0.240300;,
  -0.059940;-0.178128;-0.262863;,
  -0.012818;-0.185703;-0.248946;,
  -0.043352;-0.142131;-0.266895;,
  -0.026549;-0.569625;-0.262171;,
  -0.049721;-0.582587;-0.287366;,
  -0.016905;-0.493369;-0.364666;,
  0.013871;-0.552741;-0.400207;,
  -0.017030;-0.563094;-0.372768;,
  0.011289;-0.481756;-0.382688;,
  0.007601;-0.418091;-0.358046;,
  -0.013273;-0.422373;-0.352030;,
  0.004192;-0.358892;-0.345316;,
  -0.017728;-0.374610;-0.345133;,
  -0.009207;-0.287655;-0.359978;,
  0.006990;-0.278876;-0.364859;,
  0.004203;-0.206314;-0.382745;,
  -0.081455;0.086145;-0.327112;,
  0.069574;0.140851;-0.293580;,
  0.037501;0.118395;-0.289143;,
  0.084140;0.121319;-0.286457;,
  0.032952;0.145178;-0.309771;,
  0.088051;0.092123;-0.282277;,
  0.056729;0.057001;-0.254698;,
  0.094251;0.054274;-0.284741;,
  0.044296;0.090366;-0.267077;,
  0.035330;0.159297;-0.349783;,
  0.084853;0.133458;-0.367864;,
  0.053387;0.134381;-0.376521;,
  0.068891;0.150124;-0.342545;,
  0.086798;-0.094952;-0.337110;,
  0.047068;-0.086591;-0.357862;,
  0.079432;-0.085394;-0.333799;,
  0.046901;-0.097648;-0.364007;,
  0.070899;-0.084970;-0.278250;,
  0.084835;-0.111655;-0.297277;,
  0.041187;-0.088904;-0.249270;,
  0.068139;-0.135189;-0.269722;,
  0.038518;-0.144474;-0.262047;,
  0.004177;-0.087325;-0.360295;,
  0.004838;-0.100722;-0.366412;,
  0.057695;0.001491;-0.371942;,
  0.006456;0.039143;-0.389053;,
  0.063320;0.040583;-0.383197;,
  0.005892;0.003543;-0.378134;,
  0.056874;-0.180691;-0.255668;,
  0.102091;-0.282796;-0.269286;,
  0.091364;-0.185654;-0.292315;,
  0.064710;-0.277260;-0.240519;,
  0.066060;-0.377919;-0.226016;,
  0.093806;-0.376218;-0.269865;,
  0.008650;-0.182346;-0.275189;,
  0.021510;-0.291964;-0.339683;,
  0.016551;-0.281564;-0.264592;,
  0.014437;-0.203145;-0.373143;,
  0.039158;-0.372382;-0.305960;,
  0.037239;-0.377907;-0.265223;,
  0.101214;-0.290575;-0.333583;,
  0.086379;-0.208741;-0.349346;,
  0.079853;-0.369565;-0.306524;,
  0.083940;-0.619435;-0.399174;,
  0.037862;-0.599802;-0.432692;,
  0.072328;-0.598285;-0.437677;,
  0.040073;-0.623015;-0.389801;,
  0.066860;-0.432462;-0.269146;,
  0.093892;-0.490918;-0.327410;,
  0.097372;-0.422665;-0.297219;,
  0.065569;-0.500160;-0.299249;,
  0.085049;-0.562267;-0.361012;,
  0.067320;-0.573582;-0.333454;,
  0.024739;-0.440824;-0.296721;,
  0.031292;-0.469845;-0.358131;,
  0.035246;-0.493341;-0.322544;,
  0.024535;-0.406667;-0.340766;,
  0.050865;-0.543982;-0.375666;,
  0.048687;-0.571227;-0.357090;,
  0.093343;-0.470799;-0.360283;,
  0.096437;-0.398965;-0.340599;,
  0.074984;-0.539083;-0.375104;,
  0.090470;-0.140485;-0.303099;,
  0.008650;-0.182346;-0.275189;,
  0.095323;-0.143945;-0.357395;,
  0.046808;-0.143015;-0.384364;,
  0.087184;-0.194834;-0.355168;,
  0.042846;-0.190579;-0.378883;,
  0.051418;-0.043446;-0.358920;,
  0.088644;0.001295;-0.352785;,
  0.099694;0.008196;-0.336018;,
  0.072630;-0.032977;-0.282211;,
  0.082282;-0.041309;-0.332013;,
  0.091486;0.019034;-0.283392;,
  0.055879;0.022840;-0.248904;,
  0.048324;-0.032836;-0.253625;,
  0.077425;0.181389;-0.337860;,
  0.072950;0.160536;-0.288456;,
  0.087272;0.230961;-0.334606;,
  0.089686;0.274575;-0.271260;,
  0.096987;0.282911;-0.318573;,
  0.078283;0.220542;-0.276292;,
  0.132868;0.162762;-0.277648;,
  0.143211;0.211800;-0.267723;,
  0.078283;0.220542;-0.276292;,
  0.143030;0.265025;-0.264111;,
  0.089686;0.274575;-0.271260;,
  0.141506;0.162442;-0.284975;,
  0.152267;0.221939;-0.326195;,
  0.142200;0.173295;-0.328520;,
  0.150365;0.273375;-0.311259;,
  0.106958;0.178155;-0.341532;,
  0.090198;0.306527;-0.319505;,
  0.079215;0.360661;-0.262385;,
  0.084266;0.362220;-0.298709;,
  0.082198;0.300057;-0.262985;,
  0.078665;0.403053;-0.259089;,
  0.083334;0.409585;-0.282484;,
  0.082198;0.300057;-0.262985;,
  0.136432;0.361011;-0.262253;,
  0.079215;0.360661;-0.262385;,
  0.144370;0.298804;-0.253637;,
  0.117758;0.404448;-0.256529;,
  0.078665;0.403053;-0.259089;,
  0.139976;0.361904;-0.290194;,
  0.152488;0.305207;-0.309844;,
  0.120469;0.410913;-0.276118;,
  0.061253;0.507322;-0.238174;,
  0.108293;0.475301;-0.242483;,
  0.107319;0.495492;-0.234576;,
  0.061722;0.486911;-0.246361;,
  0.052944;0.484932;-0.257991;,
  0.061274;0.495516;-0.267943;,
  0.048009;0.488789;-0.267833;,
  0.061141;0.492562;-0.257345;,
  0.107757;0.438205;-0.238084;,
  0.070918;0.467564;-0.275849;,
  0.062432;0.438639;-0.258521;,
  0.114591;0.473863;-0.246896;,
  0.122578;0.481781;-0.263378;,
  0.124838;0.437126;-0.271826;,
  0.077870;0.436667;-0.294095;,
  0.080760;0.474982;-0.291488;,
  0.089310;0.171889;-0.344872;,
  0.091379;0.179563;-0.316287;,
  0.068891;0.150124;-0.342545;,
  0.062699;0.157962;-0.318045;,
  0.099708;0.045958;-0.365396;,
  0.043930;0.156823;-0.322647;,
  0.091052;0.163296;-0.296056;,
  0.084140;0.121319;-0.286457;,
  0.093653;0.143574;-0.300727;,
  0.069574;0.140851;-0.293580;,
  0.108293;0.095003;-0.359611;,
  0.110968;0.100721;-0.356101;,
  0.063898;0.079152;-0.385239;,
  0.006141;0.074071;-0.389317;,
  0.006354;0.131428;-0.371514;,
  0.084853;0.133458;-0.367864;,
  0.110968;0.100721;-0.356101;,
  0.093052;0.087195;-0.308544;,
  0.072950;0.160536;-0.288456;,
  0.110817;0.097709;-0.346907;,
  0.100886;0.047278;-0.333073;,
  0.092938;0.049024;-0.298621;,
  0.088051;0.092123;-0.282277;,
  0.106737;0.047758;-0.349053;,
  0.062432;0.438639;-0.258521;,
  0.031312;0.186149;-0.326944;,
  0.025512;0.181258;-0.348744;,
  0.006643;0.160518;-0.355480;,
  0.001284;0.176728;-0.360612;,
  0.080760;0.474982;-0.291488;,
  0.061253;0.507322;-0.238174;,
  0.107319;0.495492;-0.234576;,
  0.053998;0.465012;-0.258524;,
  0.050450;0.475119;-0.282109;,
  0.053998;0.465012;-0.258524;,
  0.067977;0.475602;-0.261561;,
  0.072186;0.478436;-0.285645;,
  0.072186;0.478436;-0.285645;,
  0.052944;0.484932;-0.257991;,
  0.048009;0.488789;-0.267833;,
  0.061274;0.495516;-0.267943;,
  0.102575;-0.636601;-0.323214;,
  0.078945;-0.678292;-0.290228;,
  0.108541;-0.658774;-0.328080;,
  0.077076;-0.658593;-0.287447;,
  0.036787;-0.575675;-0.407001;,
  0.040073;-0.623015;-0.389801;,
  0.039847;-0.602355;-0.375510;,
  0.037862;-0.599802;-0.432692;,
  0.050865;-0.543982;-0.375666;,
  0.077984;-0.571288;-0.411305;,
  0.074984;-0.539083;-0.375104;,
  0.083940;-0.619435;-0.399174;,
  0.086490;-0.589849;-0.380553;,
  0.072328;-0.598285;-0.437677;,
  0.067320;-0.573582;-0.333454;,
  0.085049;-0.562267;-0.361012;,
  0.048224;-0.657605;-0.293844;,
  0.042828;-0.674984;-0.294061;,
  0.108541;-0.658774;-0.328080;,
  0.042828;-0.674984;-0.294061;,
  0.016551;-0.281564;-0.264592;,
  0.037239;-0.377907;-0.265223;,
  0.024739;-0.440824;-0.296721;,
  0.035246;-0.493341;-0.322544;,
  0.048687;-0.571227;-0.357090;,
  0.048687;-0.571227;-0.357090;,
  0.041075;0.193741;-0.314788;,
  0.022428;0.192970;-0.295401;,
  0.021356;0.185785;-0.310548;,
  0.030991;0.200066;-0.296931;,
  0.034841;0.197299;-0.345227;,
  0.028405;0.194520;-0.368322;,
  0.009757;0.315779;-0.378441;,
  -0.009974;0.318312;-0.382003;,
  0.021916;0.284135;-0.302947;,
  0.018124;0.303860;-0.324840;,
  0.004497;0.285470;-0.297700;,
  0.035970;0.219516;-0.304240;,
  0.045887;0.215790;-0.332040;,
  0.039930;0.198717;-0.328308;,
  0.047440;0.236857;-0.364866;,
  0.045731;0.256960;-0.350902;,
  0.032651;0.302285;-0.341614;,
  0.039406;0.266542;-0.326190;,
  0.043441;0.291346;-0.364939;,
  0.046092;0.231639;-0.380783;,
  0.036772;0.227469;-0.403007;,
  -0.001275;0.219862;-0.415267;,
  0.028142;0.273079;-0.417064;,
  -0.003778;0.267229;-0.428677;,
  0.040635;0.246636;-0.315338;,
  0.024445;0.253216;-0.293614;,
  0.025769;0.217729;-0.287986;,
  0.011026;0.201702;-0.266106;,
  0.013821;0.315609;-0.342610;,
  0.029697;0.308121;-0.372347;,
  0.041715;0.281513;-0.398689;,
  0.026981;0.299947;-0.400919;,
  -0.006843;0.299748;-0.414321;,
  0.010191;0.300208;-0.410194;,
  -0.001125;0.192959;-0.385428;,
  0.041715;0.281513;-0.398689;,
  0.026981;0.299947;-0.400919;,
  0.051986;0.218855;-0.332537;,
  0.056954;0.253754;-0.364517;,
  0.049990;0.239942;-0.350965;,
  0.063243;0.233647;-0.361405;,
  0.063243;0.233647;-0.361405;,
  0.051986;0.218855;-0.332537;,
  0.056954;0.253754;-0.364517;,
  0.045731;0.256960;-0.350902;,
  0.046384;0.239699;-0.332599;,
  0.045887;0.215790;-0.332040;,
  0.023502;0.272239;-0.305130;,
  0.046384;0.239699;-0.332599;,
  0.043930;0.156823;-0.322647;,
  0.031312;0.186149;-0.326944;,
  0.062699;0.157962;-0.318045;,
  0.034841;0.197299;-0.345227;,
  0.004788;-0.144455;-0.386711;,
  0.003701;-0.178691;-0.384894;,
  0.008734;-0.200865;-0.371167;,
  -0.000708;-0.196158;-0.318879;,
  0.010191;0.300208;-0.410194;,
  -0.006843;0.299748;-0.414321;,
  0.010277;0.231390;-0.278014;,
  0.001526;0.253848;-0.284403;,
  0.001975;0.245766;-0.279141;,
  0.003461;0.272923;-0.301017;,
  0.004091;-0.042569;-0.363191;,
  0.062699;0.157962;-0.318045;,
  0.078945;-0.678292;-0.290228;,
  0.009894;0.225621;-0.274805;,
  0.001729;0.226976;-0.268262;,
  0.001712;0.229177;-0.273855;,
  0.000941;0.235012;-0.271845;,
  0.110817;0.097709;-0.346907;,
  0.090113;0.085805;-0.322846;,
  0.093052;0.087195;-0.308544;,
  0.088051;0.092123;-0.282277;,
  0.046092;0.231639;-0.380783;,
  0.024818;-0.427476;-0.240945;,
  0.005005;-0.496799;-0.251111;,
  0.034082;-0.500143;-0.264491;,
  0.002496;-0.420511;-0.238041;,
  0.027791;-0.369763;-0.220346;,
  -0.001081;-0.365106;-0.222506;,
  0.014557;-0.276465;-0.236963;,
  -0.002175;-0.278121;-0.237622;,
  0.008392;-0.187957;-0.246627;,
  -0.003484;-0.192743;-0.247421;,
  -0.003334;-0.151384;-0.252886;,
  0.038518;-0.144474;-0.262047;,
  0.006972;-0.562480;-0.258428;,
  0.036858;-0.569939;-0.282362;,
  0.029907;-0.539148;-0.409635;,
  0.093343;-0.470799;-0.360283;,
  0.074970;-0.539082;-0.375104;,
  0.032032;-0.469434;-0.381478;,
  0.096437;-0.398965;-0.340599;,
  0.032082;-0.405027;-0.356291;,
  0.031043;-0.368838;-0.338688;,
  0.079853;-0.369565;-0.306524;,
  0.101214;-0.290575;-0.333583;,
  0.019801;-0.294559;-0.356910;,
  0.003701;-0.178691;-0.384894;,
  0.042846;-0.190579;-0.378883;,
  0.090113;0.085805;-0.322846;,
  0.056874;-0.180691;-0.255668;,
  0.064710;-0.277260;-0.240519;,
  0.066060;-0.377919;-0.226016;,
  0.066860;-0.432462;-0.269146;,
  0.065569;-0.500160;-0.299249;,
  0.067320;-0.573582;-0.333454;,
  -0.091809;-0.288867;-0.345299;,
  -0.035494;-0.187312;-0.384064;,
  -0.080618;-0.205396;-0.359137;,
  -0.068642;-0.372120;-0.319636;,
  -0.082190;-0.417076;-0.344472;,
  -0.076463;-0.491391;-0.343167;,
  -0.056983;-0.559581;-0.336059;,
  0.086379;-0.208741;-0.349346;;
  916;
  3;0,1,2;,
  3;1,0,3;,
  3;4,5,6;,
  3;5,4,7;,
  3;8,9,10;,
  3;9,8,11;,
  3;12,13,14;,
  3;13,12,15;,
  3;16,12,17;,
  3;12,16,15;,
  3;18,19,20;,
  3;19,18,16;,
  3;6,21,22;,
  3;21,6,5;,
  3;14,23,24;,
  3;23,14,13;,
  3;25,26,27;,
  3;26,25,28;,
  3;29,30,31;,
  3;30,29,32;,
  3;30,33,31;,
  3;33,30,34;,
  3;35,36,37;,
  3;36,35,38;,
  3;38,39,36;,
  3;39,38,40;,
  3;37,41,42;,
  3;41,37,36;,
  3;36,43,41;,
  3;43,36,39;,
  3;42,30,32;,
  3;30,42,41;,
  3;41,34,30;,
  3;34,41,43;,
  3;44,45,46;,
  3;45,44,47;,
  3;48,49,50;,
  3;49,48,51;,
  3;50,52,53;,
  3;52,50,49;,
  3;54,55,56;,
  3;55,54,57;,
  3;57,58,55;,
  3;58,57,59;,
  3;56,60,61;,
  3;60,56,55;,
  3;55,62,60;,
  3;62,55,58;,
  3;61,49,51;,
  3;49,61,60;,
  3;60,52,49;,
  3;52,60,62;,
  3;32,19,63;,
  3;19,32,29;,
  3;64,65,66;,
  3;65,64,20;,
  3;14,67,12;,
  3;67,14,68;,
  3;68,69,67;,
  3;69,68,70;,
  3;70,42,69;,
  3;42,70,37;,
  3;48,34,51;,
  3;34,48,33;,
  3;51,43,61;,
  3;43,51,34;,
  3;43,56,61;,
  3;56,43,39;,
  3;39,54,56;,
  3;54,39,40;,
  3;12,63,17;,
  3;63,12,67;,
  3;67,32,63;,
  3;32,67,69;,
  3;69,42,32;,
  3;71,72,25;,
  3;73,74,75;,
  3;74,73,76;,
  3;74,77,75;,
  3;77,74,78;,
  3;79,78,80;,
  3;78,79,77;,
  3;81,82,83;,
  3;82,84,85;,
  3;84,82,86;,
  3;87,88,89;,
  3;88,90,89;,
  3;90,88,91;,
  3;92,93,94;,
  3;92,89,93;,
  3;92,87,89;,
  3;89,95,93;,
  3;95,89,90;,
  3;96,93,82;,
  3;93,86,82;,
  3;86,93,95;,
  3;97,98,99;,
  3;98,97,100;,
  3;100,101,98;,
  3;101,100,102;,
  3;103,104,105;,
  3;104,103,106;,
  3;106,107,104;,
  3;107,106,108;,
  3;105,109,110;,
  3;109,105,104;,
  3;104,111,109;,
  3;111,104,107;,
  3;110,100,97;,
  3;100,110,109;,
  3;109,102,100;,
  3;102,109,111;,
  3;112,113,114;,
  3;113,112,115;,
  3;116,117,118;,
  3;117,116,119;,
  3;120,121,122;,
  3;121,120,123;,
  3;120,124,125;,
  3;124,120,122;,
  3;126,124,127;,
  3;124,126,125;,
  3;95,97,86;,
  3;97,95,110;,
  3;86,99,84;,
  3;99,86,97;,
  3;90,103,105;,
  3;103,90,91;,
  3;105,95,90;,
  3;95,105,110;,
  3;128,96,129;,
  3;96,128,94;,
  3;129,130,128;,
  3;130,129,131;,
  3;72,28,25;,
  3;28,72,132;,
  3;10,133,8;,
  3;134,135,136;,
  3;135,134,137;,
  3;81,137,134;,
  3;138,11,139;,
  3;138,9,11;,
  3;138,140,9;,
  3;141,11,142;,
  3;11,141,139;,
  3;128,130,143;,
  3;94,144,92;,
  3;94,143,144;,
  3;94,128,143;,
  3;145,87,146;,
  3;87,145,147;,
  3;75,148,73;,
  3;148,75,149;,
  3;150,147,145;,
  3;7,149,75;,
  3;148,151,73;,
  3;102,152,101;,
  3;152,102,126;,
  3;102,125,126;,
  3;125,102,111;,
  3;111,120,125;,
  3;120,111,107;,
  3;120,108,123;,
  3;108,120,107;,
  3;8,153,154;,
  3;153,8,133;,
  3;154,155,8;,
  3;155,154,156;,
  3;122,114,113;,
  3;114,122,121;,
  3;121,112,114;,
  3;112,121,157;,
  3;158,124,159;,
  3;124,158,127;,
  3;159,122,113;,
  3;122,159,124;,
  3;126,160,152;,
  3;160,126,161;,
  3;162,121,123;,
  3;121,162,163;,
  3;121,164,157;,
  3;164,121,163;,
  3;165,126,127;,
  3;126,165,161;,
  3;161,166,160;,
  3;166,161,167;,
  3;162,118,163;,
  3;118,162,116;,
  3;163,117,164;,
  3;117,163,118;,
  3;165,167,161;,
  3;167,165,168;,
  3;169,170,171;,
  3;170,169,172;,
  3;173,174,175;,
  3;174,173,176;,
  3;177,178,179;,
  3;178,177,173;,
  3;180,178,181;,
  3;178,180,182;,
  3;183,169,171;,
  3;169,183,184;,
  3;174,185,186;,
  3;185,174,176;,
  3;46,187,44;,
  3;187,46,188;,
  3;180,169,182;,
  3;169,180,172;,
  3;20,29,65;,
  3;19,29,20;,
  3;29,31,189;,
  3;31,190,189;,
  3;190,31,33;,
  3;33,191,190;,
  3;191,33,48;,
  3;191,50,192;,
  3;50,191,48;,
  3;192,53,193;,
  3;53,192,50;,
  3;194,171,185;,
  3;171,194,183;,
  3;171,186,185;,
  3;186,171,170;,
  3;185,176,194;,
  3;194,173,177;,
  3;173,194,176;,
  3;178,175,181;,
  3;175,178,173;,
  3;179,182,184;,
  3;182,179,178;,
  3;182,169,184;,
  3;16,17,19;,
  3;17,63,19;,
  3;65,195,66;,
  3;196,197,198;,
  3;197,196,199;,
  3;200,154,153;,
  3;154,200,201;,
  3;202,203,204;,
  3;205,206,207;,
  3;196,208,209;,
  3;208,196,198;,
  3;210,209,211;,
  3;209,210,196;,
  3;212,213,214;,
  3;213,212,215;,
  3;212,214,211;,
  3;201,216,217;,
  3;216,201,200;,
  3;218,219,220;,
  3;219,218,217;,
  3;210,199,196;,
  3;213,205,207;,
  3;221,222,223;,
  3;198,197,224;,
  3;224,225,226;,
  3;225,224,197;,
  3;227,213,207;,
  3;228,229,214;,
  3;229,228,230;,
  3;220,231,232;,
  3;213,228,214;,
  3;156,201,233;,
  3;201,156,154;,
  3;233,217,218;,
  3;217,233,201;,
  3;219,217,234;,
  3;235,219,234;,
  3;236,237,238;,
  3;237,236,239;,
  3;209,240,211;,
  3;240,209,241;,
  3;211,242,212;,
  3;242,211,240;,
  3;243,239,244;,
  3;239,243,237;,
  3;244,236,245;,
  3;236,244,239;,
  3;246,221,223;,
  3;221,246,215;,
  3;221,212,247;,
  3;212,221,215;,
  3;199,248,2;,
  3;248,199,249;,
  3;133,10,250;,
  3;249,210,251;,
  3;210,249,199;,
  3;210,211,251;,
  3;252,1,253;,
  3;1,252,2;,
  3;20,254,18;,
  3;254,20,64;,
  3;24,68,14;,
  3;68,24,255;,
  3;68,256,70;,
  3;256,68,255;,
  3;256,37,70;,
  3;37,256,257;,
  3;258,2,252;,
  3;2,258,199;,
  3;257,259,37;,
  3;37,259,35;,
  3;260,204,261;,
  3;204,260,202;,
  3;262,263,223;,
  3;263,262,264;,
  3;197,258,225;,
  3;258,197,199;,
  3;265,203,227;,
  3;265,207,266;,
  3;207,265,227;,
  3;223,267,246;,
  3;267,223,263;,
  3;88,87,147;,
  3;83,82,85;,
  3;78,16,18;,
  3;16,78,74;,
  3;74,15,16;,
  3;15,74,76;,
  3;15,71,13;,
  3;71,15,76;,
  3;13,268,23;,
  3;268,13,71;,
  3;248,269,2;,
  3;2,269,0;,
  3;136,129,134;,
  3;129,136,131;,
  3;134,96,81;,
  3;96,134,129;,
  3;96,82,81;,
  3;93,96,94;,
  3;29,189,65;,
  3;205,215,246;,
  3;267,205,246;,
  3;205,267,206;,
  3;205,213,215;,
  3;187,188,270;,
  3;224,271,272;,
  3;222,221,208;,
  3;224,222,198;,
  3;272,273,262;,
  3;273,272,271;,
