xof 0303txt 0032
template ColorRGBA {
 <35ff44e0-6c7c-11cf-8f52-0040333594a3>
 FLOAT red;
 FLOAT green;
 FLOAT blue;
 FLOAT alpha;
}

template ColorRGB {
 <d3e16e81-7835-11cf-8f52-0040333594a3>
 FLOAT red;
 FLOAT green;
 FLOAT blue;
}

template Material {
 <3d82ab4d-62da-11cf-ab39-0020af71e433>
 ColorRGBA faceColor;
 FLOAT power;
 ColorRGB specularColor;
 ColorRGB emissiveColor;
 [...]
}

template TextureFilename {
 <a42790e1-7810-11cf-8f52-0040333594a3>
 STRING filename;
}

template Frame {
 <3d82ab46-62da-11cf-ab39-0020af71e433>
 [...]
}

template Matrix4x4 {
 <f6f23f45-7686-11cf-8f52-0040333594a3>
 array FLOAT matrix[16];
}

template FrameTransformMatrix {
 <f6f23f41-7686-11cf-8f52-0040333594a3>
 Matrix4x4 frameMatrix;
}

template Vector {
 <3d82ab5e-62da-11cf-ab39-0020af71e433>
 FLOAT x;
 FLOAT y;
 FLOAT z;
}

template MeshFace {
 <3d82ab5f-62da-11cf-ab39-0020af71e433>
 DWORD nFaceVertexIndices;
 array DWORD faceVertexIndices[nFaceVertexIndices];
}

template Mesh {
 <3d82ab44-62da-11cf-ab39-0020af71e433>
 DWORD nVertices;
 array Vector vertices[nVertices];
 DWORD nFaces;
 array MeshFace faces[nFaces];
 [...]
}

template MeshMaterialList {
 <f6f23f42-7686-11cf-8f52-0040333594a3>
 DWORD nMaterials;
 DWORD nFaceIndexes;
 array DWORD faceIndexes[nFaceIndexes];
 [Material <3d82ab4d-62da-11cf-ab39-0020af71e433>]
}

template VertexElement {
 <f752461c-1e23-48f6-b9f8-8350850f336f>
 DWORD Type;
 DWORD Method;
 DWORD Usage;
 DWORD UsageIndex;
}

template DeclData {
 <bf22e553-292c-4781-9fea-62bd554bdd93>
 DWORD nElements;
 array VertexElement Elements[nElements];
 DWORD nDWords;
 array DWORD data[nDWords];
}

template XSkinMeshHeader {
 <3cf169ce-ff7c-44ab-93c0-f78f62d172e2>
 WORD nMaxSkinWeightsPerVertex;
 WORD nMaxSkinWeightsPerFace;
 WORD nBones;
}

template SkinWeights {
 <6f0d123b-bad2-4167-a0d0-80224f25fabb>
 STRING transformNodeName;
 DWORD nWeights;
 array DWORD vertexIndices[nWeights];
 array FLOAT weights[nWeights];
 Matrix4x4 matrixOffset;
}

template AnimTicksPerSecond {
 <9e415a43-7ba6-4a73-8743-b73d47e88476>
 DWORD AnimTicksPerSecond;
}

template Animation {
 <3d82ab4f-62da-11cf-ab39-0020af71e433>
 [...]
}

template AnimationSet {
 <3d82ab50-62da-11cf-ab39-0020af71e433>
 [Animation <3d82ab4f-62da-11cf-ab39-0020af71e433>]
}

template FloatKeys {
 <10dd46a9-775b-11cf-8f52-0040333594a3>
 DWORD nValues;
 array FLOAT values[nValues];
}

template TimedFloatKeys {
 <f406b180-7b3b-11cf-8f52-0040333594a3>
 DWORD time;
 FloatKeys tfkeys;
}

template AnimationKey {
 <10dd46a8-775b-11cf-8f52-0040333594a3>
 DWORD keyType;
 DWORD nKeys;
 array TimedFloatKeys keys[nKeys];
}


Material _03_-_Default {
 1.000000;1.000000;1.000000;1.000000;;
 9.999999;
 0.000000;0.000000;0.000000;;
 0.000000;0.000000;0.000000;;

 TextureFilename {
  "MaleBody_full.png";
 }
}

Frame Dummy01 {
 

 FrameTransformMatrix {
  1.000000,0.000000,0.000000,0.000000,0.000000,-0.000000,-1.000000,0.000000,0.000000,1.000000,-0.000000,0.000000,0.000000,0.000000,0.000000,1.000000;;
 }

 Frame Bip01 {
  

  FrameTransformMatrix {
   -0.019058,0.996995,-0.075079,0.000000,0.012903,0.075332,0.997075,0.000000,0.999735,0.018034,-0.014300,0.000000,0.023173,-0.035759,0.506353,1.000000;;
  }

  Frame Bip01_Pelvis {
   

   FrameTransformMatrix {
    0.000000,0.999356,-0.035888,0.000000,-0.000001,0.035888,0.999356,0.000000,1.000000,0.000000,0.000001,0.000000,0.000000,0.000000,0.000000,1.000000;;
   }

   Frame Bip01_Spine {
    

    FrameTransformMatrix {
     0.999355,0.035888,0.001023,0.000000,-0.035888,0.999356,0.000004,0.000000,-0.001023,-0.000041,1.000000,0.000000,0.051600,0.001853,-0.000085,1.000000;;
    }

    Frame Bip01_Spine1 {
     

     FrameTransformMatrix {
      0.999059,0.000093,-0.043375,0.000000,-0.005188,0.993075,-0.117367,0.000000,0.043064,0.117482,0.992141,0.000000,0.106476,-0.000010,-0.000084,1.000000;;
     }

     Frame Bip01_Neck {
      

      FrameTransformMatrix {
       0.903366,0.000001,0.428870,0.000000,-0.000001,1.000000,-0.000000,0.000000,-0.428870,-0.000000,0.903366,0.000000,0.130516,0.000000,0.004628,1.000000;;
      }

      Frame Bip01_Head {
       

       FrameTransformMatrix {
        0.988320,-0.064954,0.137856,0.000000,0.043477,0.987201,0.153442,0.000000,-0.146059,-0.145656,0.978494,0.000000,0.033674,0.000000,0.000000,1.000000;;
       }

       Frame Bip01_HeadNub {
        

        FrameTransformMatrix {
         1.000000,0.000000,-0.000000,0.000000,0.000000,1.000000,0.000000,0.000000,0.000000,0.000000,1.000000,0.000000,0.169824,0.000000,0.000000,1.000000;;
        }
       }
      }

      Frame Bip01_L_Clavicle {
       

       FrameTransformMatrix {
        -0.308853,0.939693,0.146926,0.000000,0.848565,0.342019,-0.403683,0.000000,-0.429589,-0.000003,-0.903024,0.000000,-0.023698,0.015715,0.006128,1.000000;;
       }

       Frame Bip01_L_UpperArm {
        

        FrameTransformMatrix {
         0.665881,-0.721082,-0.191425,0.000000,0.516753,0.630845,-0.578792,0.000000,0.538116,0.286487,0.792689,0.000000,0.087086,0.000000,0.000000,1.000000;;
        }

        Frame Bip01_L_Forearm {
         

         FrameTransformMatrix {
          -0.105381,-0.000000,-0.994432,0.000000,0.000000,1.000000,-0.000000,0.000000,0.994432,-0.000000,-0.105381,0.000000,0.137062,-0.000000,0.000000,1.000000;;
         }

         Frame Bip01_L_Hand {
          

          FrameTransformMatrix {
           0.725273,-0.450467,0.520632,0.000000,-0.558910,0.056306,0.827315,0.000000,-0.401993,-0.891016,-0.210933,0.000000,0.137062,0.000000,0.000000,1.000000;;
          }

          Frame Bip01_L_Finger0 {
           

           FrameTransformMatrix {
            0.401202,-0.835465,0.375548,0.000000,0.915787,0.357224,-0.183645,0.000000,0.019274,0.417601,0.908427,0.000000,0.057681,-0.023605,-0.000272,1.000000;;
           }

           Frame Bip01_L_Finger0Nub {
            

            FrameTransformMatrix {
             1.000000,0.000000,0.000000,0.000000,-0.000000,1.000000,0.000000,0.000000,-0.000000,0.000000,1.000000,0.000000,0.029435,0.000000,-0.000000,1.000000;;
            }
           }
          }

          Frame Bip01_L_Finger1 {
           

           FrameTransformMatrix {
            0.918011,-0.000316,0.396553,0.000000,0.000000,1.000000,0.000796,0.000000,-0.396553,-0.000731,0.918011,0.000000,0.084102,0.000000,-0.000000,1.000000;;
           }

           Frame Bip01_L_Finger1Nub {
            

            FrameTransformMatrix {
             1.000000,0.000000,0.000000,0.000000,0.000000,1.000000,0.000000,0.000000,-0.000000,-0.000000,1.000000,0.000000,0.047988,0.000000,0.000000,1.000000;;
            }
           }
          }
         }
        }
       }
      }

      Frame Bip01_R_Clavicle {
       

       FrameTransformMatrix {
        -0.308853,-0.939692,0.146931,0.000000,-0.848565,0.342021,0.403681,0.000000,-0.429589,-0.000002,-0.903024,0.000000,-0.023698,-0.015714,0.006128,1.000000;;
       }

       Frame Bip01_R_UpperArm {
        

        FrameTransformMatrix {
         0.791111,0.610015,0.044997,0.000000,-0.577734,0.721029,0.382545,0.000000,0.200914,-0.328632,0.922840,0.000000,0.087086,0.000000,-0.000000,1.000000;;
        }

        Frame Bip01_R_Forearm {
         

         FrameTransformMatrix {
          0.148830,-0.000000,-0.988863,0.000000,0.000000,1.000000,0.000000,0.000000,0.988863,-0.000000,0.148830,0.000000,0.137062,-0.000000,0.000000,1.000000;;
         }

         Frame Bip01_R_Hand {
          

          FrameTransformMatrix {
           0.546863,0.172386,-0.819282,0.000000,-0.330290,0.943625,-0.021916,0.000000,0.769317,0.282586,0.572971,0.000000,0.137062,0.000000,0.000000,1.000000;;
          }

          Frame Bip01_R_Finger0 {
           

           FrameTransformMatrix {
            0.474135,0.604013,0.640597,0.000000,-0.867534,0.444675,0.222822,0.000000,-0.150270,-0.661387,0.734838,0.000000,0.057681,0.023605,-0.000272,1.000000;;
           }

           Frame Bip01_R_Finger0Nub {
            

            FrameTransformMatrix {
             -1.000000,0.000000,0.000000,0.000000,0.000000,1.000000,0.000000,0.000000,0.000000,-0.000000,-1.000000,0.000000,0.029435,0.000000,0.000000,1.000000;;
            }
           }
          }

          Frame Bip01_R_Finger1 {
           

           FrameTransformMatrix {
            0.344663,0.000747,0.938726,0.000000,0.000000,1.000000,-0.000796,0.000000,-0.938726,0.000274,0.344663,0.000000,0.084102,0.000000,-0.000000,1.000000;;
           }

           Frame Bip01_R_Finger1Nub {
            

            FrameTransformMatrix {
             -1.000000,0.000000,-0.000000,0.000000,-0.000000,1.000000,0.000000,0.000000,-0.000000,0.000000,-1.000000,0.000000,0.047988,0.000000,0.000000,1.000000;;
            }
           }
          }
         }
        }
       }
      }
     }

     Frame Bip01_BackPack {
      

      FrameTransformMatrix {
       0.190104,-0.000002,-0.981764,0.000000,0.000003,1.000000,-0.000002,0.000000,0.981764,-0.000002,0.190104,0.000000,0.063697,-0.000000,-0.088856,1.000000;;
      }

      Frame Bip01_BackPackNub {
       

       FrameTransformMatrix {
        0.000796,0.000003,1.000000,0.000000,-0.000000,-1.000000,0.000003,0.000000,1.000000,0.000000,-0.000796,0.000000,0.053240,0.000000,0.000000,1.000000;;
       }
      }
     }
    }

    Frame Bip01_L_Thigh {
     

     FrameTransformMatrix {
      -0.989765,-0.003303,0.142672,0.000000,0.003975,-0.999982,0.004424,0.000000,0.142654,0.004946,0.989760,0.000000,-0.049651,0.055190,0.000135,1.000000;;
     }

     Frame Bip01_L_Calf {
      

      FrameTransformMatrix {
       0.982588,0.000000,-0.185799,0.000000,0.000000,1.000000,0.000000,0.000000,0.185799,0.000000,0.982588,0.000000,0.237500,0.000000,0.000000,1.000000;;
      }

      Frame Bip01_L_Foot {
       

       FrameTransformMatrix {
        0.992650,-0.017926,0.119682,0.000000,0.016200,0.999751,0.015375,0.000000,-0.119928,-0.013323,0.992693,0.000000,0.206841,-0.000000,0.000000,1.000000;;
       }

       Frame Bip01_L_Toe0 {
        

        FrameTransformMatrix {
         -0.000000,-0.000000,1.000000,0.000000,0.000000,1.000000,0.000000,0.000000,-1.000000,0.000000,-0.000000,0.000000,0.065373,0.000000,0.066450,1.000000;;
        }

        Frame Bip01_L_Toe0Nub {
         

         FrameTransformMatrix {
          -1.000000,0.000000,-0.000000,0.000000,-0.000000,1.000000,-0.000000,0.000000,0.000000,-0.000000,-1.000000,0.000000,0.006735,0.000000,-0.000000,1.000000;;
         }
        }
       }
      }
     }
    }

    Frame Bip01_R_Thigh {
     

     FrameTransformMatrix {
      -0.981862,-0.046342,0.183847,0.000000,0.046349,-0.998916,-0.004261,0.000000,0.183845,0.004338,0.982946,0.000000,-0.053615,-0.055190,0.000140,1.000000;;
     }

     Frame Bip01_R_Calf {
      

      FrameTransformMatrix {
       0.967358,0.000000,-0.253415,0.000000,0.000000,1.000000,-0.000000,0.000000,0.253415,0.000000,0.967358,0.000000,0.237500,0.000000,0.000000,1.000000;;
      }

      Frame Bip01_R_Foot {
       

       FrameTransformMatrix {
        0.987331,-0.060817,0.146559,0.000000,0.088496,0.977697,-0.190465,0.000000,-0.131707,0.201021,0.970692,0.000000,0.206841,-0.000000,0.000000,1.000000;;
       }

       Frame Bip01_R_Toe0 {
        

        FrameTransformMatrix {
         -0.000000,-0.219736,0.975559,0.000000,0.000001,0.975559,0.219736,0.000000,-1.000000,0.000001,0.000000,0.000000,0.065373,0.000000,0.066450,1.000000;;
        }

        Frame Bip01_R_Toe0Nub {
         

         FrameTransformMatrix {
          1.000000,0.000000,-0.000000,0.000000,-0.000000,1.000000,0.000000,0.000000,0.000000,0.000000,1.000000,0.000000,0.006735,0.000000,-0.000000,1.000000;;
         }
        }
       }
      }
     }
    }
   }

   Frame Bip01_DressFront {
    

    FrameTransformMatrix {
     -0.981991,-0.000002,0.188926,0.000000,-0.000002,1.000000,-0.000001,0.000000,-0.188926,-0.000002,-0.981992,0.000000,-0.043974,0.001399,0.061085,1.000000;;
    }

    Frame Bip01_DressFront02 {
     

     FrameTransformMatrix {
      0.983323,0.000001,0.181868,0.000000,-0.000001,1.000000,-0.000000,0.000000,-0.181868,-0.000000,0.983323,0.000000,0.183348,0.000000,-0.000129,1.000000;;
     }

     Frame Bip01_DressFrontNub {
      

      FrameTransformMatrix {
       0.000796,0.000003,1.000000,0.000000,0.000000,-1.000000,0.000003,0.000000,1.000000,-0.000000,-0.000796,0.000000,0.165302,0.000000,0.000000,1.000000;;
      }
     }
    }
   }

   Frame Bip01_DressBack {
    

    FrameTransformMatrix {
     -0.978007,-0.000002,0.208574,0.000000,-0.000002,1.000000,-0.000001,0.000000,-0.208574,-0.000002,-0.978007,0.000000,-0.047703,0.000000,-0.078282,1.000000;;
    }

    Frame Bip01_DressBack02 {
     

     FrameTransformMatrix {
      0.990815,0.000000,0.135222,0.000000,-0.000000,1.000000,-0.000000,0.000000,-0.135222,-0.000000,0.990815,0.000000,0.176173,0.000000,-0.000108,1.000000;;
     }

     Frame Bip01_DressBackNub {
      

      FrameTransformMatrix {
       0.000796,0.000003,1.000000,0.000000,-0.000000,-1.000000,0.000003,0.000000,1.000000,-0.000000,-0.000796,0.000000,0.136508,0.000000,-0.000000,1.000000;;
      }
     }
    }
   }
  }

  Frame Bip01_Prop1 {
   

   FrameTransformMatrix {
    0.794806,0.087338,0.600546,0.000000,0.577073,0.197477,-0.792458,0.000000,-0.187805,0.976409,0.106556,0.000000,0.121480,0.073842,0.045602,1.000000;;
   }
  }

  Frame Bip01_Prop2 {
   

   FrameTransformMatrix {
    0.551454,0.149578,-0.820686,0.000000,-0.194253,0.979774,0.048046,0.000000,0.811273,0.132926,0.569357,0.000000,0.224830,0.017703,-0.021698,1.000000;;
   }
  }
 }
}

Frame Translation_Data {
 

 FrameTransformMatrix {
  1.000000,0.000000,0.000000,0.000000,0.000000,-0.000000,-1.000000,0.000000,0.000000,1.000000,-0.000000,0.000000,0.000000,-0.000000,0.000000,1.000000;;
 }
}

Frame Body {
 

 FrameTransformMatrix {
  1.000000,0.000000,0.000000,0.000000,0.000000,1.000000,0.000000,0.000000,0.000000,0.000000,1.000000,0.000000,0.000000,0.000000,0.000000,1.000000;;
 }

 Mesh Body {
  617;
  0.097105;0.763745;-0.000296;,
  0.062759;0.763916;-0.006702;,
  0.056229;0.793071;0.009302;,
  0.104516;0.744472;-0.003409;,
  0.113105;0.735482;-0.003231;,
  0.083762;0.698892;-0.030183;,
  0.071789;0.732976;-0.023432;,
  0.117991;0.700936;0.003549;,
  0.053673;0.813304;0.046700;,
  0.100304;0.786407;0.075856;,
  0.096846;0.786131;0.046231;,
  0.068176;0.792644;0.078670;,
  0.106087;0.560261;0.068875;,
  0.066276;0.568196;0.087564;,
  0.065355;0.556509;0.094355;,
  0.099445;0.569665;0.064664;,
  0.093048;0.566563;0.008924;,
  0.106540;0.541971;0.029699;,
  0.064698;0.559539;-0.020828;,
  0.092084;0.516269;0.002336;,
  0.063370;0.505451;-0.005885;,
  0.030514;0.698396;-0.041694;,
  0.031364;0.735263;-0.030215;,
  0.023410;0.565456;0.088483;,
  0.023441;0.551330;0.095315;,
  0.074401;0.660863;0.091805;,
  0.020089;0.699764;0.099360;,
  0.022332;0.662587;0.093698;,
  0.077202;0.701049;0.099165;,
  0.077814;0.468381;-0.009050;,
  0.116414;0.364925;0.011398;,
  0.078217;0.370324;-0.016301;,
  0.112857;0.464862;0.027154;,
  0.073633;0.276333;-0.023609;,
  0.103122;0.272248;0.020247;,
  0.028873;0.470712;0.012693;,
  0.038473;0.365920;0.085270;,
  0.037965;0.449881;0.106504;,
  0.030945;0.370680;0.009825;,
  0.050232;0.275524;0.060057;,
  0.046411;0.274003;0.017862;,
  0.117809;0.362263;0.076100;,
  0.108468;0.446274;0.085965;,
  0.091013;0.276176;0.059084;,
  0.088920;-0.001438;0.054149;,
  0.049355;-0.001522;0.099609;,
  0.044025;-0.001415;0.051082;,
  0.084211;-0.001545;0.099342;,
  0.072920;0.219839;0.003736;,
  0.098463;0.144874;0.039377;,
  0.068701;0.146238;0.011216;,
  0.104894;0.218931;0.031876;,
  0.086767;0.066966;0.049077;,
  0.066535;0.067172;0.020696;,
  0.031349;0.205124;0.029422;,
  0.038289;0.157996;0.078281;,
  0.034649;0.223666;0.081882;,
  0.039643;0.146735;0.036983;,
  0.054690;0.079327;0.072393;,
  0.050120;0.059932;0.046016;,
  0.100215;0.153635;0.076873;,
  0.106830;0.227800;0.080476;,
  0.078919;0.083512;0.071685;,
  0.113402;0.513718;0.036879;,
  0.022315;0.496015;-0.016311;,
  0.028873;0.470712;0.012693;,
  0.023375;0.462673;0.000224;,
  0.116291;0.512591;0.091413;,
  0.066771;0.512008;0.116499;,
  0.109905;0.460869;0.090981;,
  0.065314;0.465682;0.113898;,
  0.070702;0.614196;0.084041;,
  0.106692;0.658738;0.075298;,
  0.118922;0.663523;0.058661;,
  0.096067;0.615801;0.008074;,
  0.114712;0.666873;0.004680;,
  0.102984;0.613983;0.058888;,
  0.081893;0.665131;-0.032533;,
  0.073497;0.611647;-0.021561;,
  0.026371;0.666120;-0.041300;,
  0.024658;0.607335;-0.026906;,
  0.133771;0.720494;-0.010025;,
  0.159658;0.677597;-0.017420;,
  0.089425;0.710167;0.018654;,
  0.142164;0.617577;0.015188;,
  0.111345;0.653624;0.008677;,
  0.181223;0.635029;-0.007646;,
  0.119988;0.702476;0.070794;,
  0.111345;0.653624;0.008677;,
  0.141573;0.656296;0.067368;,
  0.164103;0.596952;0.043140;,
  0.142164;0.617577;0.015188;,
  0.129930;0.706864;0.074009;,
  0.189906;0.680590;0.041339;,
  0.163688;0.722198;0.048717;,
  0.203059;0.614111;0.020238;,
  0.152807;0.725324;0.012568;,
  0.173065;0.651703;-0.016830;,
  0.102904;0.629799;-0.047018;,
  0.125399;0.633039;0.009245;,
  0.134380;0.642113;-0.061337;,
  0.085329;0.624353;-0.085152;,
  0.104021;0.631033;-0.100736;,
  0.125399;0.633039;0.009245;,
  0.129402;0.579337;-0.052052;,
  0.148135;0.574348;0.009980;,
  0.102904;0.629799;-0.047018;,
  0.106779;0.592173;-0.086405;,
  0.085329;0.624353;-0.085152;,
  0.153558;0.589138;-0.062751;,
  0.195489;0.593072;-0.015904;,
  0.116883;0.595821;-0.102195;,
  0.006997;0.542684;-0.153567;,
  0.044227;0.532204;-0.111605;,
  0.008571;0.554489;-0.135072;,
  0.042338;0.520928;-0.130056;,
  0.022655;0.608205;-0.129275;,
  0.023590;0.600313;-0.144016;,
  0.018151;0.599360;-0.134499;,
  0.026169;0.613992;-0.138776;,
  0.084857;0.576672;-0.083791;,
  0.049677;0.593884;-0.129739;,
  0.072360;0.551350;-0.108254;,
  0.054786;0.612437;-0.100781;,
  0.078529;0.547140;-0.126756;,
  0.107845;0.579405;-0.113716;,
  0.077492;0.617498;-0.131870;,
  0.057348;0.588536;-0.147319;,
  0.126734;0.771345;0.050934;,
  0.134829;0.771814;0.022146;,
  0.096846;0.786131;0.046231;,
  0.097586;0.781823;0.021427;,
  0.115193;0.704273;0.084588;,
  0.065833;0.806282;0.021710;,
  0.126770;0.756486;0.000176;,
  0.104516;0.744472;-0.003409;,
  0.097105;0.763745;-0.000296;,
  0.116147;0.731014;0.002441;,
  0.119024;0.745863;0.083521;,
  0.076796;0.739343;0.096596;,
  0.122047;0.749708;0.079909;,
  0.018906;0.734671;0.094316;,
  0.022058;0.788788;0.068464;,
  0.100304;0.786407;0.075856;,
  0.122047;0.749708;0.079909;,
  0.109022;0.726028;0.025481;,
  0.121339;0.738613;0.070286;,
  0.089425;0.710167;0.018654;,
  0.119650;0.700985;0.052740;,
  0.115257;0.697703;0.017812;,
  0.113105;0.735482;-0.003231;,
  0.123845;0.703810;0.068976;,
  0.054786;0.612437;-0.100781;,
  0.064254;0.834368;0.009291;,
  0.054757;0.845256;0.027016;,
  0.024487;0.815773;0.048244;,
  0.028694;0.851328;0.032792;,
  0.057348;0.588536;-0.147319;,
  0.006997;0.542684;-0.153567;,
  0.042338;0.520928;-0.130056;,
  0.037002;0.608964;-0.115425;,
  0.046074;0.614578;-0.139030;,
  0.037002;0.608964;-0.115425;,
  0.033914;0.594615;-0.125493;,
  0.049555;0.593259;-0.144447;,
  0.049555;0.593259;-0.144447;,
  0.022655;0.608205;-0.129275;,
  0.026169;0.613992;-0.138776;,
  0.023590;0.600313;-0.144016;,
  0.095162;0.020228;-0.022685;,
  0.064907;-0.001385;-0.067431;,
  0.063586;0.017194;-0.060195;,
  0.100721;-0.001397;-0.029922;,
  0.045608;0.031888;0.088979;,
  0.044025;-0.001415;0.051082;,
  0.049355;-0.001522;0.099609;,
  0.042654;0.023542;0.048549;,
  0.054690;0.079327;0.072393;,
  0.087148;0.034910;0.088448;,
  0.078919;0.083512;0.071685;,
  0.088920;-0.001438;0.054149;,
  0.084211;-0.001545;0.099342;,
  0.090071;0.033508;0.051678;,
  0.066535;0.067172;0.020696;,
  0.086767;0.066966;0.049077;,
  0.036094;0.014160;-0.049741;,
  0.029967;-0.001374;-0.056978;,
  0.100721;-0.001397;-0.029922;,
  0.029967;-0.001374;-0.056978;,
  0.030945;0.370680;0.009825;,
  0.046411;0.274003;0.017862;,
  0.031349;0.205124;0.029422;,
  0.039643;0.146735;0.036983;,
  0.050120;0.059932;0.046016;,
  0.050120;0.059932;0.046016;,
  0.024625;0.453990;0.051477;,
  0.074881;0.828434;-0.014975;,
  0.056076;0.811465;-0.024060;,
  0.064917;0.815963;-0.029318;,
  0.056623;0.824208;-0.004947;,
  0.069014;0.857068;-0.003853;,
  0.062647;0.876240;0.009354;,
  0.048749;0.943069;-0.093090;,
  0.027141;0.923544;-0.111380;,
  0.029157;0.947892;-0.094226;,
  0.059124;0.861320;-0.100699;,
  0.041732;0.857764;-0.104892;,
  0.056255;0.890032;-0.107781;,
  0.070693;0.831489;-0.042810;,
  0.080665;0.853950;-0.026042;,
  0.074029;0.842722;-0.012973;,
  0.083268;0.892790;-0.028954;,
  0.082231;0.890066;-0.053317;,
  0.070835;0.903692;-0.097996;,
  0.081368;0.918773;-0.076979;,
  0.076096;0.873010;-0.073663;,
  0.081839;0.904360;-0.016853;,
  0.072529;0.922178;-0.002923;,
  0.034310;0.930307;0.008432;,
  0.065763;0.956378;-0.036641;,
  0.033729;0.964618;-0.026953;,
  0.076479;0.853994;-0.061263;,
  0.060312;0.816587;-0.049259;,
  0.060394;0.838390;-0.077849;,
  0.044802;0.790098;-0.045988;,
  0.026135;0.792091;-0.032053;,
  0.024660;0.783168;-0.051162;,
  0.052538;0.911347;-0.109817;,
  0.068334;0.933582;-0.088638;,
  0.079514;0.943864;-0.052367;,
  0.065517;0.954927;-0.067974;,
  0.048818;0.963630;-0.064313;,
  0.031809;0.967467;-0.062467;,
  0.033205;0.891288;0.017948;,
  0.079514;0.943864;-0.052367;,
  0.065517;0.954927;-0.067974;,
  0.086881;0.855689;-0.028317;,
  0.093422;0.900254;-0.043696;,
  0.098911;0.887830;-0.027293;,
  0.085832;0.881952;-0.038187;,
  0.098911;0.887830;-0.027293;,
  0.086881;0.855689;-0.028317;,
  0.093422;0.900254;-0.043696;,
  0.082231;0.890066;-0.053317;,
  0.082084;0.865758;-0.046796;,
  0.080665;0.853950;-0.026042;,
  0.060268;0.857564;-0.089150;,
  0.082084;0.865758;-0.046796;,
  0.065833;0.806282;0.021710;,
  0.064254;0.834368;0.009291;,
  0.097586;0.781823;0.021427;,
  0.069014;0.857068;-0.003853;,
  0.030083;0.782763;-0.012416;,
  0.030487;0.759865;-0.018859;,
  0.021239;0.556449;-0.023444;,
  0.024819;0.508461;0.117337;,
  0.025546;0.474170;0.116856;,
  0.020613;0.452500;0.106618;,
  0.029653;0.803645;-0.020569;,
  0.024625;0.453990;0.051477;,
  0.048818;0.963630;-0.064313;,
  0.031809;0.967467;-0.062467;,
  0.045283;0.814666;-0.066479;,
  0.037449;0.831148;-0.083471;,
  0.037548;0.822675;-0.078844;,
  0.026201;0.909215;-0.117192;,
  0.025107;0.883797;-0.117503;,
  0.040238;0.854764;-0.092311;,
  0.023255;0.614084;0.085523;,
  0.097586;0.781823;0.021427;,
  0.064907;-0.001385;-0.067431;,
  0.036500;0.804202;-0.067482;,
  0.044655;0.809117;-0.062938;,
  0.036608;0.810169;-0.066765;,
  0.024445;0.819871;-0.081942;,
  0.023849;0.822585;-0.094310;,
  0.036047;0.811183;-0.072876;,
  0.024931;0.810664;-0.066694;,
  0.024466;0.801909;-0.068345;,
  0.024339;0.854208;-0.109084;,
  0.024540;0.848013;-0.101021;,
  0.121339;0.738613;0.070286;,
  0.024393;0.809875;-0.075490;,
  0.103973;0.728981;0.042652;,
  0.109022;0.726028;0.025481;,
  0.113105;0.735482;-0.003231;,
  0.081839;0.904360;-0.016853;,
  0.072920;0.219839;0.003736;,
  0.051382;0.149268;-0.011110;,
  0.041548;0.225867;-0.020145;,
  0.068701;0.146238;0.011216;,
  0.073633;0.276333;-0.023609;,
  0.042694;0.280108;-0.030996;,
  0.078217;0.370324;-0.016301;,
  0.032071;0.372545;-0.021198;,
  0.077814;0.468381;-0.009050;,
  0.030038;0.461172;-0.017895;,
  0.063370;0.505451;-0.005885;,
  0.051603;0.076781;-0.007652;,
  0.066535;0.067172;0.020696;,
  0.045670;0.151675;0.103706;,
  0.029673;0.082958;0.114961;,
  0.046442;0.081621;0.108009;,
  0.028737;0.156275;0.110661;,
  0.028112;0.223053;0.097751;,
  0.039196;0.222593;0.095752;,
  0.030742;0.284841;0.096232;,
  0.043396;0.274546;0.090504;,
  0.037516;0.365729;0.100203;,
  0.023816;0.372961;0.106918;,
  0.026148;0.446396;0.117063;,
  0.103973;0.728981;0.042652;,
  -0.038393;0.765166;-0.013848;,
  -0.003462;0.764611;-0.013323;,
  -0.045439;0.746046;-0.018403;,
  0.000374;0.793657;0.003717;,
  -0.054361;0.736803;-0.020626;,
  -0.023821;0.700111;-0.038137;,
  -0.062581;0.702983;-0.009801;,
  -0.009642;0.733831;-0.031574;,
  -0.004105;0.813911;0.040923;,
  -0.055390;0.788312;0.060353;,
  -0.025076;0.793622;0.069346;,
  -0.045800;0.787886;0.031804;,
  -0.060537;0.556679;0.072330;,
  -0.019518;0.566966;0.089297;,
  -0.053629;0.567470;0.067756;,
  -0.018661;0.554702;0.096097;,
  -0.049440;0.564519;0.011802;,
  -0.061827;0.538351;0.033190;,
  -0.022146;0.558294;-0.019074;,
  -0.047239;0.513584;0.005265;,
  -0.018639;0.503688;-0.004184;,
  0.023410;0.565456;0.088483;,
  0.023441;0.551330;0.095315;,
  -0.029440;0.662151;0.087565;,
  0.020089;0.699764;0.099360;,
  -0.036323;0.702336;0.090772;,
  0.022332;0.662587;0.093698;,
  -0.034850;0.467527;-0.007941;,
  -0.081942;0.367087;0.009197;,
  -0.069064;0.464674;0.029233;,
  -0.044270;0.370669;-0.019498;,
  -0.047464;0.275707;-0.030857;,
  -0.075795;0.273413;0.013781;,
  0.013724;0.465559;0.011901;,
  -0.002025;0.358820;0.080455;,
  0.003631;0.366210;0.005058;,
  0.013765;0.449361;0.107006;,
  -0.021592;0.272024;0.051806;,
  -0.019226;0.270737;0.009595;,
  -0.081637;0.361768;0.073749;,
  -0.063319;0.443686;0.087395;,
  -0.062205;0.275885;0.052154;,
  -0.074330;-0.001438;0.056299;,
  -0.025742;-0.001522;0.091954;,
  -0.059806;-0.001545;0.099353;,
  -0.031206;-0.001415;0.043442;,
  -0.050352;0.218441;-0.002237;,
  -0.080460;0.146692;0.036340;,
  -0.081333;0.220803;0.026912;,
  -0.051649;0.144959;0.007226;,
  -0.074185;0.067909;0.048916;,
  -0.056865;0.066558;0.018852;,
  -0.009217;0.201165;0.022540;,
  -0.018168;0.156033;0.072932;,
  -0.021789;0.143833;0.032040;,
  -0.009288;0.221281;0.074521;,
  -0.039519;0.079007;0.068623;,
  -0.038265;0.059932;0.039839;,
  -0.080258;0.156546;0.073603;,
  -0.080931;0.231070;0.075273;,
  -0.063389;0.084446;0.070149;,
  -0.067165;0.509836;0.040623;,
  0.013724;0.465559;0.011901;,
  -0.067741;0.508635;0.095229;,
  -0.017245;0.510202;0.118241;,
  -0.062262;0.457735;0.093452;,
  -0.016174;0.462297;0.114941;,
  -0.024122;0.615115;0.082766;,
  -0.060328;0.660810;0.068477;,
  -0.071010;0.665879;0.050905;,
  -0.047430;0.617193;0.006144;,
  -0.055727;0.615521;0.056753;,
  -0.062306;0.669069;-0.002549;,
  -0.026620;0.666477;-0.036964;,
  -0.024190;0.612594;-0.022874;,
  -0.089417;0.721231;-0.025753;,
  -0.044296;0.705494;-0.001013;,
  -0.123028;0.683347;-0.025619;,
  -0.111046;0.622921;0.008124;,
  -0.149147;0.645470;-0.011728;,
  -0.076704;0.653292;-0.002365;,
  -0.068995;0.708187;0.054617;,
  -0.098473;0.666647;0.058570;,
  -0.076704;0.653292;-0.002365;,
  -0.133919;0.612614;0.045850;,
  -0.111046;0.622921;0.008124;,
  -0.077552;0.714595;0.058375;,
  -0.144753;0.697025;0.035352;,
  -0.111043;0.733586;0.035307;,
  -0.171991;0.634876;0.025996;,
  -0.104373;0.731455;-0.001920;,
  -0.141567;0.652684;-0.026988;,
  -0.090023;0.602327;-0.060472;,
  -0.119792;0.620299;-0.072227;,
  -0.095339;0.626537;-0.005086;,
  -0.089148;0.572744;-0.095777;,
  -0.104726;0.589973;-0.108833;,
  -0.095339;0.626537;-0.005086;,
  -0.129157;0.563700;-0.044647;,
  -0.090023;0.602327;-0.060472;,
  -0.131678;0.580306;0.017855;,
  -0.116464;0.558910;-0.098523;,
  -0.089148;0.572744;-0.095777;,
  -0.151836;0.577885;-0.053508;,
  -0.177594;0.606429;-0.003898;,
  -0.126196;0.563083;-0.100115;,
  -0.007432;0.567904;-0.160860;,
  -0.062980;0.579550;-0.166816;,
  -0.047375;0.584282;-0.181142;,
  -0.022861;0.562971;-0.145977;,
  -0.024407;0.560504;-0.115380;,
  -0.016373;0.575025;-0.117633;,
  -0.020131;0.566289;-0.106196;,
  -0.018657;0.565907;-0.123353;,
  -0.095905;0.565026;-0.145079;,
  -0.045367;0.582023;-0.116757;,
  -0.064461;0.554288;-0.108092;,
  -0.071705;0.587825;-0.162121;,
  -0.068523;0.607378;-0.159737;,
  -0.103114;0.599494;-0.131244;,
  -0.071087;0.588861;-0.091706;,
  -0.043842;0.601845;-0.115631;,
  -0.077389;0.773507;0.030546;,
  -0.079649;0.774078;0.000729;,
  -0.045800;0.787886;0.031804;,
  -0.042786;0.783296;0.007388;,
  -0.071659;0.706391;0.070774;,
  -0.011220;0.807091;0.014005;,
  -0.068188;0.758352;-0.019371;,
  -0.045439;0.746046;-0.018403;,
  -0.061595;0.730863;-0.017137;,
  -0.038393;0.765166;-0.013848;,
  -0.075244;0.748360;0.064004;,
  -0.077326;0.752356;0.060012;,
  -0.038181;0.740549;0.085099;,
  0.018906;0.734671;0.094316;,
  0.022058;0.788788;0.068464;,
  -0.055390;0.788312;0.060353;,
  -0.077326;0.752356;0.060012;,
  -0.055886;0.727514;0.008489;,
  -0.044296;0.705494;-0.001013;,
  -0.075466;0.740946;0.050410;,
  -0.071462;0.703151;0.038611;,
  -0.062061;0.699713;0.004703;,
  -0.054361;0.736803;-0.020626;,
  -0.077927;0.706097;0.054059;,
  -0.064461;0.554288;-0.108092;,
  -0.005877;0.836110;0.007253;,
  0.002874;0.846545;0.025509;,
  0.024487;0.815773;0.048244;,
  0.028694;0.851328;0.032792;,
  -0.043842;0.601845;-0.115631;,
  -0.007432;0.567904;-0.160860;,
  -0.047375;0.584282;-0.181142;,
  -0.044100;0.558200;-0.113121;,
  -0.034758;0.576900;-0.097825;,
  -0.044100;0.558200;-0.113121;,
  -0.036879;0.570347;-0.123943;,
  -0.036302;0.592632;-0.113512;,
  -0.036302;0.592632;-0.113512;,
  -0.024407;0.560504;-0.115380;,
  -0.020131;0.566289;-0.106196;,
  -0.016373;0.575025;-0.117633;,
  -0.097302;0.020228;-0.017286;,
  -0.077619;-0.001385;-0.067587;,
  -0.104316;-0.001397;-0.023124;,
  -0.074740;0.017194;-0.060817;,
  -0.024423;0.031888;0.080760;,
  -0.031206;-0.001415;0.043442;,
  -0.030425;0.023542;0.040670;,
  -0.025742;-0.001522;0.091954;,
  -0.039519;0.079007;0.068623;,
  -0.065065;0.034910;0.089370;,
  -0.063389;0.084446;0.070149;,
  -0.074330;-0.001438;0.056299;,
  -0.075995;0.033508;0.054141;,
  -0.059806;-0.001545;0.099353;,
  -0.056865;0.066558;0.018852;,
  -0.074185;0.067909;0.048916;,
  -0.045623;0.014160;-0.056660;,
  -0.041236;-0.001374;-0.065066;,
  -0.104316;-0.001397;-0.023124;,
  -0.041236;-0.001374;-0.065066;,
  0.003631;0.366210;0.005058;,
  -0.019226;0.270737;0.009595;,
  -0.009217;0.201165;0.022540;,
  -0.021789;0.143833;0.032040;,
  -0.038265;0.059932;0.039839;,
  -0.038265;0.059932;0.039839;,
  -0.017104;0.832326;-0.009691;,
  -0.000957;0.813878;-0.020784;,
  0.002297;0.825557;-0.006525;,
  -0.009930;0.819130;-0.025018;,
  -0.007614;0.860311;0.000549;,
  0.001812;0.878814;0.012849;,
  0.009487;0.944730;-0.090834;,
  0.029157;0.947892;-0.094226;,
  -0.008537;0.864183;-0.096812;,
  -0.004089;0.892585;-0.104314;,
  0.007901;0.859195;-0.102948;,
  -0.015883;0.835153;-0.037837;,
  -0.021946;0.858291;-0.020148;,
  -0.014829;0.846482;-0.007868;,
  -0.021586;0.897227;-0.022931;,
  -0.023573;0.894543;-0.047239;,
  -0.016252;0.907377;-0.092993;,
  -0.021262;0.877130;-0.068070;,
  -0.023006;0.923189;-0.070983;,
  -0.017813;0.908577;-0.011128;,
  -0.005505;0.925480;0.001559;,
  0.034310;0.930307;0.008432;,
  0.000218;0.959152;-0.032876;,
  0.033729;0.964618;-0.026953;,
  -0.021825;0.858154;-0.055616;,
  -0.009113;0.841331;-0.073856;,
  -0.007599;0.819461;-0.045358;,
  0.005897;0.791744;-0.043753;,
  0.001153;0.913522;-0.106865;,
  -0.010190;0.936905;-0.084128;,
  -0.016245;0.947917;-0.046866;,
  -0.003242;0.957836;-0.064024;,
  0.031809;0.967467;-0.062467;,
  0.014439;0.965085;-0.062338;,
  0.033205;0.891288;0.017948;,
  -0.016245;0.947917;-0.046866;,
  -0.003242;0.957836;-0.064024;,
  -0.028213;0.860559;-0.021706;,
  -0.032693;0.905590;-0.036452;,
  -0.026092;0.886688;-0.031757;,
  -0.037298;0.893594;-0.019469;,
  -0.037298;0.893594;-0.019469;,
  -0.028213;0.860559;-0.021706;,
  -0.032693;0.905590;-0.036452;,
  -0.023573;0.894543;-0.047239;,
  -0.024729;0.870278;-0.040660;,
  -0.021946;0.858291;-0.020148;,
  -0.008665;0.860481;-0.085190;,
  -0.024729;0.870278;-0.040660;,
  -0.011220;0.807091;0.014005;,
  -0.005877;0.836110;0.007253;,
  -0.042786;0.783296;0.007388;,
  -0.007614;0.860311;0.000549;,
  0.024819;0.508461;0.117337;,
  0.025546;0.474170;0.116856;,
  0.020613;0.452500;0.106618;,
  0.024625;0.453990;0.051477;,
  0.014439;0.965085;-0.062338;,
  0.031809;0.967467;-0.062467;,
  0.005147;0.816364;-0.064173;,
  0.012348;0.832211;-0.082029;,
  0.012065;0.823754;-0.077380;,
  0.010565;0.856019;-0.090607;,
  0.023255;0.614084;0.085523;,
  -0.042786;0.783296;0.007388;,
  -0.077619;-0.001385;-0.067587;,
  0.005707;0.810765;-0.060701;,
  0.012846;0.805203;-0.066123;,
  0.013323;0.811154;-0.065428;,
  0.013265;0.812147;-0.071567;,
  -0.075466;0.740946;0.050410;,
  -0.053741;0.730331;0.025948;,
  -0.055886;0.727514;0.008489;,
  -0.054361;0.736803;-0.020626;,
  -0.017813;0.908577;-0.011128;,
  -0.001768;0.222007;-0.023516;,
  0.020818;0.148801;-0.017682;,
  -0.010137;0.145588;-0.013802;,
  0.021049;0.226386;-0.022394;,
  -0.006255;0.277403;-0.034994;,
  0.023128;0.279699;-0.033699;,
  0.006874;0.369834;-0.023215;,
  0.022934;0.368438;-0.023515;,
  0.012771;0.458826;-0.017978;,
  0.022633;0.454223;-0.018657;,
  0.022315;0.496015;-0.016311;,
  -0.018639;0.503688;-0.004184;,
  0.020548;0.082449;-0.017557;,
  -0.012169;0.073176;-0.009279;,
  -0.015442;0.076574;0.105593;,
  -0.080258;0.156546;0.073603;,
  -0.063376;0.084447;0.070149;,
  -0.015818;0.151516;0.097673;,
  -0.080931;0.231070;0.075273;,
  -0.017200;0.218663;0.089727;,
  -0.013894;0.271388;0.085792;,
  -0.062205;0.275885;0.052154;,
  -0.081637;0.361768;0.073749;,
  -0.000481;0.356851;0.097782;,
  0.025546;0.474170;0.116856;,
  -0.016174;0.462297;0.114941;,
  -0.053741;0.730331;0.025948;,
  -0.034850;0.467527;-0.007941;,
  -0.044270;0.370669;-0.019498;,
  -0.047464;0.275707;-0.030857;,
  -0.050352;0.218441;-0.002237;,
  -0.051649;0.144959;0.007226;,
  -0.056865;0.066558;0.018852;,
  0.117809;0.362263;0.076100;,
  0.065314;0.465682;0.113898;,
  0.108468;0.446274;0.085965;,
  0.091013;0.276176;0.059084;,
  0.106830;0.227800;0.080476;,
  0.100215;0.153635;0.076873;,
  0.078919;0.083512;0.071685;,
  -0.063319;0.443686;0.087395;;
  916;
  3;0,1,2;,
  3;1,0,3;,
  3;4,5,6;,
  3;5,4,7;,
  3;8,9,10;,
  3;9,8,11;,
  3;12,13,14;,
  3;13,12,15;,
  3;16,12,17;,
  3;12,16,15;,
  3;18,19,20;,
  3;19,18,16;,
  3;6,21,22;,
  3;21,6,5;,
  3;14,23,24;,
  3;23,14,13;,
  3;25,26,27;,
  3;26,25,28;,
  3;29,30,31;,
  3;30,29,32;,
  3;30,33,31;,
  3;33,30,34;,
  3;35,36,37;,
  3;36,35,38;,
  3;38,39,36;,
  3;39,38,40;,
  3;37,41,42;,
  3;41,37,36;,
  3;36,43,41;,
  3;43,36,39;,
  3;42,30,32;,
  3;30,42,41;,
  3;41,34,30;,
  3;34,41,43;,
  3;44,45,46;,
  3;45,44,47;,
  3;48,49,50;,
  3;49,48,51;,
  3;50,52,53;,
  3;52,50,49;,
  3;54,55,56;,
  3;55,54,57;,
  3;57,58,55;,
  3;58,57,59;,
  3;56,60,61;,
  3;60,56,55;,
  3;55,62,60;,
  3;62,55,58;,
  3;61,49,51;,
  3;49,61,60;,
  3;60,52,49;,
  3;52,60,62;,
  3;32,19,63;,
  3;19,32,29;,
  3;64,65,66;,
  3;65,64,20;,
  3;14,67,12;,
  3;67,14,68;,
  3;68,69,67;,
  3;69,68,70;,
  3;70,42,69;,
  3;42,70,37;,
  3;48,34,51;,
  3;34,48,33;,
  3;51,43,61;,
  3;43,51,34;,
  3;43,56,61;,
  3;56,43,39;,
  3;39,54,56;,
  3;54,39,40;,
  3;12,63,17;,
  3;63,12,67;,
  3;67,32,63;,
  3;32,67,69;,
  3;69,42,32;,
  3;71,72,25;,
  3;73,74,75;,
  3;74,73,76;,
  3;74,77,75;,
  3;77,74,78;,
  3;79,78,80;,
  3;78,79,77;,
  3;81,82,83;,
  3;82,84,85;,
  3;84,82,86;,
  3;87,88,89;,
  3;88,90,89;,
  3;90,88,91;,
  3;92,93,94;,
  3;92,89,93;,
  3;92,87,89;,
  3;89,95,93;,
  3;95,89,90;,
  3;96,93,82;,
  3;93,86,82;,
  3;86,93,95;,
  3;97,98,99;,
  3;98,97,100;,
  3;100,101,98;,
  3;101,100,102;,
  3;103,104,105;,
  3;104,103,106;,
  3;106,107,104;,
  3;107,106,108;,
  3;105,109,110;,
  3;109,105,104;,
  3;104,111,109;,
  3;111,104,107;,
  3;110,100,97;,
  3;100,110,109;,
  3;109,102,100;,
  3;102,109,111;,
  3;112,113,114;,
  3;113,112,115;,
  3;116,117,118;,
  3;117,116,119;,
  3;120,121,122;,
  3;121,120,123;,
  3;120,124,125;,
  3;124,120,122;,
  3;126,124,127;,
  3;124,126,125;,
  3;95,97,86;,
  3;97,95,110;,
  3;86,99,84;,
  3;99,86,97;,
  3;90,103,105;,
  3;103,90,91;,
  3;105,95,90;,
  3;95,105,110;,
  3;128,96,129;,
  3;96,128,94;,
  3;129,130,128;,
  3;130,129,131;,
  3;72,28,25;,
  3;28,72,132;,
  3;10,133,8;,
  3;134,135,136;,
  3;135,134,137;,
  3;81,137,134;,
  3;138,11,139;,
  3;138,9,11;,
  3;138,140,9;,
  3;141,11,142;,
  3;11,141,139;,
  3;128,130,143;,
  3;94,144,92;,
  3;94,143,144;,
  3;94,128,143;,
  3;145,87,146;,
  3;87,145,147;,
  3;75,148,73;,
  3;148,75,149;,
  3;150,147,145;,
  3;7,149,75;,
  3;148,151,73;,
  3;102,152,101;,
  3;152,102,126;,
  3;102,125,126;,
  3;125,102,111;,
  3;111,120,125;,
  3;120,111,107;,
  3;120,108,123;,
  3;108,120,107;,
  3;8,153,154;,
  3;153,8,133;,
  3;154,155,8;,
  3;155,154,156;,
  3;122,114,113;,
  3;114,122,121;,
  3;121,112,114;,
  3;112,121,157;,
  3;158,124,159;,
  3;124,158,127;,
  3;159,122,113;,
  3;122,159,124;,
  3;126,160,152;,
  3;160,126,161;,
  3;162,121,123;,
  3;121,162,163;,
  3;121,164,157;,
  3;164,121,163;,
  3;165,126,127;,
  3;126,165,161;,
  3;161,166,160;,
  3;166,161,167;,
  3;162,118,163;,
  3;118,162,116;,
  3;163,117,164;,
  3;117,163,118;,
  3;165,167,161;,
  3;167,165,168;,
  3;169,170,171;,
  3;170,169,172;,
  3;173,174,175;,
  3;174,173,176;,
  3;177,178,179;,
  3;178,177,173;,
  3;180,178,181;,
  3;178,180,182;,
  3;183,169,171;,
  3;169,183,184;,
  3;174,185,186;,
  3;185,174,176;,
  3;46,187,44;,
  3;187,46,188;,
  3;180,169,182;,
  3;169,180,172;,
  3;20,29,65;,
  3;19,29,20;,
  3;29,31,189;,
  3;31,190,189;,
  3;190,31,33;,
  3;33,191,190;,
  3;191,33,48;,
  3;191,50,192;,
  3;50,191,48;,
  3;192,53,193;,
  3;53,192,50;,
  3;194,171,185;,
  3;171,194,183;,
  3;171,186,185;,
  3;186,171,170;,
  3;185,176,194;,
  3;194,173,177;,
  3;173,194,176;,
  3;178,175,181;,
  3;175,178,173;,
  3;179,182,184;,
  3;182,179,178;,
  3;182,169,184;,
  3;16,17,19;,
  3;17,63,19;,
  3;65,195,66;,
  3;196,197,198;,
  3;197,196,199;,
  3;200,154,153;,
  3;154,200,201;,
  3;202,203,204;,
  3;205,206,207;,
  3;196,208,209;,
  3;208,196,198;,
  3;210,209,211;,
  3;209,210,196;,
  3;212,213,214;,
  3;213,212,215;,
  3;212,214,211;,
  3;201,216,217;,
  3;216,201,200;,
  3;218,219,220;,
  3;219,218,217;,
  3;210,199,196;,
  3;213,205,207;,
  3;221,222,223;,
  3;198,197,224;,
  3;224,225,226;,
  3;225,224,197;,
  3;227,213,207;,
  3;228,229,214;,
  3;229,228,230;,
  3;220,231,232;,
  3;213,228,214;,
  3;156,201,233;,
  3;201,156,154;,
  3;233,217,218;,
  3;217,233,201;,
  3;219,217,234;,
  3;235,219,234;,
  3;236,237,238;,
  3;237,236,239;,
  3;209,240,211;,
  3;240,209,241;,
  3;211,242,212;,
  3;242,211,240;,
  3;243,239,244;,
  3;239,243,237;,
  3;244,236,245;,
  3;236,244,239;,
  3;246,221,223;,
  3;221,246,215;,
  3;221,212,247;,
  3;212,221,215;,
  3;199,248,2;,
  3;248,199,249;,
  3;133,10,250;,
  3;249,210,251;,
  3;210,249,199;,
  3;210,211,251;,
  3;252,1,253;,
  3;1,252,2;,
  3;20,254,18;,
  3;254,20,64;,
  3;24,68,14;,
  3;68,24,255;,
  3;68,256,70;,
  3;256,68,255;,
  3;256,37,70;,
  3;37,256,257;,
  3;258,2,252;,
  3;2,258,199;,
  3;257,259,37;,
  3;37,259,35;,
  3;260,204,261;,
  3;204,260,202;,
  3;262,263,223;,
  3;263,262,264;,
  3;197,258,225;,
  3;258,197,199;,
  3;265,203,227;,
  3;265,207,266;,
  3;207,265,227;,
  3;223,267,246;,
  3;267,223,263;,
  3;88,87,147;,
  3;83,82,85;,
  3;78,16,18;,
  3;16,78,74;,
  3;74,15,16;,
  3;15,74,76;,
  3;15,71,13;,
  3;71,15,76;,
  3;13,268,23;,
  3;268,13,71;,
  3;248,269,2;,
  3;2,269,0;,
  3;136,129,134;,
  3;129,136,131;,
  3;134,96,81;,
  3;96,134,129;,
  3;96,82,81;,
  3;93,96,94;,
  3;29,189,65;,
  3;205,215,246;,
  3;267,205,246;,
  3;205,267,206;,
  3;205,213,215;,
  3;187,188,270;,
  3;224,271,272;,
  3;222,221,208;,
  3;224,222,198;,
  3;272,273,262;,
  3;273,272,271;,
  3;263,274,275;,
  3;273,276,262;,
  3;277,271,278;,
  3;271,277,273;,
  3;222,272,262;,
  3;272,222,224;,
  3;222,208,198;,
  3;209,221,247;,
  3;221,209,208;,
  3;223,222,262;,
  3;266,206,279;,
  3;206,266,207;,
  3;206,280,279;,
  3;280,206,267;,
  3;280,263,275;,
  3;263,280,267;,
  3;264,262,276;,
  3;76,73,72;,
  3;138,281,140;,
  3;73,132,72;,
  3;132,73,151;,
  3;72,71,76;,
  3;271,226,278;,
  3;155,11,8;,
  3;276,277,282;,
  3;277,276,273;,
  3;274,276,282;,
  3;276,274,264;,
  3;28,141,26;,
  3;141,28,139;,
  3;139,132,138;,
  3;132,139,28;,
  3;132,281,138;,
  3;281,132,151;,
