xof 0303txt 0032
template ColorRGBA {
 <35ff44e0-6c7c-11cf-8f52-0040333594a3>
 FLOAT red;
 FLOAT green;
 FLOAT blue;
 FLOAT alpha;
}

template ColorRGB {
 <d3e16e81-7835-11cf-8f52-0040333594a3>
 FLOAT red;
 FLOAT green;
 FLOAT blue;
}

template Material {
 <3d82ab4d-62da-11cf-ab39-0020af71e433>
 ColorRGBA faceColor;
 FLOAT power;
 ColorRGB specularColor;
 ColorRGB emissiveColor;
 [...]
}

template TextureFilename {
 <a42790e1-7810-11cf-8f52-0040333594a3>
 STRING filename;
}

template Frame {
 <3d82ab46-62da-11cf-ab39-0020af71e433>
 [...]
}

template Matrix4x4 {
 <f6f23f45-7686-11cf-8f52-0040333594a3>
 array FLOAT matrix[16];
}

template FrameTransformMatrix {
 <f6f23f41-7686-11cf-8f52-0040333594a3>
 Matrix4x4 frameMatrix;
}

template Vector {
 <3d82ab5e-62da-11cf-ab39-0020af71e433>
 FLOAT x;
 FLOAT y;
 FLOAT z;
}

template MeshFace {
 <3d82ab5f-62da-11cf-ab39-0020af71e433>
 DWORD nFaceVertexIndices;
 array DWORD faceVertexIndices[nFaceVertexIndices];
}

template Mesh {
 <3d82ab44-62da-11cf-ab39-0020af71e433>
 DWORD nVertices;
 array Vector vertices[nVertices];
 DWORD nFaces;
 array MeshFace faces[nFaces];
 [...]
}

template MeshMaterialList {
 <f6f23f42-7686-11cf-8f52-0040333594a3>
 DWORD nMaterials;
 DWORD nFaceIndexes;
 array DWORD faceIndexes[nFaceIndexes];
 [Material <3d82ab4d-62da-11cf-ab39-0020af71e433>]
}

template VertexElement {
 <f752461c-1e23-48f6-b9f8-8350850f336f>
 DWORD Type;
 DWORD Method;
 DWORD Usage;
 DWORD UsageIndex;
}

template DeclData {
 <bf22e553-292c-4781-9fea-62bd554bdd93>
 DWORD nElements;
 array VertexElement Elements[nElements];
 DWORD nDWords;
 array DWORD data[nDWords];
}

template XSkinMeshHeader {
 <3cf169ce-ff7c-44ab-93c0-f78f62d172e2>
 WORD nMaxSkinWeightsPerVertex;
 WORD nMaxSkinWeightsPerFace;
 WORD nBones;
}

template SkinWeights {
 <6f0d123b-bad2-4167-a0d0-80224f25fabb>
 STRING transformNodeName;
 DWORD nWeights;
 array DWORD vertexIndices[nWeights];
 array FLOAT weights[nWeights];
 Matrix4x4 matrixOffset;
}

template AnimTicksPerSecond {
 <9e415a43-7ba6-4a73-8743-b73d47e88476>
 DWORD AnimTicksPerSecond;
}

template Animation {
 <3d82ab4f-62da-11cf-ab39-0020af71e433>
 [...]
}

template AnimationSet {
 <3d82ab50-62da-11cf-ab39-0020af71e433>
 [Animation <3d82ab4f-62da-11cf-ab39-0020af71e433>]
}

template FloatKeys {
 <10dd46a9-775b-11cf-8f52-0040333594a3>
 DWORD nValues;
 array FLOAT values[nValues];
}

template TimedFloatKeys {
 <f406b180-7b3b-11cf-8f52-0040333594a3>
 DWORD time;
 FloatKeys tfkeys;
}

template AnimationKey {
 <10dd46a8-775b-11cf-8f52-0040333594a3>
 DWORD keyType;
 DWORD nKeys;
 array TimedFloatKeys keys[nKeys];
}


Material _03_-_Default {
 1.000000;1.000000;1.000000;1.000000;;
 9.999999;
 0.000000;0.000000;0.000000;;
 0.000000;0.000000;0.000000;;

 TextureFilename {
  "MaleBody_full.png";
 }
}

Frame Dummy01 {
 

 FrameTransformMatrix {
  1.000000,0.000000,0.000000,0.000000,0.000000,-0.000000,-1.000000,0.000000,0.000000,1.000000,-0.000000,0.000000,0.000000,0.000000,0.000000,1.000000;;
 }

 Frame Bip01 {
  

  FrameTransformMatrix {
   -0.029302,0.847813,0.529486,0.000000,0.147746,-0.520221,0.841155,0.000000,0.988591,0.102877,-0.110018,0.000000,-0.028992,-0.044886,0.085707,1.000000;;
  }

  Frame Bip01_Pelvis {
   

   FrameTransformMatrix {
    -0.017536,0.996155,0.085832,0.000000,0.013992,-0.085592,0.996232,0.000000,0.999748,0.018671,-0.012437,0.000000,0.000000,0.000000,0.000000,1.000000;;
   }

   Frame Bip01_Spine {
    

    FrameTransformMatrix {
     0.859527,-0.148188,0.489136,0.000000,0.196744,0.979227,-0.049060,0.000000,-0.471705,0.138403,0.870827,0.000000,0.051475,-0.004431,0.000890,1.000000;;
    }

    Frame Bip01_Spine1 {
     

     FrameTransformMatrix {
      0.921014,-0.097799,0.377052,0.000000,0.118863,0.992364,-0.032944,0.000000,-0.370951,0.075160,0.925606,0.000000,0.106511,-0.000006,-0.000078,1.000000;;
     }

     Frame Bip01_Neck {
      

      FrameTransformMatrix {
       0.991921,-0.110185,0.062861,0.000000,0.107084,0.992955,0.050734,0.000000,-0.068008,-0.043592,0.996732,0.000000,0.130506,0.000001,0.004625,1.000000;;
      }

      Frame Bip01_Head {
       

       FrameTransformMatrix {
        0.975417,0.190013,-0.111615,0.000000,-0.191066,0.981577,0.001285,0.000000,0.109803,0.020072,0.993751,0.000000,0.033674,0.000000,0.000000,1.000000;;
       }

       Frame Bip01_HeadNub {
        

        FrameTransformMatrix {
         1.000000,0.000000,-0.000000,0.000000,0.000000,1.000000,0.000000,0.000000,0.000000,0.000000,1.000000,0.000000,0.169824,0.000000,-0.000000,1.000000;;
        }
       }
      }

      Frame Bip01_L_Clavicle {
       

       FrameTransformMatrix {
        -0.273450,0.942758,0.190873,0.000000,0.957965,0.284819,-0.034371,0.000000,-0.086768,0.173451,-0.981013,0.000000,-0.025855,0.012795,-0.003661,1.000000;;
       }

       Frame Bip01_L_UpperArm {
        

        FrameTransformMatrix {
         0.533094,-0.638525,-0.555065,0.000000,0.809017,0.576709,0.113570,0.000000,0.247594,-0.509600,0.824018,0.000000,0.087086,0.000000,0.000000,1.000000;;
        }

        Frame Bip01_L_Forearm {
         

         FrameTransformMatrix {
          0.318984,-0.000000,-0.947760,0.000000,0.000000,1.000000,0.000000,0.000000,0.947760,-0.000000,0.318984,0.000000,0.137062,0.000000,-0.000000,1.000000;;
         }

         Frame Bip01_L_Hand {
          

          FrameTransformMatrix {
           0.722948,0.452141,-0.522413,0.000000,-0.014601,0.765960,0.642722,0.000000,0.690748,-0.457027,0.560351,0.000000,0.137062,0.000000,-0.000000,1.000000;;
          }

          Frame Bip01_L_Finger0 {
           

           FrameTransformMatrix {
            0.628809,-0.777537,-0.005951,0.000000,0.762410,0.618043,-0.191718,0.000000,0.152745,0.116017,0.981433,0.000000,0.057681,-0.023605,-0.000272,1.000000;;
           }

           Frame Bip01_L_Finger0Nub {
            

            FrameTransformMatrix {
             1.000000,0.000000,-0.000000,0.000000,0.000000,1.000000,0.000000,0.000000,-0.000000,-0.000000,1.000000,0.000000,0.029435,-0.000000,0.000000,1.000000;;
            }
           }
          }

          Frame Bip01_L_Finger1 {
           

           FrameTransformMatrix {
            0.965808,0.000206,-0.259259,0.000000,-0.000000,1.000000,0.000796,0.000000,0.259259,-0.000769,0.965807,0.000000,0.084102,-0.000000,-0.000000,1.000000;;
           }

           Frame Bip01_L_Finger1Nub {
            

            FrameTransformMatrix {
             1.000000,0.000000,0.000000,0.000000,0.000000,1.000000,-0.000000,0.000000,0.000000,0.000000,1.000000,0.000000,0.047988,0.000000,0.000000,1.000000;;
            }
           }
          }
         }
        }
       }
      }

      Frame Bip01_R_Clavicle {
       

       FrameTransformMatrix {
        -0.047560,-0.995612,0.080585,0.000000,-0.997025,0.052216,0.056689,0.000000,-0.060648,-0.077649,-0.995134,0.000000,-0.022391,-0.018412,-0.002291,1.000000;;
       }

       Frame Bip01_R_UpperArm {
        

        FrameTransformMatrix {
         0.609571,0.321733,-0.724507,0.000000,-0.517893,0.853565,-0.056690,0.000000,0.600175,0.409773,0.686932,0.000000,0.087086,0.000000,-0.000000,1.000000;;
        }

        Frame Bip01_R_Forearm {
         

         FrameTransformMatrix {
          0.529014,-0.000000,-0.848613,0.000000,0.000000,1.000000,0.000000,0.000000,0.848613,0.000000,0.529014,0.000000,0.137062,0.000000,0.000000,1.000000;;
         }

         Frame Bip01_R_Hand {
          

          FrameTransformMatrix {
           0.621435,-0.725871,-0.294840,0.000000,0.018000,0.389456,-0.920869,0.000000,0.783259,0.566953,0.255087,0.000000,0.137062,-0.000000,-0.000000,1.000000;;
          }

          Frame Bip01_R_Finger0 {
           

           FrameTransformMatrix {
            0.435293,0.870015,0.231508,0.000000,-0.896446,0.395123,0.200657,0.000000,0.083100,-0.294879,0.951915,0.000000,0.057681,0.023605,-0.000272,1.000000;;
           }

           Frame Bip01_R_Finger0Nub {
            

            FrameTransformMatrix {
             -1.000000,0.000000,0.000000,0.000000,0.000000,1.000000,0.000000,0.000000,0.000000,-0.000000,-1.000000,0.000000,0.029435,0.000000,0.000000,1.000000;;
            }
           }
          }

          Frame Bip01_R_Finger1 {
           

           FrameTransformMatrix {
            0.992856,0.000095,0.119314,0.000000,0.000000,1.000000,-0.000796,0.000000,-0.119315,0.000791,0.992856,0.000000,0.084102,-0.000000,0.000000,1.000000;;
           }

           Frame Bip01_R_Finger1Nub {
            

            FrameTransformMatrix {
             -1.000000,-0.000000,-0.000000,0.000000,-0.000000,1.000000,0.000000,0.000000,0.000000,0.000000,-1.000000,0.000000,0.047988,-0.000000,0.000000,1.000000;;
            }
           }
          }
         }
        }
       }
      }
     }

     Frame Bip01_BackPack {
      

      FrameTransformMatrix {
       -0.044613,0.036848,-0.998325,0.000000,0.093787,0.995061,0.032536,0.000000,0.994592,-0.092178,-0.047849,0.000000,0.036508,0.000004,-0.094111,1.000000;;
      }

      Frame Bip01_BackPackNub {
       

       FrameTransformMatrix {
        0.000796,0.000003,1.000000,0.000000,0.000000,-1.000000,0.000003,0.000000,1.000000,0.000000,-0.000796,0.000000,0.053240,0.000000,0.000000,1.000000;;
       }
      }
     }
    }

    Frame Bip01_L_Thigh {
     

     FrameTransformMatrix {
      -0.033982,0.026851,0.999062,0.000000,0.934973,-0.352311,0.041271,0.000000,0.353088,0.935498,-0.013133,0.000000,-0.053520,0.048334,0.031762,1.000000;;
     }

     Frame Bip01_L_Calf {
      

      FrameTransformMatrix {
       -0.659217,0.000000,-0.751953,0.000000,0.000000,1.000000,-0.000000,0.000000,0.751953,0.000000,-0.659216,0.000000,0.237500,0.000000,0.000000,1.000000;;
      }

      Frame Bip01_L_Foot {
       

       FrameTransformMatrix {
        0.977198,0.201260,0.067671,0.000000,-0.184090,0.961860,-0.202326,0.000000,-0.105810,0.185255,0.976977,0.000000,0.206841,0.000000,0.000000,1.000000;;
       }

       Frame Bip01_L_Toe0 {
        

        FrameTransformMatrix {
         -0.201121,0.040397,0.978733,0.000000,-0.000000,0.999149,-0.041240,0.000000,-0.979566,-0.008295,-0.200950,0.000000,0.065373,0.000000,0.066450,1.000000;;
        }

        Frame Bip01_L_Toe0Nub {
         

         FrameTransformMatrix {
          -1.000000,0.000000,-0.000000,0.000000,0.000000,1.000000,0.000000,0.000000,0.000000,-0.000000,-1.000000,0.000000,0.006735,0.000000,-0.000000,1.000000;;
         }
        }
       }
      }
     }
    }

    Frame Bip01_R_Thigh {
     

     FrameTransformMatrix {
      0.654794,-0.056666,0.753680,0.000000,-0.020827,-0.998160,-0.056953,0.000000,0.755520,0.021596,-0.654769,0.000000,-0.037152,-0.059823,0.016476,1.000000;;
     }

     Frame Bip01_R_Calf {
      

      FrameTransformMatrix {
       -0.406655,-0.000000,-0.913582,0.000000,0.000000,1.000000,0.000000,0.000000,0.913582,-0.000000,-0.406655,0.000000,0.237500,-0.000000,0.000000,1.000000;;
      }

      Frame Bip01_R_Foot {
       

       FrameTransformMatrix {
        0.933816,0.031555,-0.356361,0.000000,-0.047664,0.998196,-0.036511,0.000000,0.354566,0.051080,0.933635,0.000000,0.206841,0.000000,-0.000000,1.000000;;
       }

       Frame Bip01_R_Toe0 {
        

        FrameTransformMatrix {
         -0.150917,-0.053407,0.987103,0.000000,-0.217007,0.975973,0.019627,0.000000,-0.964434,-0.211247,-0.158880,0.000000,0.065373,0.000000,0.066450,1.000000;;
        }

        Frame Bip01_R_Toe0Nub {
         

         FrameTransformMatrix {
          1.000000,0.000000,0.000000,0.000000,0.000000,1.000000,0.000000,0.000000,0.000000,0.000000,1.000000,0.000000,0.006735,0.000000,-0.000000,1.000000;;
         }
        }
       }
      }
     }
    }
   }

   Frame Bip01_DressFront {
    

    FrameTransformMatrix {
     -0.180380,0.104326,0.978049,0.000000,-0.571675,0.798045,-0.190559,0.000000,-0.800407,-0.593499,-0.084311,0.000000,0.036409,0.016810,0.092297,1.000000;;
    }

    Frame Bip01_DressFront02 {
     

     FrameTransformMatrix {
      -0.151091,0.625571,0.765397,0.000000,-0.226207,0.731860,-0.642815,0.000000,-0.962290,-0.270261,0.030931,0.000000,0.183451,0.000036,-0.000004,1.000000;;
     }

     Frame Bip01_DressFrontNub {
      

      FrameTransformMatrix {
       0.000796,0.000003,1.000000,0.000000,0.000000,-1.000000,0.000003,0.000000,1.000000,-0.000000,-0.000796,0.000000,0.165302,0.000000,0.000000,1.000000;;
      }
     }
    }
   }

   Frame Bip01_DressBack {
    

    FrameTransformMatrix {
     -0.370499,-0.079747,0.925403,0.000000,-0.029585,0.996815,0.074056,0.000000,-0.928362,0.000060,-0.371678,0.000000,-0.047602,0.000000,-0.078367,1.000000;;
    }

    Frame Bip01_DressBack02 {
     

     FrameTransformMatrix {
      -0.775011,-0.511731,0.370795,0.000000,0.258259,0.279043,0.924899,0.000000,-0.576767,0.812568,-0.084102,0.000000,0.176221,-0.000088,0.000009,1.000000;;
     }

     Frame Bip01_DressBackNub {
      

      FrameTransformMatrix {
       0.000796,0.000003,1.000000,0.000000,0.000000,-1.000000,0.000003,0.000000,1.000000,-0.000000,-0.000796,0.000000,0.136508,-0.000000,0.000000,1.000000;;
      }
     }
    }
   }
  }

  Frame Bip01_Prop1 {
   

   FrameTransformMatrix {
    -0.027801,-0.875143,0.483065,0.000000,0.147820,0.474339,0.867843,0.000000,-0.988624,0.095533,0.116176,0.000000,0.330992,-0.037740,-0.133577,1.000000;;
   }
  }

  Frame Bip01_Prop2 {
   

   FrameTransformMatrix {
    0.966044,0.225197,0.126675,0.000000,0.096179,0.141617,-0.985238,0.000000,-0.239812,0.963966,0.115149,0.000000,0.302926,-0.000810,0.147797,1.000000;;
   }
  }
 }
}

Frame Translation_Data {
 

 FrameTransformMatrix {
  1.000000,0.000000,0.000000,0.000000,0.000000,-0.000000,-1.000000,0.000000,0.000000,1.000000,-0.000000,0.000000,0.000000,-0.000000,0.000000,1.000000;;
 }
}

Frame Body {
 

 FrameTransformMatrix {
  1.000000,0.000000,0.000000,0.000000,0.000000,1.000000,0.000000,0.000000,0.000000,0.000000,1.000000,0.000000,0.000000,0.000000,0.000000,1.000000;;
 }

 Mesh Body {
  617;
  0.040810;0.330993;0.013464;,
  0.010538;0.324387;0.018678;,
  0.002450;0.356663;0.026073;,
  0.051757;0.311863;0.016407;,
  0.063482;0.302642;0.025074;,
  0.037143;0.261393;0.017267;,
  0.021171;0.290570;0.010802;,
  0.072319;0.271570;0.047428;,
  0.000244;0.385917;0.056773;,
  0.050731;0.371478;0.086825;,
  0.045826;0.364869;0.052934;,
  0.017797;0.376701;0.091845;,
  0.064989;0.090514;0.089854;,
  0.026909;0.100969;0.118087;,
  0.024681;0.080553;0.114319;,
  0.059630;0.108203;0.095785;,
  0.052952;0.135077;0.048638;,
  0.060703;0.099899;0.047864;,
  0.023959;0.149266;0.023812;,
  0.041754;0.096509;0.016339;,
  0.009588;0.101920;0.004891;,
  -0.016349;0.255964;0.009124;,
  -0.019589;0.288295;0.006462;,
  -0.015446;0.105503;0.122633;,
  -0.017162;0.084501;0.118564;,
  0.032915;0.238589;0.143101;,
  -0.022058;0.283712;0.144684;,
  -0.019144;0.238755;0.146441;,
  0.034848;0.287857;0.141249;,
  0.055978;0.085651;-0.006833;,
  0.052538;0.045855;-0.107536;,
  0.067414;0.090738;-0.103099;,
  0.043913;0.045302;-0.005163;,
  0.042582;0.088132;-0.214528;,
  0.038094;0.055715;-0.200632;,
  0.028860;0.129631;-0.001343;,
  -0.041539;0.097455;-0.103076;,
  -0.029042;-0.003503;0.066197;,
  0.028110;0.127748;-0.101417;,
  0.010835;0.102588;-0.184846;,
  0.021204;0.109856;-0.200186;,
  -0.008683;0.024705;-0.107515;,
  0.003433;0.022672;-0.005049;,
  0.024387;0.064134;-0.185543;,
  -0.168297;0.006298;-0.022885;,
  -0.143894;0.044788;0.016549;,
  -0.172245;0.051124;-0.022687;,
  -0.142372;0.010040;0.014242;,
  -0.019415;0.066701;-0.186319;,
  -0.051256;0.026420;-0.116276;,
  -0.074831;0.050123;-0.140004;,
  0.005257;0.041048;-0.162905;,
  -0.112873;0.015067;-0.065889;,
  -0.132908;0.031773;-0.088852;,
  -0.031797;0.105722;-0.155847;,
  -0.041231;0.093382;-0.089401;,
  0.011015;0.116848;-0.121934;,
  -0.070972;0.081893;-0.117996;,
  -0.098103;0.051228;-0.052195;,
  -0.125034;0.049732;-0.062630;,
  -0.024393;0.033613;-0.089586;,
  0.038008;0.049950;-0.126953;,
  -0.089271;0.028663;-0.055977;,
  0.060123;0.072370;0.036088;,
  -0.032527;0.109264;-0.002565;,
  0.028860;0.129631;-0.001343;,
  -0.040006;0.073352;-0.008936;,
  0.062694;0.038066;0.078517;,
  0.014701;0.032576;0.105875;,
  0.020387;0.015465;0.024743;,
  -0.013667;0.022305;0.051667;,
  0.030258;0.180965;0.136095;,
  0.064984;0.236397;0.126290;,
  0.076796;0.240224;0.109498;,
  0.055446;0.187837;0.063236;,
  0.071618;0.239540;0.057243;,
  0.062408;0.182335;0.111267;,
  0.038267;0.234231;0.022443;,
  0.032804;0.186258;0.035365;,
  -0.016582;0.238392;0.015329;,
  -0.015997;0.182972;0.031310;,
  0.094620;0.317550;-0.007446;,
  0.119222;0.276681;-0.024457;,
  0.044509;0.303946;0.006676;,
  0.090247;0.212407;-0.025082;,
  0.065111;0.251702;-0.018289;,
  0.134419;0.231496;-0.031438;,
  0.062202;0.275433;0.057528;,
  0.065111;0.251702;-0.018289;,
  0.081558;0.230717;0.042165;,
  0.106118;0.182085;0.008285;,
  0.090247;0.212407;-0.025082;,
  0.071390;0.277192;0.063925;,
  0.135689;0.255970;0.036176;,
  0.110701;0.295684;0.052652;,
  0.150207;0.200941;0.001830;,
  0.108352;0.312081;0.018586;,
  0.131707;0.242355;-0.045211;,
  0.080114;0.216319;-0.099746;,
  0.078909;0.220518;-0.039223;,
  0.113860;0.230705;-0.101024;,
  0.078571;0.203028;-0.143629;,
  0.100978;0.217506;-0.147516;,
  0.078909;0.220518;-0.039223;,
  0.109536;0.167668;-0.093317;,
  0.103202;0.163035;-0.029290;,
  0.080114;0.216319;-0.099746;,
  0.105625;0.177739;-0.143200;,
  0.078571;0.203028;-0.143629;,
  0.135301;0.179056;-0.094037;,
  0.155690;0.184829;-0.035164;,
  0.116644;0.184091;-0.145096;,
  0.086534;0.295976;-0.231862;,
  0.115927;0.249831;-0.248094;,
  0.077475;0.277673;-0.240037;,
  0.124373;0.268071;-0.239901;,
  0.047464;0.255077;-0.196769;,
  0.059586;0.266628;-0.197040;,
  0.053123;0.261309;-0.204182;,
  0.049424;0.261694;-0.187363;,
  0.111842;0.191617;-0.187992;,
  0.074728;0.239204;-0.189775;,
  0.120020;0.220883;-0.209729;,
  0.065654;0.207515;-0.178712;,
  0.127582;0.238738;-0.205026;,
  0.127183;0.217336;-0.164872;,
  0.079222;0.234091;-0.153865;,
  0.084156;0.256102;-0.185081;,
  0.077558;0.359361;0.044227;,
  0.077203;0.352232;0.015241;,
  0.045826;0.364869;0.052934;,
  0.041601;0.355192;0.027098;,
  0.072076;0.290118;0.124660;,
  0.011525;0.373423;0.033774;,
  0.068436;0.331148;0.002200;,
  0.051757;0.311863;0.016407;,
  0.040810;0.330993;0.013464;,
  0.067981;0.313275;0.008938;,
  0.070854;0.333899;0.102758;,
  0.031479;0.331437;0.123478;,
  0.073291;0.336567;0.097618;,
  -0.025901;0.322718;0.126624;,
  -0.028310;0.367217;0.086364;,
  0.050731;0.371478;0.086825;,
  0.073291;0.336567;0.097618;,
  0.062359;0.301661;0.052535;,
  0.075158;0.325038;0.088860;,
  0.044509;0.303946;0.006676;,
  0.075636;0.281111;0.094505;,
  0.070260;0.271064;0.061862;,
  0.063482;0.302642;0.025074;,
  0.080207;0.287136;0.109320;,
  0.065654;0.207515;-0.178712;,
  0.002640;0.400329;0.030827;,
  -0.006482;0.406517;0.051180;,
  -0.028903;0.386662;0.059779;,
  -0.032440;0.408361;0.059355;,
  0.084156;0.256102;-0.185081;,
  0.086534;0.295976;-0.231862;,
  0.124373;0.268071;-0.239901;,
  0.049657;0.235857;-0.191868;,
  0.060828;0.251562;-0.174560;,
  0.049657;0.235857;-0.191868;,
  0.061977;0.245121;-0.200767;,
  0.079940;0.252999;-0.185900;,
  0.079940;0.252999;-0.185900;,
  0.047464;0.255077;-0.196769;,
  0.049424;0.261694;-0.187363;,
  0.059586;0.266628;-0.197040;,
  -0.195001;0.003297;-0.098316;,
  -0.240021;0.032782;-0.120418;,
  -0.220784;0.035335;-0.125186;,
  -0.216506;-0.003708;-0.092044;,
  -0.123098;0.051239;-0.011185;,
  -0.172245;0.051124;-0.022687;,
  -0.143894;0.044788;0.016549;,
  -0.153500;0.054406;-0.039088;,
  -0.098103;0.051228;-0.052195;,
  -0.118928;0.010061;-0.015869;,
  -0.089271;0.028663;-0.055977;,
  -0.168297;0.006298;-0.022885;,
  -0.142372;0.010040;0.014242;,
  -0.141276;0.007811;-0.045161;,
  -0.132908;0.031773;-0.088852;,
  -0.112873;0.015067;-0.065889;,
  -0.218518;0.062300;-0.113267;,
  -0.235642;0.067400;-0.109810;,
  -0.216506;-0.003708;-0.092044;,
  -0.235642;0.067400;-0.109810;,
  0.028110;0.127748;-0.101417;,
  0.021204;0.109856;-0.200186;,
  -0.031797;0.105722;-0.155847;,
  -0.070972;0.081893;-0.117996;,
  -0.125034;0.049732;-0.062630;,
  -0.125034;0.049732;-0.062630;,
  -0.040955;0.035525;0.026730;,
  0.014603;0.397373;0.012296;,
  -0.002785;0.384257;-0.003508;,
  0.006271;0.390330;-0.006184;,
  -0.005037;0.392188;0.014868;,
  0.006818;0.420591;0.031749;,
  -0.001278;0.434189;0.049972;,
  -0.009510;0.531298;-0.025234;,
  -0.028867;0.518827;-0.050776;,
  -0.029116;0.536057;-0.026399;,
  0.004457;0.456889;-0.058649;,
  -0.012407;0.454790;-0.065279;,
  0.001094;0.486290;-0.056007;,
  0.012515;0.409522;-0.013193;,
  0.020293;0.425169;0.010885;,
  0.013066;0.410162;0.018852;,
  0.021677;0.462769;0.021285;,
  0.022668;0.468337;-0.002591;,
  0.014339;0.496018;-0.041012;,
  0.022613;0.503294;-0.015347;,
  0.018796;0.459013;-0.027900;,
  0.018869;0.469616;0.036371;,
  0.007834;0.481671;0.054567;,
  -0.031438;0.485208;0.064615;,
  0.002489;0.525116;0.033680;,
  -0.030493;0.529369;0.042736;,
  0.018903;0.436950;-0.022541;,
  0.003235;0.397545;-0.025104;,
  0.004767;0.427651;-0.044701;,
  -0.011492;0.371354;-0.032181;,
  -0.031262;0.368414;-0.020052;,
  -0.030892;0.366381;-0.041093;,
  -0.003238;0.507028;-0.051157;,
  0.010000;0.521038;-0.022507;,
  0.017893;0.518698;0.015946;,
  0.004772;0.534221;0.003750;,
  -0.012475;0.541056;0.008631;,
  -0.029707;0.543909;0.010164;,
  -0.031843;0.445246;0.060488;,
  0.017893;0.518698;0.015946;,
  0.004772;0.534221;0.003750;,
  0.026600;0.427622;0.009866;,
  0.032680;0.474818;0.010802;,
  0.037313;0.457674;0.022555;,
  0.025362;0.455663;0.009235;,
  0.037313;0.457674;0.022555;,
  0.026600;0.427622;0.009866;,
  0.032680;0.474818;0.010802;,
  0.022668;0.468337;-0.002591;,
  0.022908;0.443248;-0.004558;,
  0.020293;0.425169;0.010885;,
  0.004823;0.449498;-0.048952;,
  0.022908;0.443248;-0.004558;,
  0.011525;0.373423;0.033774;,
  0.002640;0.400329;0.030827;,
  0.041601;0.355192;0.027098;,
  0.006818;0.420591;0.031749;,
  -0.023857;0.339116;0.009928;,
  -0.021863;0.315018;0.010426;,
  -0.019033;0.155412;0.025313;,
  -0.026762;0.037865;0.110978;,
  -0.034825;0.011537;0.090522;,
  -0.051742;0.065599;0.021719;,
  -0.031079;0.371787;-0.003759;,
  -0.040955;0.035525;0.026730;,
  -0.012475;0.541056;0.008631;,
  -0.029707;0.543909;0.010164;,
  -0.010305;0.401363;-0.043218;,
  -0.017379;0.422510;-0.054379;,
  -0.017331;0.412978;-0.052841;,
  -0.028814;0.507258;-0.061078;,
  -0.028937;0.483398;-0.069913;,
  -0.014777;0.447745;-0.054591;,
  -0.017066;0.181147;0.138792;,
  0.041601;0.355192;0.027098;,
  -0.240021;0.032782;-0.120418;,
  -0.018588;0.391761;-0.048401;,
  -0.011005;0.394944;-0.041792;,
  -0.018757;0.397146;-0.045735;,
  -0.030036;0.411258;-0.057820;,
  -0.029753;0.417946;-0.068585;,
  -0.018872;0.400139;-0.051186;,
  -0.030414;0.397489;-0.046517;,
  -0.030423;0.389786;-0.051018;,
  -0.029271;0.452692;-0.071908;,
  -0.029477;0.444160;-0.066377;,
  0.075158;0.325038;0.088860;,
  -0.030227;0.399680;-0.055087;,
  0.057582;0.308235;0.068229;,
  0.062359;0.301661;0.052535;,
  0.063482;0.302642;0.025074;,
  0.018869;0.469616;0.036371;,
  -0.019415;0.066701;-0.186319;,
  -0.042475;0.088890;-0.172856;,
  -0.014036;0.140205;-0.192470;,
  -0.074831;0.050123;-0.140004;,
  0.042582;0.088132;-0.214528;,
  0.033664;0.163882;-0.199356;,
  0.067414;0.090738;-0.103099;,
  0.030960;0.158643;-0.101444;,
  0.055978;0.085651;-0.006833;,
  0.031355;0.146620;-0.013957;,
  0.009588;0.101920;0.004891;,
  -0.075702;0.045636;-0.159919;,
  -0.132908;0.031773;-0.088852;,
  -0.041150;0.076901;-0.058120;,
  -0.103724;-0.011228;0.036310;,
  -0.091312;0.055196;-0.015289;,
  -0.080022;0.026407;-0.003759;,
  -0.062450;0.066354;-0.045816;,
  0.018883;0.114564;-0.109807;,
  -0.056689;0.079167;-0.070820;,
  0.001752;0.106873;-0.173260;,
  -0.056042;0.093794;-0.102642;,
  -0.052931;0.057779;-0.035174;,
  -0.041078;0.005724;0.067760;,
  0.057582;0.308235;0.068229;,
  -0.091294;0.323206;0.015503;,
  -0.055773;0.319033;0.016728;,
  -0.099059;0.302285;0.017300;,
  -0.053454;0.351956;0.024613;,
  -0.104616;0.288758;0.021192;,
  -0.070543;0.255476;0.015070;,
  -0.108425;0.261638;0.043740;,
  -0.060370;0.283986;0.008404;,
  -0.057572;0.380949;0.055358;,
  -0.106510;0.359459;0.083994;,
  -0.075582;0.369162;0.089100;,
  -0.097425;0.356311;0.056106;,
  -0.097011;0.119551;0.116339;,
  -0.056972;0.113551;0.129192;,
  -0.090032;0.130652;0.115598;,
  -0.057002;0.095194;0.127673;,
  -0.086360;0.155973;0.067081;,
  -0.102991;0.129240;0.074627;,
  -0.060948;0.162002;0.035052;,
  -0.095485;0.122267;0.039940;,
  -0.070145;0.116212;0.017927;,
  -0.015446;0.105503;0.122633;,
  -0.017162;0.084501;0.118564;,
  -0.070972;0.236286;0.142169;,
  -0.022058;0.283712;0.144684;,
  -0.078785;0.281613;0.138931;,
  -0.019144;0.238755;0.146441;,
  -0.084737;0.140030;0.043478;,
  -0.128354;0.205934;-0.035801;,
  -0.120392;0.118638;0.030503;,
  -0.088840;0.223705;-0.016351;,
  -0.091693;0.287634;-0.111986;,
  -0.120996;0.261875;-0.111450;,
  -0.034665;0.136521;0.036728;,
  -0.053459;0.150279;-0.088964;,
  -0.042697;0.204219;-0.036562;,
  -0.052570;0.000715;0.070043;,
  -0.067789;0.238274;-0.113049;,
  -0.064383;0.263074;-0.114855;,
  -0.132450;0.158797;-0.080035;,
  -0.119070;0.078933;0.005193;,
  -0.108410;0.239023;-0.109518;,
  -0.118978;0.003337;-0.174804;,
  -0.074376;0.001528;-0.134314;,
  -0.108990;0.003013;-0.130479;,
  -0.074797;0.001419;-0.183131;,
  -0.095012;0.224609;-0.151494;,
  -0.122499;0.142230;-0.152366;,
  -0.125024;0.211419;-0.124284;,
  -0.094666;0.155881;-0.179193;,
  -0.114712;0.069624;-0.180867;,
  -0.096961;0.077826;-0.208573;,
  -0.052756;0.198764;-0.139208;,
  -0.059179;0.134496;-0.117190;,
  -0.063966;0.143734;-0.158734;,
  -0.051425;0.190888;-0.084046;,
  -0.080171;0.072796;-0.158396;,
  -0.078804;0.062974;-0.187739;,
  -0.121210;0.132611;-0.115063;,
  -0.123166;0.196742;-0.077108;,
  -0.104115;0.077686;-0.155758;,
  -0.115432;0.103837;0.064790;,
  -0.034665;0.136521;0.036728;,
  -0.116229;0.070137;0.107769;,
  -0.066982;0.047218;0.119229;,
  -0.119472;0.057844;0.040009;,
  -0.074883;0.033095;0.053525;,
  -0.064309;0.182723;0.137534;,
  -0.102111;0.232693;0.124792;,
  -0.113220;0.236012;0.107793;,
  -0.087664;0.190497;0.065414;,
  -0.095874;0.185277;0.113676;,
  -0.105479;0.235615;0.055654;,
  -0.070295;0.231824;0.021469;,
  -0.064619;0.188069;0.036848;,
  -0.135296;0.320882;-0.000370;,
  -0.093325;0.292494;0.017747;,
  -0.164730;0.291333;-0.029100;,
  -0.150769;0.222559;-0.042309;,
  -0.187384;0.253412;-0.050399;,
  -0.119974;0.252439;-0.020496;,
  -0.126598;0.261398;0.058217;,
  -0.152221;0.226546;0.031032;,
  -0.119974;0.252439;-0.020496;,
  -0.179929;0.193494;-0.012979;,
  -0.150769;0.222559;-0.042309;,
  -0.136213;0.264382;0.063420;,
  -0.196971;0.265676;0.022657;,
  -0.167326;0.294116;0.050682;,
  -0.216504;0.224129;-0.021155;,
  -0.154718;0.314857;0.021600;,
  -0.182466;0.260854;-0.065926;,
  -0.138512;0.220905;-0.118707;,
  -0.166441;0.244601;-0.121138;,
  -0.138745;0.224412;-0.058129;,
  -0.137429;0.210937;-0.163242;,
  -0.156133;0.228596;-0.167298;,
  -0.138745;0.224412;-0.058129;,
  -0.181200;0.183070;-0.114216;,
  -0.138512;0.220905;-0.118707;,
  -0.179283;0.176520;-0.050379;,
  -0.169840;0.188815;-0.163479;,
  -0.137429;0.210937;-0.163242;,
  -0.202416;0.201548;-0.115810;,
  -0.222769;0.212788;-0.058040;,
  -0.180791;0.200280;-0.165890;,
  -0.161766;0.301319;-0.260906;,
  -0.184256;0.248939;-0.263606;,
  -0.195393;0.267518;-0.262212;,
  -0.150016;0.282768;-0.262220;,
  -0.115980;0.266137;-0.215215;,
  -0.126478;0.279168;-0.215880;,
  -0.117192;0.273127;-0.205954;,
  -0.120665;0.272917;-0.222824;,
  -0.171918;0.201185;-0.207719;,
  -0.144167;0.254795;-0.208712;,
  -0.129068;0.224939;-0.199248;,
  -0.186106;0.229193;-0.227970;,
  -0.196601;0.245188;-0.222304;,
  -0.190781;0.222846;-0.183093;,
  -0.146278;0.247706;-0.172919;,
  -0.156323;0.269509;-0.203035;,
  -0.127682;0.350293;0.054064;,
  -0.130299;0.343201;0.025201;,
  -0.097425;0.356311;0.056106;,
  -0.093853;0.347774;0.030497;,
  -0.114954;0.279841;0.120844;,
  -0.065566;0.366708;0.031974;,
  -0.120719;0.323136;0.011253;,
  -0.099059;0.302285;0.017300;,
  -0.114914;0.305033;0.019766;,
  -0.091294;0.323206;0.015503;,
  -0.123856;0.317700;0.097969;,
  -0.126598;0.320169;0.092836;,
  -0.083653;0.322141;0.120093;,
  -0.025901;0.322718;0.126624;,
  -0.028310;0.367217;0.086364;,
  -0.106510;0.359459;0.083994;,
  -0.126598;0.320169;0.092836;,
  -0.106231;0.288610;0.050383;,
  -0.093325;0.292494;0.017747;,
  -0.125257;0.309333;0.085936;,
  -0.115659;0.270600;0.090602;,
  -0.107227;0.261311;0.058241;,
  -0.104616;0.288758;0.021192;,
  -0.121757;0.276038;0.105200;,
  -0.129068;0.224939;-0.199248;,
  -0.067170;0.394306;0.032278;,
  -0.058128;0.402061;0.052253;,
  -0.028903;0.386662;0.059779;,
  -0.032440;0.408361;0.059355;,
  -0.156323;0.269509;-0.203035;,
  -0.161766;0.301319;-0.260906;,
  -0.195393;0.267518;-0.262212;,
  -0.120746;0.247464;-0.210035;,
  -0.130010;0.264814;-0.193179;,
  -0.120746;0.247464;-0.210035;,
  -0.131615;0.258093;-0.219292;,
  -0.148603;0.268529;-0.204861;,
  -0.148603;0.268529;-0.204861;,
  -0.115980;0.266137;-0.215215;,
  -0.117192;0.273127;-0.205954;,
  -0.126478;0.279168;-0.215880;,
  -0.133285;0.025274;-0.250474;,
  -0.109466;0.002386;-0.298364;,
  -0.140582;0.003912;-0.256902;,
  -0.106505;0.020889;-0.291422;,
  -0.070475;0.034748;-0.145472;,
  -0.074797;0.001419;-0.183131;,
  -0.072662;0.026294;-0.185927;,
  -0.074376;0.001528;-0.134314;,
  -0.080171;0.072796;-0.158396;,
  -0.111620;0.039564;-0.141127;,
  -0.104115;0.077686;-0.155758;,
  -0.118978;0.003337;-0.174804;,
  -0.118908;0.038300;-0.177291;,
  -0.108990;0.003013;-0.130479;,
  -0.096961;0.077826;-0.208573;,
  -0.114712;0.069624;-0.180867;,
  -0.078129;0.016666;-0.284261;,
  -0.073570;0.000883;-0.292093;,
  -0.140582;0.003912;-0.256902;,
  -0.073570;0.000883;-0.292093;,
  -0.042697;0.204219;-0.036562;,
  -0.064383;0.263074;-0.114855;,
  -0.052756;0.198764;-0.139208;,
  -0.063966;0.143734;-0.158734;,
  -0.078804;0.062974;-0.187739;,
  -0.078804;0.062974;-0.187739;,
  -0.077594;0.398488;0.010568;,
  -0.059948;0.384948;-0.004580;,
  -0.059113;0.387523;0.015992;,
  -0.068748;0.391236;-0.007590;,
  -0.069985;0.421519;0.030309;,
  -0.062251;0.434926;0.048829;,
  -0.048862;0.531774;-0.025972;,
  -0.029116;0.536057;-0.026399;,
  -0.063360;0.457708;-0.059921;,
  -0.059389;0.487021;-0.057141;,
  -0.046315;0.455200;-0.065914;,
  -0.074259;0.410571;-0.014820;,
  -0.082553;0.426412;0.008956;,
  -0.075995;0.411238;0.017182;,
  -0.083417;0.464039;0.019314;,
  -0.083378;0.469619;-0.004579;,
  -0.072948;0.497073;-0.042649;,
  -0.078786;0.460192;-0.029730;,
  -0.082000;0.504559;-0.017308;,
  -0.081012;0.470823;0.034498;,
  -0.070379;0.482617;0.053100;,
  -0.031438;0.485208;0.064615;,
  -0.063207;0.525910;0.032448;,
  -0.030493;0.529369;0.042736;,
  -0.079627;0.438141;-0.024389;,
  -0.064899;0.428493;-0.046007;,
  -0.064831;0.398368;-0.026380;,
  -0.050486;0.371826;-0.032912;,
  -0.054742;0.507651;-0.052123;,
  -0.068703;0.521989;-0.023982;,
  -0.078086;0.519858;0.014146;,
  -0.064145;0.535054;0.002457;,
  -0.029707;0.543909;0.010164;,
  -0.046933;0.541473;0.007985;,
  -0.031843;0.445246;0.060488;,
  -0.078086;0.519858;0.014146;,
  -0.064145;0.535054;0.002457;,
  -0.088757;0.429017;0.007703;,
  -0.093725;0.476346;0.008432;,
  -0.086818;0.457020;0.007131;,
  -0.099208;0.459324;0.019995;,
  -0.099208;0.459324;0.019995;,
  -0.088757;0.429017;0.007703;,
  -0.093725;0.476346;0.008432;,
  -0.083378;0.469619;-0.004579;,
  -0.084150;0.444543;-0.006565;,
  -0.082553;0.426412;0.008956;,
  -0.064268;0.450333;-0.050247;,
  -0.084150;0.444543;-0.006565;,
  -0.065566;0.366708;0.031974;,
  -0.067170;0.394306;0.032278;,
  -0.093853;0.347774;0.030497;,
  -0.069985;0.421519;0.030309;,
  -0.026762;0.037865;0.110978;,
  -0.034825;0.011537;0.090522;,
  -0.051742;0.065599;0.021719;,
  -0.040955;0.035525;0.026730;,
  -0.046933;0.541473;0.007985;,
  -0.029707;0.543909;0.010164;,
  -0.050533;0.401849;-0.043973;,
  -0.042537;0.422814;-0.054851;,
  -0.042873;0.413287;-0.053320;,
  -0.044519;0.448104;-0.055148;,
  -0.017066;0.181147;0.138792;,
  -0.093853;0.347774;0.030497;,
  -0.109466;0.002386;-0.298364;,
  -0.050043;0.395416;-0.042524;,
  -0.042296;0.392048;-0.048845;,
  -0.042097;0.397428;-0.046173;,
  -0.041706;0.400415;-0.051614;,
  -0.125257;0.309333;0.085936;,
  -0.103331;0.294880;0.066202;,
  -0.106231;0.288610;0.050383;,
  -0.104616;0.288758;0.021192;,
  -0.081012;0.470823;0.034498;,
  -0.047965;0.212408;-0.179405;,
  -0.043828;0.120447;-0.193983;,
  -0.063479;0.140766;-0.201269;,
  -0.023372;0.181951;-0.186412;,
  -0.042944;0.274518;-0.127292;,
  0.001101;0.229854;-0.158224;,
  -0.033575;0.215431;-0.048286;,
  -0.004874;0.193394;-0.086046;,
  -0.028680;0.165469;0.024369;,
  -0.004184;0.162010;-0.007432;,
  -0.032527;0.109264;-0.002565;,
  -0.070145;0.116212;0.017927;,
  -0.061172;0.068632;-0.204029;,
  -0.071931;0.073957;-0.225705;,
  -0.061760;0.044505;-0.103729;,
  -0.121210;0.132611;-0.115063;,
  -0.104101;0.077686;-0.155758;,
  -0.061183;0.109979;-0.083491;,
  -0.123166;0.196742;-0.077108;,
  -0.058768;0.180917;-0.071908;,
  -0.060756;0.218659;-0.110654;,
  -0.108410;0.239023;-0.109518;,
  -0.132450;0.158797;-0.080035;,
  -0.053092;0.137870;-0.101306;,
  -0.034825;0.011537;0.090522;,
  -0.074883;0.033095;0.053525;,
  -0.103331;0.294880;0.066202;,
  -0.084737;0.140029;0.043478;,
  -0.088840;0.223705;-0.016351;,
  -0.091693;0.287634;-0.111986;,
  -0.095012;0.224609;-0.151494;,
  -0.094666;0.155881;-0.179193;,
  -0.096961;0.077826;-0.208573;,
  -0.008683;0.024705;-0.107515;,
  -0.013667;0.022305;0.051667;,
  0.003433;0.022672;-0.005049;,
  0.024387;0.064134;-0.185543;,
  0.038008;0.049950;-0.126953;,
  -0.024393;0.033613;-0.089586;,
  -0.089271;0.028663;-0.055977;,
  -0.119070;0.078933;0.005193;;
  916;
  3;0,1,2;,
  3;1,0,3;,
  3;4,5,6;,
  3;5,4,7;,
  3;8,9,10;,
  3;9,8,11;,
  3;12,13,14;,
  3;13,12,15;,
  3;16,12,17;,
  3;12,16,15;,
  3;18,19,20;,
  3;19,18,16;,
  3;6,21,22;,
  3;21,6,5;,
  3;14,23,24;,
  3;23,14,13;,
  3;25,26,27;,
  3;26,25,28;,
  3;29,30,31;,
  3;30,29,32;,
  3;30,33,31;,
  3;33,30,34;,
  3;35,36,37;,
  3;36,35,38;,
  3;38,39,36;,
  3;39,38,40;,
  3;37,41,42;,
  3;41,37,36;,
  3;36,43,41;,
  3;43,36,39;,
  3;42,30,32;,
  3;30,42,41;,
  3;41,34,30;,
  3;34,41,43;,
  3;44,45,46;,
  3;45,44,47;,
  3;48,49,50;,
  3;49,48,51;,
  3;50,52,53;,
  3;52,50,49;,
  3;54,55,56;,
  3;55,54,57;,
  3;57,58,55;,
  3;58,57,59;,
  3;56,60,61;,
  3;60,56,55;,
  3;55,62,60;,
  3;62,55,58;,
  3;61,49,51;,
  3;49,61,60;,
  3;60,52,49;,
  3;52,60,62;,
  3;32,19,63;,
  3;19,32,29;,
  3;64,65,66;,
  3;65,64,20;,
  3;14,67,12;,
  3;67,14,68;,
  3;68,69,67;,
  3;69,68,70;,
  3;70,42,69;,
  3;42,70,37;,
  3;48,34,51;,
  3;34,48,33;,
  3;51,43,61;,
  3;43,51,34;,
  3;43,56,61;,
  3;56,43,39;,
  3;39,54,56;,
  3;54,39,40;,
  3;12,63,17;,
  3;63,12,67;,
  3;67,32,63;,
  3;32,67,69;,
  3;69,42,32;,
  3;71,72,25;,
  3;73,74,75;,
  3;74,73,76;,
  3;74,77,75;,
  3;77,74,78;,
  3;79,78,80;,
  3;78,79,77;,
  3;81,82,83;,
  3;82,84,85;,
  3;84,82,86;,
  3;87,88,89;,
  3;88,90,89;,
  3;90,88,91;,
  3;92,93,94;,
  3;92,89,93;,
  3;92,87,89;,
  3;89,95,93;,
  3;95,89,90;,
  3;96,93,82;,
  3;93,86,82;,
  3;86,93,95;,
  3;97,98,99;,
  3;98,97,100;,
  3;100,101,98;,
  3;101,100,102;,
  3;103,104,105;,
  3;104,103,106;,
  3;106,107,104;,
  3;107,106,108;,
  3;105,109,110;,
  3;109,105,104;,
  3;104,111,109;,
  3;111,104,107;,
  3;110,100,97;,
  3;100,110,109;,
  3;109,102,100;,
  3;102,109,111;,
  3;112,113,114;,
  3;113,112,115;,
  3;116,117,118;,
  3;117,116,119;,
  3;120,121,122;,
  3;121,120,123;,
  3;120,124,125;,
  3;124,120,122;,
  3;126,124,127;,
  3;124,126,125;,
  3;95,97,86;,
  3;97,95,110;,
  3;86,99,84;,
  3;99,86,97;,
  3;90,103,105;,
  3;103,90,91;,
  3;105,95,90;,
  3;95,105,110;,
  3;128,96,129;,
  3;96,128,94;,
  3;129,130,128;,
  3;130,129,131;,
  3;72,28,25;,
  3;28,72,132;,
  3;10,133,8;,
  3;134,135,136;,
  3;135,134,137;,
  3;81,137,134;,
  3;138,11,139;,
  3;138,9,11;,
  3;138,140,9;,
  3;141,11,142;,
  3;11,141,139;,
  3;128,130,143;,
  3;94,144,92;,
  3;94,143,144;,
  3;94,128,143;,
  3;145,87,146;,
  3;87,145,147;,
  3;75,148,73;,
  3;148,75,149;,
  3;150,147,145;,
  3;7,149,75;,
  3;148,151,73;,
  3;102,152,101;,
  3;152,102,126;,
  3;102,125,126;,
  3;125,102,111;,
  3;111,120,125;,
  3;120,111,107;,
  3;120,108,123;,
  3;108,120,107;,
  3;8,153,154;,
  3;153,8,133;,
  3;154,155,8;,
  3;155,154,156;,
  3;122,114,113;,
  3;114,122,121;,
  3;121,112,114;,
  3;112,121,157;,
  3;158,124,159;,
  3;124,158,127;,
  3;159,122,113;,
  3;122,159,124;,
  3;126,160,152;,
  3;160,126,161;,
  3;162,121,123;,
  3;121,162,163;,
  3;121,164,157;,
  3;164,121,163;,
  3;165,126,127;,
  3;126,165,161;,
  3;161,166,160;,
  3;166,161,167;,
  3;162,118,163;,
  3;118,162,116;,
  3;163,117,164;,
  3;117,163,118;,
  3;165,167,161;,
  3;167,165,168;,
  3;169,170,171;,
  3;170,169,172;,
  3;173,174,175;,
  3;174,173,176;,
  3;177,178,179;,
  3;178,177,173;,
  3;180,178,181;,
  3;178,180,182;,
  3;183,169,171;,
  3;169,183,184;,
  3;174,185,186;,
  3;185,174,176;,
  3;46,187,44;,
  3;187,46,188;,
  3;180,169,182;,
  3;169,180,172;,
  3;20,29,65;,
  3;19,29,20;,
  3;29,31,189;,
  3;31,190,189;,
  3;190,31,33;,
  3;33,191,190;,
  3;191,33,48;,
  3;191,50,192;,
  3;50,191,48;,
  3;192,53,193;,
  3;53,192,50;,
  3;194,171,185;,
  3;171,194,183;,
  3;171,186,185;,
  3;186,171,170;,
  3;185,176,194;,
  3;194,173,177;,
  3;173,194,176;,
  3;178,175,181;,
  3;175,178,173;,
  3;179,182,184;,
  3;182,179,178;,
  3;182,169,184;,
  3;16,17,19;,
  3;17,63,19;,
  3;65,195,66;,
  3;196,197,198;,
  3;197,196,199;,
  3;200,154,153;,
  3;154,200,201;,
  3;202,203,204;,
  3;205,206,207;,
  3;196,208,209;,
  3;208,196,198;,
  3;210,209,211;,
  3;209,210,196;,
  3;212,213,214;,
  3;213,212,215;,
  3;212,214,211;,
  3;201,216,217;,
  3;216,201,200;,
  3;218,219,220;,
  3;219,218,217;,
  3;210,199,196;,
  3;213,205,207;,
  3;221,222,223;,
  3;198,197,224;,
  3;224,225,226;,
  3;225,224,197;,
  3;227,213,207;,
  3;228,229,214;,
  3;229,228,230;,
  3;220,231,232;,
  3;213,228,214;,
  3;156,201,233;,
  3;201,156,154;,
  3;233,217,218;,
  3;217,233,201;,
  3;219,217,234;,
  3;235,219,234;,
  3;236,237,238;,
  3;237,236,239;,
  3;209,240,211;,
  3;240,209,241;,
  3;211,242,212;,
  3;242,211,240;,
  3;243,239,244;,
  3;239,243,237;,
  3;244,236,245;,
  3;236,244,239;,
  3;246,221,223;,
  3;221,246,215;,
  3;221,212,247;,
  3;212,221,215;,
  3;199,248,2;,
  3;248,199,249;,
  3;133,10,250;,
  3;249,210,251;,
  3;210,249,199;,
  3;210,211,251;,
  3;252,1,253;,
  3;1,252,2;,
  3;20,254,18;,
  3;254,20,64;,
  3;24,68,14;,
  3;68,24,255;,
  3;68,256,70;,
  3;256,68,255;,
  3;256,37,70;,
  3;37,256,257;,
  3;258,2,252;,
  3;2,258,199;,
  3;257,259,37;,
  3;37,259,35;,
  3;260,204,261;,
  3;204,260,202;,
  3;262,263,223;,
  3;263,262,264;,
  3;197,258,225;,
  3;258,197,199;,
  3;265,203,227;,
  3;265,207,266;,
  3;207,265,227;,
  3;223,267,246;,
  3;267,223,263;,
  3;88,87,147;,
  3;83,82,85;,
  3;78,16,18;,
  3;16,78,74;,
  3;74,15,16;,
  3;15,74,76;,
  3;15,71,13;,
  3;71,15,76;,
  3;13,268,23;,
  3;268,13,71;,
  3;248,269,2;,
  3;2,269,0;,
  3;136,129,134;,
  3;129,136,131;,
  3;134,96,81;,
  3;96,134,129;,
  3;96,82,81;,
  3;93,96,94;,
  3;29,189,65;,
  3;205,215,246;,
  3;267,205,246;,
  3;205,267,206;,
  3;205,213,215;,
  3;187,188,270;,
  3;224,271,272;,
  3;222,221,208;,
  3;224,222,198;,
  3;272,273,262;,
  3;273,272,271;,
  3;263,274,275;,
  3;273,276,262;,
  3;277,271,278;,
  3;271,277,273;,
  3;222,272,262;,
  3;272,222,224;,
  3;222,208,198;,
  3;209,221,247;,
  3;221,209,208;,
  3;223,222,262;,
  3;266,206,279;,
  3;206,266,207;,
  3;206,280,279;,
  3;280,206,267;,
  3;280,263,275;,
  3;263,280,267;,
  3;264,262,276;,
  3;76,73,72;,
  3;138,281,140;,
  3;73,132,72;,
  3;132,73,151;,
  3;72,71,76;,
  3;271,226,278;,
