xof 0303txt 0032
template ColorRGBA {
 <35ff44e0-6c7c-11cf-8f52-0040333594a3>
 FLOAT red;
 FLOAT green;
 FLOAT blue;
 FLOAT alpha;
}

template ColorRGB {
 <d3e16e81-7835-11cf-8f52-0040333594a3>
 FLOAT red;
 FLOAT green;
 FLOAT blue;
}

template Material {
 <3d82ab4d-62da-11cf-ab39-0020af71e433>
 ColorRGBA faceColor;
 FLOAT power;
 ColorRGB specularColor;
 ColorRGB emissiveColor;
 [...]
}

template TextureFilename {
 <a42790e1-7810-11cf-8f52-0040333594a3>
 STRING filename;
}

template Frame {
 <3d82ab46-62da-11cf-ab39-0020af71e433>
 [...]
}

template Matrix4x4 {
 <f6f23f45-7686-11cf-8f52-0040333594a3>
 array FLOAT matrix[16];
}

template FrameTransformMatrix {
 <f6f23f41-7686-11cf-8f52-0040333594a3>
 Matrix4x4 frameMatrix;
}

template Vector {
 <3d82ab5e-62da-11cf-ab39-0020af71e433>
 FLOAT x;
 FLOAT y;
 FLOAT z;
}

template MeshFace {
 <3d82ab5f-62da-11cf-ab39-0020af71e433>
 DWORD nFaceVertexIndices;
 array DWORD faceVertexIndices[nFaceVertexIndices];
}

template Mesh {
 <3d82ab44-62da-11cf-ab39-0020af71e433>
 DWORD nVertices;
 array Vector vertices[nVertices];
 DWORD nFaces;
 array MeshFace faces[nFaces];
 [...]
}

template MeshMaterialList {
 <f6f23f42-7686-11cf-8f52-0040333594a3>
 DWORD nMaterials;
 DWORD nFaceIndexes;
 array DWORD faceIndexes[nFaceIndexes];
 [Material <3d82ab4d-62da-11cf-ab39-0020af71e433>]
}

template VertexElement {
 <f752461c-1e23-48f6-b9f8-8350850f336f>
 DWORD Type;
 DWORD Method;
 DWORD Usage;
 DWORD UsageIndex;
}

template DeclData {
 <bf22e553-292c-4781-9fea-62bd554bdd93>
 DWORD nElements;
 array VertexElement Elements[nElements];
 DWORD nDWords;
 array DWORD data[nDWords];
}

template XSkinMeshHeader {
 <3cf169ce-ff7c-44ab-93c0-f78f62d172e2>
 WORD nMaxSkinWeightsPerVertex;
 WORD nMaxSkinWeightsPerFace;
 WORD nBones;
}

template SkinWeights {
 <6f0d123b-bad2-4167-a0d0-80224f25fabb>
 STRING transformNodeName;
 DWORD nWeights;
 array DWORD vertexIndices[nWeights];
 array FLOAT weights[nWeights];
 Matrix4x4 matrixOffset;
}

template AnimTicksPerSecond {
 <9e415a43-7ba6-4a73-8743-b73d47e88476>
 DWORD AnimTicksPerSecond;
}

template Animation {
 <3d82ab4f-62da-11cf-ab39-0020af71e433>
 [...]
}

template AnimationSet {
 <3d82ab50-62da-11cf-ab39-0020af71e433>
 [Animation <3d82ab4f-62da-11cf-ab39-0020af71e433>]
}

template FloatKeys {
 <10dd46a9-775b-11cf-8f52-0040333594a3>
 DWORD nValues;
 array FLOAT values[nValues];
}

template TimedFloatKeys {
 <f406b180-7b3b-11cf-8f52-0040333594a3>
 DWORD time;
 FloatKeys tfkeys;
}

template AnimationKey {
 <10dd46a8-775b-11cf-8f52-0040333594a3>
 DWORD keyType;
 DWORD nKeys;
 array TimedFloatKeys keys[nKeys];
}


Material _03_-_Default {
 1.000000;1.000000;1.000000;1.000000;;
 9.999999;
 0.000000;0.000000;0.000000;;
 0.000000;0.000000;0.000000;;

 TextureFilename {
  "MaleBody_full.png";
 }
}

Frame Dummy01 {
 

 FrameTransformMatrix {
  1.000000,0.000000,0.000000,0.000000,0.000000,-0.000000,-1.000000,0.000000,0.000000,1.000000,-0.000000,0.000000,0.000000,0.000000,0.000000,1.000000;;
 }

 Frame Bip01 {
  

  FrameTransformMatrix {
   0.000001,0.965926,-0.258819,0.000000,-0.001950,0.258819,0.965924,0.000000,0.999998,0.000504,0.001884,0.000000,0.000000,0.030000,0.529630,1.000000;;
  }

  Frame Bip01_Pelvis {
   

   FrameTransformMatrix {
    -0.000000,1.000000,-0.000001,0.000000,0.063244,0.000001,0.997998,0.000000,0.997998,-0.000000,-0.063244,0.000000,0.000000,0.000000,0.000000,1.000000;;
   }

   Frame Bip01_Spine {
    

    FrameTransformMatrix {
     0.996706,0.077622,-0.023509,0.000000,-0.081104,0.954901,-0.285633,0.000000,0.000277,0.286599,0.958051,0.000000,0.051633,-0.000024,-0.000081,1.000000;;
    }

    Frame Bip01_Spine1 {
     

     FrameTransformMatrix {
      0.973394,0.074253,0.216775,0.000000,0.046264,0.862871,-0.503303,0.000000,-0.224421,0.499941,0.836477,0.000000,0.106499,-0.000042,-0.000071,1.000000;;
     }

     Frame Bip01_Neck {
      

      FrameTransformMatrix {
       1.000000,0.000000,0.000000,0.000000,-0.000000,1.000000,0.000000,0.000000,0.000000,0.000000,1.000000,0.000000,0.130504,0.000000,0.004625,1.000000;;
      }

      Frame Bip01_Head {
       

       FrameTransformMatrix {
        0.968184,-0.005520,-0.250179,0.000000,0.181049,0.705606,0.685085,0.000000,0.172746,-0.708583,0.684156,0.000000,0.033674,0.000000,0.000000,1.000000;;
       }

       Frame Bip01_HeadNub {
        

        FrameTransformMatrix {
         1.000000,0.000000,-0.000000,0.000000,-0.000000,1.000000,-0.000000,0.000000,0.000000,-0.000000,1.000000,0.000000,0.169824,0.000000,-0.000000,1.000000;;
        }
       }
      }

      Frame Bip01_L_Clavicle {
       

       FrameTransformMatrix {
        -0.263748,0.964551,0.008821,0.000000,0.964591,0.263745,0.001586,0.000000,-0.000796,0.008927,-0.999960,0.000000,-0.024025,0.015715,-0.004625,1.000000;;
       }

       Frame Bip01_L_UpperArm {
        

        FrameTransformMatrix {
         0.546839,-0.786420,-0.287247,0.000000,0.542425,0.594126,-0.593961,0.000000,0.637764,0.168991,0.751465,0.000000,0.087086,-0.000000,-0.000000,1.000000;;
        }

        Frame Bip01_L_Forearm {
         

         FrameTransformMatrix {
          0.750869,0.000000,-0.660451,0.000000,0.000000,1.000000,0.000000,0.000000,0.660451,0.000000,0.750869,0.000000,0.137062,0.000000,0.000000,1.000000;;
         }

         Frame Bip01_L_Hand {
          

          FrameTransformMatrix {
           0.984911,0.141435,-0.099735,0.000000,0.129806,-0.222580,0.966234,0.000000,0.114460,-0.964601,-0.237581,0.000000,0.137062,0.000000,0.000000,1.000000;;
          }

          Frame Bip01_L_Finger0 {
           

           FrameTransformMatrix {
            0.235353,-0.564101,0.791454,0.000000,0.835198,0.533842,0.132129,0.000000,-0.497046,0.629924,0.596777,0.000000,0.057681,-0.023605,-0.000272,1.000000;;
           }

           Frame Bip01_L_Finger0Nub {
            

            FrameTransformMatrix {
             1.000000,0.000000,0.000000,0.000000,0.000000,1.000000,-0.000000,0.000000,0.000000,0.000000,1.000000,0.000000,0.029435,0.000000,-0.000000,1.000000;;
            }
           }
          }

          Frame Bip01_L_Finger1 {
           

           FrameTransformMatrix {
            0.328909,-0.000752,0.944361,0.000000,-0.000000,1.000000,0.000796,0.000000,-0.944361,-0.000262,0.328909,0.000000,0.084102,0.000000,0.000000,1.000000;;
           }

           Frame Bip01_L_Finger1Nub {
            

            FrameTransformMatrix {
             1.000000,0.000000,-0.000000,0.000000,-0.000000,1.000000,-0.000000,0.000000,0.000000,0.000000,1.000000,0.000000,0.047988,0.000000,0.000000,1.000000;;
            }
           }
          }
         }
        }
       }
      }

      Frame Bip01_R_Clavicle {
       

       FrameTransformMatrix {
        0.069680,-0.982233,-0.174252,0.000000,-0.997569,-0.068746,-0.011398,0.000000,-0.000784,0.174622,-0.984635,0.000000,-0.024025,-0.015715,-0.004625,1.000000;;
       }

       Frame Bip01_R_UpperArm {
        

        FrameTransformMatrix {
         0.381663,0.758296,-0.528507,0.000000,-0.367099,0.649118,0.666246,0.000000,0.848276,-0.060267,0.526114,0.000000,0.087086,0.000000,0.000000,1.000000;;
        }

        Frame Bip01_R_Forearm {
         

         FrameTransformMatrix {
          0.339143,-0.000000,-0.940735,0.000000,0.000000,1.000000,0.000000,0.000000,0.940735,-0.000000,0.339143,0.000000,0.137062,0.000000,0.000000,1.000000;;
         }

         Frame Bip01_R_Hand {
          

          FrameTransformMatrix {
           0.822776,-0.169979,0.542352,0.000000,0.477124,0.725103,-0.496566,0.000000,-0.308855,0.667332,0.677699,0.000000,0.137062,0.000000,0.000000,1.000000;;
          }

          Frame Bip01_R_Finger0 {
           

           FrameTransformMatrix {
            0.417774,-0.116941,0.900994,0.000000,-0.558537,0.749101,0.356210,0.000000,-0.716591,-0.652054,0.247639,0.000000,0.057681,0.023605,-0.000272,1.000000;;
           }

           Frame Bip01_R_Finger0Nub {
            

            FrameTransformMatrix {
             -1.000000,-0.000000,-0.000000,0.000000,-0.000000,1.000000,0.000000,0.000000,-0.000000,-0.000000,-1.000000,0.000000,0.029435,0.000000,-0.000000,1.000000;;
            }
           }
          }

          Frame Bip01_R_Finger1 {
           

           FrameTransformMatrix {
            0.352436,0.000745,0.935835,0.000000,0.000000,1.000000,-0.000796,0.000000,-0.935836,0.000281,0.352436,0.000000,0.084102,0.000000,0.000000,1.000000;;
           }

           Frame Bip01_R_Finger1Nub {
            

            FrameTransformMatrix {
             -1.000000,0.000000,0.000000,0.000000,0.000000,1.000000,0.000000,0.000000,-0.000000,-0.000000,-1.000000,0.000000,0.047988,-0.000000,-0.000000,1.000000;;
            }
           }
          }
         }
        }
       }
      }
     }

     Frame Bip01_BackPack {
      

      FrameTransformMatrix {
       0.081023,-0.088037,-0.992816,0.000000,-0.064786,0.993520,-0.093387,0.000000,0.994604,0.071887,0.074794,0.000000,0.041174,-0.003810,-0.088357,1.000000;;
      }

      Frame Bip01_BackPackNub {
       

       FrameTransformMatrix {
        0.000796,0.000003,1.000000,0.000000,0.000000,-1.000000,0.000003,0.000000,1.000000,0.000000,-0.000796,0.000000,0.053240,0.000000,-0.000000,1.000000;;
       }
      }
     }
    }

    Frame Bip01_L_Thigh {
     

     FrameTransformMatrix {
      -0.325390,-0.240815,0.914401,0.000000,-0.033507,-0.963483,-0.265665,0.000000,0.944986,-0.117084,0.305438,0.000000,-0.047177,0.056922,0.015898,1.000000;;
     }

     Frame Bip01_L_Calf {
      

      FrameTransformMatrix {
       0.538314,0.000000,-0.842744,0.000000,0.000000,1.000000,0.000000,0.000000,0.842744,0.000000,0.538314,0.000000,0.237500,-0.000000,0.000000,1.000000;;
      }

      Frame Bip01_L_Foot {
       

       FrameTransformMatrix {
        0.983526,-0.017727,0.179897,0.000000,-0.005361,0.991882,0.127048,0.000000,-0.180689,-0.125920,0.975447,0.000000,0.206841,0.000000,0.000000,1.000000;;
       }

       Frame Bip01_L_Toe0 {
        

        FrameTransformMatrix {
         -0.000000,0.000001,1.000000,0.000000,-0.000000,1.000000,-0.000001,0.000000,-1.000000,-0.000000,-0.000000,0.000000,0.065373,0.000000,0.066450,1.000000;;
        }

        Frame Bip01_L_Toe0Nub {
         

         FrameTransformMatrix {
          -1.000000,-0.000000,0.000000,0.000000,-0.000000,1.000000,-0.000000,0.000000,-0.000000,-0.000000,-1.000000,0.000000,0.006735,-0.000000,0.000000,1.000000;;
         }
        }
       }
      }
     }
    }

    Frame Bip01_R_Thigh {
     

     FrameTransformMatrix {
      -0.958240,0.135271,-0.251950,0.000000,-0.078096,-0.971342,-0.224488,0.000000,-0.275096,-0.195437,0.941343,0.000000,-0.055750,-0.048547,-0.015757,1.000000;;
     }

     Frame Bip01_R_Calf {
      

      FrameTransformMatrix {
       0.316455,-0.000000,-0.948607,0.000000,0.000000,1.000000,0.000000,0.000000,0.948607,0.000000,0.316455,0.000000,0.237500,0.000000,0.000000,1.000000;;
      }

      Frame Bip01_R_Foot {
       

       FrameTransformMatrix {
        0.985465,-0.001081,-0.169877,0.000000,0.000902,0.999999,-0.001130,0.000000,0.169878,0.000961,0.985465,0.000000,0.206841,0.000000,0.000000,1.000000;;
       }

       Frame Bip01_R_Toe0 {
        

        FrameTransformMatrix {
         0.000000,0.000000,1.000000,0.000000,0.000000,1.000000,-0.000000,0.000000,-1.000000,0.000000,0.000000,0.000000,0.065373,0.000000,0.066450,1.000000;;
        }

        Frame Bip01_R_Toe0Nub {
         

         FrameTransformMatrix {
          1.000000,0.000000,0.000000,0.000000,0.000000,1.000000,-0.000000,0.000000,0.000000,-0.000000,1.000000,0.000000,0.006735,0.000000,0.000000,1.000000;;
         }
        }
       }
      }
     }
    }
   }

   Frame Bip01_DressFront {
    

    FrameTransformMatrix {
     -0.676291,-0.085649,0.731638,0.000000,0.214263,0.927403,0.306619,0.000000,-0.704785,0.364127,-0.608843,0.000000,-0.004466,-0.021145,0.092771,1.000000;;
    }

    Frame Bip01_DressFront02 {
     

     FrameTransformMatrix {
      0.884054,-0.048771,0.464833,0.000000,0.039282,0.998775,0.030082,0.000000,-0.465730,-0.008335,0.884888,0.000000,0.183386,0.000001,-0.000117,1.000000;;
     }

     Frame Bip01_DressFrontNub {
      

      FrameTransformMatrix {
       0.000796,0.000003,1.000000,0.000000,0.000000,-1.000000,0.000003,0.000000,1.000000,-0.000000,-0.000796,0.000000,0.165302,-0.000000,0.000000,1.000000;;
      }
     }
    }
   }

   Frame Bip01_DressBack {
    

    FrameTransformMatrix {
     -0.886023,0.038029,0.462080,0.000000,0.191625,0.937561,0.290274,0.000000,-0.422190,0.345735,-0.837988,0.000000,-0.047673,-0.000048,-0.078302,1.000000;;
    }

    Frame Bip01_DressBack02 {
     

     FrameTransformMatrix {
      0.936852,0.174932,-0.302833,0.000000,-0.166408,0.984581,0.053939,0.000000,0.307600,-0.000139,0.951516,0.000000,0.176125,0.000000,-0.000103,1.000000;;
     }

     Frame Bip01_DressBackNub {
      

      FrameTransformMatrix {
       0.000796,0.000003,1.000000,0.000000,0.000000,-1.000000,0.000003,0.000000,1.000000,0.000000,-0.000796,0.000000,0.136508,0.000000,-0.000000,1.000000;;
      }
     }
    }
   }
  }

  Frame Bip01_Prop1 {
   

   FrameTransformMatrix {
    -0.473586,-0.633040,-0.612354,0.000000,-0.644690,-0.224543,0.730722,0.000000,-0.600076,0.740838,-0.301774,0.000000,0.218777,0.025576,0.021262,1.000000;;
   }
  }

  Frame Bip01_Prop2 {
   

   FrameTransformMatrix {
    -0.008987,-0.999960,-0.000000,0.000000,0.999960,-0.008987,0.000000,0.000000,-0.000000,0.000000,1.000000,0.000000,-0.007116,-0.009251,0.156857,1.000000;;
   }
  }
 }
}

Frame Translation_Data {
 

 FrameTransformMatrix {
  1.000000,0.000000,0.000000,0.000000,0.000000,-0.000000,-1.000000,0.000000,0.000000,1.000000,-0.000000,0.000000,0.000000,0.000000,0.000000,1.000000;;
 }
}

Frame Body {
 

 FrameTransformMatrix {
  1.000000,0.000000,0.000000,0.000000,0.000000,1.000000,0.000000,0.000000,0.000000,0.000000,1.000000,0.000000,0.000000,0.000000,0.000000,1.000000;;
 }

 Mesh Body {
  617;
  0.096737;0.773419;-0.084215;,
  0.072311;0.764178;-0.108066;,
  0.062585;0.796448;-0.112778;,
  0.101788;0.755509;-0.073338;,
  0.105480;0.746801;-0.064102;,
  0.088783;0.700746;-0.090691;,
  0.084162;0.730451;-0.101688;,
  0.100156;0.718336;-0.048820;,
  0.041569;0.829263;-0.096051;,
  0.057713;0.824283;-0.037761;,
  0.072630;0.813152;-0.061425;,
  0.031229;0.826567;-0.057441;,
  0.085530;0.586093;-0.010660;,
  0.042950;0.598814;0.009975;,
  0.045839;0.588436;0.016572;,
  0.076261;0.595190;-0.011958;,
  0.070670;0.582043;-0.065920;,
  0.083874;0.560835;-0.045715;,
  0.042776;0.570389;-0.094258;,
  0.067907;0.533477;-0.064820;,
  0.038357;0.519728;-0.072209;,
  0.050684;0.690721;-0.126528;,
  0.056498;0.724655;-0.131462;,
  0.000315;0.597389;0.010489;,
  0.003890;0.584861;0.020043;,
  0.022656;0.702926;0.007404;,
  -0.029313;0.742174;-0.028265;,
  -0.023227;0.701535;-0.013285;,
  0.018026;0.749057;0.000651;,
  0.054278;0.529650;-0.084820;,
  0.088750;0.460428;-0.161912;,
  0.051846;0.487828;-0.173861;,
  0.088344;0.504480;-0.064989;,
  0.043209;0.425579;-0.262017;,
  0.071783;0.399693;-0.231251;,
  0.005157;0.527015;-0.075688;,
  0.008173;0.405895;-0.116454;,
  0.016412;0.486849;0.049455;,
  0.003669;0.469570;-0.157644;,
  0.018401;0.385050;-0.199069;,
  0.015238;0.404741;-0.231597;,
  0.087611;0.406931;-0.125414;,
  0.082599;0.461454;-0.030614;,
  0.059176;0.384179;-0.199909;,
  0.046364;0.125450;-0.231420;,
  0.002215;0.119848;-0.190780;,
  0.002084;0.128536;-0.238820;,
  0.036876;0.117899;-0.187630;,
  0.039545;0.351870;-0.253643;,
  0.062627;0.272416;-0.227244;,
  0.032664;0.278096;-0.254643;,
  0.071735;0.346565;-0.226245;,
  0.047885;0.194151;-0.225786;,
  0.028564;0.199044;-0.254333;,
  -0.002293;0.335778;-0.229247;,
  0.003364;0.283093;-0.186251;,
  0.002205;0.347993;-0.175051;,
  0.003897;0.276647;-0.228586;,
  0.015685;0.204649;-0.201930;,
  0.011052;0.189403;-0.232415;,
  0.065069;0.276709;-0.189017;,
  0.074472;0.349673;-0.176978;,
  0.040023;0.207841;-0.201450;,
  0.090347;0.534206;-0.033639;,
  -0.003321;0.509827;-0.079151;,
  0.005157;0.527015;-0.075688;,
  -0.002368;0.480123;-0.056724;,
  0.095524;0.543142;0.019998;,
  0.047115;0.548805;0.046577;,
  0.085859;0.480071;-0.001568;,
  0.042343;0.485998;0.027572;,
  0.027101;0.650859;0.009206;,
  0.057278;0.698304;0.008163;,
  0.075280;0.698741;-0.001506;,
  0.073505;0.635141;-0.049518;,
  0.094123;0.685759;-0.047755;,
  0.064247;0.645780;-0.002656;,
  0.080624;0.670970;-0.090977;,
  0.061511;0.623297;-0.081403;,
  0.031655;0.668662;-0.125052;,
  0.018103;0.616182;-0.100228;,
  0.125363;0.740067;-0.057321;,
  0.144275;0.698820;-0.034827;,
  0.071596;0.737977;-0.056716;,
  0.104588;0.643046;-0.008556;,
  0.086533;0.682844;-0.034036;,
  0.151593;0.655302;-0.009035;,
  0.067685;0.750766;0.002723;,
  0.086533;0.682844;-0.034036;,
  0.080396;0.707599;0.026915;,
  0.100913;0.655575;0.042862;,
  0.104588;0.643046;-0.008556;,
  0.074863;0.756552;0.009314;,
  0.138166;0.723899;0.026085;,
  0.118792;0.763917;0.003807;,
  0.147798;0.667688;0.042463;,
  0.129712;0.753564;-0.030957;,
  0.159245;0.640179;-0.019402;,
  0.127126;0.568268;-0.029940;,
  0.104299;0.623412;-0.018982;,
  0.161399;0.581413;-0.029952;,
  0.140210;0.529929;-0.034827;,
  0.165257;0.531833;-0.034966;,
  0.104299;0.623412;-0.018982;,
  0.137111;0.563946;0.026234;,
  0.106125;0.616882;0.043808;,
  0.127126;0.568268;-0.029940;,
  0.146499;0.522336;0.003065;,
  0.140210;0.529929;-0.034827;,
  0.163294;0.574359;0.025931;,
  0.160760;0.633631;0.043469;,
  0.166695;0.525038;0.002044;,
  0.151652;0.431914;-0.085666;,
  0.151988;0.449168;-0.031270;,
  0.149151;0.452791;-0.079202;,
  0.154497;0.428738;-0.038160;,
  0.152281;0.486698;-0.087290;,
  0.161951;0.473366;-0.090319;,
  0.151660;0.475501;-0.087062;,
  0.161338;0.487601;-0.094587;,
  0.139010;0.485211;-0.015024;,
  0.172008;0.484127;-0.065573;,
  0.159520;0.455100;-0.023303;,
  0.145251;0.505603;-0.059939;,
  0.179143;0.451962;-0.021517;,
  0.174267;0.493809;-0.004326;,
  0.181463;0.516150;-0.050707;,
  0.191228;0.480577;-0.061769;,
  0.092125;0.808931;-0.036593;,
  0.115337;0.798548;-0.052334;,
  0.072630;0.813152;-0.061425;,
  0.086791;0.799252;-0.077226;,
  0.057193;0.750551;0.008389;,
  0.064805;0.814575;-0.103464;,
  0.119846;0.774252;-0.065052;,
  0.101788;0.755509;-0.073338;,
  0.096737;0.773419;-0.084215;,
  0.106728;0.752185;-0.058564;,
  0.061529;0.793040;-0.004589;,
  0.018698;0.787262;-0.018265;,
  0.066771;0.795397;-0.006877;,
  -0.026601;0.774945;-0.052538;,
  0.000046;0.813107;-0.090491;,
  0.057713;0.824283;-0.037761;,
  0.066771;0.795397;-0.006877;,
  0.084745;0.750546;-0.042617;,
  0.070487;0.782092;-0.009514;,
  0.071596;0.737977;-0.056716;,
  0.076558;0.736424;-0.011666;,
  0.090194;0.720288;-0.038571;,
  0.105480;0.746801;-0.064102;,
  0.072180;0.745330;0.001497;,
  0.145251;0.505603;-0.059939;,
  0.068779;0.838134;-0.119571;,
  0.053385;0.844988;-0.106165;,
  0.017887;0.828415;-0.113373;,
  0.028294;0.847384;-0.109236;,
  0.191228;0.480577;-0.061769;,
  0.151652;0.431914;-0.085666;,
  0.154497;0.428738;-0.038160;,
  0.154559;0.499709;-0.072331;,
  0.176855;0.495292;-0.084756;,
  0.154559;0.499709;-0.072331;,
  0.157814;0.482288;-0.070686;,
  0.181837;0.477296;-0.072621;,
  0.181837;0.477296;-0.072621;,
  0.152281;0.486698;-0.087290;,
  0.161338;0.487601;-0.094587;,
  0.161951;0.473366;-0.090319;,
  0.061574;0.159519;-0.302271;,
  0.035435;0.147605;-0.352862;,
  0.034072;0.164722;-0.342641;,
  0.067030;0.139167;-0.312611;,
  0.000916;0.154740;-0.195696;,
  0.002084;0.128536;-0.238820;,
  0.002215;0.119848;-0.190780;,
  0.001957;0.153596;-0.237054;,
  0.015685;0.204649;-0.201930;,
  0.042363;0.155453;-0.191615;,
  0.040023;0.207841;-0.201450;,
  0.046364;0.125450;-0.231420;,
  0.036876;0.117899;-0.187630;,
  0.049122;0.160182;-0.227594;,
  0.028564;0.199044;-0.254333;,
  0.047885;0.194151;-0.225786;,
  0.005527;0.161509;-0.335628;,
  -0.000392;0.147810;-0.346044;,
  0.067030;0.139167;-0.312611;,
  -0.000392;0.147810;-0.346044;,
  0.003669;0.469570;-0.157644;,
  0.015238;0.404741;-0.231597;,
  -0.002293;0.335778;-0.229247;,
  0.003897;0.276647;-0.228586;,
  0.011052;0.189403;-0.232415;,
  0.011052;0.189403;-0.232415;,
  0.000848;0.481081;-0.004834;,
  0.089360;0.834712;-0.150855;,
  0.071063;0.822179;-0.166096;,
  0.080096;0.828148;-0.169066;,
  0.068209;0.829656;-0.135545;,
  0.082852;0.857694;-0.130668;,
  0.075810;0.871088;-0.111865;,
  0.065942;0.969686;-0.184907;,
  0.045256;0.958009;-0.209775;,
  0.046389;0.974790;-0.185111;,
  0.077115;0.895680;-0.220218;,
  0.059940;0.893985;-0.226123;,
  0.074385;0.925081;-0.216910;,
  0.086356;0.847360;-0.176008;,
  0.095465;0.862431;-0.152030;,
  0.088339;0.847402;-0.144014;,
  0.097964;0.899805;-0.141041;,
  0.097992;0.905793;-0.164836;,
  0.088449;0.934309;-0.202353;,
  0.097980;0.940975;-0.176959;,
  0.092839;0.897001;-0.190107;,
  0.095947;0.906419;-0.125726;,
  0.085942;0.918320;-0.106847;,
  0.047223;0.922324;-0.094993;,
  0.080433;0.962224;-0.126706;,
  0.047964;0.966857;-0.116112;,
  0.092799;0.874845;-0.185148;,
  0.076349;0.835760;-0.187701;,
  0.077535;0.866190;-0.206814;,
  0.060869;0.809951;-0.194574;,
  0.041608;0.807118;-0.181628;,
  0.041009;0.805465;-0.202696;,
  0.070634;0.945795;-0.211508;,
  0.085373;0.959054;-0.183235;,
  0.094921;0.955878;-0.145221;,
  0.081544;0.971838;-0.156543;,
  0.064653;0.978868;-0.150776;,
  0.047558;0.981978;-0.148426;,
  0.045938;0.882456;-0.099801;,
  0.094921;0.955878;-0.145221;,
  0.081544;0.971838;-0.156543;,
  0.101763;0.864797;-0.153286;,
  0.108699;0.911860;-0.151792;,
  0.113549;0.894428;-0.140561;,
  0.100986;0.892862;-0.153368;,
  0.113549;0.894428;-0.140561;,
  0.101763;0.864797;-0.153286;,
  0.108699;0.911860;-0.151792;,
  0.097992;0.905793;-0.164836;,
  0.097707;0.880744;-0.167253;,
  0.095465;0.862431;-0.152030;,
  0.077782;0.888108;-0.210678;,
  0.097707;0.880744;-0.167253;,
  0.064805;0.814575;-0.103464;,
  0.068779;0.838134;-0.119571;,
  0.086791;0.799252;-0.077226;,
  0.082852;0.857694;-0.130668;,
  0.053052;0.775104;-0.139453;,
  0.053211;0.751435;-0.134114;,
  -0.000404;0.567986;-0.097143;,
  0.005164;0.546809;0.049626;,
  0.005038;0.513021;0.055538;,
  -0.004392;0.464845;0.000857;,
  0.052818;0.809068;-0.160069;,
  0.000848;0.481081;-0.004834;,
  0.064653;0.978868;-0.150776;,
  0.047558;0.981978;-0.148426;,
  0.062087;0.840133;-0.205123;,
  0.054895;0.861596;-0.215583;,
  0.054845;0.852039;-0.214216;,
  0.044651;0.946632;-0.220271;,
  0.043721;0.922944;-0.229511;,
  0.057924;0.886784;-0.215466;,
  -0.016752;0.649442;-0.004199;,
  0.086791;0.799252;-0.077226;,
  0.035435;0.147605;-0.352862;,
  0.053417;0.830768;-0.210098;,
  0.061340;0.833702;-0.203780;,
  0.053460;0.836104;-0.207334;,
  0.041904;0.850622;-0.218652;,
  0.041825;0.857501;-0.229300;,
  0.053156;0.839199;-0.212720;,
  0.041788;0.836655;-0.207588;,
  0.041445;0.829038;-0.212219;,
  0.042765;0.892289;-0.232028;,
  0.042655;0.883661;-0.226645;,
  0.070487;0.782092;-0.009514;,
  0.041633;0.839001;-0.216118;,
  0.071015;0.759687;-0.034897;,
  0.084745;0.750546;-0.042617;,
  0.105480;0.746801;-0.064102;,
  0.095947;0.906419;-0.125726;,
  0.039545;0.351870;-0.253643;,
  -0.002654;0.252507;-0.249684;,
  -0.011697;0.329326;-0.244968;,
  0.032664;0.278096;-0.254643;,
  0.043209;0.425579;-0.262017;,
  -0.006729;0.402978;-0.240008;,
  0.051846;0.487828;-0.173861;,
  -0.008907;0.465563;-0.166939;,
  0.054278;0.529650;-0.084820;,
  -0.003920;0.527403;-0.105591;,
  0.038357;0.519728;-0.072209;,
  -0.003823;0.180455;-0.257163;,
  0.028564;0.199044;-0.254333;,
  0.012313;0.268820;-0.152000;,
  0.020159;0.211810;-0.015363;,
  0.011032;0.199935;-0.159109;,
  0.016323;0.261376;-0.003746;,
  0.011227;0.311110;0.005514;,
  0.006844;0.345160;-0.161462;,
  0.012514;0.340352;0.030791;,
  0.011095;0.370723;-0.176005;,
  0.006648;0.393867;-0.107683;,
  0.002422;0.418502;0.024158;,
  0.006051;0.485677;0.055797;,
  0.071015;0.759687;-0.034897;,
  -0.006702;0.765164;-0.178056;,
  0.023850;0.753830;-0.152496;,
  -0.016197;0.743365;-0.180207;,
  0.021710;0.787719;-0.150253;,
  -0.017519;0.721708;-0.176048;,
  0.004360;0.688082;-0.152578;,
  -0.041543;0.697080;-0.152693;,
  0.024571;0.717725;-0.156323;,
  -0.000713;0.820234;-0.134817;,
  -0.056635;0.803587;-0.142646;,
  -0.037013;0.811994;-0.120007;,
  -0.028983;0.805538;-0.154204;,
  -0.080835;0.588508;-0.000392;,
  -0.042248;0.600124;0.010127;,
  -0.075750;0.597528;-0.011687;,
  -0.038046;0.589654;0.021749;,
  -0.070827;0.584219;-0.065667;,
  -0.084232;0.563275;-0.035339;,
  -0.043464;0.571715;-0.094104;,
  -0.071388;0.531714;-0.058763;,
  -0.043525;0.520917;-0.067155;,
  0.000315;0.597389;0.010489;,
  0.003890;0.584861;0.020043;,
  -0.065808;0.695787;-0.039713;,
  -0.029313;0.742174;-0.028265;,
  -0.071059;0.735694;-0.064654;,
  -0.023227;0.701535;-0.013285;,
  -0.055965;0.474975;-0.045511;,
  -0.095883;0.399813;0.033420;,
  -0.090128;0.490271;-0.011298;,
  -0.057935;0.388098;0.007379;,
  -0.055057;0.296226;0.070062;,
  -0.084081;0.326863;0.091173;,
  -0.006523;0.486600;-0.024364;,
  -0.017051;0.440068;0.094232;,
  -0.010352;0.401924;0.028874;,
  -0.007750;0.487200;0.050946;,
  -0.030663;0.356333;0.105905;,
  -0.027382;0.324963;0.089357;,
  -0.096543;0.433598;0.088679;,
  -0.083784;0.499571;0.048089;,
  -0.071435;0.356547;0.104692;,
  -0.073472;0.399973;0.353021;,
  -0.033906;0.442362;0.336595;,
  -0.068762;0.442121;0.336713;,
  -0.028576;0.397107;0.354113;,
  -0.055064;0.313735;0.143820;,
  -0.081571;0.355579;0.215158;,
  -0.086707;0.342192;0.141833;,
  -0.052132;0.327087;0.216649;,
  -0.071261;0.370927;0.291885;,
  -0.051242;0.343292;0.296931;,
  -0.013468;0.340085;0.157232;,
  -0.020696;0.392660;0.200129;,
  -0.022760;0.352423;0.214649;,
  -0.015786;0.390909;0.134466;,
  -0.038832;0.391511;0.276110;,
  -0.034671;0.370115;0.298791;,
  -0.082705;0.392261;0.203374;,
  -0.087889;0.389935;0.129044;,
  -0.063026;0.390042;0.271870;,
  -0.089939;0.536823;-0.022512;,
  -0.006523;0.486600;-0.024364;,
  -0.088221;0.545810;0.031338;,
  -0.036769;0.550023;0.051755;,
  -0.083352;0.506700;0.044453;,
  -0.036920;0.515048;0.060632;,
  -0.059158;0.648108;-0.021539;,
  -0.085010;0.686822;-0.067621;,
  -0.086527;0.685684;-0.087687;,
  -0.057032;0.630977;-0.096044;,
  -0.080130;0.641175;-0.054115;,
  -0.056682;0.673589;-0.128076;,
  -0.011821;0.663510;-0.140214;,
  -0.027353;0.620463;-0.113075;,
  -0.025351;0.745756;-0.199051;,
  -0.033883;0.741876;-0.146062;,
  -0.037998;0.702198;-0.221584;,
  -0.065273;0.647536;-0.186268;,
  -0.059048;0.660256;-0.232697;,
  -0.045169;0.684445;-0.164809;,
  -0.094473;0.745352;-0.151422;,
  -0.109432;0.699441;-0.168112;,
  -0.045169;0.684445;-0.164809;,
  -0.112400;0.640470;-0.192638;,
  -0.065273;0.647536;-0.186268;,
  -0.100699;0.750296;-0.159498;,
  -0.102268;0.717522;-0.224905;,
  -0.089713;0.759818;-0.201960;,
  -0.106202;0.652943;-0.238976;,
  -0.052504;0.755224;-0.207374;,
  -0.041410;0.661315;-0.233809;,
  -0.000451;0.608872;-0.190382;,
  0.001307;0.620449;-0.225170;,
  -0.047032;0.645975;-0.178732;,
  0.026303;0.574947;-0.194962;,
  0.035632;0.583293;-0.219652;,
  -0.047032;0.645975;-0.178732;,
  -0.038378;0.572279;-0.212662;,
  -0.000451;0.608872;-0.190382;,
  -0.091516;0.603910;-0.194406;,
  0.003713;0.559277;-0.217624;,
  0.026303;0.574947;-0.194962;,
  -0.037022;0.581596;-0.239221;,
  -0.085947;0.619272;-0.249155;,
  0.011230;0.557941;-0.230663;,
  0.050690;0.457831;-0.216570;,
  0.024093;0.499168;-0.245562;,
  0.029082;0.479464;-0.253178;,
  0.045938;0.477697;-0.208407;,
  0.042167;0.494915;-0.201591;,
  0.052531;0.488385;-0.213011;,
  0.051948;0.489540;-0.198193;,
  0.041879;0.490985;-0.212093;,
  0.006689;0.535080;-0.231666;,
  0.060286;0.516793;-0.210733;,
  0.035387;0.531252;-0.191243;,
  0.027041;0.510627;-0.251254;,
  0.043014;0.513500;-0.262860;,
  0.032406;0.555858;-0.250060;,
  0.062757;0.553152;-0.207946;,
  0.074890;0.520230;-0.223825;,
  -0.051633;0.810154;-0.167927;,
  -0.039061;0.799530;-0.192873;,
  -0.028983;0.805538;-0.154204;,
  -0.012960;0.793305;-0.168367;,
  -0.089433;0.728557;-0.099096;,
  0.008417;0.802533;-0.155161;,
  -0.028399;0.774982;-0.198835;,
  -0.016197;0.743365;-0.180207;,
  -0.034624;0.755066;-0.183211;,
  -0.006702;0.765164;-0.178056;,
  -0.083949;0.764856;-0.138089;,
  -0.082650;0.766991;-0.144123;,
  -0.065442;0.769294;-0.095407;,
  -0.026601;0.774945;-0.052538;,
  0.000046;0.813107;-0.090491;,
  -0.056635;0.803587;-0.142646;,
  -0.082650;0.766991;-0.144123;,
  -0.040886;0.729590;-0.156694;,
  -0.033883;0.741876;-0.146062;,
  -0.078160;0.757310;-0.145506;,
  -0.073413;0.713928;-0.121603;,
  -0.048951;0.699416;-0.140572;,
  -0.017519;0.721708;-0.176048;,
  -0.086155;0.721579;-0.114571;,
  0.035387;0.531252;-0.191243;,
  0.008926;0.833033;-0.144593;,
  0.009105;0.841214;-0.124676;,
  0.017887;0.828415;-0.113373;,
  0.028294;0.847384;-0.109236;,
  0.074890;0.520230;-0.223825;,
  0.050690;0.457831;-0.216570;,
  0.029082;0.479464;-0.253178;,
  0.042352;0.513733;-0.194954;,
  0.066022;0.503214;-0.194790;,
  0.042352;0.513733;-0.194954;,
  0.045952;0.509301;-0.211812;,
  0.070186;0.508469;-0.216027;,
  0.070186;0.508469;-0.216027;,
  0.042167;0.494915;-0.201591;,
  0.051948;0.489540;-0.198193;,
  0.052531;0.488385;-0.213011;,
  -0.079713;0.320516;0.360729;,
  -0.049459;0.286669;0.397112;,
  -0.085273;0.321624;0.383505;,
  -0.048138;0.286667;0.377173;,
  -0.030159;0.420327;0.309324;,
  -0.028576;0.397107;0.354113;,
  -0.027205;0.385686;0.331778;,
  -0.033906;0.442362;0.336595;,
  -0.038832;0.391511;0.276110;,
  -0.071699;0.418735;0.306701;,
  -0.063026;0.390042;0.271870;,
  -0.073472;0.399973;0.353021;,
  -0.074622;0.384983;0.321357;,
  -0.068762;0.442121;0.336713;,
  -0.051242;0.343292;0.296931;,
  -0.071261;0.370927;0.291885;,
  -0.020645;0.297508;0.376205;,
  -0.014519;0.296405;0.393306;,
  -0.085273;0.321624;0.383505;,
  -0.014519;0.296405;0.393306;,
  -0.010352;0.401924;0.028874;,
  -0.027382;0.324963;0.089357;,
  -0.013468;0.340085;0.157232;,
  -0.022760;0.352423;0.214649;,
  -0.034671;0.370115;0.298791;,
  -0.034671;0.370115;0.298791;,
  -0.002789;0.837389;-0.148444;,
  0.013929;0.823839;-0.164601;,
  0.021844;0.825705;-0.154928;,
  0.005115;0.830327;-0.167104;,
  0.006088;0.859925;-0.128660;,
  0.014868;0.872859;-0.110271;,
  0.026611;0.970829;-0.183878;,
  0.046389;0.974790;-0.185111;,
  0.009333;0.897650;-0.218445;,
  0.013933;0.926837;-0.215329;,
  0.026049;0.894969;-0.225237;,
  -0.000374;0.849880;-0.173739;,
  -0.007328;0.865417;-0.149340;,
  -0.000676;0.849988;-0.141685;,
  -0.007076;0.902857;-0.138293;,
  -0.008000;0.908873;-0.162063;,
  0.001208;0.936844;-0.200071;,
  -0.004693;0.899835;-0.187555;,
  -0.006580;0.944013;-0.174224;,
  -0.003882;0.909320;-0.123115;,
  0.007770;0.920591;-0.104801;,
  0.047223;0.922324;-0.094993;,
  0.014771;0.964132;-0.124988;,
  0.047964;0.966857;-0.116112;,
  -0.005680;0.877706;-0.182571;,
  0.007904;0.868214;-0.204992;,
  0.008318;0.837736;-0.185921;,
  0.021895;0.811084;-0.193554;,
  0.019157;0.947291;-0.210161;,
  0.006710;0.961340;-0.181177;,
  -0.001008;0.958665;-0.142711;,
  0.012663;0.973840;-0.154741;,
  0.047558;0.981978;-0.148426;,
  0.030212;0.979869;-0.149875;,
  0.045938;0.882456;-0.099801;,
  -0.001008;0.958665;-0.142711;,
  0.012663;0.973840;-0.154741;,
  -0.013535;0.868147;-0.150269;,
  -0.017641;0.915532;-0.148486;,
  -0.011136;0.896120;-0.150434;,
  -0.022901;0.898393;-0.136991;,
  -0.022901;0.898393;-0.136991;,
  -0.013535;0.868147;-0.150269;,
  -0.017641;0.915532;-0.148486;,
  -0.008000;0.908873;-0.162063;,
  -0.009296;0.883854;-0.164454;,
  -0.007328;0.865417;-0.149340;,
  0.008727;0.890115;-0.208871;,
  -0.009296;0.883854;-0.164454;,
  0.008417;0.802533;-0.155161;,
  0.008926;0.833033;-0.144593;,
  -0.012960;0.793305;-0.168367;,
  0.006088;0.859925;-0.128660;,
  0.005164;0.546809;0.049626;,
  0.005038;0.513021;0.055538;,
  -0.004392;0.464845;0.000857;,
  0.000848;0.481081;-0.004834;,
  0.030212;0.979869;-0.149875;,
  0.047558;0.981978;-0.148426;,
  0.021880;0.841302;-0.204071;,
  0.029750;0.862327;-0.214925;,
  0.029316;0.852781;-0.213548;,
  0.028198;0.887648;-0.214688;,
  -0.016752;0.649442;-0.004199;,
  -0.012960;0.793305;-0.168367;,
  -0.049459;0.286669;0.397112;,
  0.022322;0.834836;-0.202759;,
  0.029721;0.831456;-0.209478;,
  0.030132;0.836782;-0.206724;,
  0.030333;0.839862;-0.212123;,
  -0.078160;0.757310;-0.145506;,
  -0.048948;0.739022;-0.143594;,
  -0.040886;0.729590;-0.156694;,
  -0.017519;0.721708;-0.176048;,
  -0.003882;0.909320;-0.123115;,
  -0.037699;0.287051;-0.024636;,
  -0.031483;0.243727;-0.156496;,
  -0.042264;0.255167;0.014191;,
  -0.031671;0.307199;-0.162783;,
  -0.040299;0.315869;-0.049594;,
  -0.032747;0.355756;-0.166023;,
  -0.025691;0.399851;-0.063691;,
  -0.024512;0.425004;-0.132164;,
  -0.018564;0.476175;-0.075316;,
  -0.017789;0.495356;-0.102144;,
  -0.003321;0.509827;-0.079151;,
  -0.043525;0.520917;-0.067155;,
  -0.032367;0.189274;-0.154112;,
  -0.041810;0.223070;0.047582;,
  -0.014576;0.399624;0.243758;,
  -0.082705;0.392261;0.203374;,
  -0.063012;0.390044;0.271869;,
  -0.019286;0.395287;0.180525;,
  -0.087889;0.389935;0.129044;,
  -0.023829;0.406098;0.136764;,
  -0.023619;0.381816;0.118763;,
  -0.071435;0.356547;0.104692;,
  -0.096543;0.433598;0.088679;,
  -0.015736;0.448790;0.109353;,
  0.005038;0.513021;0.055538;,
  -0.036920;0.515048;0.060632;,
  -0.048948;0.739022;-0.143594;,
  -0.055965;0.474975;-0.045511;,
  -0.057935;0.388098;0.007379;,
  -0.055057;0.296226;0.070062;,
  -0.055064;0.313735;0.143820;,
  -0.052132;0.327087;0.216649;,
  -0.051242;0.343292;0.296931;,
  0.087611;0.406931;-0.125414;,
  0.042343;0.485998;0.027572;,
  0.082599;0.461454;-0.030614;,
  0.059176;0.384179;-0.199909;,
  0.074472;0.349673;-0.176978;,
  0.065069;0.276709;-0.189017;,
  0.040023;0.207841;-0.201450;,
  -0.083784;0.499571;0.048089;;
  916;
  3;0,1,2;,
  3;1,0,3;,
  3;4,5,6;,
  3;5,4,7;,
  3;8,9,10;,
  3;9,8,11;,
  3;12,13,14;,
  3;13,12,15;,
  3;16,12,17;,
  3;12,16,15;,
  3;18,19,20;,
  3;19,18,16;,
  3;6,21,22;,
  3;21,6,5;,
  3;14,23,24;,
  3;23,14,13;,
  3;25,26,27;,
  3;26,25,28;,
  3;29,30,31;,
  3;30,29,32;,
  3;30,33,31;,
  3;33,30,34;,
  3;35,36,37;,
  3;36,35,38;,
  3;38,39,36;,
  3;39,38,40;,
  3;37,41,42;,
  3;41,37,36;,
  3;36,43,41;,
  3;43,36,39;,
  3;42,30,32;,
  3;30,42,41;,
  3;41,34,30;,
  3;34,41,43;,
  3;44,45,46;,
  3;45,44,47;,
  3;48,49,50;,
  3;49,48,51;,
  3;50,52,53;,
  3;52,50,49;,
  3;54,55,56;,
  3;55,54,57;,
  3;57,58,55;,
  3;58,57,59;,
  3;56,60,61;,
  3;60,56,55;,
  3;55,62,60;,
  3;62,55,58;,
  3;61,49,51;,
  3;49,61,60;,
  3;60,52,49;,
  3;52,60,62;,
  3;32,19,63;,
  3;19,32,29;,
  3;64,65,66;,
  3;65,64,20;,
  3;14,67,12;,
  3;67,14,68;,
  3;68,69,67;,
  3;69,68,70;,
  3;70,42,69;,
  3;42,70,37;,
  3;48,34,51;,
  3;34,48,33;,
  3;51,43,61;,
  3;43,51,34;,
  3;43,56,61;,
  3;56,43,39;,
  3;39,54,56;,
  3;54,39,40;,
  3;12,63,17;,
  3;63,12,67;,
  3;67,32,63;,
  3;32,67,69;,
  3;69,42,32;,
  3;71,72,25;,
  3;73,74,75;,
  3;74,73,76;,
  3;74,77,75;,
  3;77,74,78;,
  3;79,78,80;,
  3;78,79,77;,
  3;81,82,83;,
  3;82,84,85;,
  3;84,82,86;,
  3;87,88,89;,
  3;88,90,89;,
  3;90,88,91;,
  3;92,93,94;,
  3;92,89,93;,
  3;92,87,89;,
  3;89,95,93;,
  3;95,89,90;,
  3;96,93,82;,
  3;93,86,82;,
  3;86,93,95;,
  3;97,98,99;,
  3;98,97,100;,
  3;100,101,98;,
  3;101,100,102;,
  3;103,104,105;,
  3;104,103,106;,
  3;106,107,104;,
  3;107,106,108;,
  3;105,109,110;,
  3;109,105,104;,
  3;104,111,109;,
  3;111,104,107;,
  3;110,100,97;,
  3;100,110,109;,
  3;109,102,100;,
  3;102,109,111;,
  3;112,113,114;,
  3;113,112,115;,
  3;116,117,118;,
  3;117,116,119;,
  3;120,121,122;,
  3;121,120,123;,
  3;120,124,125;,
  3;124,120,122;,
  3;126,124,127;,
  3;124,126,125;,
  3;95,97,86;,
  3;97,95,110;,
  3;86,99,84;,
  3;99,86,97;,
  3;90,103,105;,
  3;103,90,91;,
  3;105,95,90;,
  3;95,105,110;,
  3;128,96,129;,
  3;96,128,94;,
  3;129,130,128;,
  3;130,129,131;,
  3;72,28,25;,
  3;28,72,132;,
  3;10,133,8;,
  3;134,135,136;,
  3;135,134,137;,
  3;81,137,134;,
  3;138,11,139;,
  3;138,9,11;,
  3;138,140,9;,
  3;141,11,142;,
  3;11,141,139;,
  3;128,130,143;,
  3;94,144,92;,
  3;94,143,144;,
  3;94,128,143;,
  3;145,87,146;,
  3;87,145,147;,
  3;75,148,73;,
  3;148,75,149;,
  3;150,147,145;,
  3;7,149,75;,
  3;148,151,73;,
  3;102,152,101;,
  3;152,102,126;,
  3;102,125,126;,
  3;125,102,111;,
  3;111,120,125;,
  3;120,111,107;,
  3;120,108,123;,
  3;108,120,107;,
  3;8,153,154;,
  3;153,8,133;,
  3;154,155,8;,
  3;155,154,156;,
  3;122,114,113;,
  3;114,122,121;,
  3;121,112,114;,
  3;112,121,157;,
  3;158,124,159;,
  3;124,158,127;,
  3;159,122,113;,
  3;122,159,124;,
  3;126,160,152;,
  3;160,126,161;,
  3;162,121,123;,
  3;121,162,163;,
  3;121,164,157;,
  3;164,121,163;,
  3;165,126,127;,
  3;126,165,161;,
  3;161,166,160;,
  3;166,161,167;,
  3;162,118,163;,
  3;118,162,116;,
  3;163,117,164;,
  3;117,163,118;,
  3;165,167,161;,
  3;167,165,168;,
  3;169,170,171;,
  3;170,169,172;,
  3;173,174,175;,
  3;174,173,176;,
  3;177,178,179;,
  3;178,177,173;,
  3;180,178,181;,
  3;178,180,182;,
  3;183,169,171;,
  3;169,183,184;,
  3;174,185,186;,
  3;185,174,176;,
  3;46,187,44;,
  3;187,46,188;,
  3;180,169,182;,
  3;169,180,172;,
  3;20,29,65;,
  3;19,29,20;,
  3;29,31,189;,
  3;31,190,189;,
  3;190,31,33;,
  3;33,191,190;,
  3;191,33,48;,
  3;191,50,192;,
  3;50,191,48;,
  3;192,53,193;,
  3;53,192,50;,
  3;194,171,185;,
  3;171,194,183;,
  3;171,186,185;,
  3;186,171,170;,
  3;185,176,194;,
  3;194,173,177;,
  3;173,194,176;,
  3;178,175,181;,
  3;175,178,173;,
  3;179,182,184;,
  3;182,179,178;,
  3;182,169,184;,
  3;16,17,19;,
  3;17,63,19;,
  3;65,195,66;,
  3;196,197,198;,
  3;197,196,199;,
  3;200,154,153;,
  3;154,200,201;,
  3;202,203,204;,
  3;205,206,207;,
  3;196,208,209;,
  3;208,196,198;,
  3;210,209,211;,
  3;209,210,196;,
  3;212,213,214;,
  3;213,212,215;,
  3;212,214,211;,
  3;201,216,217;,
  3;216,201,200;,
  3;218,219,220;,
  3;219,218,217;,
  3;210,199,196;,
  3;213,205,207;,
  3;221,222,223;,
  3;198,197,224;,
  3;224,225,226;,
  3;225,224,197;,
  3;227,213,207;,
  3;228,229,214;,
  3;229,228,230;,
  3;220,231,232;,
  3;213,228,214;,
  3;156,201,233;,
  3;201,156,154;,
  3;233,217,218;,
  3;217,233,201;,
  3;219,217,234;,
  3;235,219,234;,
  3;236,237,238;,
  3;237,236,239;,
  3;209,240,211;,
  3;240,209,241;,
  3;211,242,212;,
  3;242,211,240;,
  3;243,239,244;,
  3;239,243,237;,
  3;244,236,245;,
  3;236,244,239;,
  3;246,221,223;,
  3;221,246,215;,
  3;221,212,247;,
  3;212,221,215;,
  3;199,248,2;,
  3;248,199,249;,
  3;133,10,250;,
  3;249,210,251;,
  3;210,249,199;,
  3;210,211,251;,
  3;252,1,253;,
  3;1,252,2;,
  3;20,254,18;,
  3;254,20,64;,
  3;24,68,14;,
  3;68,24,255;,
  3;68,256,70;,
  3;256,68,255;,
  3;256,37,70;,
  3;37,256,257;,
  3;258,2,252;,
  3;2,258,199;,
  3;257,259,37;,
  3;37,259,35;,
  3;260,204,261;,
  3;204,260,202;,
  3;262,263,223;,
  3;263,262,264;,
  3;197,258,225;,
  3;258,197,199;,
  3;265,203,227;,
  3;265,207,266;,
  3;207,265,227;,
  3;223,267,246;,
  3;267,223,263;,
  3;88,87,147;,
  3;83,82,85;,
  3;78,16,18;,
  3;16,78,74;,
  3;74,15,16;,
  3;15,74,76;,
  3;15,71,13;,
  3;71,15,76;,
  3;13,268,23;,
  3;268,13,71;,
  3;248,269,2;,
  3;2,269,0;,
  3;136,129,134;,
  3;129,136,131;,
  3;134,96,81;,
  3;96,134,129;,
  3;96,82,81;,
  3;93,96,94;,
  3;29,189,65;,
  3;205,215,246;,
  3;267,205,246;,
  3;205,267,206;,
  3;205,213,215;,
  3;187,188,270;,
  3;224,271,272;,
  3;222,221,208;,
  3;224,222,198;,
  3;272,273,262;,
  3;273,272,271;,
  3;263,274,275;,
  3;273,276,262;,
  3;277,271,278;,
  3;271,277,273;,
  3;222,272,262;,
  3;272,222,224;,
  3;222,208,198;,
  3;209,221,247;,
  3;221,209,208;,
  3;223,222,262;,
  3;266,206,279;,
  3;206,266,207;,
  3;206,280,279;,
  3;280,206,267;,
  3;280,263,275;,
  3;263,280,267;,
  3;264,262,276;,
  3;76,73,72;,
  3;138,281,140;,
  3;73,132,72;,
  3;132,73,151;,
  3;72,71,76;,
  3;271,226,278;,
  3;155,11,8;,
  3;276,277,282;,
