xof 0303txt 0032
template ColorRGBA {
 <35ff44e0-6c7c-11cf-8f52-0040333594a3>
 FLOAT red;
 FLOAT green;
 FLOAT blue;
 FLOAT alpha;
}

template ColorRGB {
 <d3e16e81-7835-11cf-8f52-0040333594a3>
 FLOAT red;
 FLOAT green;
 FLOAT blue;
}

template Material {
 <3d82ab4d-62da-11cf-ab39-0020af71e433>
 ColorRGBA faceColor;
 FLOAT power;
 ColorRGB specularColor;
 ColorRGB emissiveColor;
 [...]
}

template TextureFilename {
 <a42790e1-7810-11cf-8f52-0040333594a3>
 STRING filename;
}

template Frame {
 <3d82ab46-62da-11cf-ab39-0020af71e433>
 [...]
}

template Matrix4x4 {
 <f6f23f45-7686-11cf-8f52-0040333594a3>
 array FLOAT matrix[16];
}

template FrameTransformMatrix {
 <f6f23f41-7686-11cf-8f52-0040333594a3>
 Matrix4x4 frameMatrix;
}

template Vector {
 <3d82ab5e-62da-11cf-ab39-0020af71e433>
 FLOAT x;
 FLOAT y;
 FLOAT z;
}

template MeshFace {
 <3d82ab5f-62da-11cf-ab39-0020af71e433>
 DWORD nFaceVertexIndices;
 array DWORD faceVertexIndices[nFaceVertexIndices];
}

template Mesh {
 <3d82ab44-62da-11cf-ab39-0020af71e433>
 DWORD nVertices;
 array Vector vertices[nVertices];
 DWORD nFaces;
 array MeshFace faces[nFaces];
 [...]
}

template MeshMaterialList {
 <f6f23f42-7686-11cf-8f52-0040333594a3>
 DWORD nMaterials;
 DWORD nFaceIndexes;
 array DWORD faceIndexes[nFaceIndexes];
 [Material <3d82ab4d-62da-11cf-ab39-0020af71e433>]
}

template VertexElement {
 <f752461c-1e23-48f6-b9f8-8350850f336f>
 DWORD Type;
 DWORD Method;
 DWORD Usage;
 DWORD UsageIndex;
}

template DeclData {
 <bf22e553-292c-4781-9fea-62bd554bdd93>
 DWORD nElements;
 array VertexElement Elements[nElements];
 DWORD nDWords;
 array DWORD data[nDWords];
}

template XSkinMeshHeader {
 <3cf169ce-ff7c-44ab-93c0-f78f62d172e2>
 WORD nMaxSkinWeightsPerVertex;
 WORD nMaxSkinWeightsPerFace;
 WORD nBones;
}

template SkinWeights {
 <6f0d123b-bad2-4167-a0d0-80224f25fabb>
 STRING transformNodeName;
 DWORD nWeights;
 array DWORD vertexIndices[nWeights];
 array FLOAT weights[nWeights];
 Matrix4x4 matrixOffset;
}

template AnimTicksPerSecond {
 <9e415a43-7ba6-4a73-8743-b73d47e88476>
 DWORD AnimTicksPerSecond;
}

template Animation {
 <3d82ab4f-62da-11cf-ab39-0020af71e433>
 [...]
}

template AnimationSet {
 <3d82ab50-62da-11cf-ab39-0020af71e433>
 [Animation <3d82ab4f-62da-11cf-ab39-0020af71e433>]
}

template FloatKeys {
 <10dd46a9-775b-11cf-8f52-0040333594a3>
 DWORD nValues;
 array FLOAT values[nValues];
}

template TimedFloatKeys {
 <f406b180-7b3b-11cf-8f52-0040333594a3>
 DWORD time;
 FloatKeys tfkeys;
}

template AnimationKey {
 <10dd46a8-775b-11cf-8f52-0040333594a3>
 DWORD keyType;
 DWORD nKeys;
 array TimedFloatKeys keys[nKeys];
}


Material _03_-_Default {
 1.000000;1.000000;1.000000;1.000000;;
 9.999999;
 0.000000;0.000000;0.000000;;
 0.000000;0.000000;0.000000;;

 TextureFilename {
  "MaleBody_full.png";
 }
}

Frame Dummy01 {
 

 FrameTransformMatrix {
  1.000000,0.000000,0.000000,0.000000,0.000000,-0.000000,-1.000000,0.000000,0.000000,1.000000,-0.000000,0.000000,0.000000,0.000000,0.000000,1.000000;;
 }

 Frame Bip01 {
  

  FrameTransformMatrix {
   -0.342528,0.911769,-0.226611,0.000000,-0.056497,0.220776,0.973687,0.000000,0.937807,0.346318,-0.024110,0.000000,-0.040390,-0.035018,0.464570,1.000000;;
  }

  Frame Bip01_Pelvis {
   

   FrameTransformMatrix {
    -0.008703,0.999025,0.043284,0.000000,0.048759,-0.042810,0.997893,0.000000,0.998773,0.010795,-0.048339,0.000000,0.000000,0.000000,0.000000,1.000000;;
   }

   Frame Bip01_Spine {
    

    FrameTransformMatrix {
     0.957551,0.004280,0.288232,0.000000,0.011019,0.998615,-0.051436,0.000000,-0.288053,0.052429,0.956178,0.000000,0.051607,-0.002215,0.000476,1.000000;;
    }

    Frame Bip01_Spine1 {
     

     FrameTransformMatrix {
      0.913887,0.186984,0.360343,0.000000,-0.176412,0.982341,-0.062334,0.000000,-0.365635,-0.006602,0.930735,0.000000,0.106511,0.000001,-0.000079,1.000000;;
     }

     Frame Bip01_Neck {
      

      FrameTransformMatrix {
       0.937557,0.177838,0.298931,0.000000,-0.081727,0.947986,-0.307642,0.000000,-0.338093,0.264001,0.903325,0.000000,0.130514,-0.000007,0.004628,1.000000;;
      }

      Frame Bip01_Head {
       

       FrameTransformMatrix {
        0.642151,-0.015708,-0.766417,0.000000,0.058259,0.997899,0.028360,0.000000,0.764361,-0.062861,0.641717,0.000000,0.033674,0.000000,-0.000000,1.000000;;
       }

       Frame Bip01_HeadNub {
        

        FrameTransformMatrix {
         1.000000,-0.000000,-0.000000,0.000000,-0.000000,1.000000,-0.000000,0.000000,0.000000,-0.000000,1.000000,0.000000,0.169824,0.000000,0.000000,1.000000;;
        }
       }
      }

      Frame Bip01_L_Clavicle {
       

       FrameTransformMatrix {
        0.240953,0.943564,0.227222,0.000000,0.922368,-0.149789,-0.356091,0.000000,-0.301959,0.295383,-0.906405,0.000000,-0.021120,0.018292,0.008096,1.000000;;
       }

       Frame Bip01_L_UpperArm {
        

        FrameTransformMatrix {
         0.408673,-0.896896,-0.169009,0.000000,0.894062,0.430625,-0.123351,0.000000,0.183412,-0.100694,0.977865,0.000000,0.087086,0.000000,0.000000,1.000000;;
        }

        Frame Bip01_L_Forearm {
         

         FrameTransformMatrix {
          0.459414,-0.000000,-0.888222,0.000000,-0.000000,1.000000,0.000000,0.000000,0.888222,-0.000000,0.459414,0.000000,0.137062,0.000000,0.000000,1.000000;;
         }

         Frame Bip01_L_Hand {
          

          FrameTransformMatrix {
           0.978101,0.162344,-0.130242,0.000000,0.088660,0.241160,0.966427,0.000000,0.188303,-0.956811,0.221485,0.000000,0.137062,-0.000000,0.000000,1.000000;;
          }

          Frame Bip01_L_Finger0 {
           

           FrameTransformMatrix {
            0.469515,-0.188366,0.862598,0.000000,0.720132,0.646965,-0.250692,0.000000,-0.510849,0.738888,0.439408,0.000000,0.057681,-0.023605,-0.000272,1.000000;;
           }

           Frame Bip01_L_Finger0Nub {
            

            FrameTransformMatrix {
             1.000000,0.000000,-0.000000,0.000000,0.000000,1.000000,-0.000000,0.000000,0.000000,0.000000,1.000000,0.000000,0.029435,-0.000000,0.000000,1.000000;;
            }
           }
          }

          Frame Bip01_L_Finger1 {
           

           FrameTransformMatrix {
            0.313558,-0.000756,0.949568,0.000000,0.000000,1.000000,0.000796,0.000000,-0.949569,-0.000250,0.313558,0.000000,0.084102,0.000000,0.000000,1.000000;;
           }

           Frame Bip01_L_Finger1Nub {
            

            FrameTransformMatrix {
             1.000000,0.000000,0.000000,0.000000,0.000000,1.000000,0.000000,0.000000,0.000000,0.000000,1.000000,0.000000,0.047988,0.000000,0.000000,1.000000;;
            }
           }
          }
         }
        }
       }
      }

      Frame Bip01_R_Clavicle {
       

       FrameTransformMatrix {
        -0.173121,-0.925039,-0.338131,0.000000,-0.942470,0.055910,0.329583,0.000000,-0.285972,0.375736,-0.881500,0.000000,-0.026710,-0.011503,-0.000202,1.000000;;
       }

       Frame Bip01_R_UpperArm {
        

        FrameTransformMatrix {
         0.215348,0.976270,-0.022837,0.000000,-0.880723,0.204268,0.427319,0.000000,0.421844,-0.071909,0.903812,0.000000,0.087086,-0.000000,0.000000,1.000000;;
        }

        Frame Bip01_R_Forearm {
         

         FrameTransformMatrix {
          0.398839,-0.000000,-0.917021,0.000000,0.000000,1.000000,0.000000,0.000000,0.917021,-0.000000,0.398839,0.000000,0.137062,0.000000,-0.000000,1.000000;;
         }

         Frame Bip01_R_Hand {
          

          FrameTransformMatrix {
           0.999669,0.023423,0.010685,0.000000,0.003816,0.275633,-0.961256,0.000000,-0.025460,0.960977,0.275452,0.000000,0.137062,0.000000,0.000000,1.000000;;
          }

          Frame Bip01_R_Finger0 {
           

           FrameTransformMatrix {
            0.389499,-0.079154,0.917619,0.000000,-0.575979,0.756512,0.309741,0.000000,-0.718707,-0.649173,0.249070,0.000000,0.057681,0.023605,-0.000272,1.000000;;
           }

           Frame Bip01_R_Finger0Nub {
            

            FrameTransformMatrix {
             -1.000000,0.000000,0.000000,0.000000,0.000000,1.000000,0.000000,0.000000,-0.000000,0.000000,-1.000000,0.000000,0.029435,0.000000,-0.000000,1.000000;;
            }
           }
          }

          Frame Bip01_R_Finger1 {
           

           FrameTransformMatrix {
            0.019000,0.000796,0.999819,0.000000,-0.000000,1.000000,-0.000796,0.000000,-0.999819,0.000015,0.019000,0.000000,0.084102,-0.000000,0.000000,1.000000;;
           }

           Frame Bip01_R_Finger1Nub {
            

            FrameTransformMatrix {
             -1.000000,-0.000000,-0.000000,0.000000,0.000000,1.000000,0.000000,0.000000,0.000000,-0.000000,-1.000000,0.000000,0.047988,-0.000000,0.000000,1.000000;;
            }
           }
          }
         }
        }
       }
      }
     }

     Frame Bip01_BackPack {
      

      FrameTransformMatrix {
       -0.174826,0.237733,-0.955468,0.000000,0.110404,0.969026,0.220905,0.000000,0.978390,-0.066868,-0.195658,0.000000,0.043238,0.001401,-0.084748,1.000000;;
      }

      Frame Bip01_BackPackNub {
       

       FrameTransformMatrix {
        0.000796,0.000003,1.000000,0.000000,0.000000,-1.000000,0.000003,0.000000,1.000000,0.000000,-0.000796,0.000000,0.053240,-0.000000,0.000000,1.000000;;
       }
      }
     }
    }

    Frame Bip01_L_Thigh {
     

     FrameTransformMatrix {
      -0.377567,0.327301,0.866209,0.000000,-0.046565,-0.940976,0.335255,0.000000,0.924811,0.086246,0.370522,0.000000,-0.049308,0.056817,0.017422,1.000000;;
     }

     Frame Bip01_L_Calf {
      

      FrameTransformMatrix {
       0.740910,0.000000,-0.671605,0.000000,-0.000000,1.000000,-0.000000,0.000000,0.671605,0.000000,0.740909,0.000000,0.237500,0.000000,-0.000000,1.000000;;
      }

      Frame Bip01_L_Foot {
       

       FrameTransformMatrix {
        0.938397,0.139057,0.316344,0.000000,-0.167454,0.983782,0.064288,0.000000,-0.302274,-0.113301,0.946464,0.000000,0.206841,0.000000,0.000000,1.000000;;
       }

       Frame Bip01_L_Toe0 {
        

        FrameTransformMatrix {
         0.132992,0.006610,0.991095,0.000000,0.009843,0.999920,-0.007990,0.000000,-0.991068,0.010818,0.132916,0.000000,0.065373,0.000000,0.066450,1.000000;;
        }

        Frame Bip01_L_Toe0Nub {
         

         FrameTransformMatrix {
          -1.000000,0.000000,0.000000,0.000000,0.000000,1.000000,-0.000000,0.000000,0.000000,-0.000000,-1.000000,0.000000,0.006735,0.000000,0.000000,1.000000;;
         }
        }
       }
      }
     }
    }

    Frame Bip01_R_Thigh {
     

     FrameTransformMatrix {
      -0.821376,0.001763,0.570385,0.000000,-0.112625,-0.980809,-0.159153,0.000000,0.559158,-0.194964,0.805811,0.000000,-0.049781,-0.053481,0.011631,1.000000;;
     }

     Frame Bip01_R_Calf {
      

      FrameTransformMatrix {
       0.740228,0.000000,-0.672356,0.000000,0.000000,1.000000,-0.000000,0.000000,0.672356,0.000000,0.740228,0.000000,0.237500,0.000000,-0.000000,1.000000;;
      }

      Frame Bip01_R_Foot {
       

       FrameTransformMatrix {
        0.804873,0.019887,0.593113,0.000000,0.048320,0.993924,-0.098899,0.000000,-0.591476,0.108261,0.799022,0.000000,0.206841,0.000000,0.000000,1.000000;;
       }

       Frame Bip01_R_Toe0 {
        

        FrameTransformMatrix {
         0.356226,-0.296813,0.886005,0.000000,0.155026,0.953840,0.257208,0.000000,-0.921450,0.045730,0.385796,0.000000,0.065373,-0.000000,0.066450,1.000000;;
        }

        Frame Bip01_R_Toe0Nub {
         

         FrameTransformMatrix {
          1.000000,-0.000000,0.000000,0.000000,-0.000000,1.000000,-0.000000,0.000000,-0.000000,-0.000000,1.000000,0.000000,0.006735,-0.000000,0.000000,1.000000;;
         }
        }
       }
      }
     }
    }
   }

   Frame Bip01_DressFront {
    

    FrameTransformMatrix {
     -0.742236,0.251498,0.621156,0.000000,0.214635,0.967295,-0.135173,0.000000,-0.634837,0.032992,-0.771942,0.000000,-0.043909,0.001394,0.061054,1.000000;;
    }

    Frame Bip01_DressFront02 {
     

     FrameTransformMatrix {
      0.866064,0.000001,0.499933,0.000000,-0.000001,1.000000,-0.000000,0.000000,-0.499933,-0.000000,0.866064,0.000000,0.183390,0.000000,-0.000114,1.000000;;
     }

     Frame Bip01_DressFrontNub {
      

      FrameTransformMatrix {
       0.000796,0.000003,1.000000,0.000000,0.000000,-1.000000,0.000003,0.000000,1.000000,0.000000,-0.000796,0.000000,0.165302,0.000000,-0.000000,1.000000;;
      }
     }
    }
   }

   Frame Bip01_DressBack {
    

    FrameTransformMatrix {
     -0.776569,0.231596,0.585922,0.000000,0.474856,0.826356,0.302733,0.000000,-0.414068,0.513322,-0.751697,0.000000,-0.047674,-0.000072,-0.078314,1.000000;;
    }

    Frame Bip01_DressBack02 {
     

     FrameTransformMatrix {
      0.780396,-0.312462,0.541617,0.000000,0.260018,0.949914,0.173360,0.000000,-0.568658,0.005540,0.822555,0.000000,0.176221,-0.000001,-0.000089,1.000000;;
     }

     Frame Bip01_DressBackNub {
      

      FrameTransformMatrix {
       0.000796,0.000003,1.000000,0.000000,0.000000,-1.000000,0.000003,0.000000,1.000000,-0.000000,-0.000796,0.000000,0.136508,-0.000000,0.000000,1.000000;;
      }
     }
    }
   }
  }

  Frame Bip01_Prop1 {
   

   FrameTransformMatrix {
    -0.565827,0.193335,0.801537,0.000000,0.820147,0.232006,0.523003,0.000000,-0.084846,0.953307,-0.289838,0.000000,0.067566,-0.032095,-0.109929,1.000000;;
   }
  }

  Frame Bip01_Prop2 {
   

   FrameTransformMatrix {
    0.663242,-0.720372,0.202914,0.000000,0.687591,0.479467,-0.545279,0.000000,0.295513,0.501174,0.813324,0.000000,0.135387,-0.084917,0.155616,1.000000;;
   }
  }
 }
}

Frame Translation_Data {
 

 FrameTransformMatrix {
  1.000000,0.000000,0.000000,0.000000,0.000000,-0.000000,-1.000000,0.000000,0.000000,1.000000,-0.000000,0.000000,0.000000,-0.000000,0.000000,1.000000;;
 }
}

Frame Body {
 

 FrameTransformMatrix {
  1.000000,0.000000,0.000000,0.000000,0.000000,1.000000,0.000000,0.000000,0.000000,0.000000,1.000000,0.000000,0.000000,0.000000,0.000000,1.000000;;
 }

 Mesh Body {
  617;
  -0.002897;0.645111;-0.148404;,
  -0.036901;0.639619;-0.131736;,
  -0.038631;0.671714;-0.142904;,
  0.008489;0.627175;-0.137289;,
  0.013193;0.612114;-0.123191;,
  -0.022185;0.584540;-0.101921;,
  -0.032864;0.605482;-0.120028;,
  0.021437;0.601784;-0.091596;,
  -0.029300;0.712688;-0.135596;,
  0.025114;0.707966;-0.113228;,
  0.006689;0.695413;-0.136961;,
  -0.002952;0.719040;-0.105607;,
  0.050781;0.514532;0.026695;,
  0.019334;0.532276;0.055953;,
  0.022207;0.518348;0.065314;,
  0.042140;0.526431;0.023336;,
  0.016327;0.512919;-0.024068;,
  0.036095;0.490870;-0.006381;,
  -0.020751;0.502569;-0.039472;,
  0.012296;0.465353;-0.020319;,
  -0.018443;0.453909;-0.017475;,
  -0.076019;0.586775;-0.093853;,
  -0.073121;0.611850;-0.115108;,
  -0.020341;0.533337;0.072402;,
  -0.016556;0.517368;0.082075;,
  0.013153;0.637977;0.007774;,
  -0.036984;0.683392;-0.002420;,
  -0.035308;0.647173;0.023875;,
  0.016363;0.673188;-0.019542;,
  0.005257;0.446263;-0.038501;,
  0.059854;0.364440;-0.089415;,
  0.018034;0.378416;-0.107055;,
  0.046377;0.432032;-0.015121;,
  0.023508;0.296673;-0.171544;,
  0.057435;0.283012;-0.135797;,
  -0.037317;0.435120;-0.022946;,
  -0.007522;0.310830;-0.025232;,
  -0.002604;0.417643;0.104174;,
  -0.025228;0.356307;-0.083454;,
  0.008847;0.263626;-0.097002;,
  0.001100;0.276045;-0.134511;,
  0.069901;0.325776;-0.038430;,
  0.054695;0.393599;0.028562;,
  0.048844;0.271221;-0.099621;,
  0.078769;0.005873;-0.132969;,
  0.038788;-0.005569;-0.089350;,
  0.033906;0.007177;-0.136222;,
  0.073644;-0.005899;-0.089383;,
  0.035221;0.228103;-0.154792;,
  0.075068;0.156522;-0.125966;,
  0.043764;0.154537;-0.152363;,
  0.068626;0.230914;-0.128499;,
  0.077243;0.075935;-0.120777;,
  0.055984;0.077602;-0.148198;,
  -0.001612;0.204990;-0.128080;,
  0.016146;0.156816;-0.083132;,
  0.001891;0.220566;-0.074677;,
  0.016724;0.148506;-0.125141;,
  0.044939;0.081660;-0.095276;,
  0.040583;0.067669;-0.125160;,
  0.077721;0.163134;-0.088085;,
  0.072147;0.236981;-0.079559;,
  0.068559;0.088470;-0.096064;,
  0.044095;0.463411;0.002498;,
  -0.060761;0.447025;-0.010766;,
  -0.037317;0.435120;-0.022946;,
  -0.054883;0.416441;0.009637;,
  0.066847;0.469821;0.051740;,
  0.030081;0.477539;0.092613;,
  0.057685;0.411190;0.046069;,
  0.022405;0.416339;0.082155;,
  0.012368;0.591579;0.031277;,
  0.038164;0.622615;-0.012431;,
  0.043713;0.615073;-0.030685;,
  0.011165;0.554454;-0.036453;,
  0.021431;0.587017;-0.069514;,
  0.034507;0.576553;0.001602;,
  -0.021730;0.568478;-0.084854;,
  -0.019481;0.538865;-0.050257;,
  -0.076360;0.575614;-0.078308;,
  -0.066860;0.537049;-0.036795;,
  0.053365;0.619617;-0.155097;,
  0.082811;0.584990;-0.132762;,
  0.007274;0.624536;-0.127764;,
  0.064133;0.550326;-0.073644;,
  0.033996;0.577329;-0.098875;,
  0.104098;0.555116;-0.100795;,
  0.033074;0.654944;-0.081703;,
  0.033996;0.577329;-0.098875;,
  0.058093;0.619784;-0.054352;,
  0.087283;0.568521;-0.033634;,
  0.064133;0.550326;-0.073644;,
  0.042320;0.661495;-0.081705;,
  0.106899;0.627738;-0.088389;,
  0.077217;0.661324;-0.109929;,
  0.127198;0.573140;-0.060613;,
  0.069719;0.639745;-0.140145;,
  0.100467;0.544465;-0.114457;,
  0.055633;0.479930;-0.102676;,
  0.052776;0.537339;-0.083230;,
  0.085996;0.487000;-0.122053;,
  0.056158;0.438841;-0.109400;,
  0.077095;0.438001;-0.126287;,
  0.052776;0.537339;-0.083230;,
  0.093770;0.470350;-0.061110;,
  0.087537;0.527059;-0.031434;,
  0.055633;0.479930;-0.102676;,
  0.085105;0.428889;-0.084671;,
  0.056158;0.438841;-0.109400;,
  0.116870;0.476135;-0.076174;,
  0.134955;0.534246;-0.062494;,
  0.098213;0.428780;-0.096465;,
  0.024036;0.337323;-0.142531;,
  0.069239;0.355971;-0.113110;,
  0.027286;0.358264;-0.136634;,
  0.065618;0.335466;-0.119239;,
  0.024313;0.378272;-0.137735;,
  0.030349;0.368266;-0.149731;,
  0.029058;0.368165;-0.138805;,
  0.020495;0.379361;-0.148705;,
  0.073772;0.391313;-0.092425;,
  0.049554;0.390502;-0.147724;,
  0.079493;0.362019;-0.114897;,
  0.038626;0.410804;-0.121700;,
  0.091850;0.359877;-0.130416;,
  0.101552;0.401876;-0.115838;,
  0.065606;0.423320;-0.146662;,
  0.063398;0.387981;-0.161813;,
  0.033372;0.694731;-0.146457;,
  0.030006;0.673390;-0.167114;,
  0.006689;0.695413;-0.136961;,
  -0.001968;0.674953;-0.150334;,
  0.046690;0.658444;-0.041719;,
  -0.025975;0.687240;-0.147820;,
  0.023698;0.646881;-0.165622;,
  0.008489;0.627175;-0.137289;,
  -0.002897;0.645111;-0.148404;,
  0.028342;0.631905;-0.148598;,
  0.046395;0.681686;-0.082273;,
  0.014140;0.696128;-0.056418;,
  0.047671;0.681206;-0.088454;,
  -0.040470;0.705629;-0.038931;,
  -0.049430;0.720385;-0.096453;,
  0.025114;0.707966;-0.113228;,
  0.047671;0.681206;-0.088454;,
  0.022902;0.630469;-0.102217;,
  0.046358;0.669101;-0.089197;,
  0.007274;0.624536;-0.127764;,
  0.040037;0.634166;-0.060911;,
  0.024025;0.609547;-0.079562;,
  0.013193;0.612114;-0.123191;,
  0.049412;0.646095;-0.053740;,
  0.038626;0.410804;-0.121700;,
  -0.027102;0.707259;-0.159672;,
  -0.036748;0.722549;-0.146657;,
  -0.056395;0.722178;-0.129277;,
  -0.062939;0.729158;-0.143060;,
  0.063398;0.387981;-0.161813;,
  0.024036;0.337323;-0.142531;,
  0.065618;0.335466;-0.119239;,
  0.032251;0.395586;-0.131781;,
  0.030385;0.394195;-0.157579;,
  0.032251;0.395586;-0.131781;,
  0.042031;0.381564;-0.136736;,
  0.049878;0.383694;-0.159966;,
  0.049878;0.383694;-0.159966;,
  0.024313;0.378272;-0.137735;,
  0.020495;0.379361;-0.148705;,
  0.030349;0.368266;-0.149731;,
  0.085905;0.046654;-0.201510;,
  0.055876;0.037713;-0.250530;,
  0.054651;0.053794;-0.238730;,
  0.091342;0.027588;-0.214072;,
  0.035432;0.029493;-0.090974;,
  0.033906;0.007177;-0.136222;,
  0.038788;-0.005569;-0.089350;,
  0.032776;0.031950;-0.132203;,
  0.044939;0.081660;-0.095276;,
  0.076999;0.032100;-0.090428;,
  0.068559;0.088470;-0.096064;,
  0.078769;0.005873;-0.132969;,
  0.073644;-0.005899;-0.089383;,
  0.080247;0.040250;-0.126283;,
  0.055984;0.077602;-0.148198;,
  0.077243;0.075935;-0.120777;,
  0.027038;0.048450;-0.229604;,
  0.020843;0.035391;-0.240663;,
  0.091342;0.027588;-0.214072;,
  0.020843;0.035391;-0.240663;,
  -0.025228;0.356307;-0.083454;,
  0.001100;0.276045;-0.134511;,
  -0.001612;0.204990;-0.128080;,
  0.016724;0.148506;-0.125141;,
  0.040583;0.067669;-0.125160;,
  0.040583;0.067669;-0.125160;,
  -0.035137;0.415094;0.057721;,
  -0.016116;0.703101;-0.175754;,
  -0.033562;0.687967;-0.189564;,
  -0.024724;0.693903;-0.193127;,
  -0.034647;0.693215;-0.169593;,
  -0.023983;0.728134;-0.158737;,
  -0.031958;0.743466;-0.141889;,
  -0.044378;0.831574;-0.226957;,
  -0.064046;0.815974;-0.250461;,
  -0.064117;0.835756;-0.228104;,
  -0.029434;0.754274;-0.252450;,
  -0.046399;0.751103;-0.258354;,
  -0.033442;0.783710;-0.252929;,
  -0.019120;0.712344;-0.202347;,
  -0.011137;0.730692;-0.180331;,
  -0.017801;0.716494;-0.170589;,
  -0.010411;0.769224;-0.174122;,
  -0.010139;0.772169;-0.198479;,
  -0.020074;0.795300;-0.239443;,
  -0.011354;0.805514;-0.214954;,
  -0.014402;0.760054;-0.222511;,
  -0.013014;0.777617;-0.159799;,
  -0.023890;0.791350;-0.142731;,
  -0.062978;0.795122;-0.132072;,
  -0.030795;0.832127;-0.168065;,
  -0.063640;0.836636;-0.158639;,
  -0.013630;0.738716;-0.214790;,
  -0.028396;0.698941;-0.212630;,
  -0.028074;0.726750;-0.235418;,
  -0.042652;0.671824;-0.216419;,
  -0.062043;0.669804;-0.203514;,
  -0.062138;0.665492;-0.224211;,
  -0.038156;0.804756;-0.250248;,
  -0.024564;0.822094;-0.223658;,
  -0.015679;0.824141;-0.185406;,
  -0.029467;0.837953;-0.198859;,
  -0.046749;0.844910;-0.194286;,
  -0.064003;0.847543;-0.192609;,
  -0.062516;0.754948;-0.131818;,
  -0.015679;0.824141;-0.185406;,
  -0.029467;0.837953;-0.198859;,
  -0.004918;0.733154;-0.181780;,
  0.000037;0.780289;-0.186145;,
  0.005370;0.764634;-0.172728;,
  -0.006851;0.760925;-0.185423;,
  0.005370;0.764634;-0.172728;,
  -0.004918;0.733154;-0.181780;,
  0.000037;0.780289;-0.186145;,
  -0.010139;0.772169;-0.198479;,
  -0.009340;0.747027;-0.197713;,
  -0.011137;0.730692;-0.180331;,
  -0.028652;0.747998;-0.242020;,
  -0.009340;0.747027;-0.197713;,
  -0.025975;0.687240;-0.147820;,
  -0.027102;0.707259;-0.159672;,
  -0.001968;0.674953;-0.150334;,
  -0.023983;0.728134;-0.158737;,
  -0.070060;0.655434;-0.141123;,
  -0.071140;0.636030;-0.127207;,
  -0.062239;0.502642;-0.025932;,
  -0.008704;0.478151;0.109001;,
  -0.009444;0.444231;0.114053;,
  -0.025344;0.390835;0.069989;,
  -0.061521;0.668579;-0.177438;,
  -0.035137;0.415094;0.057721;,
  -0.046749;0.844910;-0.194286;,
  -0.064003;0.847543;-0.192609;,
  -0.042464;0.700464;-0.230681;,
  -0.050318;0.720108;-0.243880;,
  -0.050002;0.710806;-0.241317;,
  -0.063965;0.803353;-0.259442;,
  -0.063725;0.778672;-0.265625;,
  -0.048335;0.745219;-0.246904;,
  -0.031791;0.596393;0.047585;,
  -0.001968;0.674953;-0.150334;,
  0.055876;0.037713;-0.250530;,
  -0.050635;0.690179;-0.234564;,
  -0.042972;0.694227;-0.228547;,
  -0.050870;0.695817;-0.232496;,
  -0.062779;0.708280;-0.245735;,
  -0.062922;0.713755;-0.257167;,
  -0.051190;0.698194;-0.238235;,
  -0.062547;0.695823;-0.232996;,
  -0.062479;0.687677;-0.236631;,
  -0.063363;0.747932;-0.264259;,
  -0.063228;0.740053;-0.257830;,
  0.046358;0.669101;-0.089197;,
  -0.062623;0.697069;-0.241755;,
  0.022197;0.645398;-0.092658;,
  0.022902;0.630469;-0.102217;,
  0.013193;0.612114;-0.123191;,
  -0.013014;0.777617;-0.159799;,
  0.035221;0.228103;-0.154792;,
  0.004837;0.140281;-0.131457;,
  -0.017569;0.214774;-0.132730;,
  0.043764;0.154537;-0.152363;,
  0.023508;0.296673;-0.171544;,
  -0.024409;0.280933;-0.139935;,
  0.018034;0.378416;-0.107055;,
  -0.039212;0.356107;-0.081256;,
  0.005257;0.446263;-0.038501;,
  -0.046234;0.430456;-0.033303;,
  -0.018443;0.453909;-0.017475;,
  0.016359;0.068593;-0.133726;,
  0.055984;0.077602;-0.148198;,
  0.025939;0.149182;-0.049640;,
  0.042558;0.089049;0.087465;,
  0.038778;0.080274;-0.049228;,
  0.024539;0.157326;0.070027;,
  0.003633;0.217497;0.048350;,
  0.007426;0.219432;-0.061176;,
  -0.006480;0.275022;0.044474;,
  0.005156;0.252017;-0.069979;,
  -0.006508;0.302044;-0.013162;,
  -0.011983;0.338764;0.062529;,
  -0.007857;0.418026;0.109404;,
  0.022197;0.645398;-0.092658;,
  -0.135414;0.670239;-0.118945;,
  -0.101099;0.651394;-0.118715;,
  -0.146581;0.656404;-0.103325;,
  -0.092854;0.681202;-0.132489;,
  -0.150075;0.642382;-0.089679;,
  -0.125790;0.600751;-0.077443;,
  -0.152457;0.628992;-0.050511;,
  -0.111807;0.619962;-0.104017;,
  -0.085430;0.722274;-0.125116;,
  -0.124424;0.735660;-0.082718;,
  -0.093355;0.735621;-0.087271;,
  -0.122364;0.719325;-0.109153;,
  -0.102840;0.527333;0.090140;,
  -0.060079;0.538491;0.087862;,
  -0.099552;0.537520;0.080268;,
  -0.055251;0.524803;0.097304;,
  -0.115565;0.523242;0.028927;,
  -0.119133;0.503805;0.057728;,
  -0.101136;0.508861;-0.007173;,
  -0.117150;0.474268;0.031629;,
  -0.094052;0.460210;0.013751;,
  -0.020341;0.533337;0.072402;,
  -0.016556;0.517368;0.082075;,
  -0.086001;0.650045;0.035475;,
  -0.036984;0.683392;-0.002420;,
  -0.092964;0.690294;0.006288;,
  -0.035308;0.647173;0.023875;,
  -0.114705;0.430077;0.019315;,
  -0.144718;0.329278;0.055609;,
  -0.127134;0.428344;0.067816;,
  -0.126412;0.333724;0.012014;,
  -0.131689;0.229844;0.004576;,
  -0.134925;0.236050;0.055231;,
  -0.062999;0.430324;0.011249;,
  -0.039762;0.323575;0.077624;,
  -0.072544;0.330702;0.009463;,
  -0.024915;0.419502;0.113388;,
  -0.070360;0.243943;0.058441;,
  -0.087864;0.234214;0.023518;,
  -0.112215;0.324324;0.111415;,
  -0.095594;0.410678;0.117201;,
  -0.105639;0.246523;0.078763;,
  -0.063901;0.000500;0.168612;,
  -0.004982;-0.001981;0.181041;,
  -0.032903;-0.000144;0.201828;,
  -0.029997;-0.001851;0.139117;,
  -0.106159;0.181116;0.050349;,
  -0.095280;0.134886;0.123061;,
  -0.120022;0.195937;0.087809;,
  -0.083417;0.120574;0.086521;,
  -0.063333;0.070448;0.159983;,
  -0.061312;0.060324;0.127206;,
  -0.055341;0.178614;0.054315;,
  -0.028202;0.162033;0.114688;,
  -0.046489;0.132036;0.090195;,
  -0.037304;0.220683;0.086121;,
  -0.026295;0.087435;0.155917;,
  -0.035062;0.059765;0.137086;,
  -0.080918;0.161016;0.147488;,
  -0.100592;0.227625;0.120409;,
  -0.047233;0.092427;0.167603;,
  -0.122380;0.477283;0.071251;,
  -0.062999;0.430324;0.011249;,
  -0.102822;0.483959;0.121813;,
  -0.047377;0.483993;0.124603;,
  -0.095318;0.428307;0.123317;,
  -0.045645;0.433493;0.124260;,
  -0.077366;0.600131;0.060040;,
  -0.121316;0.642027;0.032124;,
  -0.137645;0.637147;0.019981;,
  -0.124631;0.567395;0.007075;,
  -0.115686;0.590866;0.049745;,
  -0.147595;0.607591;-0.022292;,
  -0.125345;0.581090;-0.055907;,
  -0.111925;0.547675;-0.020625;,
  -0.181787;0.656534;-0.089719;,
  -0.128266;0.661648;-0.087491;,
  -0.198210;0.631331;-0.048976;,
  -0.155049;0.609185;0.002549;,
  -0.202945;0.612640;-0.004575;,
  -0.139406;0.625338;-0.039173;,
  -0.130043;0.704142;-0.043868;,
  -0.140249;0.678972;-0.000596;,
  -0.139406;0.625338;-0.039173;,
  -0.157414;0.636497;0.043024;,
  -0.155049;0.609185;0.002549;,
  -0.138218;0.711603;-0.041435;,
  -0.199110;0.685214;-0.010604;,
  -0.182126;0.709552;-0.050507;,
  -0.205190;0.639803;0.036070;,
  -0.189375;0.681228;-0.074593;,
  -0.205651;0.600299;-0.016897;,
  -0.160045;0.535270;-0.014656;,
  -0.195910;0.541411;-0.019488;,
  -0.148978;0.594695;-0.009340;,
  -0.163470;0.494345;-0.012669;,
  -0.189685;0.491650;-0.018330;,
  -0.148978;0.594695;-0.009340;,
  -0.175339;0.535699;0.040478;,
  -0.160045;0.535270;-0.014656;,
  -0.156645;0.595954;0.053392;,
  -0.178653;0.491937;0.023550;,
  -0.163470;0.494345;-0.012669;,
  -0.202773;0.540718;0.036445;,
  -0.212996;0.601622;0.045832;,
  -0.195153;0.489418;0.018919;,
  -0.130866;0.399353;-0.012948;,
  -0.173351;0.423489;0.016533;,
  -0.164496;0.404082;0.020544;,
  -0.139561;0.419043;-0.017484;,
  -0.138735;0.427306;-0.019836;,
  -0.147485;0.413243;-0.022309;,
  -0.137446;0.421304;-0.029756;,
  -0.143787;0.419261;-0.013872;,
  -0.168535;0.457270;0.025232;,
  -0.165255;0.435032;-0.030802;,
  -0.148384;0.463377;-0.019810;,
  -0.178268;0.421813;0.018606;,
  -0.194927;0.414281;0.010614;,
  -0.203781;0.458904;0.011575;,
  -0.183658;0.466214;-0.035793;,
  -0.182752;0.427727;-0.036884;,
  -0.147084;0.729590;-0.104046;,
  -0.160985;0.710297;-0.122187;,
  -0.122364;0.719325;-0.109153;,
  -0.126576;0.698678;-0.122298;,
  -0.133252;0.686598;0.000795;,
  -0.100865;0.699814;-0.134112;,
  -0.164458;0.682581;-0.121269;,
  -0.146581;0.656404;-0.103325;,
  -0.163240;0.668541;-0.101396;,
  -0.135414;0.670239;-0.118945;,
  -0.140006;0.717732;-0.044693;,
  -0.143603;0.718200;-0.049808;,
  -0.097323;0.716572;-0.033810;,
  -0.040470;0.705629;-0.038931;,
  -0.049430;0.720385;-0.096453;,
  -0.124424;0.735660;-0.082718;,
  -0.143603;0.718200;-0.049808;,
  -0.143884;0.661925;-0.067231;,
  -0.128266;0.661648;-0.087491;,
  -0.145947;0.706419;-0.049346;,
  -0.144009;0.662963;-0.017427;,
  -0.146735;0.636265;-0.039218;,
  -0.150075;0.642382;-0.089679;,
  -0.144898;0.676497;-0.007831;,
  -0.148384;0.463377;-0.019810;,
  -0.097433;0.706100;-0.161663;,
  -0.088780;0.721692;-0.148130;,
  -0.056395;0.722178;-0.129277;,
  -0.062939;0.729158;-0.143060;,
  -0.182752;0.427727;-0.036884;,
  -0.130866;0.399353;-0.012948;,
  -0.164496;0.404082;0.020544;,
  -0.144817;0.445829;-0.024094;,
  -0.148790;0.429585;-0.043875;,
  -0.144817;0.445829;-0.024094;,
  -0.155717;0.433141;-0.018011;,
  -0.168516;0.422639;-0.036221;,
  -0.168516;0.422639;-0.036221;,
  -0.138735;0.427306;-0.019836;,
  -0.137446;0.421304;-0.029756;,
  -0.147485;0.413243;-0.022309;,
  -0.114201;0.022954;0.110495;,
  -0.118093;0.000043;0.057160;,
  -0.123995;0.001703;0.108658;,
  -0.111816;0.018479;0.061633;,
  -0.006861;0.031248;0.169398;,
  -0.029997;-0.001851;0.139117;,
  -0.029276;0.023013;0.135594;,
  -0.004982;-0.001981;0.181041;,
  -0.026295;0.087435;0.155917;,
  -0.040122;0.036484;0.193919;,
  -0.047233;0.092427;0.167603;,
  -0.063901;0.000500;0.168612;,
  -0.064688;0.035472;0.166387;,
  -0.032903;-0.000144;0.201828;,
  -0.061312;0.060324;0.127206;,
  -0.063333;0.070448;0.159983;,
  -0.083759;0.013918;0.053491;,
  -0.083964;-0.001874;0.044449;,
  -0.123995;0.001703;0.108658;,
  -0.083964;-0.001874;0.044449;,
  -0.072544;0.330702;0.009463;,
  -0.087864;0.234214;0.023518;,
  -0.055341;0.178614;0.054315;,
  -0.046489;0.132036;0.090195;,
  -0.035062;0.059765;0.137086;,
  -0.035062;0.059765;0.137086;,
  -0.108327;0.702045;-0.175108;,
  -0.090734;0.687312;-0.189164;,
  -0.089128;0.692317;-0.171135;,
  -0.099754;0.693043;-0.192601;,
  -0.100798;0.727253;-0.158199;,
  -0.092941;0.742767;-0.141462;,
  -0.083736;0.831123;-0.226682;,
  -0.064117;0.835756;-0.228104;,
  -0.097261;0.753497;-0.251974;,
  -0.093935;0.783017;-0.252505;,
  -0.080312;0.750715;-0.258117;,
  -0.105908;0.711350;-0.201739;,
  -0.114000;0.729513;-0.179611;,
  -0.106876;0.715473;-0.169964;,
  -0.115522;0.768020;-0.173385;,
  -0.116202;0.770954;-0.197736;,
  -0.107375;0.794299;-0.238832;,
  -0.112000;0.758935;-0.221827;,
  -0.115983;0.804315;-0.214221;,
  -0.112911;0.776472;-0.159099;,
  -0.102115;0.790454;-0.142183;,
  -0.062978;0.795122;-0.132072;,
  -0.096501;0.831374;-0.167605;,
  -0.063640;0.836636;-0.158639;,
  -0.112175;0.737587;-0.214100;,
  -0.097751;0.725952;-0.234930;,
  -0.096473;0.698161;-0.212153;,
  -0.081653;0.671377;-0.216146;,
  -0.089668;0.804166;-0.249887;,
  -0.103280;0.821192;-0.223106;,
  -0.111673;0.823041;-0.184733;,
  -0.098395;0.837163;-0.198376;,
  -0.064003;0.847543;-0.192609;,
  -0.081213;0.844515;-0.194044;,
  -0.062516;0.754948;-0.131818;,
  -0.111673;0.823041;-0.184733;,
  -0.098395;0.837163;-0.198376;,
  -0.120294;0.731831;-0.180972;,
  -0.126388;0.778840;-0.185260;,
  -0.119049;0.759639;-0.184637;,
  -0.131172;0.763070;-0.171771;,
  -0.131172;0.763070;-0.171771;,
  -0.120294;0.731831;-0.180972;,
  -0.126388;0.778840;-0.185260;,
  -0.116202;0.770954;-0.197736;,
  -0.116415;0.745800;-0.196963;,
  -0.114000;0.729513;-0.179611;,
  -0.097753;0.747206;-0.241535;,
  -0.116415;0.745800;-0.196963;,
  -0.100865;0.699814;-0.134112;,
  -0.097433;0.706100;-0.161663;,
  -0.126576;0.698678;-0.122298;,
  -0.100798;0.727253;-0.158199;,
  -0.008704;0.478151;0.109001;,
  -0.009444;0.444231;0.114053;,
  -0.025344;0.390835;0.069989;,
  -0.035137;0.415094;0.057721;,
  -0.081213;0.844515;-0.194044;,
  -0.064003;0.847543;-0.192609;,
  -0.082698;0.700003;-0.230399;,
  -0.075481;0.719820;-0.243704;,
  -0.075548;0.710513;-0.241137;,
  -0.078081;0.744878;-0.246695;,
  -0.031791;0.596393;0.047585;,
  -0.126576;0.698678;-0.122298;,
  -0.118093;0.000043;0.057160;,
  -0.082016;0.693779;-0.228274;,
  -0.074347;0.689907;-0.234398;,
  -0.074213;0.695550;-0.232333;,
  -0.074028;0.697933;-0.238074;,
  -0.145947;0.706419;-0.049346;,
  -0.134721;0.675700;-0.060141;,
  -0.143884;0.661925;-0.067231;,
  -0.150075;0.642382;-0.089679;,
  -0.112911;0.776472;-0.159099;,
  -0.077493;0.181097;-0.034613;,
  -0.036524;0.124313;-0.085748;,
  -0.066435;0.110835;-0.010795;,
  -0.049778;0.199612;-0.089992;,
  -0.096498;0.238535;-0.047607;,
  -0.061211;0.257051;-0.091416;,
  -0.081754;0.329867;-0.028059;,
  -0.060697;0.333545;-0.052478;,
  -0.076253;0.415751;-0.011129;,
  -0.061989;0.411226;-0.018201;,
  -0.060761;0.447025;-0.010766;,
  -0.094052;0.460210;0.013751;,
  -0.026300;0.059728;-0.085747;,
  -0.052371;0.043723;0.005363;,
  0.009869;0.103811;0.164038;,
  -0.080918;0.161016;0.147488;,
  -0.047221;0.092428;0.167596;,
  -0.013591;0.166985;0.130732;,
  -0.100592;0.227625;0.120409;,
  -0.036484;0.225249;0.102829;,
  -0.047882;0.251163;0.081739;,
  -0.105639;0.246523;0.078763;,
  -0.112215;0.324324;0.111415;,
  -0.029757;0.321744;0.091871;,
  -0.009444;0.444231;0.114053;,
  -0.045645;0.433493;0.124260;,
  -0.134721;0.675700;-0.060141;,
  -0.114705;0.430077;0.019315;,
  -0.126412;0.333724;0.012014;,
  -0.131689;0.229844;0.004576;,
  -0.106159;0.181116;0.050349;,
  -0.083417;0.120574;0.086521;,
  -0.061312;0.060324;0.127206;,
  0.069901;0.325776;-0.038430;,
  0.022405;0.416339;0.082155;,
  0.054695;0.393599;0.028562;,
  0.048844;0.271221;-0.099621;,
  0.072147;0.236981;-0.079559;,
  0.077721;0.163134;-0.088085;,
  0.068559;0.088470;-0.096064;,
  -0.095594;0.410678;0.117201;;
  916;
  3;0,1,2;,
  3;1,0,3;,
  3;4,5,6;,
  3;5,4,7;,
  3;8,9,10;,
  3;9,8,11;,
  3;12,13,14;,
  3;13,12,15;,
  3;16,12,17;,
  3;12,16,15;,
  3;18,19,20;,
  3;19,18,16;,
  3;6,21,22;,
  3;21,6,5;,
  3;14,23,24;,
  3;23,14,13;,
  3;25,26,27;,
  3;26,25,28;,
  3;29,30,31;,
  3;30,29,32;,
  3;30,33,31;,
  3;33,30,34;,
  3;35,36,37;,
  3;36,35,38;,
  3;38,39,36;,
  3;39,38,40;,
  3;37,41,42;,
  3;41,37,36;,
  3;36,43,41;,
  3;43,36,39;,
  3;42,30,32;,
  3;30,42,41;,
  3;41,34,30;,
  3;34,41,43;,
  3;44,45,46;,
  3;45,44,47;,
  3;48,49,50;,
  3;49,48,51;,
  3;50,52,53;,
  3;52,50,49;,
  3;54,55,56;,
  3;55,54,57;,
  3;57,58,55;,
  3;58,57,59;,
  3;56,60,61;,
  3;60,56,55;,
  3;55,62,60;,
  3;62,55,58;,
  3;61,49,51;,
  3;49,61,60;,
  3;60,52,49;,
  3;52,60,62;,
  3;32,19,63;,
  3;19,32,29;,
  3;64,65,66;,
  3;65,64,20;,
  3;14,67,12;,
  3;67,14,68;,
  3;68,69,67;,
  3;69,68,70;,
  3;70,42,69;,
  3;42,70,37;,
  3;48,34,51;,
  3;34,48,33;,
  3;51,43,61;,
  3;43,51,34;,
  3;43,56,61;,
  3;56,43,39;,
  3;39,54,56;,
  3;54,39,40;,
  3;12,63,17;,
  3;63,12,67;,
  3;67,32,63;,
  3;32,67,69;,
  3;69,42,32;,
  3;71,72,25;,
  3;73,74,75;,
  3;74,73,76;,
  3;74,77,75;,
  3;77,74,78;,
  3;79,78,80;,
  3;78,79,77;,
  3;81,82,83;,
  3;82,84,85;,
  3;84,82,86;,
  3;87,88,89;,
  3;88,90,89;,
  3;90,88,91;,
  3;92,93,94;,
  3;92,89,93;,
  3;92,87,89;,
  3;89,95,93;,
  3;95,89,90;,
  3;96,93,82;,
  3;93,86,82;,
  3;86,93,95;,
  3;97,98,99;,
  3;98,97,100;,
  3;100,101,98;,
  3;101,100,102;,
  3;103,104,105;,
  3;104,103,106;,
  3;106,107,104;,
  3;107,106,108;,
  3;105,109,110;,
  3;109,105,104;,
  3;104,111,109;,
  3;111,104,107;,
  3;110,100,97;,
  3;100,110,109;,
  3;109,102,100;,
  3;102,109,111;,
  3;112,113,114;,
  3;113,112,115;,
  3;116,117,118;,
  3;117,116,119;,
  3;120,121,122;,
  3;121,120,123;,
  3;120,124,125;,
  3;124,120,122;,
  3;126,124,127;,
  3;124,126,125;,
  3;95,97,86;,
  3;97,95,110;,
  3;86,99,84;,
  3;99,86,97;,
  3;90,103,105;,
  3;103,90,91;,
  3;105,95,90;,
  3;95,105,110;,
  3;128,96,129;,
  3;96,128,94;,
  3;129,130,128;,
  3;130,129,131;,
  3;72,28,25;,
  3;28,72,132;,
  3;10,133,8;,
  3;134,135,136;,
  3;135,134,137;,
  3;81,137,134;,
  3;138,11,139;,
  3;138,9,11;,
  3;138,140,9;,
  3;141,11,142;,
  3;11,141,139;,
  3;128,130,143;,
  3;94,144,92;,
  3;94,143,144;,
  3;94,128,143;,
  3;145,87,146;,
  3;87,145,147;,
  3;75,148,73;,
  3;148,75,149;,
  3;150,147,145;,
  3;7,149,75;,
  3;148,151,73;,
  3;102,152,101;,
  3;152,102,126;,
  3;102,125,126;,
  3;125,102,111;,
  3;111,120,125;,
  3;120,111,107;,
  3;120,108,123;,
  3;108,120,107;,
  3;8,153,154;,
  3;153,8,133;,
  3;154,155,8;,
  3;155,154,156;,
  3;122,114,113;,
  3;114,122,121;,
  3;121,112,114;,
  3;112,121,157;,
  3;158,124,159;,
  3;124,158,127;,
  3;159,122,113;,
  3;122,159,124;,
  3;126,160,152;,
  3;160,126,161;,
  3;162,121,123;,
  3;121,162,163;,
  3;121,164,157;,
  3;164,121,163;,
  3;165,126,127;,
  3;126,165,161;,
  3;161,166,160;,
  3;166,161,167;,
  3;162,118,163;,
  3;118,162,116;,
  3;163,117,164;,
  3;117,163,118;,
  3;165,167,161;,
  3;167,165,168;,
  3;169,170,171;,
  3;170,169,172;,
  3;173,174,175;,
  3;174,173,176;,
  3;177,178,179;,
  3;178,177,173;,
  3;180,178,181;,
  3;178,180,182;,
  3;183,169,171;,
  3;169,183,184;,
  3;174,185,186;,
  3;185,174,176;,
  3;46,187,44;,
  3;187,46,188;,
  3;180,169,182;,
  3;169,180,172;,
  3;20,29,65;,
  3;19,29,20;,
  3;29,31,189;,
  3;31,190,189;,
  3;190,31,33;,
  3;33,191,190;,
  3;191,33,48;,
  3;191,50,192;,
  3;50,191,48;,
  3;192,53,193;,
  3;53,192,50;,
  3;194,171,185;,
  3;171,194,183;,
  3;171,186,185;,
  3;186,171,170;,
  3;185,176,194;,
  3;194,173,177;,
  3;173,194,176;,
  3;178,175,181;,
  3;175,178,173;,
  3;179,182,184;,
  3;182,179,178;,
  3;182,169,184;,
  3;16,17,19;,
  3;17,63,19;,
  3;65,195,66;,
  3;196,197,198;,
  3;197,196,199;,
  3;200,154,153;,
  3;154,200,201;,
  3;202,203,204;,
  3;205,206,207;,
  3;196,208,209;,
  3;208,196,198;,
  3;210,209,211;,
  3;209,210,196;,
  3;212,213,214;,
  3;213,212,215;,
  3;212,214,211;,
  3;201,216,217;,
  3;216,201,200;,
  3;218,219,220;,
  3;219,218,217;,
  3;210,199,196;,
  3;213,205,207;,
  3;221,222,223;,
  3;198,197,224;,
  3;224,225,226;,
  3;225,224,197;,
  3;227,213,207;,
  3;228,229,214;,
  3;229,228,230;,
  3;220,231,232;,
  3;213,228,214;,
  3;156,201,233;,
  3;201,156,154;,
  3;233,217,218;,
  3;217,233,201;,
  3;219,217,234;,
  3;235,219,234;,
  3;236,237,238;,
  3;237,236,239;,
  3;209,240,211;,
  3;240,209,241;,
  3;211,242,212;,
  3;242,211,240;,
  3;243,239,244;,
  3;239,243,237;,
  3;244,236,245;,
  3;236,244,239;,
  3;246,221,223;,
  3;221,246,215;,
  3;221,212,247;,
  3;212,221,215;,
  3;199,248,2;,
  3;248,199,249;,
  3;133,10,250;,
  3;249,210,251;,
  3;210,249,199;,
  3;210,211,251;,
  3;252,1,253;,
  3;1,252,2;,
  3;20,254,18;,
  3;254,20,64;,
  3;24,68,14;,
  3;68,24,255;,
  3;68,256,70;,
  3;256,68,255;,
  3;256,37,70;,
  3;37,256,257;,
  3;258,2,252;,
  3;2,258,199;,
  3;257,259,37;,
  3;37,259,35;,
  3;260,204,261;,
  3;204,260,202;,
  3;262,263,223;,
  3;263,262,264;,
  3;197,258,225;,
  3;258,197,199;,
  3;265,203,227;,
  3;265,207,266;,
  3;207,265,227;,
  3;223,267,246;,
  3;267,223,263;,
  3;88,87,147;,
  3;83,82,85;,
  3;78,16,18;,
  3;16,78,74;,
  3;74,15,16;,
  3;15,74,76;,
  3;15,71,13;,
  3;71,15,76;,
  3;13,268,23;,
  3;268,13,71;,
  3;248,269,2;,
  3;2,269,0;,
  3;136,129,134;,
  3;129,136,131;,
  3;134,96,81;,
  3;96,134,129;,
  3;96,82,81;,
  3;93,96,94;,
  3;29,189,65;,
  3;205,215,246;,
  3;267,205,246;,
  3;205,267,206;,
  3;205,213,215;,
  3;187,188,270;,
  3;224,271,272;,
  3;222,221,208;,
  3;224,222,198;,
  3;272,273,262;,
  3;273,272,271;,
  3;263,274,275;,
  3;273,276,262;,
  3;277,271,278;,
  3;271,277,273;,
  3;222,272,262;,
  3;272,222,224;,
  3;222,208,198;,
  3;209,221,247;,
  3;221,209,208;,
  3;223,222,262;,
  3;266,206,279;,
  3;206,266,207;,
  3;206,280,279;,
  3;280,206,267;,
  3;280,263,275;,
  3;263,280,267;,
