xof 0303txt 0032
template ColorRGBA {
 <35ff44e0-6c7c-11cf-8f52-0040333594a3>
 FLOAT red;
 FLOAT green;
 FLOAT blue;
 FLOAT alpha;
}

template ColorRGB {
 <d3e16e81-7835-11cf-8f52-0040333594a3>
 FLOAT red;
 FLOAT green;
 FLOAT blue;
}

template Material {
 <3d82ab4d-62da-11cf-ab39-0020af71e433>
 ColorRGBA faceColor;
 FLOAT power;
 ColorRGB specularColor;
 ColorRGB emissiveColor;
 [...]
}

template TextureFilename {
 <a42790e1-7810-11cf-8f52-0040333594a3>
 STRING filename;
}

template Frame {
 <3d82ab46-62da-11cf-ab39-0020af71e433>
 [...]
}

template Matrix4x4 {
 <f6f23f45-7686-11cf-8f52-0040333594a3>
 array FLOAT matrix[16];
}

template FrameTransformMatrix {
 <f6f23f41-7686-11cf-8f52-0040333594a3>
 Matrix4x4 frameMatrix;
}

template Vector {
 <3d82ab5e-62da-11cf-ab39-0020af71e433>
 FLOAT x;
 FLOAT y;
 FLOAT z;
}

template MeshFace {
 <3d82ab5f-62da-11cf-ab39-0020af71e433>
 DWORD nFaceVertexIndices;
 array DWORD faceVertexIndices[nFaceVertexIndices];
}

template Mesh {
 <3d82ab44-62da-11cf-ab39-0020af71e433>
 DWORD nVertices;
 array Vector vertices[nVertices];
 DWORD nFaces;
 array MeshFace faces[nFaces];
 [...]
}

template MeshMaterialList {
 <f6f23f42-7686-11cf-8f52-0040333594a3>
 DWORD nMaterials;
 DWORD nFaceIndexes;
 array DWORD faceIndexes[nFaceIndexes];
 [Material <3d82ab4d-62da-11cf-ab39-0020af71e433>]
}

template VertexElement {
 <f752461c-1e23-48f6-b9f8-8350850f336f>
 DWORD Type;
 DWORD Method;
 DWORD Usage;
 DWORD UsageIndex;
}

template DeclData {
 <bf22e553-292c-4781-9fea-62bd554bdd93>
 DWORD nElements;
 array VertexElement Elements[nElements];
 DWORD nDWords;
 array DWORD data[nDWords];
}

template XSkinMeshHeader {
 <3cf169ce-ff7c-44ab-93c0-f78f62d172e2>
 WORD nMaxSkinWeightsPerVertex;
 WORD nMaxSkinWeightsPerFace;
 WORD nBones;
}

template SkinWeights {
 <6f0d123b-bad2-4167-a0d0-80224f25fabb>
 STRING transformNodeName;
 DWORD nWeights;
 array DWORD vertexIndices[nWeights];
 array FLOAT weights[nWeights];
 Matrix4x4 matrixOffset;
}

template AnimTicksPerSecond {
 <9e415a43-7ba6-4a73-8743-b73d47e88476>
 DWORD AnimTicksPerSecond;
}

template Animation {
 <3d82ab4f-62da-11cf-ab39-0020af71e433>
 [...]
}

template AnimationSet {
 <3d82ab50-62da-11cf-ab39-0020af71e433>
 [Animation <3d82ab4f-62da-11cf-ab39-0020af71e433>]
}

template FloatKeys {
 <10dd46a9-775b-11cf-8f52-0040333594a3>
 DWORD nValues;
 array FLOAT values[nValues];
}

template TimedFloatKeys {
 <f406b180-7b3b-11cf-8f52-0040333594a3>
 DWORD time;
 FloatKeys tfkeys;
}

template AnimationKey {
 <10dd46a8-775b-11cf-8f52-0040333594a3>
 DWORD keyType;
 DWORD nKeys;
 array TimedFloatKeys keys[nKeys];
}


Material _03_-_Default {
 1.000000;1.000000;1.000000;1.000000;;
 9.999999;
 0.000000;0.000000;0.000000;;
 0.000000;0.000000;0.000000;;

 TextureFilename {
  "MaleBody_full.png";
 }
}

Frame Dummy01 {
 

 FrameTransformMatrix {
  1.000000,0.000000,0.000000,0.000000,0.000000,-0.000000,-1.000000,0.000000,0.000000,1.000000,-0.000000,0.000000,0.000000,0.000000,0.000000,1.000000;;
 }

 Frame Bip01 {
  

  FrameTransformMatrix {
   -0.480350,0.861003,0.167146,0.000000,0.081041,-0.146185,0.985932,0.000000,0.873325,0.487138,0.000443,0.000000,0.018029,0.050131,0.490136,1.000000;;
  }

  Frame Bip01_Pelvis {
   

   FrameTransformMatrix {
    -0.000000,1.000000,-0.000001,0.000000,-0.000001,0.000001,1.000000,0.000000,1.000000,0.000000,0.000001,0.000000,0.000000,0.000000,0.000000,1.000000;;
   }

   Frame Bip01_Spine {
    

    FrameTransformMatrix {
     0.987283,-0.003294,0.158939,0.000000,-0.027409,0.981286,0.190595,0.000000,-0.156593,-0.192527,0.968717,0.000000,0.051647,0.000016,-0.000082,1.000000;;
    }

    Frame Bip01_Spine1 {
     

     FrameTransformMatrix {
      0.997616,0.001693,0.068989,0.000000,-0.015881,0.978502,0.205627,0.000000,-0.067157,-0.206232,0.976196,0.000000,0.106486,0.000017,-0.000083,1.000000;;
     }

     Frame Bip01_Neck {
      

      FrameTransformMatrix {
       0.903366,0.000001,0.428870,0.000000,-0.000001,1.000000,-0.000000,0.000000,-0.428870,-0.000000,0.903366,0.000000,0.130516,0.000000,0.004628,1.000000;;
      }

      Frame Bip01_Head {
       

       FrameTransformMatrix {
        0.910075,0.164559,-0.380375,0.000000,-0.381648,0.690585,-0.614358,0.000000,0.161583,0.704281,0.691288,0.000000,0.033674,0.000000,0.000000,1.000000;;
       }

       Frame Bip01_HeadNub {
        

        FrameTransformMatrix {
         1.000000,0.000000,0.000000,0.000000,-0.000000,1.000000,-0.000000,0.000000,0.000000,0.000000,1.000000,0.000000,0.169824,0.000000,-0.000000,1.000000;;
        }
       }
      }

      Frame Bip01_L_Clavicle {
       

       FrameTransformMatrix {
        -0.339919,0.936906,0.081621,0.000000,0.837258,0.341005,-0.427452,0.000000,-0.428315,-0.076961,-0.900346,0.000000,-0.023698,0.015715,0.006128,1.000000;;
       }

       Frame Bip01_L_UpperArm {
        

        FrameTransformMatrix {
         0.902021,-0.398359,-0.166339,0.000000,0.365571,0.909813,-0.196465,0.000000,0.229601,0.116407,0.966299,0.000000,0.087086,0.000000,0.000000,1.000000;;
        }

        Frame Bip01_L_Forearm {
         

         FrameTransformMatrix {
          -0.111131,-0.000000,-0.993806,0.000000,0.000000,1.000000,0.000000,0.000000,0.993806,-0.000000,-0.111131,0.000000,0.137062,-0.000000,0.000000,1.000000;;
         }

         Frame Bip01_L_Hand {
          

          FrameTransformMatrix {
           0.993581,0.050794,0.101084,0.000000,-0.112089,0.321164,0.940367,0.000000,0.015300,-0.945660,0.324796,0.000000,0.137062,0.000000,0.000000,1.000000;;
          }

          Frame Bip01_L_Finger0 {
           

           FrameTransformMatrix {
            0.490949,-0.163588,0.855692,0.000000,0.641283,0.732692,-0.227860,0.000000,-0.589683,0.660608,0.464620,0.000000,0.057681,-0.023605,-0.000272,1.000000;;
           }

           Frame Bip01_L_Finger0Nub {
            

            FrameTransformMatrix {
             1.000000,0.000000,-0.000000,0.000000,0.000000,1.000000,0.000000,0.000000,0.000000,0.000000,1.000000,0.000000,0.029435,0.000000,0.000000,1.000000;;
            }
           }
          }

          Frame Bip01_L_Finger1 {
           

           FrameTransformMatrix {
            0.015124,-0.000796,0.999885,0.000000,-0.000000,1.000000,0.000796,0.000000,-0.999885,-0.000012,0.015124,0.000000,0.084102,0.000000,0.000000,1.000000;;
           }

           Frame Bip01_L_Finger1Nub {
            

            FrameTransformMatrix {
             1.000000,0.000000,0.000000,0.000000,0.000000,1.000000,0.000000,0.000000,0.000000,0.000000,1.000000,0.000000,0.047988,0.000000,0.000000,1.000000;;
            }
           }
          }
         }
        }
       }
      }

      Frame Bip01_R_Clavicle {
       

       FrameTransformMatrix {
        -0.158113,-0.984552,0.075220,0.000000,-0.889075,0.175093,0.422952,0.000000,-0.429589,-0.000003,-0.903024,0.000000,-0.023698,-0.015714,0.006128,1.000000;;
       }

       Frame Bip01_R_UpperArm {
        

        FrameTransformMatrix {
         0.621427,0.783460,0.004381,0.000000,-0.747769,0.591430,0.301748,0.000000,0.233816,-0.190791,0.953378,0.000000,0.087086,0.000000,0.000000,1.000000;;
        }

        Frame Bip01_R_Forearm {
         

         FrameTransformMatrix {
          -0.600896,-0.000000,-0.799328,0.000000,0.000000,1.000000,0.000000,0.000000,0.799328,0.000000,-0.600896,0.000000,0.137062,0.000000,-0.000000,1.000000;;
         }

         Frame Bip01_R_Hand {
          

          FrameTransformMatrix {
           0.960920,-0.260737,0.092994,0.000000,0.102528,0.023172,-0.994460,0.000000,0.257138,0.965132,0.048999,0.000000,0.137062,0.000000,-0.000000,1.000000;;
          }

          Frame Bip01_R_Finger0 {
           

           FrameTransformMatrix {
            0.829256,0.514255,0.218807,0.000000,-0.558537,0.749101,0.356210,0.000000,0.019274,-0.417601,0.908427,0.000000,0.057681,0.023605,-0.000272,1.000000;;
           }

           Frame Bip01_R_Finger0Nub {
            

            FrameTransformMatrix {
             -1.000000,-0.000000,0.000000,0.000000,-0.000000,1.000000,0.000000,0.000000,0.000000,0.000000,-1.000000,0.000000,0.029435,0.000000,0.000000,1.000000;;
            }
           }
          }

          Frame Bip01_R_Finger1 {
           

           FrameTransformMatrix {
            0.000149,0.000796,1.000000,0.000000,0.000000,1.000000,-0.000796,0.000000,-1.000000,0.000000,0.000149,0.000000,0.084102,-0.000000,0.000000,1.000000;;
           }

           Frame Bip01_R_Finger1Nub {
            

            FrameTransformMatrix {
             -1.000000,0.000000,-0.000000,0.000000,-0.000000,1.000000,0.000000,0.000000,0.000000,0.000000,-1.000000,0.000000,0.047988,0.000000,0.000000,1.000000;;
            }
           }
          }
         }
        }
       }
      }
     }

     Frame Bip01_BackPack {
      

      FrameTransformMatrix {
       0.015425,-0.000056,-0.999881,0.000000,0.067767,0.997701,0.000989,0.000000,0.997582,-0.067774,0.015393,0.000000,0.063696,0.000003,-0.088849,1.000000;;
      }

      Frame Bip01_BackPackNub {
       

       FrameTransformMatrix {
        0.000796,0.000003,1.000000,0.000000,-0.000000,-1.000000,0.000003,0.000000,1.000000,0.000000,-0.000796,0.000000,0.053240,0.000000,0.000000,1.000000;;
       }
      }
     }
    }

    Frame Bip01_L_Thigh {
     

     FrameTransformMatrix {
      -0.946556,0.135645,0.292631,0.000000,-0.075068,-0.975002,0.209130,0.000000,0.313683,0.175986,0.933076,0.000000,-0.051159,0.055607,-0.002462,1.000000;;
     }

     Frame Bip01_L_Calf {
      

      FrameTransformMatrix {
       0.848327,0.000000,-0.529474,0.000000,-0.000000,1.000000,0.000000,0.000000,0.529474,-0.000000,0.848326,0.000000,0.237500,0.000000,-0.000000,1.000000;;
      }

      Frame Bip01_L_Foot {
       

       FrameTransformMatrix {
        0.974468,0.049897,0.218911,0.000000,-0.109121,0.957349,0.267536,0.000000,-0.196225,-0.284593,0.938351,0.000000,0.206841,0.000000,0.000000,1.000000;;
       }

       Frame Bip01_L_Toe0 {
        

        FrameTransformMatrix {
         0.006003,-0.199654,0.979848,0.000000,-0.029449,0.979406,0.199744,0.000000,-0.999548,-0.030054,0.000000,0.000000,0.065373,0.000000,0.066450,1.000000;;
        }

        Frame Bip01_L_Toe0Nub {
         

         FrameTransformMatrix {
          -1.000000,-0.000000,0.000000,0.000000,-0.000000,1.000000,0.000000,0.000000,0.000000,0.000000,-1.000000,0.000000,0.006735,-0.000000,-0.000000,1.000000;;
         }
        }
       }
      }
     }
    }

    Frame Bip01_R_Thigh {
     

     FrameTransformMatrix {
      -0.987826,-0.044154,0.149163,0.000000,0.071642,-0.980260,0.184276,0.000000,0.138082,0.192719,0.971490,0.000000,-0.050795,-0.052777,0.018803,1.000000;;
     }

     Frame Bip01_R_Calf {
      

      FrameTransformMatrix {
       0.856313,-0.000000,-0.516457,0.000000,-0.000000,1.000000,-0.000000,0.000000,0.516457,0.000000,0.856313,0.000000,0.237500,0.000000,0.000000,1.000000;;
      }

      Frame Bip01_R_Foot {
       

       FrameTransformMatrix {
        0.920671,-0.067844,0.384398,0.000000,0.113056,0.988917,-0.096242,0.000000,-0.373608,0.132065,0.918137,0.000000,0.206841,0.000000,-0.000000,1.000000;;
       }

       Frame Bip01_R_Toe0 {
        

        FrameTransformMatrix {
         -0.000000,-0.605232,0.796049,0.000000,0.000000,0.796049,0.605232,0.000000,-1.000000,0.000000,-0.000000,0.000000,0.065373,0.000000,0.066450,1.000000;;
        }

        Frame Bip01_R_Toe0Nub {
         

         FrameTransformMatrix {
          1.000000,0.000000,0.000000,0.000000,0.000000,1.000000,0.000000,0.000000,0.000000,0.000000,1.000000,0.000000,0.006735,0.000000,0.000000,1.000000;;
         }
        }
       }
      }
     }
    }
   }

   Frame Bip01_DressFront {
    

    FrameTransformMatrix {
     -0.999668,-0.006773,-0.024876,0.000000,-0.006451,0.999895,-0.012994,0.000000,0.024962,-0.012829,-0.999606,0.000000,-0.044005,0.001401,0.061087,1.000000;;
    }

    Frame Bip01_DressFront02 {
     

     FrameTransformMatrix {
      0.946841,0.000001,0.321701,0.000000,-0.000001,1.000000,-0.000000,0.000000,-0.321701,-0.000000,0.946842,0.000000,0.183367,0.000000,-0.000125,1.000000;;
     }

     Frame Bip01_DressFrontNub {
      

      FrameTransformMatrix {
       0.000796,0.000003,1.000000,0.000000,-0.000000,-1.000000,0.000003,0.000000,1.000000,-0.000000,-0.000796,0.000000,0.165302,0.000000,-0.000000,1.000000;;
      }
     }
    }
   }

   Frame Bip01_DressBack {
    

    FrameTransformMatrix {
     -0.996100,0.013265,0.087225,0.000000,0.021093,0.995768,0.089455,0.000000,-0.085669,0.090946,-0.992164,0.000000,-0.047720,-0.000013,-0.078280,1.000000;;
    }

    Frame Bip01_DressBack02 {
     

     FrameTransformMatrix {
      0.931719,0.000001,0.363181,0.000000,-0.000001,1.000000,-0.000000,0.000000,-0.363181,-0.000000,0.931719,0.000000,0.176198,0.000000,-0.000101,1.000000;;
     }

     Frame Bip01_DressBackNub {
      

      FrameTransformMatrix {
       0.000796,0.000003,1.000000,0.000000,0.000000,-1.000000,0.000003,0.000000,1.000000,-0.000000,-0.000796,0.000000,0.136508,0.000000,0.000000,1.000000;;
      }
     }
    }
   }
  }

  Frame Bip01_Prop1 {
   

   FrameTransformMatrix {
    -0.045075,0.409333,-0.911271,0.000000,0.158034,-0.897790,-0.411094,0.000000,-0.986404,-0.162542,-0.024220,0.000000,0.124395,0.201189,-0.086341,1.000000;;
   }
  }

  Frame Bip01_Prop2 {
   

   FrameTransformMatrix {
    0.892707,-0.143267,-0.427258,0.000000,-0.319177,0.468293,-0.823910,0.000000,0.318120,0.871881,0.372321,0.000000,0.264413,0.061205,0.055146,1.000000;;
   }
  }
 }
}

Frame Translation_Data {
 

 FrameTransformMatrix {
  1.000000,0.000000,0.000000,0.000000,0.000000,-0.000000,-1.000000,0.000000,0.000000,1.000000,-0.000000,0.000000,0.000000,0.000000,0.000000,1.000000;;
 }
}

Frame Body {
 

 FrameTransformMatrix {
  1.000000,0.000000,0.000000,0.000000,0.000000,1.000000,0.000000,0.000000,0.000000,0.000000,1.000000,0.000000,0.000000,0.000000,0.000000,1.000000;;
 }

 Mesh Body {
  617;
  0.040958;0.746628;-0.116162;,
  0.014310;0.746526;-0.091120;,
  0.023742;0.776108;-0.077528;,
  0.042313;0.727245;-0.123970;,
  0.044525;0.717649;-0.132245;,
  0.013113;0.682446;-0.120059;,
  0.005633;0.715137;-0.107187;,
  0.060365;0.684757;-0.127754;,
  0.053591;0.797338;-0.055784;,
  0.103553;0.770951;-0.077451;,
  0.077824;0.769957;-0.087484;,
  0.088819;0.777519;-0.050737;,
  0.113384;0.532386;-0.050244;,
  0.088377;0.538785;-0.016214;,
  0.088608;0.523657;-0.009841;,
  0.105871;0.544440;-0.051917;,
  0.072764;0.553161;-0.096013;,
  0.093486;0.524037;-0.087714;,
  0.033038;0.553004;-0.107906;,
  0.064705;0.506264;-0.109322;,
  0.034352;0.498244;-0.105074;,
  -0.027533;0.681649;-0.084003;,
  -0.021671;0.717299;-0.076605;,
  0.051655;0.536643;0.005712;,
  0.051449;0.519467;0.009809;,
  0.105390;0.643062;-0.033755;,
  0.079566;0.683378;0.007239;,
  0.072437;0.644126;0.006391;,
  0.113083;0.684948;-0.038792;,
  0.043261;0.463439;-0.123924;,
  0.083702;0.362575;-0.152814;,
  0.037277;0.371408;-0.157523;,
  0.090920;0.453237;-0.110227;,
  0.026150;0.275657;-0.188423;,
  0.072200;0.270255;-0.164797;,
  0.010832;0.455854;-0.083206;,
  0.048731;0.337193;-0.054499;,
  0.055562;0.417965;-0.007759;,
  0.007441;0.360613;-0.113811;,
  0.043249;0.264547;-0.106120;,
  0.020875;0.266811;-0.140751;,
  0.114681;0.343386;-0.099265;,
  0.112583;0.419636;-0.062754;,
  0.078871;0.269131;-0.125470;,
  0.103961;-0.000885;-0.112610;,
  0.074293;-0.002159;-0.060167;,
  0.059377;-0.002212;-0.106652;,
  0.108379;-0.001134;-0.067388;,
  0.045037;0.214101;-0.163235;,
  0.093809;0.146272;-0.139504;,
  0.054697;0.141676;-0.150896;,
  0.086032;0.219362;-0.152901;,
  0.098611;0.068531;-0.119898;,
  0.069674;0.065197;-0.138494;,
  0.021865;0.198241;-0.120621;,
  0.056351;0.157558;-0.078054;,
  0.045808;0.222560;-0.076552;,
  0.040539;0.142100;-0.114730;,
  0.076392;0.080097;-0.087156;,
  0.062528;0.059291;-0.112464;,
  0.110999;0.159151;-0.107498;,
  0.108355;0.233561;-0.111135;,
  0.097954;0.086025;-0.096912;,
  0.098959;0.494722;-0.090456;,
  -0.007807;0.492635;-0.096447;,
  0.010832;0.455854;-0.083206;,
  -0.003876;0.456282;-0.089434;,
  0.126149;0.480454;-0.045281;,
  0.093889;0.475119;-0.000417;,
  0.115787;0.431670;-0.054622;,
  0.086818;0.429848;-0.012714;,
  0.095852;0.594244;-0.031414;,
  0.114414;0.641780;-0.068750;,
  0.110125;0.647148;-0.088616;,
  0.063040;0.601380;-0.103118;,
  0.067193;0.651942;-0.120772;,
  0.102314;0.596142;-0.071422;,
  0.017834;0.650868;-0.120768;,
  0.026538;0.599054;-0.109374;,
  -0.022364;0.652915;-0.088072;,
  -0.012651;0.594590;-0.080352;,
  0.072172;0.717893;-0.162551;,
  0.095694;0.688206;-0.196172;,
  0.053928;0.688033;-0.121671;,
  0.109260;0.620324;-0.182688;,
  0.074898;0.645013;-0.160230;,
  0.125384;0.653824;-0.213820;,
  0.109287;0.679838;-0.097584;,
  0.074898;0.645013;-0.160230;,
  0.132060;0.644899;-0.127095;,
  0.145890;0.602461;-0.178375;,
  0.109260;0.620324;-0.182688;,
  0.118484;0.686419;-0.098310;,
  0.152861;0.688380;-0.162879;,
  0.129262;0.716774;-0.129564;,
  0.161938;0.635672;-0.209614;,
  0.099593;0.723744;-0.152060;,
  0.111045;0.668620;-0.211180;,
  0.040379;0.632376;-0.208624;,
  0.089948;0.630562;-0.173672;,
  0.055951;0.656878;-0.231087;,
  0.006212;0.626314;-0.232133;,
  0.011233;0.645273;-0.250808;,
  0.089948;0.630562;-0.173672;,
  0.066619;0.595362;-0.243485;,
  0.117643;0.583521;-0.205002;,
  0.040379;0.632376;-0.208624;,
  0.024184;0.605056;-0.259826;,
  0.006212;0.626314;-0.232133;,
  0.078682;0.614428;-0.260369;,
  0.138583;0.621494;-0.242185;,
  0.025380;0.617340;-0.271808;,
  -0.084401;0.592339;-0.265035;,
  -0.034856;0.597811;-0.292821;,
  -0.067271;0.604070;-0.257767;,
  -0.052062;0.586444;-0.299596;,
  -0.067680;0.611586;-0.247948;,
  -0.075915;0.617339;-0.261347;,
  -0.070763;0.608150;-0.258170;,
  -0.075552;0.620111;-0.246738;,
  -0.006031;0.593000;-0.273270;,
  -0.050300;0.632150;-0.260912;,
  -0.033361;0.598739;-0.298088;,
  -0.029546;0.617671;-0.237068;,
  -0.036258;0.613809;-0.310840;,
  0.003309;0.624920;-0.291307;,
  -0.020283;0.651628;-0.253463;,
  -0.051819;0.646236;-0.274904;,
  0.101072;0.755836;-0.109169;,
  0.082801;0.755570;-0.132824;,
  0.077824;0.769957;-0.087484;,
  0.059003;0.765327;-0.104031;,
  0.123749;0.688312;-0.077877;,
  0.039065;0.789633;-0.079264;,
  0.061057;0.739985;-0.139256;,
  0.042313;0.727245;-0.123970;,
  0.040958;0.746628;-0.116162;,
  0.057732;0.714237;-0.133678;,
  0.119971;0.729498;-0.089230;,
  0.109745;0.724704;-0.047677;,
  0.118555;0.733307;-0.093528;,
  0.077110;0.720056;0.000195;,
  0.055724;0.773457;-0.017062;,
  0.103553;0.770951;-0.077451;,
  0.118555;0.733307;-0.093528;,
  0.067269;0.708889;-0.112593;,
  0.110670;0.722037;-0.098050;,
  0.053928;0.688033;-0.121671;,
  0.100843;0.684961;-0.100195;,
  0.070243;0.681562;-0.117205;,
  0.044525;0.717649;-0.132245;,
  0.116321;0.687847;-0.094008;,
  -0.029546;0.617671;-0.237068;,
  0.033418;0.815700;-0.068900;,
  0.035921;0.823475;-0.048808;,
  0.039301;0.799888;-0.030277;,
  0.019149;0.828421;-0.030403;,
  -0.051819;0.646236;-0.274904;,
  -0.084401;0.592339;-0.265035;,
  -0.052062;0.586444;-0.299596;,
  -0.049960;0.618013;-0.241396;,
  -0.066121;0.637647;-0.246329;,
  -0.049960;0.618013;-0.241396;,
  -0.054128;0.616820;-0.258658;,
  -0.060812;0.638614;-0.267935;,
  -0.060812;0.638614;-0.267935;,
  -0.067680;0.611586;-0.247948;,
  -0.075552;0.620111;-0.246738;,
  -0.075915;0.617339;-0.261347;,
  0.094089;0.020958;-0.189012;,
  0.056156;-0.001554;-0.226946;,
  0.055760;0.016977;-0.219480;,
  0.098725;-0.000489;-0.197343;,
  0.067516;0.031124;-0.069635;,
  0.059377;-0.002212;-0.106652;,
  0.074293;-0.002159;-0.060167;,
  0.056793;0.022693;-0.108710;,
  0.076392;0.080097;-0.087156;,
  0.108006;0.035393;-0.078431;,
  0.097954;0.086025;-0.096912;,
  0.103961;-0.000885;-0.112610;,
  0.108379;-0.001134;-0.067388;,
  0.103565;0.034079;-0.115051;,
  0.069674;0.065197;-0.138494;,
  0.098611;0.068531;-0.119898;,
  0.031012;0.013118;-0.203766;,
  0.024023;-0.002593;-0.209727;,
  0.098725;-0.000489;-0.197343;,
  0.024023;-0.002593;-0.209727;,
  0.007441;0.360613;-0.113811;,
  0.020875;0.266811;-0.140751;,
  0.021865;0.198241;-0.120621;,
  0.040539;0.142100;-0.114730;,
  0.062528;0.059291;-0.112464;,
  0.062528;0.059291;-0.112464;,
  0.019353;0.435511;-0.047807;,
  0.045977;0.815475;-0.073481;,
  0.026368;0.804143;-0.088014;,
  0.035281;0.810127;-0.091300;,
  0.019444;0.807956;-0.077598;,
  0.041424;0.837354;-0.051602;,
  0.036042;0.849750;-0.031605;,
  0.022903;0.952554;-0.098032;,
  0.000231;0.942672;-0.121926;,
  0.003496;0.957978;-0.096505;,
  0.029967;0.880544;-0.138195;,
  0.012377;0.879472;-0.142904;,
  0.028086;0.909744;-0.133040;,
  0.041410;0.829604;-0.097588;,
  0.052545;0.843113;-0.073534;,
  0.045715;0.827763;-0.065876;,
  0.056597;0.879743;-0.060666;,
  0.055017;0.887097;-0.084021;,
  0.043356;0.917887;-0.119061;,
  0.054842;0.922917;-0.094103;,
  0.047862;0.879866;-0.109300;,
  0.055835;0.885493;-0.044895;,
  0.047474;0.896442;-0.024686;,
  0.009808;0.900381;-0.009802;,
  0.041433;0.941505;-0.041572;,
  0.009921;0.946043;-0.028368;,
  0.047731;0.857463;-0.105611;,
  0.030346;0.818863;-0.109148;,
  0.030759;0.850326;-0.126546;,
  0.013883;0.793750;-0.116308;,
  -0.004439;0.790485;-0.102158;,
  -0.006602;0.790064;-0.123184;,
  0.025161;0.930169;-0.126213;,
  0.042183;0.941531;-0.098401;,
  0.054404;0.936006;-0.061435;,
  0.040567;0.952809;-0.070820;,
  0.024287;0.959767;-0.063435;,
  0.007475;0.963012;-0.059658;,
  0.007365;0.860884;-0.016748;,
  0.054404;0.936006;-0.061435;,
  0.040567;0.952809;-0.070820;,
  0.058781;0.845445;-0.075116;,
  0.066766;0.892225;-0.071480;,
  0.072064;0.874096;-0.061641;,
  0.058573;0.873477;-0.073554;,
  0.072064;0.874096;-0.061641;,
  0.058781;0.845445;-0.075116;,
  0.066766;0.892225;-0.071480;,
  0.055017;0.887097;-0.084021;,
  0.054047;0.862238;-0.087822;,
  0.052545;0.843113;-0.073534;,
  0.031172;0.872423;-0.129174;,
  0.054047;0.862238;-0.087822;,
  0.039065;0.789633;-0.079264;,
  0.033418;0.815700;-0.068900;,
  0.059003;0.765327;-0.104031;,
  0.041424;0.837354;-0.051602;,
  -0.008328;0.765260;-0.066785;,
  -0.013065;0.742197;-0.070201;,
  -0.005963;0.551270;-0.088709;,
  0.056863;0.472542;0.019472;,
  0.052633;0.439363;0.011859;,
  0.043929;0.416273;-0.002384;,
  -0.011172;0.789913;-0.079163;,
  0.019353;0.435511;-0.047807;,
  0.024287;0.959767;-0.063435;,
  0.007475;0.963012;-0.059658;,
  0.014947;0.824468;-0.125196;,
  0.007453;0.846614;-0.133867;,
  0.007307;0.836995;-0.133043;,
  -0.001368;0.931933;-0.132975;,
  -0.003450;0.908837;-0.143445;,
  0.010995;0.871700;-0.132551;,
  0.062392;0.593489;0.001857;,
  0.059003;0.765327;-0.104031;,
  0.056156;-0.001554;-0.226946;,
  0.005749;0.815548;-0.130039;,
  0.014168;0.817983;-0.124167;,
  0.006101;0.820714;-0.126989;,
  -0.005948;0.836047;-0.136585;,
  -0.006661;0.843531;-0.146793;,
  0.005470;0.824119;-0.132154;,
  -0.005545;0.821468;-0.126350;,
  -0.006379;0.814138;-0.131366;,
  -0.005213;0.878399;-0.147613;,
  -0.005107;0.869477;-0.142732;,
  0.110670;0.722037;-0.098050;,
  -0.006272;0.824305;-0.134698;,
  0.078065;0.711485;-0.099152;,
  0.067269;0.708889;-0.112593;,
  0.044525;0.717649;-0.132245;,
  0.055835;0.885493;-0.044895;,
  0.045037;0.214101;-0.163235;,
  0.020253;0.145010;-0.131284;,
  0.001029;0.219931;-0.141166;,
  0.054697;0.141676;-0.150896;,
  0.026150;0.275657;-0.188423;,
  -0.006319;0.279501;-0.157249;,
  0.037277;0.371408;-0.157523;,
  -0.007520;0.370256;-0.127802;,
  0.043261;0.463439;-0.123924;,
  -0.004340;0.456909;-0.109527;,
  0.034352;0.498244;-0.105074;,
  0.028046;0.073217;-0.122253;,
  0.069674;0.065197;-0.138494;,
  0.073698;0.151239;-0.054929;,
  0.065038;0.067567;0.008914;,
  0.085435;0.082363;-0.047717;,
  0.055355;0.139419;-0.002268;,
  0.042403;0.204454;-0.019475;,
  0.056198;0.223438;-0.066281;,
  0.037553;0.261637;-0.025361;,
  0.050952;0.260529;-0.076997;,
  0.054764;0.333052;-0.041445;,
  0.042373;0.341535;-0.008990;,
  0.050927;0.411896;0.007902;,
  0.078065;0.711485;-0.099152;,
  -0.046322;0.753789;-0.008959;,
  -0.026550;0.747138;-0.038587;,
  -0.054633;0.733840;-0.003604;,
  -0.010722;0.776624;-0.033219;,
  -0.059487;0.720122;0.001134;,
  -0.056746;0.683095;-0.038206;,
  -0.056889;0.685847;0.009631;,
  -0.044612;0.715889;-0.042588;,
  0.017941;0.797872;-0.009949;,
  0.007614;0.774371;0.044270;,
  0.031281;0.778381;0.023239;,
  -0.010872;0.778096;0.020088;,
  -0.032198;0.532312;0.030961;,
  0.015311;0.538664;0.028326;,
  -0.024495;0.544224;0.027552;,
  0.015203;0.523620;0.031104;,
  -0.048586;0.552960;-0.022041;,
  -0.053619;0.523962;-0.005659;,
  -0.040922;0.552882;-0.062821;,
  -0.057056;0.505688;-0.041777;,
  -0.037301;0.498208;-0.065106;,
  0.051655;0.536643;0.005712;,
  0.051449;0.519467;0.009809;,
  0.033700;0.643266;0.040972;,
  0.079566;0.683378;0.007239;,
  0.039366;0.685633;0.047582;,
  0.072437;0.644126;0.006391;,
  -0.055799;0.456010;-0.063812;,
  -0.090720;0.353582;-0.027931;,
  -0.068332;0.450586;-0.014940;,
  -0.071147;0.357960;-0.070980;,
  -0.081901;0.258167;-0.081835;,
  -0.085619;0.259932;-0.029896;,
  -0.002846;0.451130;-0.068166;,
  0.013233;0.341982;-0.003597;,
  -0.017460;0.352195;-0.072335;,
  0.034418;0.417955;0.004035;,
  -0.020227;0.261437;-0.023537;,
  -0.037964;0.256572;-0.060589;,
  -0.059890;0.345805;0.028499;,
  -0.037356;0.423951;0.031152;,
  -0.055763;0.265513;-0.003917;,
  -0.041353;-0.001438;0.049555;,
  0.017657;-0.001522;0.061797;,
  -0.010252;-0.001545;0.082680;,
  -0.007471;-0.001415;0.019941;,
  -0.064844;0.202889;-0.044387;,
  -0.064247;0.142918;0.018428;,
  -0.078175;0.212459;-0.005071;,
  -0.052862;0.133976;-0.019927;,
  -0.043817;0.068860;0.042995;,
  -0.042157;0.062793;0.008887;,
  -0.015172;0.192038;-0.039986;,
  0.006379;0.160678;0.016657;,
  -0.014879;0.138840;-0.013432;,
  0.007242;0.224285;-0.000432;,
  -0.004952;0.083206;0.042205;,
  -0.015388;0.059932;0.019597;,
  -0.047425;0.161606;0.047642;,
  -0.055928;0.234268;0.033319;,
  -0.025802;0.088595;0.054021;,
  -0.058805;0.494642;-0.002455;,
  -0.002846;0.451130;-0.068166;,
  -0.034642;0.480372;0.044408;,
  0.020484;0.475082;0.040528;,
  -0.034505;0.434593;0.034555;,
  0.015833;0.433525;0.031066;,
  0.026151;0.594161;0.032112;,
  -0.000895;0.642108;0.051441;,
  -0.021002;0.647522;0.048062;,
  -0.042440;0.601254;-0.006984;,
  -0.014349;0.596002;0.034905;,
  -0.055019;0.652290;0.006613;,
  -0.057082;0.651081;-0.042679;,
  -0.045268;0.598967;-0.043930;,
  -0.085552;0.719422;0.030993;,
  -0.042122;0.705950;0.002219;,
  -0.101801;0.679221;0.057162;,
  -0.060724;0.619152;0.067121;,
  -0.097461;0.639270;0.091440;,
  -0.059131;0.651635;0.025409;,
  -0.005369;0.704413;0.050786;,
  -0.016285;0.660704;0.074882;,
  -0.059131;0.651635;0.025409;,
  -0.050691;0.600820;0.088883;,
  -0.060724;0.619152;0.067121;,
  -0.006200;0.710011;0.060604;,
  -0.058903;0.688614;0.106640;,
  -0.042532;0.727499;0.080315;,
  -0.087508;0.620623;0.113027;,
  -0.071896;0.727482;0.056384;,
  -0.092732;0.665760;0.084988;,
  -0.079406;0.665631;0.006655;,
  -0.106569;0.677809;0.028131;,
  -0.048179;0.645754;0.054737;,
  -0.099574;0.675172;-0.029829;,
  -0.121143;0.685263;-0.019199;,
  -0.048179;0.645754;0.054737;,
  -0.109575;0.617084;0.009286;,
  -0.079406;0.665631;0.006655;,
  -0.072877;0.588500;0.055179;,
  -0.122153;0.642622;-0.028608;,
  -0.099574;0.675172;-0.029829;,
  -0.130122;0.626653;0.026028;,
  -0.117087;0.608637;0.085199;,
  -0.137822;0.651457;-0.021927;,
  -0.132488;0.703881;-0.122660;,
  -0.154207;0.666348;-0.085562;,
  -0.158922;0.667521;-0.106717;,
  -0.127440;0.703168;-0.101261;,
  -0.132959;0.733263;-0.093070;,
  -0.149015;0.734452;-0.088460;,
  -0.136116;0.740926;-0.084860;,
  -0.143181;0.731219;-0.097211;,
  -0.130417;0.650514;-0.065414;,
  -0.137298;0.710231;-0.071044;,
  -0.107531;0.694543;-0.062284;,
  -0.159161;0.664249;-0.084933;,
  -0.176346;0.672244;-0.078701;,
  -0.156349;0.660227;-0.039634;,
  -0.132589;0.706230;-0.035021;,
  -0.155146;0.716249;-0.064585;,
  -0.028644;0.772180;0.045356;,
  -0.054931;0.772826;0.031113;,
  -0.010872;0.778096;0.020088;,
  -0.029628;0.773721;0.003785;,
  0.002418;0.689440;0.064286;,
  -0.008478;0.790345;-0.018138;,
  -0.067231;0.755258;0.013461;,
  -0.054633;0.733840;-0.003604;,
  -0.064370;0.728874;0.012587;,
  -0.046322;0.753789;-0.008959;,
  0.000851;0.734191;0.063420;,
  -0.003745;0.738270;0.063024;,
  0.038802;0.725767;0.043533;,
  0.077110;0.720056;0.000195;,
  0.055724;0.773457;-0.017062;,
  0.007614;0.774371;0.044270;,
  -0.003745;0.738270;0.063024;,
  -0.036555;0.713281;0.019293;,
  -0.042122;0.705950;0.002219;,
  -0.011382;0.728224;0.057216;,
  -0.023256;0.686114;0.045209;,
  -0.044898;0.682632;0.017704;,
  -0.059487;0.720122;0.001134;,
  -0.014698;0.689065;0.059506;,
  -0.107531;0.694543;-0.062284;,
  -0.021844;0.817439;-0.035124;,
  -0.004962;0.824761;-0.023820;,
  0.039301;0.799888;-0.030277;,
  0.019149;0.828421;-0.030403;,
  -0.155146;0.716249;-0.064585;,
  -0.132488;0.703881;-0.122660;,
  -0.158922;0.667521;-0.106717;,
  -0.119459;0.720677;-0.085484;,
  -0.132654;0.733010;-0.066916;,
  -0.119459;0.720677;-0.085484;,
  -0.136568;0.716372;-0.087832;,
  -0.149399;0.718327;-0.066920;,
  -0.149399;0.718327;-0.066920;,
  -0.132959;0.733263;-0.093070;,
  -0.136116;0.740926;-0.084860;,
  -0.149015;0.734452;-0.088460;,
  -0.092824;0.020228;-0.007832;,
  -0.095822;-0.001385;-0.061763;,
  -0.101630;-0.001397;-0.010228;,
  -0.090390;0.017194;-0.056802;,
  0.014205;0.031888;0.051067;,
  -0.007471;-0.001415;0.019941;,
  -0.007912;0.023542;0.017095;,
  0.017657;-0.001522;0.061797;,
  -0.004952;0.083206;0.042205;,
  -0.019184;0.034910;0.075786;,
  -0.025802;0.088595;0.054021;,
  -0.041353;-0.001438;0.049555;,
  -0.043765;0.033508;0.048283;,
  -0.010252;-0.001545;0.082680;,
  -0.042157;0.062793;0.008887;,
  -0.043817;0.068860;0.042995;,
  -0.062178;0.014160;-0.065119;,
  -0.061681;-0.001374;-0.074588;,
  -0.101630;-0.001397;-0.010228;,
  -0.061681;-0.001374;-0.074588;,
  -0.017460;0.352195;-0.072335;,
  -0.037964;0.256572;-0.060589;,
  -0.015172;0.192038;-0.039986;,
  -0.014879;0.138840;-0.013432;,
  -0.015388;0.059932;0.019597;,
  -0.015388;0.059932;0.019597;,
  -0.045679;0.819501;-0.064133;,
  -0.030460;0.806640;-0.082218;,
  -0.023364;0.809303;-0.051434;,
  -0.039298;0.813403;-0.083694;,
  -0.034929;0.840708;-0.043815;,
  -0.024574;0.852413;-0.025422;,
  -0.016218;0.954273;-0.094042;,
  0.003496;0.957978;-0.096505;,
  -0.037452;0.883506;-0.131319;,
  -0.032043;0.912386;-0.126907;,
  -0.021332;0.880952;-0.139466;,
  -0.044855;0.833394;-0.088790;,
  -0.049699;0.847604;-0.063106;,
  -0.042824;0.831652;-0.056846;,
  -0.047881;0.884333;-0.050010;,
  -0.050407;0.891729;-0.073269;,
  -0.043418;0.921699;-0.110211;,
  -0.049147;0.884128;-0.099406;,
  -0.049158;0.927486;-0.083496;,
  -0.043460;0.889855;-0.034768;,
  -0.030281;0.899858;-0.016756;,
  0.009808;0.900381;-0.009802;,
  -0.023878;0.944374;-0.034911;,
  0.009921;0.946043;-0.028368;,
  -0.050221;0.861766;-0.095621;,
  -0.038499;0.853368;-0.119483;,
  -0.037321;0.821836;-0.102247;,
  -0.024882;0.795453;-0.112354;,
  -0.026041;0.932419;-0.120991;,
  -0.036059;0.944968;-0.090421;,
  -0.041012;0.940198;-0.051703;,
  -0.027946;0.955819;-0.063832;,
  0.007475;0.963012;-0.059658;,
  -0.009970;0.961272;-0.059941;,
  0.007365;0.860884;-0.016748;,
  -0.041012;0.940198;-0.051703;,
  -0.027946;0.955819;-0.063832;,
  -0.055900;0.850483;-0.063419;,
  -0.058898;0.897746;-0.058664;,
  -0.052949;0.878376;-0.062180;,
  -0.063657;0.880058;-0.047799;,
  -0.063657;0.880058;-0.047799;,
  -0.055900;0.850483;-0.063419;,
  -0.058898;0.897746;-0.058664;,
  -0.050407;0.891729;-0.073269;,
  -0.052383;0.866913;-0.076967;,
  -0.049699;0.847604;-0.063106;,
  -0.037514;0.875440;-0.122169;,
  -0.052383;0.866913;-0.076967;,
  -0.008478;0.790345;-0.018138;,
  -0.021844;0.817439;-0.035124;,
  -0.029628;0.773721;0.003785;,
  -0.034929;0.840708;-0.043815;,
  0.056863;0.472542;0.019472;,
  0.052633;0.439363;0.011859;,
  0.043929;0.416273;-0.002384;,
  0.019353;0.435511;-0.047807;,
  -0.009970;0.961272;-0.059941;,
  0.007475;0.963012;-0.059658;,
  -0.025045;0.826225;-0.121117;,
  -0.017558;0.847713;-0.131316;,
  -0.018085;0.838111;-0.130453;,
  -0.018572;0.872999;-0.129535;,
  0.062392;0.593489;0.001857;,
  -0.029628;0.773721;0.003785;,
  -0.095822;-0.001385;-0.061763;,
  -0.024641;0.819688;-0.120209;,
  -0.017821;0.816583;-0.127636;,
  -0.017101;0.821733;-0.124622;,
  -0.017231;0.825117;-0.129839;,
  -0.011382;0.728224;0.057216;,
  -0.020424;0.716426;0.026213;,
  -0.036555;0.713281;0.019293;,
  -0.059487;0.720122;0.001134;,
  -0.043460;0.889855;-0.034768;,
  -0.038428;0.212669;-0.091154;,
  -0.012606;0.144619;-0.101978;,
  -0.035671;0.139584;-0.066135;,
  -0.019584;0.220894;-0.115445;,
  -0.050389;0.268945;-0.107064;,
  -0.025470;0.278046;-0.127808;,
  -0.030310;0.362213;-0.100765;,
  -0.017748;0.364870;-0.114101;,
  -0.019885;0.450843;-0.096958;,
  -0.012619;0.450124;-0.105142;,
  -0.007807;0.492635;-0.096447;,
  -0.037301;0.498208;-0.065106;,
  -0.008494;0.078859;-0.093851;,
  -0.030058;0.069390;-0.049270;,
  0.032140;0.087208;0.056454;,
  -0.047425;0.161606;0.047642;,
  -0.025790;0.088595;0.054014;,
  0.019526;0.158172;0.034746;,
  -0.055928;0.234268;0.033319;,
  0.007921;0.225509;0.016851;,
  0.002513;0.264083;0.001705;,
  -0.055763;0.265513;-0.003917;,
  -0.059890;0.345805;0.028499;,
  0.022780;0.339343;0.010838;,
  0.052633;0.439364;0.011859;,
  0.015833;0.433525;0.031066;,
  -0.020424;0.716426;0.026213;,
  -0.055799;0.456011;-0.063812;,
  -0.071147;0.357961;-0.070980;,
  -0.081901;0.258167;-0.081835;,
  -0.064844;0.202889;-0.044387;,
  -0.052862;0.133976;-0.019927;,
  -0.042157;0.062793;0.008887;,
  0.114681;0.343386;-0.099265;,
  0.086818;0.429848;-0.012714;,
  0.112583;0.419636;-0.062754;,
  0.078871;0.269131;-0.125470;,
  0.108355;0.233561;-0.111135;,
  0.110999;0.159151;-0.107498;,
  0.097954;0.086025;-0.096912;,
  -0.037356;0.423951;0.031152;;
  916;
  3;0,1,2;,
  3;1,0,3;,
  3;4,5,6;,
  3;5,4,7;,
  3;8,9,10;,
  3;9,8,11;,
  3;12,13,14;,
  3;13,12,15;,
  3;16,12,17;,
  3;12,16,15;,
  3;18,19,20;,
  3;19,18,16;,
  3;6,21,22;,
  3;21,6,5;,
  3;14,23,24;,
  3;23,14,13;,
  3;25,26,27;,
  3;26,25,28;,
  3;29,30,31;,
  3;30,29,32;,
  3;30,33,31;,
  3;33,30,34;,
  3;35,36,37;,
  3;36,35,38;,
  3;38,39,36;,
  3;39,38,40;,
  3;37,41,42;,
  3;41,37,36;,
  3;36,43,41;,
  3;43,36,39;,
  3;42,30,32;,
  3;30,42,41;,
  3;41,34,30;,
  3;34,41,43;,
  3;44,45,46;,
  3;45,44,47;,
  3;48,49,50;,
  3;49,48,51;,
  3;50,52,53;,
  3;52,50,49;,
  3;54,55,56;,
  3;55,54,57;,
  3;57,58,55;,
  3;58,57,59;,
  3;56,60,61;,
  3;60,56,55;,
  3;55,62,60;,
  3;62,55,58;,
  3;61,49,51;,
  3;49,61,60;,
  3;60,52,49;,
  3;52,60,62;,
  3;32,19,63;,
  3;19,32,29;,
  3;64,65,66;,
  3;65,64,20;,
  3;14,67,12;,
  3;67,14,68;,
  3;68,69,67;,
  3;69,68,70;,
  3;70,42,69;,
  3;42,70,37;,
  3;48,34,51;,
  3;34,48,33;,
  3;51,43,61;,
  3;43,51,34;,
  3;43,56,61;,
  3;56,43,39;,
  3;39,54,56;,
  3;54,39,40;,
  3;12,63,17;,
  3;63,12,67;,
  3;67,32,63;,
  3;32,67,69;,
  3;69,42,32;,
  3;71,72,25;,
  3;73,74,75;,
  3;74,73,76;,
  3;74,77,75;,
  3;77,74,78;,
  3;79,78,80;,
  3;78,79,77;,
  3;81,82,83;,
  3;82,84,85;,
  3;84,82,86;,
  3;87,88,89;,
  3;88,90,89;,
  3;90,88,91;,
  3;92,93,94;,
  3;92,89,93;,
  3;92,87,89;,
  3;89,95,93;,
  3;95,89,90;,
  3;96,93,82;,
  3;93,86,82;,
  3;86,93,95;,
  3;97,98,99;,
  3;98,97,100;,
  3;100,101,98;,
  3;101,100,102;,
  3;103,104,105;,
  3;104,103,106;,
  3;106,107,104;,
  3;107,106,108;,
  3;105,109,110;,
  3;109,105,104;,
  3;104,111,109;,
  3;111,104,107;,
  3;110,100,97;,
  3;100,110,109;,
  3;109,102,100;,
  3;102,109,111;,
  3;112,113,114;,
  3;113,112,115;,
  3;116,117,118;,
  3;117,116,119;,
  3;120,121,122;,
  3;121,120,123;,
  3;120,124,125;,
  3;124,120,122;,
  3;126,124,127;,
  3;124,126,125;,
  3;95,97,86;,
  3;97,95,110;,
  3;86,99,84;,
  3;99,86,97;,
  3;90,103,105;,
  3;103,90,91;,
  3;105,95,90;,
  3;95,105,110;,
  3;128,96,129;,
  3;96,128,94;,
  3;129,130,128;,
  3;130,129,131;,
  3;72,28,25;,
  3;28,72,132;,
  3;10,133,8;,
  3;134,135,136;,
  3;135,134,137;,
  3;81,137,134;,
  3;138,11,139;,
  3;138,9,11;,
  3;138,140,9;,
  3;141,11,142;,
  3;11,141,139;,
  3;128,130,143;,
  3;94,144,92;,
  3;94,143,144;,
  3;94,128,143;,
  3;145,87,146;,
  3;87,145,147;,
  3;75,148,73;,
  3;148,75,149;,
  3;150,147,145;,
  3;7,149,75;,
  3;148,151,73;,
  3;102,152,101;,
  3;152,102,126;,
  3;102,125,126;,
  3;125,102,111;,
  3;111,120,125;,
  3;120,111,107;,
  3;120,108,123;,
  3;108,120,107;,
  3;8,153,154;,
  3;153,8,133;,
  3;154,155,8;,
  3;155,154,156;,
  3;122,114,113;,
  3;114,122,121;,
  3;121,112,114;,
  3;112,121,157;,
  3;158,124,159;,
  3;124,158,127;,
  3;159,122,113;,
  3;122,159,124;,
  3;126,160,152;,
  3;160,126,161;,
  3;162,121,123;,
  3;121,162,163;,
  3;121,164,157;,
  3;164,121,163;,
  3;165,126,127;,
  3;126,165,161;,
  3;161,166,160;,
  3;166,161,167;,
  3;162,118,163;,
  3;118,162,116;,
  3;163,117,164;,
  3;117,163,118;,
  3;165,167,161;,
  3;167,165,168;,
  3;169,170,171;,
  3;170,169,172;,
  3;173,174,175;,
  3;174,173,176;,
  3;177,178,179;,
  3;178,177,173;,
  3;180,178,181;,
  3;178,180,182;,
  3;183,169,171;,
  3;169,183,184;,
  3;174,185,186;,
  3;185,174,176;,
  3;46,187,44;,
  3;187,46,188;,
  3;180,169,182;,
  3;169,180,172;,
  3;20,29,65;,
  3;19,29,20;,
  3;29,31,189;,
  3;31,190,189;,
  3;190,31,33;,
  3;33,191,190;,
  3;191,33,48;,
  3;191,50,192;,
  3;50,191,48;,
  3;192,53,193;,
  3;53,192,50;,
  3;194,171,185;,
  3;171,194,183;,
  3;171,186,185;,
  3;186,171,170;,
  3;185,176,194;,
  3;194,173,177;,
  3;173,194,176;,
  3;178,175,181;,
  3;175,178,173;,
  3;179,182,184;,
  3;182,179,178;,
  3;182,169,184;,
  3;16,17,19;,
  3;17,63,19;,
  3;65,195,66;,
  3;196,197,198;,
  3;197,196,199;,
  3;200,154,153;,
  3;154,200,201;,
  3;202,203,204;,
  3;205,206,207;,
  3;196,208,209;,
  3;208,196,198;,
  3;210,209,211;,
  3;209,210,196;,
  3;212,213,214;,
  3;213,212,215;,
  3;212,214,211;,
  3;201,216,217;,
  3;216,201,200;,
  3;218,219,220;,
  3;219,218,217;,
  3;210,199,196;,
  3;213,205,207;,
  3;221,222,223;,
  3;198,197,224;,
  3;224,225,226;,
  3;225,224,197;,
  3;227,213,207;,
  3;228,229,214;,
  3;229,228,230;,
  3;220,231,232;,
  3;213,228,214;,
  3;156,201,233;,
  3;201,156,154;,
  3;233,217,218;,
  3;217,233,201;,
  3;219,217,234;,
  3;235,219,234;,
  3;236,237,238;,
  3;237,236,239;,
  3;209,240,211;,
  3;240,209,241;,
  3;211,242,212;,
  3;242,211,240;,
  3;243,239,244;,
  3;239,243,237;,
  3;244,236,245;,
  3;236,244,239;,
  3;246,221,223;,
  3;221,246,215;,
  3;221,212,247;,
  3;212,221,215;,
  3;199,248,2;,
  3;248,199,249;,
  3;133,10,250;,
  3;249,210,251;,
  3;210,249,199;,
  3;210,211,251;,
  3;252,1,253;,
  3;1,252,2;,
  3;20,254,18;,
  3;254,20,64;,
  3;24,68,14;,
  3;68,24,255;,
  3;68,256,70;,
  3;256,68,255;,
  3;256,37,70;,
  3;37,256,257;,
  3;258,2,252;,
  3;2,258,199;,
  3;257,259,37;,
  3;37,259,35;,
  3;260,204,261;,
  3;204,260,202;,
  3;262,263,223;,
  3;263,262,264;,
  3;197,258,225;,
  3;258,197,199;,
  3;265,203,227;,
  3;265,207,266;,
  3;207,265,227;,
  3;223,267,246;,
  3;267,223,263;,
  3;88,87,147;,
  3;83,82,85;,
  3;78,16,18;,
  3;16,78,74;,
  3;74,15,16;,
  3;15,74,76;,
  3;15,71,13;,
  3;71,15,76;,
  3;13,268,23;,
  3;268,13,71;,
  3;248,269,2;,
  3;2,269,0;,
  3;136,129,134;,
  3;129,136,131;,
  3;134,96,81;,
  3;96,134,129;,
  3;96,82,81;,
  3;93,96,94;,
  3;29,189,65;,
  3;205,215,246;,
  3;267,205,246;,
  3;205,267,206;,
  3;205,213,215;,
  3;187,188,270;,
  3;224,271,272;,
  3;222,221,208;,
  3;224,222,198;,
  3;272,273,262;,
  3;273,272,271;,
  3;263,274,275;,
  3;273,276,262;,
  3;277,271,278;,
  3;271,277,273;,
  3;222,272,262;,
  3;272,222,224;,
  3;222,208,198;,
  3;209,221,247;,
  3;221,209,208;,
  3;223,222,262;,
  3;266,206,279;,
  3;206,266,207;,
  3;206,280,279;,
  3;280,206,267;,
  3;280,263,275;,
  3;263,280,267;,
  3;264,262,276;,
  3;76,73,72;,
  3;138,281,140;,
  3;73,132,72;,
  3;132,73,151;,
