xof 0303txt 0032
template ColorRGBA {
 <35ff44e0-6c7c-11cf-8f52-0040333594a3>
 FLOAT red;
 FLOAT green;
 FLOAT blue;
 FLOAT alpha;
}

template ColorRGB {
 <d3e16e81-7835-11cf-8f52-0040333594a3>
 FLOAT red;
 FLOAT green;
 FLOAT blue;
}

template Material {
 <3d82ab4d-62da-11cf-ab39-0020af71e433>
 ColorRGBA faceColor;
 FLOAT power;
 ColorRGB specularColor;
 ColorRGB emissiveColor;
 [...]
}

template TextureFilename {
 <a42790e1-7810-11cf-8f52-0040333594a3>
 STRING filename;
}

template Frame {
 <3d82ab46-62da-11cf-ab39-0020af71e433>
 [...]
}

template Matrix4x4 {
 <f6f23f45-7686-11cf-8f52-0040333594a3>
 array FLOAT matrix[16];
}

template FrameTransformMatrix {
 <f6f23f41-7686-11cf-8f52-0040333594a3>
 Matrix4x4 frameMatrix;
}

template Vector {
 <3d82ab5e-62da-11cf-ab39-0020af71e433>
 FLOAT x;
 FLOAT y;
 FLOAT z;
}

template MeshFace {
 <3d82ab5f-62da-11cf-ab39-0020af71e433>
 DWORD nFaceVertexIndices;
 array DWORD faceVertexIndices[nFaceVertexIndices];
}

template Mesh {
 <3d82ab44-62da-11cf-ab39-0020af71e433>
 DWORD nVertices;
 array Vector vertices[nVertices];
 DWORD nFaces;
 array MeshFace faces[nFaces];
 [...]
}

template MeshMaterialList {
 <f6f23f42-7686-11cf-8f52-0040333594a3>
 DWORD nMaterials;
 DWORD nFaceIndexes;
 array DWORD faceIndexes[nFaceIndexes];
 [Material <3d82ab4d-62da-11cf-ab39-0020af71e433>]
}

template VertexElement {
 <f752461c-1e23-48f6-b9f8-8350850f336f>
 DWORD Type;
 DWORD Method;
 DWORD Usage;
 DWORD UsageIndex;
}

template DeclData {
 <bf22e553-292c-4781-9fea-62bd554bdd93>
 DWORD nElements;
 array VertexElement Elements[nElements];
 DWORD nDWords;
 array DWORD data[nDWords];
}

template XSkinMeshHeader {
 <3cf169ce-ff7c-44ab-93c0-f78f62d172e2>
 WORD nMaxSkinWeightsPerVertex;
 WORD nMaxSkinWeightsPerFace;
 WORD nBones;
}

template SkinWeights {
 <6f0d123b-bad2-4167-a0d0-80224f25fabb>
 STRING transformNodeName;
 DWORD nWeights;
 array DWORD vertexIndices[nWeights];
 array FLOAT weights[nWeights];
 Matrix4x4 matrixOffset;
}

template AnimTicksPerSecond {
 <9e415a43-7ba6-4a73-8743-b73d47e88476>
 DWORD AnimTicksPerSecond;
}

template Animation {
 <3d82ab4f-62da-11cf-ab39-0020af71e433>
 [...]
}

template AnimationSet {
 <3d82ab50-62da-11cf-ab39-0020af71e433>
 [Animation <3d82ab4f-62da-11cf-ab39-0020af71e433>]
}

template FloatKeys {
 <10dd46a9-775b-11cf-8f52-0040333594a3>
 DWORD nValues;
 array FLOAT values[nValues];
}

template TimedFloatKeys {
 <f406b180-7b3b-11cf-8f52-0040333594a3>
 DWORD time;
 FloatKeys tfkeys;
}

template AnimationKey {
 <10dd46a8-775b-11cf-8f52-0040333594a3>
 DWORD keyType;
 DWORD nKeys;
 array TimedFloatKeys keys[nKeys];
}


Material _03_-_Default {
 1.000000;1.000000;1.000000;1.000000;;
 9.999999;
 0.000000;0.000000;0.000000;;
 0.000000;0.000000;0.000000;;

 TextureFilename {
  "MaleBody_full.png";
 }
}

Frame Dummy01 {
 

 FrameTransformMatrix {
  1.000000,0.000000,0.000000,0.000000,0.000000,-0.000000,-1.000000,0.000000,0.000000,1.000000,-0.000000,0.000000,0.000000,0.000000,0.000000,1.000000;;
 }

 Frame Bip01 {
  

  FrameTransformMatrix {
   0.000001,0.976938,-0.213523,0.000000,0.000000,0.213523,0.976938,0.000000,1.000000,-0.000001,-0.000000,0.000000,0.003000,-0.146368,0.204458,1.000000;;
  }

  Frame Bip01_Pelvis {
   

   FrameTransformMatrix {
    0.000000,1.000000,-0.000001,0.000000,-0.000001,0.000001,1.000000,0.000000,1.000000,0.000000,0.000001,0.000000,0.000000,0.000000,0.000000,1.000000;;
   }

   Frame Bip01_Spine {
    

    FrameTransformMatrix {
     0.927128,0.000001,0.374745,0.000000,-0.000002,1.000000,0.000004,0.000000,-0.374745,-0.000005,0.927128,0.000000,0.051665,0.000000,-0.000079,1.000000;;
    }

    Frame Bip01_Spine1 {
     

     FrameTransformMatrix {
      0.974857,0.006319,0.222742,0.000000,0.000359,0.999552,-0.029927,0.000000,-0.222831,0.029255,0.974418,0.000000,0.106499,-0.000002,-0.000083,1.000000;;
     }

     Frame Bip01_Neck {
      

      FrameTransformMatrix {
       0.756881,0.000002,0.653553,0.000000,-0.000002,1.000000,-0.000001,0.000000,-0.653553,-0.000001,0.756881,0.000000,0.130522,0.000000,0.004632,1.000000;;
      }

      Frame Bip01_Head {
       

       FrameTransformMatrix {
        0.670848,-0.002679,-0.741590,0.000000,0.023904,0.999552,0.018012,0.000000,0.741210,-0.029810,0.670611,0.000000,0.033674,0.000000,-0.000000,1.000000;;
       }

       Frame Bip01_HeadNub {
        

        FrameTransformMatrix {
         1.000000,0.000000,0.000000,0.000000,0.000000,1.000000,0.000000,0.000000,0.000000,0.000000,1.000000,0.000000,0.169824,0.000000,-0.000000,1.000000;;
        }
       }
      }

      Frame Bip01_L_Clavicle {
       

       FrameTransformMatrix {
        -0.008082,0.976262,0.216444,0.000000,0.763541,0.145794,-0.629086,0.000000,-0.645709,0.160179,-0.746594,0.000000,-0.021224,0.015715,0.012207,1.000000;;
       }

       Frame Bip01_L_UpperArm {
        

        FrameTransformMatrix {
         0.562259,-0.176968,-0.807804,0.000000,0.326486,0.944986,0.020224,0.000000,0.759784,-0.275108,0.589104,0.000000,0.087086,0.000000,0.000000,1.000000;;
        }

        Frame Bip01_L_Forearm {
         

         FrameTransformMatrix {
          0.626761,-0.000000,-0.779211,0.000000,-0.000000,1.000000,-0.000000,0.000000,0.779211,-0.000000,0.626761,0.000000,0.137062,-0.000000,-0.000000,1.000000;;
         }

         Frame Bip01_L_Hand {
          

          FrameTransformMatrix {
           0.931333,-0.048062,0.360982,0.000000,0.080958,0.993773,-0.076557,0.000000,-0.355055,0.100524,0.929425,0.000000,0.137062,0.000000,0.000000,1.000000;;
          }

          Frame Bip01_L_Finger0 {
           

           FrameTransformMatrix {
            0.829256,-0.514255,0.218807,0.000000,0.558537,0.749101,-0.356210,0.000000,0.019274,0.417601,0.908427,0.000000,0.057681,-0.023605,-0.000272,1.000000;;
           }

           Frame Bip01_L_Finger0Nub {
            

            FrameTransformMatrix {
             1.000000,0.000000,0.000000,0.000000,0.000000,1.000000,0.000000,0.000000,0.000000,-0.000000,1.000000,0.000000,0.029435,0.000000,0.000000,1.000000;;
            }
           }
          }

          Frame Bip01_L_Finger1 {
           

           FrameTransformMatrix {
            0.989590,-0.000115,0.143914,0.000000,0.000000,1.000000,0.000796,0.000000,-0.143914,-0.000788,0.989590,0.000000,0.084102,0.000000,0.000000,1.000000;;
           }

           Frame Bip01_L_Finger1Nub {
            

            FrameTransformMatrix {
             1.000000,-0.000000,-0.000000,0.000000,0.000000,1.000000,-0.000000,0.000000,-0.000000,0.000000,1.000000,0.000000,0.047988,0.000000,-0.000000,1.000000;;
            }
           }
          }
         }
        }
       }
      }

      Frame Bip01_R_Clavicle {
       

       FrameTransformMatrix {
        -0.008082,-0.976260,0.216449,0.000000,-0.763541,0.145797,0.629085,0.000000,-0.645709,-0.160184,-0.746593,0.000000,-0.021224,-0.015714,0.012207,1.000000;;
       }

       Frame Bip01_R_UpperArm {
        

        FrameTransformMatrix {
         0.469221,0.204872,-0.858987,0.000000,-0.374152,0.927216,0.016764,0.000000,0.799901,0.313526,0.511723,0.000000,0.087086,0.000000,0.000000,1.000000;;
        }

        Frame Bip01_R_Forearm {
         

         FrameTransformMatrix {
          0.569526,0.000000,-0.821973,0.000000,0.000000,1.000000,0.000000,0.000000,0.821974,0.000000,0.569526,0.000000,0.137062,0.000000,0.000000,1.000000;;
         }

         Frame Bip01_R_Hand {
          

          FrameTransformMatrix {
           0.916965,0.174229,-0.358913,0.000000,-0.179902,0.983523,0.017816,0.000000,0.356104,0.048232,0.933201,0.000000,0.137062,0.000000,-0.000000,1.000000;;
          }

          Frame Bip01_R_Finger0 {
           

           FrameTransformMatrix {
            0.829256,0.514255,0.218807,0.000000,-0.558537,0.749101,0.356210,0.000000,0.019274,-0.417601,0.908427,0.000000,0.057681,0.023605,-0.000272,1.000000;;
           }

           Frame Bip01_R_Finger0Nub {
            

            FrameTransformMatrix {
             -1.000000,0.000000,0.000000,0.000000,0.000000,1.000000,-0.000000,0.000000,-0.000000,0.000000,-1.000000,0.000000,0.029435,0.000000,0.000000,1.000000;;
            }
           }
          }

          Frame Bip01_R_Finger1 {
           

           FrameTransformMatrix {
            0.989590,0.000115,0.143914,0.000000,-0.000000,1.000000,-0.000796,0.000000,-0.143914,0.000788,0.989590,0.000000,0.084102,0.000000,0.000000,1.000000;;
           }

           Frame Bip01_R_Finger1Nub {
            

            FrameTransformMatrix {
             -1.000000,0.000000,0.000000,0.000000,-0.000000,1.000000,-0.000000,0.000000,0.000000,-0.000000,-1.000000,0.000000,0.047988,0.000000,0.000000,1.000000;;
            }
           }
          }
         }
        }
       }
      }
     }

     Frame Bip01_BackPack {
      

      FrameTransformMatrix {
       0.190105,-0.000002,-0.981764,0.000000,0.000003,1.000000,-0.000002,0.000000,0.981764,-0.000002,0.190104,0.000000,0.063697,-0.000000,-0.088856,1.000000;;
      }

      Frame Bip01_BackPackNub {
       

       FrameTransformMatrix {
        0.000796,0.000003,1.000000,0.000000,-0.000000,-1.000000,0.000003,0.000000,1.000000,-0.000000,-0.000796,0.000000,0.053240,0.000000,-0.000000,1.000000;;
       }
      }
     }
    }

    Frame Bip01_L_Thigh {
     

     FrameTransformMatrix {
      0.624444,-0.002268,0.781066,0.000000,-0.068067,-0.996349,0.051525,0.000000,0.778098,-0.085339,-0.622319,0.000000,-0.047871,0.055225,0.019434,1.000000;;
     }

     Frame Bip01_L_Calf {
      

      FrameTransformMatrix {
       -0.703378,0.000000,-0.710816,0.000000,0.000000,1.000000,0.000000,0.000000,0.710816,0.000000,-0.703378,0.000000,0.237500,0.000000,0.000000,1.000000;;
      }

      Frame Bip01_L_Foot {
       

       FrameTransformMatrix {
        0.759004,0.085266,0.645479,0.000000,-0.062255,0.996350,-0.058410,0.000000,-0.648103,0.004149,0.761541,0.000000,0.206841,0.000000,0.000000,1.000000;;
       }

       Frame Bip01_L_Toe0 {
        

        FrameTransformMatrix {
         0.000000,-0.000000,1.000000,0.000000,-0.000000,1.000000,-0.000000,0.000000,-1.000000,-0.000000,0.000000,0.000000,0.065373,0.000000,0.066450,1.000000;;
        }

        Frame Bip01_L_Toe0Nub {
         

         FrameTransformMatrix {
          -1.000000,-0.000000,-0.000000,0.000000,0.000000,1.000000,0.000000,0.000000,-0.000000,-0.000000,-1.000000,0.000000,0.006735,0.000000,-0.000000,1.000000;;
         }
        }
       }
      }
     }
    }

    Frame Bip01_R_Thigh {
     

     FrameTransformMatrix {
      -0.524571,-0.114423,0.843643,0.000000,0.133238,-0.989751,-0.051393,0.000000,0.840877,0.085446,0.534440,0.000000,-0.047871,-0.055225,0.019434,1.000000;;
     }

     Frame Bip01_R_Calf {
      

      FrameTransformMatrix {
       -0.749985,0.000000,-0.661455,0.000000,0.000000,1.000000,-0.000000,0.000000,0.661456,0.000000,-0.749985,0.000000,0.237500,-0.000000,0.000000,1.000000;;
      }

      Frame Bip01_R_Foot {
       

       FrameTransformMatrix {
        0.828818,-0.054108,0.556895,0.000000,-0.029300,0.989750,0.139769,0.000000,-0.558750,-0.132160,0.818738,0.000000,0.206841,0.000000,-0.000000,1.000000;;
       }

       Frame Bip01_R_Toe0 {
        

        FrameTransformMatrix {
         -0.987631,-0.000001,0.156797,0.000000,-0.000001,1.000000,0.000000,0.000000,-0.156797,0.000000,-0.987631,0.000000,0.065373,0.000000,0.066450,1.000000;;
        }

        Frame Bip01_R_Toe0Nub {
         

         FrameTransformMatrix {
          1.000000,-0.000000,0.000000,0.000000,-0.000000,1.000000,0.000000,0.000000,0.000000,0.000000,1.000000,0.000000,0.006735,-0.000000,0.000000,1.000000;;
         }
        }
       }
      }
     }
    }
   }

   Frame Bip01_DressFront {
    

    FrameTransformMatrix {
     0.122793,-0.068086,0.990094,0.000000,0.602851,0.797605,-0.019918,0.000000,-0.788348,0.599325,0.138986,0.000000,0.014136,0.001312,0.054110,1.000000;;
    }

    Frame Bip01_DressFront02 {
     

     FrameTransformMatrix {
      0.261191,-0.471110,0.842517,0.000000,0.333170,0.863176,0.379375,0.000000,-0.905968,0.181612,0.382413,0.000000,0.183444,-0.000024,-0.000050,1.000000;;
     }

     Frame Bip01_DressFrontNub {
      

      FrameTransformMatrix {
       0.000796,0.000003,1.000000,0.000000,0.000000,-1.000000,0.000003,0.000000,1.000000,-0.000000,-0.000796,0.000000,0.165302,0.000000,0.000000,1.000000;;
      }
     }
    }
   }

   Frame Bip01_DressBack {
    

    FrameTransformMatrix {
     -0.334676,0.000468,0.942333,0.000000,0.556383,0.807186,0.197202,0.000000,-0.760546,0.590297,-0.270406,0.000000,-0.047626,-0.000083,-0.078381,1.000000;;
    }

    Frame Bip01_DressBack02 {
     

     FrameTransformMatrix {
      0.035040,-0.461251,0.886577,0.000000,0.018627,0.887270,0.460875,0.000000,-0.999212,0.000365,0.039681,0.000000,0.176267,-0.000000,-0.000004,1.000000;;
     }

     Frame Bip01_DressBackNub {
      

      FrameTransformMatrix {
       0.000796,0.000003,1.000000,0.000000,0.000000,-1.000000,0.000003,0.000000,1.000000,-0.000000,-0.000796,0.000000,0.136508,-0.000000,0.000000,1.000000;;
      }
     }
    }
   }
  }

  Frame Bip01_Prop1 {
   

   FrameTransformMatrix {
    0.693109,-0.267470,0.669372,0.000000,-0.630615,-0.674821,0.383331,0.000000,0.349177,-0.687806,-0.636395,0.000000,0.359472,0.053901,-0.012016,1.000000;;
   }
  }

  Frame Bip01_Prop2 {
   

   FrameTransformMatrix {
    0.836726,-0.536632,-0.109162,0.000000,-0.536383,-0.762926,-0.360885,0.000000,0.110380,0.360515,-0.926199,0.000000,0.360878,0.019922,0.135868,1.000000;;
   }
  }
 }
}

Frame Translation_Data {
 

 FrameTransformMatrix {
  1.000000,0.000000,0.000000,0.000000,0.000000,-0.000000,-1.000000,0.000000,0.000000,1.000000,-0.000000,0.000000,0.000000,-0.000000,0.000000,1.000000;;
 }
}

Frame Body {
 

 FrameTransformMatrix {
  1.000000,0.000000,0.000000,0.000000,0.000000,1.000000,0.000000,0.000000,0.000000,0.000000,1.000000,0.000000,0.000000,0.000000,0.000000,1.000000;;
 }

 Mesh Body {
  617;
  0.070106;0.393428;-0.025149;,
  0.037800;0.389821;-0.019037;,
  0.032258;0.421941;-0.028090;,
  0.079821;0.377126;-0.013059;,
  0.088458;0.370328;0.000459;,
  0.058485;0.331229;0.010030;,
  0.045793;0.355768;-0.009280;,
  0.094409;0.354131;0.032038;,
  0.032243;0.462889;-0.016717;,
  0.082119;0.461515;0.019519;,
  0.075588;0.441919;-0.006012;,
  0.049045;0.470307;0.020188;,
  0.086350;0.260938;0.173580;,
  0.045914;0.276172;0.187680;,
  0.045026;0.261538;0.198369;,
  0.079569;0.272447;0.166093;,
  0.074273;0.257790;0.112999;,
  0.087221;0.237338;0.137360;,
  0.046440;0.245041;0.085228;,
  0.072448;0.210725;0.117933;,
  0.044023;0.196998;0.106214;,
  0.004665;0.324692;0.004162;,
  0.004981;0.354438;-0.013523;,
  0.003000;0.274139;0.188178;,
  0.003000;0.257316;0.199055;,
  0.054074;0.381065;0.129009;,
  0.001428;0.419335;0.107497;,
  0.001972;0.383879;0.130860;,
  0.058507;0.418603;0.104064;,
  0.055664;0.230726;0.110445;,
  0.097524;0.231771;0.004824;,
  0.057325;0.256600;0.009616;,
  0.092694;0.206031;0.113119;,
  0.056688;0.236657;-0.102469;,
  0.086713;0.224921;-0.089106;,
  0.008070;0.223135;0.108649;,
  0.025102;0.152486;0.003484;,
  0.015105;0.158182;0.224628;,
  0.012060;0.227145;0.008714;,
  0.034311;0.209569;-0.076005;,
  0.030128;0.221252;-0.090137;,
  0.103632;0.167367;0.001647;,
  0.090973;0.160008;0.120314;,
  0.074884;0.213617;-0.075566;,
  0.088920;-0.001437;0.054139;,
  0.049355;-0.001521;0.099599;,
  0.044025;-0.001414;0.051072;,
  0.084211;-0.001544;0.099332;,
  0.062057;0.171817;-0.074984;,
  0.091674;0.131958;-0.003734;,
  0.063764;0.114441;-0.028123;,
  0.092130;0.189938;-0.050852;,
  0.086424;0.069979;0.048198;,
  0.067388;0.058354;0.022387;,
  0.020365;0.169240;-0.045667;,
  0.028231;0.157714;0.021129;,
  0.018692;0.213748;-0.012156;,
  0.033188;0.125866;-0.007072;,
  0.052693;0.087085;0.063819;,
  0.050120;0.059933;0.046006;,
  0.090265;0.159981;0.022695;,
  0.090185;0.224162;-0.015224;,
  0.076685;0.092366;0.062160;,
  0.093324;0.210248;0.148571;,
  0.003000;0.186951;0.096243;,
  0.008070;0.223135;0.108649;,
  0.003000;0.156239;0.117289;,
  0.095057;0.216712;0.202782;,
  0.045026;0.220556;0.226532;,
  0.090537;0.165554;0.161308;,
  0.045514;0.163212;0.188538;,
  0.049919;0.334399;0.154382;,
  0.085995;0.369259;0.116518;,
  0.097745;0.362893;0.100314;,
  0.074894;0.296591;0.090337;,
  0.092070;0.333016;0.056248;,
  0.082110;0.321401;0.133333;,
  0.058252;0.309445;0.029116;,
  0.052177;0.277699;0.068132;,
  0.003574;0.308096;0.021097;,
  0.003290;0.271086;0.066393;,
  0.101589;0.385939;-0.044974;,
  0.127876;0.349252;-0.067953;,
  0.072346;0.364935;-0.004983;,
  0.124528;0.279547;-0.049831;,
  0.095644;0.314513;-0.031289;,
  0.150852;0.306831;-0.080187;,
  0.120524;0.356634;0.031374;,
  0.095644;0.314513;-0.031289;,
  0.144677;0.315540;0.012985;,
  0.166013;0.270197;-0.020414;,
  0.124528;0.279547;-0.049831;,
  0.130357;0.362260;0.031667;,
  0.176914;0.350589;-0.023568;,
  0.150468;0.385960;-0.000709;,
  0.192325;0.297261;-0.050732;,
  0.126846;0.391321;-0.029832;,
  0.142389;0.303528;-0.096303;,
  0.101498;0.237259;-0.112119;,
  0.110752;0.270089;-0.061933;,
  0.122022;0.260231;-0.132080;,
  0.104561;0.206688;-0.140916;,
  0.108186;0.221596;-0.161650;,
  0.110752;0.270089;-0.061933;,
  0.152266;0.212706;-0.102442;,
  0.162406;0.238085;-0.044529;,
  0.101498;0.237259;-0.112119;,
  0.132640;0.202845;-0.147264;,
  0.104561;0.206688;-0.140916;,
  0.167782;0.230692;-0.117603;,
  0.193910;0.271392;-0.078639;,
  0.137938;0.203373;-0.155324;,
  0.102232;0.094858;-0.220119;,
  0.143250;0.134080;-0.226112;,
  0.117640;0.099177;-0.205025;,
  0.127789;0.129507;-0.240644;,
  0.104796;0.115917;-0.167764;,
  0.094487;0.119137;-0.180562;,
  0.104396;0.114652;-0.178901;,
  0.093322;0.116905;-0.165903;,
  0.145474;0.192096;-0.180442;,
  0.105381;0.147864;-0.171431;,
  0.135844;0.169578;-0.208656;,
  0.123242;0.163743;-0.146178;,
  0.119458;0.169437;-0.220040;,
  0.112491;0.205526;-0.193214;,
  0.088391;0.176897;-0.157137;,
  0.089924;0.149253;-0.183908;,
  0.106322;0.434555;-0.009293;,
  0.107202;0.414539;-0.031387;,
  0.075588;0.441919;-0.006012;,
  0.071376;0.421692;-0.024548;,
  0.095718;0.410299;0.089582;,
  0.042650;0.439476;-0.029547;,
  0.097248;0.390221;-0.032961;,
  0.079821;0.377126;-0.013059;,
  0.070106;0.393428;-0.025149;,
  0.091707;0.378335;-0.014468;,
  0.102547;0.433555;0.052137;,
  0.059174;0.445100;0.070175;,
  0.105438;0.433354;0.046171;,
  0.001291;0.442872;0.074961;,
  0.002346;0.462490;0.018208;,
  0.082119;0.461515;0.019519;,
  0.105438;0.433354;0.046171;,
  0.088597;0.383307;0.024687;,
  0.105588;0.419740;0.044853;,
  0.072346;0.364935;-0.004983;,
  0.098577;0.386678;0.068131;,
  0.092431;0.361265;0.044788;,
  0.088458;0.370328;0.000459;,
  0.103575;0.399390;0.078031;,
  0.123242;0.163743;-0.146178;,
  0.039866;0.443425;-0.056073;,
  0.030465;0.462080;-0.047916;,
  0.003192;0.467087;-0.015909;,
  0.004347;0.469874;-0.046147;,
  0.089924;0.149253;-0.183908;,
  0.102232;0.094858;-0.220119;,
  0.127789;0.129507;-0.240644;,
  0.114442;0.129475;-0.156748;,
  0.089354;0.135325;-0.159455;,
  0.114442;0.129475;-0.156748;,
  0.111615;0.131329;-0.174223;,
  0.092324;0.145904;-0.178826;,
  0.092324;0.145904;-0.178826;,
  0.104796;0.115917;-0.167764;,
  0.093322;0.116905;-0.165903;,
  0.094487;0.119137;-0.180562;,
  0.095161;0.020229;-0.022695;,
  0.064907;-0.001384;-0.067442;,
  0.063586;0.017195;-0.060205;,
  0.100721;-0.001396;-0.029932;,
  0.045608;0.031889;0.088968;,
  0.044025;-0.001414;0.051072;,
  0.049355;-0.001521;0.099599;,
  0.042654;0.023543;0.048539;,
  0.052693;0.087085;0.063819;,
  0.087148;0.034911;0.088437;,
  0.076685;0.092366;0.062160;,
  0.088920;-0.001437;0.054139;,
  0.084211;-0.001544;0.099332;,
  0.090070;0.033509;0.051668;,
  0.067388;0.058354;0.022387;,
  0.086424;0.069979;0.048198;,
  0.036094;0.014162;-0.049751;,
  0.029967;-0.001373;-0.056988;,
  0.100721;-0.001396;-0.029932;,
  0.029967;-0.001373;-0.056988;,
  0.012060;0.227145;0.008714;,
  0.030128;0.221252;-0.090137;,
  0.020365;0.169240;-0.045667;,
  0.033188;0.125866;-0.007072;,
  0.050120;0.059933;0.046006;,
  0.050120;0.059933;0.046006;,
  0.003000;0.154793;0.169268;,
  0.050873;0.434545;-0.069601;,
  0.033351;0.416030;-0.078224;,
  0.042282;0.420494;-0.083359;,
  0.032115;0.427125;-0.061460;,
  0.043174;0.463685;-0.061254;,
  0.035257;0.483551;-0.050065;,
  0.024444;0.541081;-0.158358;,
  0.004763;0.519140;-0.176075;,
  0.004763;0.544873;-0.160944;,
  0.038680;0.459559;-0.158506;,
  0.021721;0.454863;-0.163311;,
  0.035012;0.487432;-0.168118;,
  0.048161;0.435122;-0.097779;,
  0.056199;0.459317;-0.082447;,
  0.049304;0.448893;-0.068855;,
  0.057323;0.497869;-0.088467;,
  0.057799;0.493122;-0.112536;,
  0.048417;0.502512;-0.158748;,
  0.057083;0.519733;-0.138537;,
  0.053566;0.474196;-0.131677;,
  0.054716;0.510308;-0.077475;,
  0.043879;0.528747;-0.065610;,
  0.004763;0.535976;-0.057043;,
  0.037619;0.559730;-0.102396;,
  0.004763;0.567223;-0.095165;,
  0.054040;0.456294;-0.117720;,
  0.038804;0.419274;-0.103501;,
  0.039605;0.438653;-0.133775;,
  0.024265;0.392442;-0.098851;,
  0.004763;0.394689;-0.086154;,
  0.004763;0.384179;-0.104498;,
  0.030521;0.508314;-0.172134;,
  0.044124;0.532916;-0.152082;,
  0.052764;0.546633;-0.116255;,
  0.039230;0.555719;-0.133464;,
  0.021997;0.563901;-0.131447;,
  0.004763;0.567074;-0.130845;,
  0.004763;0.497855;-0.044356;,
  0.052764;0.546633;-0.116255;,
  0.039230;0.555719;-0.133464;,
  0.062456;0.461154;-0.084523;,
  0.067981;0.504573;-0.103219;,
  0.073040;0.493800;-0.085559;,
  0.060867;0.486446;-0.096606;,
  0.073040;0.493800;-0.085559;,
  0.062456;0.461154;-0.084523;,
  0.067981;0.504573;-0.103219;,
  0.057799;0.493122;-0.112536;,
  0.058305;0.469448;-0.104013;,
  0.056199;0.459317;-0.082447;,
  0.039317;0.456815;-0.146637;,
  0.058305;0.469448;-0.104013;,
  0.042650;0.439476;-0.029547;,
  0.039866;0.443425;-0.056073;,
  0.071376;0.421692;-0.024548;,
  0.043174;0.463685;-0.061254;,
  0.004701;0.400467;-0.034394;,
  0.004776;0.379844;-0.022982;,
  0.003000;0.241933;0.082387;,
  0.003000;0.217933;0.226869;,
  0.003000;0.183905;0.231195;,
  0.002947;0.146454;0.147228;,
  0.004998;0.401520;-0.061585;,
  0.003000;0.154793;0.169268;,
  0.021997;0.563901;-0.131447;,
  0.004763;0.567074;-0.130845;,
  0.024882;0.415254;-0.121279;,
  0.017345;0.429911;-0.139991;,
  0.017537;0.421858;-0.134670;,
  0.004763;0.504357;-0.180705;,
  0.004763;0.478974;-0.178938;,
  0.019637;0.452832;-0.150622;,
  0.002421;0.334801;0.156120;,
  0.071376;0.421692;-0.024548;,
  0.064907;-0.001384;-0.067442;,
  0.016620;0.404344;-0.121869;,
  0.024287;0.409989;-0.117323;,
  0.016435;0.410347;-0.121651;,
  0.004763;0.418199;-0.138219;,
  0.004763;0.419865;-0.150786;,
  0.016183;0.410832;-0.127846;,
  0.004763;0.410299;-0.122247;,
  0.004763;0.401427;-0.123180;,
  0.004763;0.450167;-0.168117;,
  0.004763;0.444666;-0.159563;,
  0.105588;0.419740;0.044853;,
  0.004763;0.408771;-0.130962;,
  0.085176;0.396089;0.035832;,
  0.088597;0.383307;0.024687;,
  0.088458;0.370328;0.000459;,
  0.054716;0.510308;-0.077475;,
  0.062057;0.171817;-0.074984;,
  0.040301;0.083377;-0.082390;,
  0.023629;0.149589;-0.099657;,
  0.063764;0.114441;-0.028123;,
  0.056688;0.236657;-0.102469;,
  0.016553;0.232992;-0.091112;,
  0.057325;0.256600;0.009616;,
  0.009570;0.232899;0.008201;,
  0.055664;0.230726;0.110445;,
  0.009342;0.234585;0.097039;,
  0.044023;0.196998;0.106214;,
  0.046540;0.018540;-0.068942;,
  0.067388;0.058354;0.022387;,
  0.034759;0.147469;0.056892;,
  0.028005;-0.022340;0.191946;,
  0.041641;0.091600;0.098700;,
  0.018664;0.021197;0.146369;,
  0.010123;0.056054;0.098478;,
  0.022421;0.220957;0.000023;,
  0.005418;0.073073;0.075327;,
  0.027673;0.201917;-0.065479;,
  0.025227;0.137526;0.003145;,
  0.001644;0.113163;0.130622;,
  0.004205;0.163594;0.218620;,
  0.085176;0.396089;0.035832;,
  -0.060798;0.391179;-0.028358;,
  -0.028725;0.388678;-0.020668;,
  -0.070528;0.374542;-0.016746;,
  -0.023852;0.420977;-0.029466;,
  -0.079587;0.367693;-0.003593;,
  -0.049490;0.329782;0.007965;,
  -0.086819;0.351702;0.028572;,
  -0.036012;0.354362;-0.011286;,
  -0.025800;0.461892;-0.018140;,
  -0.077443;0.458616;0.015569;,
  -0.044635;0.468697;0.017891;,
  -0.069281;0.439260;-0.009593;,
  -0.080349;0.260938;0.173580;,
  -0.039914;0.276172;0.187680;,
  -0.073569;0.272448;0.166093;,
  -0.039026;0.261538;0.198369;,
  -0.068273;0.257790;0.112999;,
  -0.081221;0.237338;0.137360;,
  -0.040439;0.245041;0.085228;,
  -0.066317;0.209960;0.114189;,
  -0.038023;0.196998;0.106214;,
  0.003000;0.274139;0.188178;,
  0.003000;0.257316;0.199055;,
  -0.050019;0.380171;0.127733;,
  0.001428;0.419335;0.107497;,
  -0.055431;0.417076;0.101885;,
  0.001972;0.383879;0.130860;,
  -0.053452;0.178258;0.096026;,
  -0.107952;0.085232;0.075624;,
  -0.090576;0.170514;0.128390;,
  -0.067671;0.093709;0.051939;,
  -0.079927;-0.017723;0.034880;,
  -0.108103;-0.006256;0.050474;,
  -0.006954;0.170003;0.113956;,
  -0.035539;0.049747;0.146547;,
  -0.022582;0.078182;0.077302;,
  -0.009105;0.158182;0.224628;,
  -0.054437;-0.005178;0.065765;,
  -0.051996;-0.014493;0.051059;,
  -0.113867;0.061402;0.135562;,
  -0.089913;0.140493;0.182008;,
  -0.094721;0.000895;0.064005;,
  -0.091698;0.075781;0.306184;,
  -0.052132;0.120666;0.313395;,
  -0.086989;0.120398;0.313376;,
  -0.046803;0.072756;0.305680;,
  -0.081033;-0.009765;0.104109;,
  -0.101129;0.050941;0.162875;,
  -0.108249;0.021585;0.094541;,
  -0.076100;0.019751;0.171898;,
  -0.088855;0.082609;0.235610;,
  -0.071684;0.053177;0.240417;,
  -0.036055;0.012887;0.112371;,
  -0.035569;0.074537;0.141621;,
  -0.043387;0.039528;0.165019;,
  -0.031060;0.056760;0.078357;,
  -0.054568;0.099516;0.221280;,
  -0.052897;0.077372;0.244298;,
  -0.096984;0.083621;0.142861;,
  -0.102558;0.064675;0.070978;,
  -0.078671;0.100893;0.216490;,
  -0.087324;0.210248;0.148571;,
  -0.006954;0.170003;0.113956;,
  -0.089057;0.216712;0.202782;,
  -0.039026;0.220557;0.226532;,
  -0.086996;0.158710;0.196736;,
  -0.041263;0.163201;0.221724;,
  -0.045042;0.333958;0.153753;,
  -0.081430;0.367821;0.114466;,
  -0.092647;0.361258;0.097980;,
  -0.068811;0.295925;0.089386;,
  -0.076831;0.320664;0.132281;,
  -0.085377;0.331491;0.054073;,
  -0.050524;0.308511;0.027782;,
  -0.045651;0.277246;0.067484;,
  -0.088439;0.383486;-0.049519;,
  -0.059700;0.366439;-0.007340;,
  -0.107389;0.343675;-0.074439;,
  -0.096040;0.275541;-0.055315;,
  -0.123498;0.299015;-0.087771;,
  -0.073491;0.313489;-0.035328;,
  -0.108883;0.351035;0.025150;,
  -0.125456;0.307120;0.004977;,
  -0.073491;0.313489;-0.035328;,
  -0.137395;0.258863;-0.030481;,
  -0.096040;0.275541;-0.055315;,
  -0.119408;0.355208;0.024667;,
  -0.159412;0.337610;-0.034025;,
  -0.140110;0.376141;-0.009210;,
  -0.164809;0.282111;-0.062908;,
  -0.115302;0.385084;-0.036404;,
  -0.112701;0.299025;-0.102307;,
  -0.058307;0.242494;-0.114928;,
  -0.080503;0.262158;-0.136563;,
  -0.079269;0.270470;-0.065330;,
  -0.050955;0.211183;-0.146442;,
  -0.056775;0.228499;-0.165052;,
  -0.079269;0.270470;-0.065330;,
  -0.104156;0.208383;-0.112055;,
  -0.058307;0.242494;-0.114928;,
  -0.125461;0.228556;-0.055024;,
  -0.077381;0.201340;-0.156747;,
  -0.050955;0.211183;-0.146442;,
  -0.121047;0.223860;-0.128464;,
  -0.158752;0.257007;-0.091731;,
  -0.082825;0.204401;-0.163065;,
  0.051327;0.168255;-0.209268;,
  0.000783;0.171280;-0.235592;,
  0.018219;0.183404;-0.240081;,
  0.033911;0.155781;-0.204271;,
  0.016019;0.161178;-0.165743;,
  0.024130;0.174689;-0.171411;,
  0.021309;0.168378;-0.158241;,
  0.021084;0.164773;-0.175083;,
  -0.059129;0.192018;-0.197684;,
  -0.006501;0.183872;-0.169241;,
  -0.037394;0.173864;-0.156817;,
  -0.027105;0.193452;-0.216874;,
  -0.013491;0.207978;-0.218194;,
  -0.045351;0.226738;-0.191671;,
  -0.022963;0.208888;-0.148287;,
  0.005833;0.199263;-0.171980;,
  -0.099144;0.431012;-0.014335;,
  -0.098256;0.411000;-0.036427;,
  -0.069281;0.439260;-0.009593;,
  -0.063068;0.419382;-0.027844;,
  -0.091813;0.407785;0.085996;,
  -0.034756;0.438146;-0.031445;,
  -0.087498;0.387132;-0.037464;,
  -0.070528;0.374542;-0.016746;,
  -0.082164;0.376491;-0.018431;,
  -0.060798;0.391179;-0.028358;,
  -0.098251;0.429881;0.047149;,
  -0.100822;0.429532;0.041034;,
  -0.056330;0.443115;0.067342;,
  0.001291;0.442872;0.074961;,
  0.002346;0.462490;0.018208;,
  -0.077443;0.458616;0.015569;,
  -0.100822;0.429532;0.041034;,
  -0.081333;0.380537;0.020561;,
  -0.059700;0.366439;-0.007340;,
  -0.100399;0.416086;0.039766;,
  -0.093230;0.384108;0.064463;,
  -0.085532;0.358879;0.041385;,
  -0.079587;0.367693;-0.003593;,
  -0.098930;0.396676;0.074158;,
  -0.037394;0.173864;-0.156817;,
  -0.030522;0.442760;-0.057022;,
  -0.021609;0.461588;-0.048618;,
  0.003192;0.467087;-0.015909;,
  0.004347;0.469874;-0.046147;,
  0.005833;0.199263;-0.171980;,
  0.051327;0.168255;-0.209268;,
  0.018219;0.183404;-0.240081;,
  -0.003405;0.160144;-0.161290;,
  0.007825;0.180946;-0.150701;,
  -0.003405;0.160144;-0.161290;,
  0.003000;0.169776;-0.174817;,
  0.005117;0.193560;-0.168854;,
  0.005117;0.193560;-0.168854;,
  0.016019;0.161178;-0.165743;,
  0.021309;0.168378;-0.158241;,
  0.024130;0.174689;-0.171411;,
  -0.097939;0.003295;0.272739;,
  -0.067685;-0.044287;0.287068;,
  -0.103499;-0.007243;0.292961;,
  -0.066364;-0.034227;0.269853;,
  -0.048386;0.115405;0.278731;,
  -0.046803;0.072756;0.305680;,
  -0.045431;0.074167;0.280635;,
  -0.052132;0.120666;0.313395;,
  -0.054568;0.099516;0.221280;,
  -0.089926;0.115355;0.275663;,
  -0.078671;0.100893;0.216490;,
  -0.091698;0.075781;0.306184;,
  -0.092848;0.078820;0.271283;,
  -0.086989;0.120398;0.313376;,
  -0.071684;0.053177;0.240417;,
  -0.088855;0.082609;0.235610;,
  -0.038872;-0.024378;0.274489;,
  -0.032745;-0.033961;0.288696;,
  -0.103499;-0.007243;0.292961;,
  -0.032745;-0.033961;0.288696;,
  -0.022582;0.078182;0.077302;,
  -0.051996;-0.014493;0.051059;,
  -0.036055;0.012887;0.112371;,
  -0.043387;0.039528;0.165019;,
  -0.052897;0.077372;0.244298;,
  -0.052897;0.077372;0.244298;,
  -0.041347;0.434545;-0.069601;,
  -0.023826;0.416031;-0.078224;,
  -0.022409;0.426610;-0.062195;,
  -0.032756;0.420494;-0.083359;,
  -0.033648;0.463685;-0.061254;,
  -0.025732;0.483551;-0.050065;,
  -0.014918;0.541081;-0.158358;,
  0.004763;0.544873;-0.160944;,
  -0.029154;0.459559;-0.158506;,
  -0.025486;0.487432;-0.168118;,
  -0.012195;0.454863;-0.163311;,
  -0.038635;0.435122;-0.097779;,
  -0.046673;0.459317;-0.082447;,
  -0.039779;0.448893;-0.068855;,
  -0.047797;0.497869;-0.088467;,
  -0.048273;0.493122;-0.112536;,
  -0.038891;0.502512;-0.158748;,
  -0.044040;0.474196;-0.131677;,
  -0.047557;0.519733;-0.138537;,
  -0.045190;0.510308;-0.077475;,
  -0.034353;0.528747;-0.065610;,
  0.004763;0.535976;-0.057043;,
  -0.028093;0.559730;-0.102396;,
  0.004763;0.567223;-0.095165;,
  -0.044514;0.456294;-0.117720;,
  -0.030079;0.438653;-0.133775;,
  -0.029279;0.419274;-0.103501;,
  -0.014739;0.392443;-0.098852;,
  -0.020995;0.508314;-0.172134;,
  -0.034598;0.532916;-0.152082;,
  -0.043238;0.546633;-0.116256;,
  -0.029704;0.555719;-0.133464;,
  0.004763;0.567074;-0.130845;,
  -0.012470;0.563901;-0.131447;,
  0.004763;0.497855;-0.044356;,
  -0.043238;0.546633;-0.116256;,
  -0.029704;0.555719;-0.133464;,
  -0.052930;0.461154;-0.084523;,
  -0.058455;0.504574;-0.103219;,
  -0.051341;0.486447;-0.096606;,
  -0.063514;0.493800;-0.085560;,
  -0.063514;0.493800;-0.085560;,
  -0.052930;0.461154;-0.084523;,
  -0.058455;0.504574;-0.103219;,
  -0.048273;0.493122;-0.112536;,
  -0.048779;0.469448;-0.104013;,
  -0.046673;0.459317;-0.082447;,
  -0.029791;0.456815;-0.146637;,
  -0.048779;0.469448;-0.104013;,
  -0.034756;0.438146;-0.031445;,
  -0.030522;0.442760;-0.057022;,
  -0.063068;0.419382;-0.027844;,
  -0.033648;0.463685;-0.061254;,
  0.003000;0.217933;0.226869;,
  0.003000;0.183905;0.231195;,
  0.002947;0.146454;0.147228;,
  0.003000;0.154793;0.169268;,
  -0.012470;0.563901;-0.131447;,
  0.004763;0.567074;-0.130845;,
  -0.015356;0.415254;-0.121279;,
  -0.007819;0.429911;-0.139991;,
  -0.008011;0.421858;-0.134670;,
  -0.010112;0.452832;-0.150622;,
  0.002421;0.334801;0.156120;,
  -0.063068;0.419382;-0.027844;,
  -0.067685;-0.044287;0.287068;,
  -0.014761;0.409989;-0.117323;,
  -0.007094;0.404344;-0.121869;,
  -0.006910;0.410347;-0.121651;,
  -0.006657;0.410832;-0.127846;,
  -0.100399;0.416086;0.039766;,
  -0.078916;0.393468;0.031862;,
  -0.081333;0.380537;0.020561;,
  -0.079587;0.367693;-0.003593;,
  -0.045190;0.510308;-0.077475;,
  -0.028541;0.040463;0.017909;,
  0.004937;0.052461;-0.047362;,
  -0.028711;0.017396;0.050874;,
  -0.001499;0.109812;-0.059019;,
  -0.032308;0.064349;-0.026354;,
  -0.005833;0.167049;-0.063002;,
  -0.012903;0.128888;0.028480;,
  0.001159;0.182492;0.009877;,
  -0.002712;0.184336;0.083302;,
  0.004853;0.204444;0.085219;,
  0.003000;0.186951;0.096243;,
  -0.038023;0.196998;0.106214;,
  0.009287;0.002844;-0.040077;,
  -0.024571;-0.006281;0.079361;,
  -0.022450;0.104312;0.208623;,
  -0.096984;0.083621;0.142861;,
  -0.078658;0.100893;0.216489;,
  -0.029342;0.084928;0.141913;,
  -0.102558;0.064675;0.070978;,
  -0.036826;0.073039;0.076801;,
  -0.046563;0.002377;0.076208;,
  -0.094721;0.000895;0.064005;,
  -0.113867;0.061402;0.135562;,
  -0.035708;0.042708;0.162575;,
  0.003000;0.183905;0.231194;,
  -0.041263;0.163201;0.221724;,
  -0.078916;0.393468;0.031862;,
  -0.053452;0.178258;0.096026;,
  -0.067671;0.093709;0.051939;,
  -0.079927;-0.017723;0.034880;,
  -0.081033;-0.009765;0.104109;,
  -0.076100;0.019751;0.171898;,
  -0.071684;0.053177;0.240417;,
  0.103632;0.167367;0.001647;,
  0.045514;0.163212;0.188538;,
  0.090973;0.160008;0.120314;,
  0.074884;0.213617;-0.075566;,
  0.090185;0.224162;-0.015224;,
  0.090265;0.159980;0.022695;,
  0.076685;0.092366;0.062160;,
  -0.089913;0.140493;0.182008;;
  916;
  3;0,1,2;,
  3;1,0,3;,
  3;4,5,6;,
  3;5,4,7;,
  3;8,9,10;,
  3;9,8,11;,
  3;12,13,14;,
  3;13,12,15;,
  3;16,12,17;,
  3;12,16,15;,
  3;18,19,20;,
  3;19,18,16;,
  3;6,21,22;,
  3;21,6,5;,
  3;14,23,24;,
  3;23,14,13;,
  3;25,26,27;,
  3;26,25,28;,
  3;29,30,31;,
  3;30,29,32;,
  3;30,33,31;,
  3;33,30,34;,
  3;35,36,37;,
  3;36,35,38;,
  3;38,39,36;,
  3;39,38,40;,
  3;37,41,42;,
  3;41,37,36;,
  3;36,43,41;,
  3;43,36,39;,
  3;42,30,32;,
  3;30,42,41;,
  3;41,34,30;,
  3;34,41,43;,
  3;44,45,46;,
  3;45,44,47;,
  3;48,49,50;,
  3;49,48,51;,
  3;50,52,53;,
  3;52,50,49;,
  3;54,55,56;,
  3;55,54,57;,
  3;57,58,55;,
  3;58,57,59;,
  3;56,60,61;,
  3;60,56,55;,
  3;55,62,60;,
  3;62,55,58;,
  3;61,49,51;,
  3;49,61,60;,
  3;60,52,49;,
  3;52,60,62;,
  3;32,19,63;,
  3;19,32,29;,
  3;64,65,66;,
  3;65,64,20;,
  3;14,67,12;,
  3;67,14,68;,
  3;68,69,67;,
  3;69,68,70;,
  3;70,42,69;,
  3;42,70,37;,
  3;48,34,51;,
  3;34,48,33;,
  3;51,43,61;,
  3;43,51,34;,
  3;43,56,61;,
  3;56,43,39;,
  3;39,54,56;,
  3;54,39,40;,
  3;12,63,17;,
  3;63,12,67;,
  3;67,32,63;,
  3;32,67,69;,
  3;69,42,32;,
  3;71,72,25;,
  3;73,74,75;,
  3;74,73,76;,
  3;74,77,75;,
  3;77,74,78;,
  3;79,78,80;,
  3;78,79,77;,
  3;81,82,83;,
  3;82,84,85;,
  3;84,82,86;,
  3;87,88,89;,
  3;88,90,89;,
  3;90,88,91;,
  3;92,93,94;,
  3;92,89,93;,
  3;92,87,89;,
  3;89,95,93;,
  3;95,89,90;,
  3;96,93,82;,
  3;93,86,82;,
  3;86,93,95;,
  3;97,98,99;,
  3;98,97,100;,
  3;100,101,98;,
  3;101,100,102;,
  3;103,104,105;,
  3;104,103,106;,
  3;106,107,104;,
  3;107,106,108;,
  3;105,109,110;,
  3;109,105,104;,
  3;104,111,109;,
  3;111,104,107;,
  3;110,100,97;,
  3;100,110,109;,
  3;109,102,100;,
  3;102,109,111;,
  3;112,113,114;,
  3;113,112,115;,
  3;116,117,118;,
  3;117,116,119;,
  3;120,121,122;,
  3;121,120,123;,
  3;120,124,125;,
  3;124,120,122;,
  3;126,124,127;,
  3;124,126,125;,
  3;95,97,86;,
  3;97,95,110;,
  3;86,99,84;,
  3;99,86,97;,
  3;90,103,105;,
  3;103,90,91;,
  3;105,95,90;,
  3;95,105,110;,
  3;128,96,129;,
  3;96,128,94;,
  3;129,130,128;,
  3;130,129,131;,
  3;72,28,25;,
  3;28,72,132;,
  3;10,133,8;,
  3;134,135,136;,
  3;135,134,137;,
  3;81,137,134;,
  3;138,11,139;,
  3;138,9,11;,
  3;138,140,9;,
  3;141,11,142;,
  3;11,141,139;,
  3;128,130,143;,
  3;94,144,92;,
  3;94,143,144;,
  3;94,128,143;,
  3;145,87,146;,
  3;87,145,147;,
  3;75,148,73;,
  3;148,75,149;,
  3;150,147,145;,
  3;7,149,75;,
  3;148,151,73;,
  3;102,152,101;,
  3;152,102,126;,
  3;102,125,126;,
  3;125,102,111;,
  3;111,120,125;,
  3;120,111,107;,
  3;120,108,123;,
  3;108,120,107;,
  3;8,153,154;,
  3;153,8,133;,
  3;154,155,8;,
  3;155,154,156;,
  3;122,114,113;,
  3;114,122,121;,
  3;121,112,114;,
  3;112,121,157;,
  3;158,124,159;,
  3;124,158,127;,
  3;159,122,113;,
  3;122,159,124;,
  3;126,160,152;,
  3;160,126,161;,
  3;162,121,123;,
  3;121,162,163;,
  3;121,164,157;,
  3;164,121,163;,
  3;165,126,127;,
  3;126,165,161;,
  3;161,166,160;,
  3;166,161,167;,
  3;162,118,163;,
  3;118,162,116;,
  3;163,117,164;,
  3;117,163,118;,
  3;165,167,161;,
  3;167,165,168;,
  3;169,170,171;,
  3;170,169,172;,
  3;173,174,175;,
  3;174,173,176;,
  3;177,178,179;,
  3;178,177,173;,
  3;180,178,181;,
  3;178,180,182;,
  3;183,169,171;,
  3;169,183,184;,
  3;174,185,186;,
  3;185,174,176;,
  3;46,187,44;,
  3;187,46,188;,
  3;180,169,182;,
  3;169,180,172;,
  3;20,29,65;,
  3;19,29,20;,
  3;29,31,189;,
  3;31,190,189;,
  3;190,31,33;,
  3;33,191,190;,
  3;191,33,48;,
  3;191,50,192;,
  3;50,191,48;,
  3;192,53,193;,
  3;53,192,50;,
  3;194,171,185;,
  3;171,194,183;,
  3;171,186,185;,
  3;186,171,170;,
  3;185,176,194;,
  3;194,173,177;,
  3;173,194,176;,
  3;178,175,181;,
  3;175,178,173;,
  3;179,182,184;,
  3;182,179,178;,
  3;182,169,184;,
  3;16,17,19;,
  3;17,63,19;,
  3;65,195,66;,
  3;196,197,198;,
  3;197,196,199;,
  3;200,154,153;,
  3;154,200,201;,
  3;202,203,204;,
  3;205,206,207;,
  3;196,208,209;,
  3;208,196,198;,
  3;210,209,211;,
  3;209,210,196;,
  3;212,213,214;,
  3;213,212,215;,
  3;212,214,211;,
  3;201,216,217;,
  3;216,201,200;,
  3;218,219,220;,
  3;219,218,217;,
  3;210,199,196;,
  3;213,205,207;,
  3;221,222,223;,
  3;198,197,224;,
  3;224,225,226;,
  3;225,224,197;,
  3;227,213,207;,
  3;228,229,214;,
  3;229,228,230;,
  3;220,231,232;,
  3;213,228,214;,
  3;156,201,233;,
  3;201,156,154;,
  3;233,217,218;,
  3;217,233,201;,
  3;219,217,234;,
  3;235,219,234;,
  3;236,237,238;,
  3;237,236,239;,
  3;209,240,211;,
  3;240,209,241;,
  3;211,242,212;,
  3;242,211,240;,
  3;243,239,244;,
  3;239,243,237;,
  3;244,236,245;,
  3;236,244,239;,
  3;246,221,223;,
  3;221,246,215;,
  3;221,212,247;,
  3;212,221,215;,
  3;199,248,2;,
  3;248,199,249;,
  3;133,10,250;,
  3;249,210,251;,
  3;210,249,199;,
  3;210,211,251;,
  3;252,1,253;,
  3;1,252,2;,
  3;20,254,18;,
  3;254,20,64;,
  3;24,68,14;,
  3;68,24,255;,
  3;68,256,70;,
  3;256,68,255;,
  3;256,37,70;,
  3;37,256,257;,
  3;258,2,252;,
  3;2,258,199;,
  3;257,259,37;,
  3;37,259,35;,
  3;260,204,261;,
  3;204,260,202;,
  3;262,263,223;,
  3;263,262,264;,
  3;197,258,225;,
  3;258,197,199;,
  3;265,203,227;,
  3;265,207,266;,
  3;207,265,227;,
  3;223,267,246;,
  3;267,223,263;,
  3;88,87,147;,
  3;83,82,85;,
  3;78,16,18;,
  3;16,78,74;,
  3;74,15,16;,
  3;15,74,76;,
  3;15,71,13;,
  3;71,15,76;,
  3;13,268,23;,
  3;268,13,71;,
  3;248,269,2;,
  3;2,269,0;,
  3;136,129,134;,
  3;129,136,131;,
  3;134,96,81;,
  3;96,134,129;,
  3;96,82,81;,
  3;93,96,94;,
  3;29,189,65;,
  3;205,215,246;,
  3;267,205,246;,
  3;205,267,206;,
  3;205,213,215;,
  3;187,188,270;,
  3;224,271,272;,
  3;222,221,208;,
  3;224,222,198;,
  3;272,273,262;,
  3;273,272,271;,
  3;263,274,275;,
  3;273,276,262;,
  3;277,271,278;,
  3;271,277,273;,
  3;222,272,262;,
  3;272,222,224;,
  3;222,208,198;,
  3;209,221,247;,
  3;221,209,208;,
  3;223,222,262;,
  3;266,206,279;,
  3;206,266,207;,
  3;206,280,279;,
  3;280,206,267;,
  3;280,263,275;,
  3;263,280,267;,
  3;264,262,276;,
  3;76,73,72;,
  3;138,281,140;,
  3;73,132,72;,
  3;132,73,151;,
  3;72,71,76;,
  3;271,226,278;,
  3;155,11,8;,
  3;276,277,282;,
  3;277,276,273;,
  3;274,276,282;,
  3;276,274,264;,
  3;28,141,26;,
  3;141,28,139;,
  3;139,132,138;,
