xof 0303txt 0032
template ColorRGBA {
 <35ff44e0-6c7c-11cf-8f52-0040333594a3>
 FLOAT red;
 FLOAT green;
 FLOAT blue;
 FLOAT alpha;
}

template ColorRGB {
 <d3e16e81-7835-11cf-8f52-0040333594a3>
 FLOAT red;
 FLOAT green;
 FLOAT blue;
}

template Material {
 <3d82ab4d-62da-11cf-ab39-0020af71e433>
 ColorRGBA faceColor;
 FLOAT power;
 ColorRGB specularColor;
 ColorRGB emissiveColor;
 [...]
}

template TextureFilename {
 <a42790e1-7810-11cf-8f52-0040333594a3>
 STRING filename;
}

template Frame {
 <3d82ab46-62da-11cf-ab39-0020af71e433>
 [...]
}

template Matrix4x4 {
 <f6f23f45-7686-11cf-8f52-0040333594a3>
 array FLOAT matrix[16];
}

template FrameTransformMatrix {
 <f6f23f41-7686-11cf-8f52-0040333594a3>
 Matrix4x4 frameMatrix;
}

template Vector {
 <3d82ab5e-62da-11cf-ab39-0020af71e433>
 FLOAT x;
 FLOAT y;
 FLOAT z;
}

template MeshFace {
 <3d82ab5f-62da-11cf-ab39-0020af71e433>
 DWORD nFaceVertexIndices;
 array DWORD faceVertexIndices[nFaceVertexIndices];
}

template Mesh {
 <3d82ab44-62da-11cf-ab39-0020af71e433>
 DWORD nVertices;
 array Vector vertices[nVertices];
 DWORD nFaces;
 array MeshFace faces[nFaces];
 [...]
}

template MeshMaterialList {
 <f6f23f42-7686-11cf-8f52-0040333594a3>
 DWORD nMaterials;
 DWORD nFaceIndexes;
 array DWORD faceIndexes[nFaceIndexes];
 [Material <3d82ab4d-62da-11cf-ab39-0020af71e433>]
}

template VertexElement {
 <f752461c-1e23-48f6-b9f8-8350850f336f>
 DWORD Type;
 DWORD Method;
 DWORD Usage;
 DWORD UsageIndex;
}

template DeclData {
 <bf22e553-292c-4781-9fea-62bd554bdd93>
 DWORD nElements;
 array VertexElement Elements[nElements];
 DWORD nDWords;
 array DWORD data[nDWords];
}

template XSkinMeshHeader {
 <3cf169ce-ff7c-44ab-93c0-f78f62d172e2>
 WORD nMaxSkinWeightsPerVertex;
 WORD nMaxSkinWeightsPerFace;
 WORD nBones;
}

template SkinWeights {
 <6f0d123b-bad2-4167-a0d0-80224f25fabb>
 STRING transformNodeName;
 DWORD nWeights;
 array DWORD vertexIndices[nWeights];
 array FLOAT weights[nWeights];
 Matrix4x4 matrixOffset;
}

template AnimTicksPerSecond {
 <9e415a43-7ba6-4a73-8743-b73d47e88476>
 DWORD AnimTicksPerSecond;
}

template Animation {
 <3d82ab4f-62da-11cf-ab39-0020af71e433>
 [...]
}

template AnimationSet {
 <3d82ab50-62da-11cf-ab39-0020af71e433>
 [Animation <3d82ab4f-62da-11cf-ab39-0020af71e433>]
}

template FloatKeys {
 <10dd46a9-775b-11cf-8f52-0040333594a3>
 DWORD nValues;
 array FLOAT values[nValues];
}

template TimedFloatKeys {
 <f406b180-7b3b-11cf-8f52-0040333594a3>
 DWORD time;
 FloatKeys tfkeys;
}

template AnimationKey {
 <10dd46a8-775b-11cf-8f52-0040333594a3>
 DWORD keyType;
 DWORD nKeys;
 array TimedFloatKeys keys[nKeys];
}


Material _03_-_Default {
 1.000000;1.000000;1.000000;1.000000;;
 9.999999;
 0.000000;0.000000;0.000000;;
 0.000000;0.000000;0.000000;;

 TextureFilename {
  "MaleBody_full.png";
 }
}

Frame Dummy01 {
 

 FrameTransformMatrix {
  1.000000,0.000000,0.000000,0.000000,0.000000,-0.000000,-1.000000,0.000000,0.000000,1.000000,-0.000000,0.000000,0.000000,0.000000,0.000000,1.000000;;
 }

 Frame Bip01 {
  

  FrameTransformMatrix {
   0.000001,0.965926,-0.258819,0.000000,0.000000,0.258819,0.965926,0.000000,1.000000,-0.000001,0.000000,0.000000,0.000000,0.027096,0.540000,1.000000;;
  }

  Frame Bip01_Pelvis {
   

   FrameTransformMatrix {
    -0.000000,1.000000,-0.000001,0.000000,0.063244,0.000001,0.997998,0.000000,0.997998,-0.000000,-0.063244,0.000000,0.000000,0.000000,0.000000,1.000000;;
   }

   Frame Bip01_Spine {
    

    FrameTransformMatrix {
     0.984669,0.011033,0.174083,0.000000,-0.000002,0.997998,-0.063241,0.000000,-0.174432,0.062271,0.982698,0.000000,0.051648,-0.000005,-0.000083,1.000000;;
    }

    Frame Bip01_Spine1 {
     

     FrameTransformMatrix {
      0.945673,-0.083790,0.314137,0.000000,0.079609,0.996483,0.026140,0.000000,-0.315222,0.000288,0.949018,0.000000,0.106507,-0.000000,-0.000080,1.000000;;
     }

     Frame Bip01_Neck {
      

      FrameTransformMatrix {
       0.996221,0.007284,-0.086545,0.000000,-0.007916,0.999944,-0.006961,0.000000,0.086489,0.007620,0.996224,0.000000,0.130502,-0.000000,0.004625,1.000000;;
      }

      Frame Bip01_Head {
       

       FrameTransformMatrix {
        0.969776,0.074299,-0.232411,0.000000,-0.076240,0.997089,0.000634,0.000000,0.231781,0.017105,0.972618,0.000000,0.033674,-0.000000,0.000000,1.000000;;
       }

       Frame Bip01_HeadNub {
        

        FrameTransformMatrix {
         1.000000,0.000000,0.000000,0.000000,0.000000,1.000000,-0.000000,0.000000,0.000000,0.000000,1.000000,0.000000,0.169824,0.000000,0.000000,1.000000;;
        }
       }
      }

      Frame Bip01_L_Clavicle {
       

       FrameTransformMatrix {
        -0.353490,0.923691,0.147781,0.000000,0.931510,0.333121,0.146012,0.000000,0.085641,0.189274,-0.978183,0.000000,-0.023417,0.015936,-0.006566,1.000000;;
       }

       Frame Bip01_L_UpperArm {
        

        FrameTransformMatrix {
         0.572333,-0.801409,-0.173718,0.000000,0.806407,0.588499,-0.058111,0.000000,0.148804,-0.106829,0.983079,0.000000,0.087086,0.000000,0.000000,1.000000;;
        }

        Frame Bip01_L_Forearm {
         

         FrameTransformMatrix {
          0.395416,-0.000000,-0.918502,0.000000,0.000000,1.000000,0.000000,0.000000,0.918502,-0.000000,0.395416,0.000000,0.137062,0.000000,0.000000,1.000000;;
         }

         Frame Bip01_L_Hand {
          

          FrameTransformMatrix {
           0.628727,0.662957,-0.406436,0.000000,0.093240,0.454622,0.885791,0.000000,0.772016,-0.594817,0.224020,0.000000,0.137062,0.000000,0.000000,1.000000;;
          }

          Frame Bip01_L_Finger0 {
           

           FrameTransformMatrix {
            0.235353,-0.564101,0.791454,0.000000,0.835198,0.533842,0.132129,0.000000,-0.497046,0.629924,0.596777,0.000000,0.057681,-0.023605,-0.000272,1.000000;;
           }

           Frame Bip01_L_Finger0Nub {
            

            FrameTransformMatrix {
             1.000000,0.000000,0.000000,0.000000,0.000000,1.000000,0.000000,0.000000,0.000000,-0.000000,1.000000,0.000000,0.029435,0.000000,0.000000,1.000000;;
            }
           }
          }

          Frame Bip01_L_Finger1 {
           

           FrameTransformMatrix {
            0.734091,-0.099616,0.671705,0.000000,-0.028412,0.983809,0.176953,0.000000,-0.678457,-0.148984,0.719375,0.000000,0.084102,0.000000,0.000000,1.000000;;
           }

           Frame Bip01_L_Finger1Nub {
            

            FrameTransformMatrix {
             1.000000,0.000000,-0.000000,0.000000,-0.000000,1.000000,0.000000,0.000000,-0.000000,0.000000,1.000000,0.000000,0.047988,0.000000,0.000000,1.000000;;
            }
           }
          }
         }
        }
       }
      }

      Frame Bip01_R_Clavicle {
       

       FrameTransformMatrix {
        -0.237610,-0.914890,-0.326371,0.000000,-0.967738,0.251951,-0.001727,0.000000,0.083809,0.315432,-0.945240,0.000000,-0.023646,-0.015491,-0.006805,1.000000;;
       }

       Frame Bip01_R_UpperArm {
        

        FrameTransformMatrix {
         0.469703,0.639726,-0.608383,0.000000,-0.348310,0.767516,0.538145,0.000000,0.811209,-0.040863,0.583327,0.000000,0.087086,0.000000,-0.000000,1.000000;;
        }

        Frame Bip01_R_Forearm {
         

         FrameTransformMatrix {
          0.445414,0.000000,-0.895325,0.000000,-0.000000,1.000000,0.000000,0.000000,0.895325,-0.000000,0.445414,0.000000,0.137062,0.000000,-0.000000,1.000000;;
         }

         Frame Bip01_R_Hand {
          

          FrameTransformMatrix {
           0.995988,-0.054955,0.070629,0.000000,0.082879,0.268729,-0.959644,0.000000,0.033758,0.961647,0.272205,0.000000,0.137062,0.000000,0.000000,1.000000;;
          }

          Frame Bip01_R_Finger0 {
           

           FrameTransformMatrix {
            0.417774,-0.116941,0.900994,0.000000,-0.558537,0.749101,0.356210,0.000000,-0.716591,-0.652053,0.247639,0.000000,0.057681,0.023605,-0.000272,1.000000;;
           }

           Frame Bip01_R_Finger0Nub {
            

            FrameTransformMatrix {
             -1.000000,-0.000000,0.000000,0.000000,0.000000,1.000000,-0.000000,0.000000,-0.000000,-0.000000,-1.000001,0.000000,0.029435,-0.000000,0.000000,1.000000;;
            }
           }
          }

          Frame Bip01_R_Finger1 {
           

           FrameTransformMatrix {
            0.352436,0.000745,0.935835,0.000000,0.000000,1.000000,-0.000796,0.000000,-0.935836,0.000281,0.352436,0.000000,0.084102,0.000000,0.000000,1.000000;;
           }

           Frame Bip01_R_Finger1Nub {
            

            FrameTransformMatrix {
             -1.000000,-0.000000,-0.000000,0.000000,0.000000,1.000000,-0.000000,0.000000,0.000000,-0.000000,-1.000000,0.000000,0.047988,0.000000,0.000000,1.000000;;
            }
           }
          }
         }
        }
       }
      }
     }

     Frame Bip01_BackPack {
      

      FrameTransformMatrix {
       0.081022,-0.088037,-0.992817,0.000000,-0.064786,0.993520,-0.093387,0.000000,0.994605,0.071887,0.074794,0.000000,0.041174,-0.003810,-0.088357,1.000000;;
      }

      Frame Bip01_BackPackNub {
       

       FrameTransformMatrix {
        0.000796,0.000003,1.000000,0.000000,-0.000000,-1.000000,0.000003,0.000000,1.000000,0.000000,-0.000796,0.000000,0.053240,0.000000,0.000000,1.000000;;
       }
      }
     }
    }

    Frame Bip01_L_Thigh {
     

     FrameTransformMatrix {
      -0.566539,0.001395,0.824034,0.000000,-0.000626,-0.999999,0.001263,0.000000,0.824035,0.000200,0.566540,0.000000,-0.050233,0.055115,0.012530,1.000000;;
     }

     Frame Bip01_L_Calf {
      

      FrameTransformMatrix {
       0.979643,0.000000,-0.200746,0.000000,0.000000,1.000000,0.000000,0.000000,0.200746,-0.000000,0.979643,0.000000,0.237500,0.000000,0.000000,1.000000;;
      }

      Frame Bip01_L_Foot {
       

       FrameTransformMatrix {
        0.981172,0.001391,0.193130,0.000000,-0.023169,0.993600,0.110555,0.000000,-0.191740,-0.112948,0.974925,0.000000,0.206841,0.000000,-0.000000,1.000000;;
       }

       Frame Bip01_L_Toe0 {
        

        FrameTransformMatrix {
         -0.000001,-0.113155,0.993577,0.000000,-0.000001,0.993577,0.113155,0.000000,-1.000000,-0.000000,-0.000001,0.000000,0.065373,-0.000000,0.066450,1.000000;;
        }

        Frame Bip01_L_Toe0Nub {
         

         FrameTransformMatrix {
          -1.000000,0.000000,0.000000,0.000000,0.000000,1.000000,0.000000,0.000000,0.000000,0.000000,-1.000000,0.000000,0.006735,0.000000,-0.000000,1.000000;;
         }
        }
       }
      }
     }
    }

    Frame Bip01_R_Thigh {
     

     FrameTransformMatrix {
      -0.967826,-0.000000,0.251622,0.000000,0.000001,-1.000000,0.000003,0.000000,0.251622,0.000003,0.967826,0.000000,-0.051451,-0.055115,0.005652,1.000000;;
     }

     Frame Bip01_R_Calf {
      

      FrameTransformMatrix {
       0.161777,0.000000,-0.986827,0.000000,-0.000000,1.000000,0.000000,0.000000,0.986827,-0.000000,0.161777,0.000000,0.237500,0.000000,-0.000000,1.000000;;
      }

      Frame Bip01_R_Foot {
       

       FrameTransformMatrix {
        0.955836,0.000001,-0.293902,0.000000,-0.000000,1.000000,0.000001,0.000000,0.293902,-0.000001,0.955836,0.000000,0.206841,0.000000,0.000000,1.000000;;
       }

       Frame Bip01_R_Toe0 {
        

        FrameTransformMatrix {
         -0.000002,-0.000000,1.000000,0.000000,0.000001,1.000000,0.000000,0.000000,-1.000000,0.000001,-0.000002,0.000000,0.065373,0.000000,0.066450,1.000000;;
        }

        Frame Bip01_R_Toe0Nub {
         

         FrameTransformMatrix {
          1.000000,0.000000,0.000000,0.000000,-0.000000,1.000000,-0.000000,0.000000,0.000000,-0.000000,1.000000,0.000000,0.006735,-0.000000,0.000000,1.000000;;
         }
        }
       }
      }
     }
    }
   }

   Frame Bip01_DressFront {
    

    FrameTransformMatrix {
     -0.733779,-0.190299,0.652193,0.000000,0.121847,0.907542,0.401896,0.000000,-0.668373,0.374370,-0.642748,0.000000,-0.043904,0.001345,0.061035,1.000000;;
    }

    Frame Bip01_DressFront02 {
     

     FrameTransformMatrix {
      0.912593,0.000001,0.408870,0.000000,-0.000001,1.000000,-0.000000,0.000000,-0.408870,-0.000000,0.912593,0.000000,0.183378,0.000000,-0.000120,1.000000;;
     }

     Frame Bip01_DressFrontNub {
      

      FrameTransformMatrix {
       0.000796,0.000003,1.000000,0.000000,-0.000000,-1.000000,0.000003,0.000000,1.000000,-0.000000,-0.000796,0.000000,0.165302,-0.000000,0.000000,1.000000;;
      }
     }
    }
   }

   Frame Bip01_DressBack {
    

    FrameTransformMatrix {
     -0.886023,0.038029,0.462080,0.000000,0.191625,0.937561,0.290274,0.000000,-0.422190,0.345735,-0.837988,0.000000,-0.047673,-0.000048,-0.078302,1.000000;;
    }

    Frame Bip01_DressBack02 {
     

     FrameTransformMatrix {
      0.936852,0.174932,-0.302833,0.000000,-0.166408,0.984581,0.053939,0.000000,0.307599,-0.000139,0.951516,0.000000,0.176125,0.000000,-0.000103,1.000000;;
     }

     Frame Bip01_DressBackNub {
      

      FrameTransformMatrix {
       0.000796,0.000003,1.000000,0.000000,0.000000,-1.000000,0.000003,0.000000,1.000000,-0.000000,-0.000796,0.000000,0.136508,0.000000,0.000000,1.000000;;
      }
     }
    }
   }
  }

  Frame Bip01_Prop1 {
   

   FrameTransformMatrix {
    -0.703040,-0.347155,0.620660,0.000000,0.520941,0.342708,0.781774,0.000000,-0.484102,0.872946,-0.060090,0.000000,0.148749,-0.046551,-0.106018,1.000000;;
   }
  }

  Frame Bip01_Prop2 {
   

   FrameTransformMatrix {
    -0.532888,0.191672,-0.824192,0.000000,0.572126,-0.636025,-0.517826,0.000000,-0.623459,-0.747485,0.229270,0.000000,0.136493,0.004822,0.110284,1.000000;;
   }
  }
 }
}

Frame Translation_Data {
 

 FrameTransformMatrix {
  1.000000,0.000000,0.000000,0.000000,0.000000,-0.000000,-1.000000,0.000000,0.000000,1.000000,-0.000000,0.000000,0.000000,0.000000,0.000000,1.000000;;
 }
}

Frame Body {
 

 FrameTransformMatrix {
  1.000000,0.000000,0.000000,0.000000,0.000000,1.000000,0.000000,0.000000,0.000000,0.000000,1.000000,0.000000,0.000000,0.000000,0.000000,1.000000;;
 }

 Mesh Body {
  617;
  0.055415;0.740455;-0.182989;,
  0.024675;0.740711;-0.179073;,
  0.017079;0.773254;-0.185636;,
  0.064539;0.724701;-0.172967;,
  0.077923;0.721489;-0.166172;,
  0.051494;0.682325;-0.154557;,
  0.034831;0.706510;-0.172302;,
  0.087895;0.704420;-0.133173;,
  0.016529;0.812544;-0.169921;,
  0.068359;0.811198;-0.138792;,
  0.063169;0.787791;-0.163408;,
  0.036011;0.818995;-0.135644;,
  0.085627;0.596302;-0.007712;,
  0.045739;0.611123;0.010157;,
  0.045926;0.598720;0.019499;,
  0.078224;0.606792;-0.013263;,
  0.070107;0.591734;-0.066527;,
  0.083940;0.571047;-0.042768;,
  0.040760;0.579047;-0.093127;,
  0.067786;0.543104;-0.063170;,
  0.038359;0.530026;-0.069285;,
  -0.002298;0.674415;-0.157429;,
  -0.006109;0.703595;-0.173224;,
  0.002887;0.609632;0.012771;,
  0.003969;0.595224;0.022950;,
  0.052033;0.719127;-0.030525;,
  -0.002283;0.759231;-0.046996;,
  0.000019;0.720464;-0.026212;,
  0.054420;0.760848;-0.054148;,
  0.055075;0.518082;-0.082006;,
  0.096214;0.422442;-0.114301;,
  0.058300;0.439255;-0.137438;,
  0.090139;0.503471;-0.051087;,
  0.055631;0.358214;-0.186307;,
  0.084593;0.335502;-0.148183;,
  0.006637;0.515448;-0.067588;,
  0.017269;0.389358;-0.049447;,
  0.016291;0.497189;0.052367;,
  0.010678;0.427339;-0.114910;,
  0.031113;0.320248;-0.112145;,
  0.027897;0.337490;-0.150722;,
  0.096779;0.391083;-0.057630;,
  0.085976;0.471052;-0.000839;,
  0.071883;0.321723;-0.111884;,
  0.072766;0.074549;-0.240181;,
  0.028310;0.054131;-0.204983;,
  0.028506;0.078633;-0.247208;,
  0.062973;0.052271;-0.201809;,
  0.055636;0.295153;-0.186442;,
  0.082133;0.212445;-0.186365;,
  0.052738;0.225568;-0.211749;,
  0.087236;0.282475;-0.160833;,
  0.071609;0.137406;-0.211284;,
  0.052762;0.150779;-0.237349;,
  0.014011;0.270263;-0.170557;,
  0.021192;0.206671;-0.146875;,
  0.016237;0.264208;-0.115194;,
  0.023327;0.214487;-0.188928;,
  0.038344;0.138212;-0.186553;,
  0.035135;0.133933;-0.220296;,
  0.083205;0.204065;-0.148757;,
  0.088337;0.269369;-0.113173;,
  0.062505;0.141954;-0.184098;,
  0.090357;0.544406;-0.030689;,
  -0.003333;0.520203;-0.076248;,
  0.006637;0.515448;-0.067588;,
  -0.002448;0.490498;-0.053821;,
  0.095524;0.553333;0.022950;,
  0.047113;0.559086;0.049506;,
  0.087646;0.491630;0.016345;,
  0.043746;0.499411;0.043029;,
  0.048857;0.668840;-0.011522;,
  0.083733;0.709666;-0.045472;,
  0.095003;0.705493;-0.062608;,
  0.072756;0.639066;-0.080252;,
  0.088434;0.680911;-0.109068;,
  0.080675;0.658751;-0.034867;,
  0.054263;0.659978;-0.136996;,
  0.049779;0.622657;-0.103861;,
  -0.000001;0.659382;-0.143406;,
  0.000994;0.615757;-0.104961;,
  0.108015;0.699935;-0.174497;,
  0.130154;0.660829;-0.151141;,
  0.056861;0.704087;-0.158322;,
  0.096837;0.620746;-0.103292;,
  0.074399;0.651836;-0.131129;,
  0.142296;0.626415;-0.119357;,
  0.071686;0.726360;-0.103586;,
  0.074399;0.651836;-0.131129;,
  0.088305;0.686339;-0.076525;,
  0.110152;0.630146;-0.057251;,
  0.096837;0.620746;-0.103292;,
  0.080852;0.732251;-0.100469;,
  0.144096;0.695641;-0.096641;,
  0.121505;0.733628;-0.119438;,
  0.155515;0.635611;-0.073193;,
  0.120875;0.716802;-0.153370;,
  0.141170;0.619900;-0.135720;,
  0.091056;0.559450;-0.147894;,
  0.087051;0.612146;-0.118074;,
  0.125541;0.566766;-0.158123;,
  0.090426;0.517300;-0.163742;,
  0.114566;0.520729;-0.173818;,
  0.087051;0.612146;-0.118074;,
  0.117488;0.538212;-0.101805;,
  0.107725;0.588756;-0.063109;,
  0.091056;0.559450;-0.147894;,
  0.113556;0.500707;-0.137180;,
  0.090426;0.517300;-0.163742;,
  0.143827;0.544235;-0.109810;,
  0.161534;0.596572;-0.080661;,
  0.127767;0.503887;-0.143082;,
  0.122068;0.473339;-0.278117;,
  0.130730;0.453163;-0.225442;,
  0.108187;0.476105;-0.261277;,
  0.144134;0.450784;-0.242348;,
  0.082504;0.497941;-0.229789;,
  0.092830;0.497066;-0.242944;,
  0.087532;0.490205;-0.236166;,
  0.083062;0.506796;-0.237364;,
  0.120615;0.470696;-0.173168;,
  0.109586;0.505644;-0.221149;,
  0.142209;0.468081;-0.203544;,
  0.086531;0.498743;-0.196054;,
  0.156917;0.479927;-0.209981;,
  0.145068;0.499454;-0.170626;,
  0.109731;0.529791;-0.193712;,
  0.125512;0.516467;-0.226219;,
  0.095496;0.773507;-0.161750;,
  0.095198;0.754076;-0.184454;,
  0.063169;0.787791;-0.163408;,
  0.058895;0.767296;-0.180324;,
  0.090878;0.755188;-0.071578;,
  0.026641;0.791357;-0.185908;,
  0.083818;0.729652;-0.187760;,
  0.064539;0.724701;-0.172967;,
  0.055415;0.740455;-0.182989;,
  0.080172;0.712943;-0.171638;,
  0.088832;0.785442;-0.109288;,
  0.051388;0.791178;-0.088460;,
  0.090906;0.785691;-0.114920;,
  -0.005736;0.786022;-0.079048;,
  -0.010336;0.809202;-0.134260;,
  0.068359;0.811198;-0.138792;,
  0.090906;0.785691;-0.114920;,
  0.076768;0.732139;-0.139087;,
  0.091477;0.770112;-0.116292;,
  0.056861;0.704087;-0.158322;,
  0.093201;0.733731;-0.094988;,
  0.086489;0.710336;-0.119838;,
  0.077923;0.721489;-0.166172;,
  0.098360;0.745651;-0.084437;,
  0.086531;0.498743;-0.196054;,
  0.021491;0.816661;-0.191359;,
  0.012446;0.827699;-0.172992;,
  -0.012399;0.815244;-0.166266;,
  -0.013572;0.832540;-0.165778;,
  0.125512;0.516467;-0.226219;,
  0.122068;0.473339;-0.278117;,
  0.144134;0.450784;-0.242348;,
  0.087226;0.504562;-0.211566;,
  0.095219;0.520797;-0.230100;,
  0.087226;0.504562;-0.211566;,
  0.098469;0.495301;-0.221795;,
  0.114416;0.510008;-0.233420;,
  0.114416;0.510008;-0.233420;,
  0.082504;0.497941;-0.229789;,
  0.083062;0.506796;-0.237364;,
  0.092830;0.497066;-0.242944;,
  0.087661;0.131130;-0.294849;,
  0.062664;0.136353;-0.347123;,
  0.060533;0.148923;-0.331736;,
  0.094004;0.115683;-0.311344;,
  0.025791;0.088558;-0.197793;,
  0.028506;0.078633;-0.247208;,
  0.028310;0.054131;-0.204983;,
  0.027430;0.101582;-0.237043;,
  0.038344;0.138212;-0.186553;,
  0.067124;0.089089;-0.192668;,
  0.062505;0.141954;-0.184098;,
  0.072766;0.074549;-0.240181;,
  0.062973;0.052271;-0.201809;,
  0.074188;0.105976;-0.224722;,
  0.052762;0.150779;-0.237349;,
  0.071609;0.137406;-0.211284;,
  0.032034;0.142658;-0.326952;,
  0.026766;0.133147;-0.341547;,
  0.094004;0.115683;-0.311344;,
  0.026766;0.133147;-0.341547;,
  0.010678;0.427339;-0.114910;,
  0.027897;0.337490;-0.150722;,
  0.014011;0.270263;-0.170557;,
  0.023327;0.214487;-0.188928;,
  0.035135;0.133933;-0.220296;,
  0.035135;0.133933;-0.220296;,
  0.000744;0.491450;-0.001929;,
  0.032609;0.812255;-0.209676;,
  0.015088;0.796639;-0.222841;,
  0.024018;0.802290;-0.226630;,
  0.013562;0.805476;-0.205221;,
  0.024910;0.838198;-0.194000;,
  0.016994;0.854447;-0.178005;,
  0.006180;0.938292;-0.267487;,
  -0.013501;0.921747;-0.290325;,
  -0.013501;0.942629;-0.268992;,
  0.020416;0.859645;-0.288947;,
  0.003457;0.856369;-0.294813;,
  0.016748;0.889062;-0.290936;,
  0.029897;0.820180;-0.236723;,
  0.037935;0.839523;-0.215598;,
  0.031041;0.825908;-0.205204;,
  0.039059;0.878308;-0.211328;,
  0.039535;0.880020;-0.235800;,
  0.030153;0.901167;-0.277949;,
  0.038819;0.912504;-0.253939;,
  0.035302;0.866758;-0.259224;,
  0.036452;0.887441;-0.197465;,
  0.025615;0.902135;-0.181192;,
  -0.013501;0.906873;-0.171032;,
  0.019355;0.941659;-0.208596;,
  -0.013501;0.947001;-0.199658;,
  0.035776;0.845829;-0.250434;,
  0.020541;0.806379;-0.246390;,
  0.021341;0.833000;-0.270544;,
  0.006001;0.779265;-0.248918;,
  -0.013501;0.778114;-0.236075;,
  -0.013501;0.772765;-0.256529;,
  0.012257;0.910267;-0.289352;,
  0.025861;0.928771;-0.263565;,
  0.034500;0.932642;-0.225398;,
  0.020966;0.945912;-0.239632;,
  0.003733;0.953281;-0.235546;,
  -0.013501;0.956187;-0.234134;,
  -0.013501;0.866760;-0.168755;,
  0.034500;0.932642;-0.225398;,
  0.020966;0.945912;-0.239632;,
  0.044192;0.841839;-0.217122;,
  0.049717;0.888637;-0.223813;,
  0.054776;0.873620;-0.209585;,
  0.042603;0.869412;-0.222170;,
  0.054776;0.873620;-0.209585;,
  0.044192;0.841839;-0.217122;,
  0.049717;0.888637;-0.223813;,
  0.039535;0.880020;-0.235800;,
  0.040041;0.854941;-0.233764;,
  0.037935;0.839523;-0.215598;,
  0.021053;0.853894;-0.278209;,
  0.040041;0.854941;-0.233764;,
  0.026641;0.791357;-0.185908;,
  0.021491;0.816661;-0.191359;,
  0.058895;0.767296;-0.180324;,
  0.024910;0.838198;-0.194000;,
  -0.010084;0.751294;-0.191663;,
  -0.008140;0.729510;-0.180921;,
  -0.002797;0.576456;-0.093854;,
  0.005156;0.557170;0.052533;,
  0.004964;0.523382;0.058445;,
  -0.001686;0.476863;0.026123;,
  -0.013320;0.782549;-0.219163;,
  0.000744;0.491450;-0.001929;,
  0.003733;0.953281;-0.235546;,
  -0.013501;0.956187;-0.234134;,
  0.006618;0.807148;-0.264600;,
  -0.000919;0.826188;-0.278829;,
  -0.000727;0.817023;-0.275799;,
  -0.013501;0.908689;-0.298660;,
  -0.013501;0.883728;-0.303591;,
  0.001374;0.851091;-0.283096;,
  0.001449;0.668514;-0.008386;,
  0.058895;0.767296;-0.180324;,
  0.062664;0.136353;-0.347123;,
  -0.001644;0.796771;-0.268022;,
  0.006023;0.801031;-0.262159;,
  -0.001828;0.802509;-0.266243;,
  -0.013501;0.814420;-0.280181;,
  -0.013501;0.819314;-0.291875;,
  -0.002081;0.804597;-0.272096;,
  -0.013501;0.802619;-0.266831;,
  -0.013501;0.794299;-0.270051;,
  -0.013501;0.853093;-0.300679;,
  -0.013501;0.845547;-0.293861;,
  0.091477;0.770112;-0.116292;,
  -0.013501;0.803423;-0.275642;,
  0.073099;0.745523;-0.128061;,
  0.076768;0.732139;-0.139087;,
  0.077923;0.721489;-0.166172;,
  0.036452;0.887441;-0.197465;,
  0.055636;0.295153;-0.186442;,
  0.005872;0.214024;-0.197249;,
  -0.002552;0.288991;-0.180148;,
  0.052738;0.225568;-0.211749;,
  0.055631;0.358214;-0.186307;,
  0.001788;0.345901;-0.177562;,
  0.058300;0.439256;-0.137438;,
  0.000472;0.425614;-0.128490;,
  0.055075;0.518082;-0.082006;,
  0.006407;0.504775;-0.088554;,
  0.038359;0.530026;-0.069285;,
  0.004121;0.144611;-0.215846;,
  0.052762;0.150779;-0.237349;,
  0.028126;0.194434;-0.120332;,
  0.021936;0.199592;-0.023310;,
  0.030309;0.130080;-0.147942;,
  0.017728;0.251286;-0.009258;,
  0.012284;0.302689;0.000235;,
  0.020615;0.257268;-0.103075;,
  0.012165;0.345690;0.021365;,
  0.023883;0.305858;-0.085415;,
  0.016113;0.382484;-0.036205;,
  0.004108;0.418304;0.035195;,
  0.005925;0.496036;0.058704;,
  0.073099;0.745523;-0.128061;,
  -0.081085;0.746652;-0.164491;,
  -0.041646;0.736647;-0.175254;,
  -0.087408;0.728024;-0.154966;,
  -0.038861;0.769828;-0.182438;,
  -0.089837;0.712795;-0.154535;,
  -0.056222;0.677181;-0.149723;,
  -0.092900;0.695786;-0.125059;,
  -0.046723;0.701513;-0.167605;,
  -0.041339;0.809002;-0.166625;,
  -0.086569;0.805263;-0.127112;,
  -0.057382;0.813273;-0.130266;,
  -0.076459;0.794575;-0.144101;,
  -0.080739;0.599031;0.002472;,
  -0.039952;0.612247;0.014352;,
  -0.074669;0.608797;-0.005779;,
  -0.037958;0.600096;0.024634;,
  -0.072211;0.593601;-0.059560;,
  -0.084165;0.573804;-0.032478;,
  -0.045980;0.580184;-0.088881;,
  -0.071372;0.543323;-0.055928;,
  -0.043523;0.531369;-0.064273;,
  0.002887;0.609632;0.012771;,
  0.003969;0.595224;0.022950;,
  -0.051900;0.715949;-0.027537;,
  -0.002283;0.759231;-0.046996;,
  -0.059245;0.755420;-0.049047;,
  0.000019;0.720464;-0.026212;,
  -0.056048;0.492491;-0.056936;,
  -0.096012;0.397789;-0.010663;,
  -0.090177;0.498164;-0.019994;,
  -0.058096;0.395393;-0.039161;,
  -0.055295;0.287109;-0.007807;,
  -0.084266;0.309607;0.019292;,
  -0.006578;0.498791;-0.036285;,
  -0.017088;0.415377;0.060009;,
  -0.010481;0.401211;-0.014335;,
  -0.007871;0.497585;0.053846;,
  -0.030800;0.332596;0.040209;,
  -0.027570;0.308286;0.017099;,
  -0.096592;0.411209;0.052700;,
  -0.083806;0.493302;0.041502;,
  -0.071572;0.333143;0.039198;,
  -0.073472;0.342471;0.286309;,
  -0.033906;0.385670;0.272149;,
  -0.068763;0.385424;0.272255;,
  -0.028577;0.339551;0.287248;,
  -0.055231;0.287308;0.068468;,
  -0.081637;0.315692;0.146184;,
  -0.086839;0.315696;0.071652;,
  -0.052234;0.287361;0.142508;,
  -0.071257;0.316800;0.224205;,
  -0.051262;0.289083;0.225373;,
  -0.013592;0.310773;0.086358;,
  -0.020724;0.354799;0.138004;,
  -0.022831;0.312610;0.145065;,
  -0.015860;0.364862;0.073090;,
  -0.038817;0.339200;0.211510;,
  -0.034671;0.315525;0.230574;,
  -0.082732;0.353895;0.141180;,
  -0.087967;0.364961;0.067645;,
  -0.063012;0.338275;0.207181;,
  -0.089929;0.547363;-0.019653;,
  -0.006578;0.498791;-0.036285;,
  -0.088221;0.556347;0.034198;,
  -0.036772;0.560462;0.054640;,
  -0.083392;0.507339;0.043142;,
  -0.036960;0.516008;0.061726;,
  -0.046006;0.667430;-0.009471;,
  -0.083434;0.704554;-0.040667;,
  -0.095097;0.699680;-0.057144;,
  -0.070801;0.636932;-0.077148;,
  -0.078102;0.656391;-0.031433;,
  -0.088740;0.675493;-0.103975;,
  -0.054346;0.656657;-0.133874;,
  -0.047948;0.621204;-0.101747;,
  -0.111440;0.727292;-0.151164;,
  -0.068736;0.727117;-0.118424;,
  -0.137968;0.684622;-0.144801;,
  -0.119981;0.634353;-0.098051;,
  -0.157877;0.644120;-0.126787;,
  -0.091506;0.670715;-0.109619;,
  -0.101866;0.737929;-0.068450;,
  -0.124360;0.693504;-0.057019;,
  -0.091506;0.670715;-0.109619;,
  -0.148390;0.635597;-0.057537;,
  -0.119981;0.634353;-0.098051;,
  -0.111839;0.743216;-0.067447;,
  -0.170838;0.707736;-0.092247;,
  -0.144010;0.749187;-0.098169;,
  -0.186227;0.645147;-0.086163;,
  -0.131387;0.739684;-0.132597;,
  -0.151650;0.639464;-0.142662;,
  -0.099450;0.579754;-0.147514;,
  -0.128828;0.589920;-0.167033;,
  -0.106118;0.626937;-0.109947;,
  -0.093690;0.543561;-0.167579;,
  -0.112819;0.546441;-0.186337;,
  -0.106118;0.626937;-0.109947;,
  -0.139141;0.552614;-0.116498;,
  -0.099450;0.579754;-0.147514;,
  -0.143212;0.595990;-0.069168;,
  -0.123707;0.524581;-0.150524;,
  -0.093690;0.543561;-0.167579;,
  -0.161522;0.560839;-0.131514;,
  -0.188493;0.608546;-0.101676;,
  -0.134990;0.525749;-0.163889;,
  -0.050936;0.446737;-0.210496;,
  -0.100340;0.459674;-0.185029;,
  -0.095192;0.440513;-0.193832;,
  -0.055701;0.466371;-0.201797;,
  -0.060013;0.483324;-0.194646;,
  -0.064847;0.474098;-0.207760;,
  -0.053313;0.482782;-0.204182;,
  -0.066519;0.474468;-0.196890;,
  -0.110476;0.492847;-0.160894;,
  -0.078075;0.500268;-0.211295;,
  -0.072335;0.517211;-0.181481;,
  -0.111150;0.466685;-0.187558;,
  -0.120858;0.466266;-0.204984;,
  -0.134862;0.505586;-0.186864;,
  -0.095798;0.532119;-0.208591;,
  -0.089450;0.499234;-0.227606;,
  -0.100956;0.796127;-0.125660;,
  -0.114903;0.778600;-0.145436;,
  -0.076459;0.794575;-0.144101;,
  -0.079123;0.776242;-0.159815;,
  -0.096204;0.746254;-0.063181;,
  -0.050531;0.786634;-0.181524;,
  -0.111489;0.752334;-0.151834;,
  -0.087408;0.728024;-0.154966;,
  -0.099016;0.736784;-0.135317;,
  -0.081085;0.746652;-0.164491;,
  -0.104624;0.775713;-0.094969;,
  -0.107538;0.776172;-0.100060;,
  -0.063762;0.784122;-0.081829;,
  -0.005736;0.786022;-0.079048;,
  -0.010336;0.809202;-0.134260;,
  -0.086569;0.805263;-0.127112;,
  -0.107538;0.776172;-0.100060;,
  -0.088643;0.727370;-0.124741;,
  -0.068736;0.727117;-0.118424;,
  -0.103901;0.764175;-0.099123;,
  -0.098148;0.724593;-0.086400;,
  -0.091047;0.701857;-0.111870;,
  -0.089837;0.712795;-0.154535;,
  -0.103661;0.736004;-0.075369;,
  -0.072335;0.517211;-0.181481;,
  -0.048802;0.814334;-0.189542;,
  -0.039557;0.825977;-0.171648;,
  -0.012399;0.815244;-0.166266;,
  -0.013572;0.832540;-0.165778;,
  -0.089450;0.499234;-0.227606;,
  -0.050936;0.446737;-0.210496;,
  -0.095192;0.440513;-0.193832;,
  -0.064999;0.502333;-0.191177;,
  -0.056824;0.498788;-0.215500;,
  -0.064999;0.502333;-0.191177;,
  -0.076113;0.490514;-0.198498;,
  -0.076896;0.492720;-0.222998;,
  -0.076896;0.492720;-0.222998;,
  -0.060013;0.483324;-0.194646;,
  -0.053313;0.482782;-0.204182;,
  -0.064847;0.474098;-0.207760;,
  -0.079713;0.262717;0.289800;,
  -0.049459;0.226992;0.324341;,
  -0.085273;0.262618;0.312603;,
  -0.048138;0.228045;0.304430;,
  -0.030160;0.365109;0.243750;,
  -0.028577;0.339551;0.287248;,
  -0.027206;0.329329;0.264340;,
  -0.033906;0.385670;0.272149;,
  -0.038817;0.339200;0.211510;,
  -0.071700;0.363659;0.241046;,
  -0.063012;0.338275;0.207181;,
  -0.073472;0.342471;0.286309;,
  -0.074622;0.329178;0.253896;,
  -0.068763;0.385424;0.272255;,
  -0.051262;0.289083;0.225373;,
  -0.071257;0.316800;0.224205;,
  -0.020646;0.238923;0.304037;,
  -0.014519;0.236916;0.321056;,
  -0.085273;0.262618;0.312603;,
  -0.014519;0.236916;0.321056;,
  -0.010481;0.401211;-0.014335;,
  -0.027570;0.308286;0.017099;,
  -0.013592;0.310773;0.086358;,
  -0.022831;0.312610;0.145065;,
  -0.034671;0.315525;0.230574;,
  -0.034671;0.315525;0.230574;,
  -0.059611;0.812255;-0.209676;,
  -0.042090;0.796639;-0.222841;,
  -0.040888;0.803673;-0.203814;,
  -0.051020;0.802290;-0.226630;,
  -0.051912;0.838198;-0.194000;,
  -0.043995;0.854447;-0.178005;,
  -0.033182;0.938292;-0.267487;,
  -0.013501;0.942629;-0.268992;,
  -0.047418;0.859646;-0.288947;,
  -0.043750;0.889062;-0.290936;,
  -0.030459;0.856369;-0.294813;,
  -0.056899;0.820180;-0.236723;,
  -0.064937;0.839523;-0.215598;,
  -0.058042;0.825908;-0.205204;,
  -0.066061;0.878309;-0.211328;,
  -0.066537;0.880020;-0.235800;,
  -0.057155;0.901167;-0.277949;,
  -0.062304;0.866758;-0.259224;,
  -0.065820;0.912504;-0.253939;,
  -0.063454;0.887441;-0.197465;,
  -0.052617;0.902135;-0.181192;,
  -0.013501;0.906873;-0.171032;,
  -0.046357;0.941659;-0.208596;,
  -0.013501;0.947001;-0.199658;,
  -0.062778;0.845829;-0.250434;,
  -0.048343;0.833000;-0.270544;,
  -0.047542;0.806379;-0.246390;,
  -0.033003;0.779265;-0.248918;,
  -0.039259;0.910267;-0.289352;,
  -0.052862;0.928771;-0.263565;,
  -0.061502;0.932642;-0.225398;,
  -0.047968;0.945912;-0.239632;,
  -0.013501;0.956187;-0.234134;,
  -0.030734;0.953281;-0.235546;,
  -0.013501;0.866760;-0.168755;,
  -0.061502;0.932642;-0.225398;,
  -0.047968;0.945912;-0.239632;,
  -0.071194;0.841839;-0.217122;,
  -0.076719;0.888637;-0.223813;,
  -0.069605;0.869412;-0.222170;,
  -0.081778;0.873620;-0.209585;,
  -0.081778;0.873620;-0.209585;,
  -0.071194;0.841839;-0.217122;,
  -0.076719;0.888637;-0.223813;,
  -0.066537;0.880020;-0.235800;,
  -0.067043;0.854941;-0.233764;,
  -0.064937;0.839523;-0.215598;,
  -0.048055;0.853894;-0.278209;,
  -0.067043;0.854941;-0.233764;,
  -0.050531;0.786634;-0.181524;,
  -0.048802;0.814334;-0.189542;,
  -0.079123;0.776242;-0.159815;,
  -0.051912;0.838198;-0.194000;,
  0.005156;0.557170;0.052533;,
  0.004964;0.523382;0.058445;,
  -0.001686;0.476863;0.026123;,
  0.000744;0.491450;-0.001929;,
  -0.030734;0.953281;-0.235546;,
  -0.013501;0.956187;-0.234134;,
  -0.033620;0.807148;-0.264600;,
  -0.026083;0.826188;-0.278829;,
  -0.026275;0.817023;-0.275799;,
  -0.028375;0.851091;-0.283096;,
  0.001449;0.668514;-0.008386;,
  -0.079123;0.776242;-0.159815;,
  -0.049459;0.226992;0.324341;,
  -0.033025;0.801031;-0.262159;,
  -0.025358;0.796771;-0.268022;,
  -0.025173;0.802509;-0.266243;,
  -0.024921;0.804597;-0.272096;,
  -0.103901;0.764175;-0.099123;,
  -0.084476;0.740471;-0.113612;,
  -0.088643;0.727370;-0.124741;,
  -0.089837;0.712795;-0.154535;,
  -0.063454;0.887441;-0.197465;,
  -0.035587;0.262831;-0.032986;,
  -0.028807;0.211274;-0.119803;,
  -0.042457;0.224297;0.007590;,
  -0.026394;0.275914;-0.122192;,
  -0.037680;0.305685;-0.067649;,
  -0.026913;0.326510;-0.130384;,
  -0.019272;0.397613;-0.067167;,
  -0.013640;0.404411;-0.101152;,
  -0.008475;0.481526;-0.066617;,
  -0.001813;0.482516;-0.076421;,
  -0.003333;0.520203;-0.076248;,
  -0.043523;0.531369;-0.064273;,
  -0.032044;0.156095;-0.120709;,
  -0.044423;0.185775;0.042092;,
  -0.014586;0.353489;0.192876;,
  -0.082732;0.353895;0.141180;,
  -0.062998;0.338277;0.207180;,
  -0.019343;0.361329;0.128761;,
  -0.087967;0.364961;0.067645;,
  -0.023882;0.379401;0.078085;,
  -0.023715;0.352638;0.058200;,
  -0.071572;0.333143;0.039198;,
  -0.096592;0.411209;0.052700;,
  -0.015752;0.418554;0.077173;,
  0.004964;0.523382;0.058445;,
  -0.036960;0.516008;0.061726;,
  -0.084476;0.740471;-0.113612;,
  -0.056048;0.492491;-0.056936;,
  -0.058096;0.395393;-0.039161;,
  -0.055295;0.287109;-0.007807;,
  -0.055231;0.287308;0.068468;,
  -0.052234;0.287361;0.142508;,
  -0.051262;0.289083;0.225373;,
  0.096779;0.391083;-0.057630;,
  0.043746;0.499411;0.043029;,
  0.085976;0.471052;-0.000839;,
  0.071883;0.321723;-0.111884;,
  0.088337;0.269369;-0.113173;,
  0.083205;0.204065;-0.148757;,
  0.062505;0.141954;-0.184098;,
  -0.083806;0.493303;0.041502;;
  916;
  3;0,1,2;,
  3;1,0,3;,
  3;4,5,6;,
  3;5,4,7;,
  3;8,9,10;,
  3;9,8,11;,
  3;12,13,14;,
  3;13,12,15;,
  3;16,12,17;,
  3;12,16,15;,
  3;18,19,20;,
  3;19,18,16;,
  3;6,21,22;,
  3;21,6,5;,
  3;14,23,24;,
  3;23,14,13;,
  3;25,26,27;,
  3;26,25,28;,
  3;29,30,31;,
  3;30,29,32;,
  3;30,33,31;,
  3;33,30,34;,
  3;35,36,37;,
  3;36,35,38;,
  3;38,39,36;,
  3;39,38,40;,
  3;37,41,42;,
  3;41,37,36;,
  3;36,43,41;,
  3;43,36,39;,
  3;42,30,32;,
  3;30,42,41;,
  3;41,34,30;,
  3;34,41,43;,
  3;44,45,46;,
  3;45,44,47;,
  3;48,49,50;,
  3;49,48,51;,
  3;50,52,53;,
  3;52,50,49;,
  3;54,55,56;,
  3;55,54,57;,
  3;57,58,55;,
  3;58,57,59;,
  3;56,60,61;,
  3;60,56,55;,
  3;55,62,60;,
  3;62,55,58;,
  3;61,49,51;,
  3;49,61,60;,
  3;60,52,49;,
  3;52,60,62;,
  3;32,19,63;,
  3;19,32,29;,
  3;64,65,66;,
  3;65,64,20;,
  3;14,67,12;,
  3;67,14,68;,
  3;68,69,67;,
  3;69,68,70;,
  3;70,42,69;,
  3;42,70,37;,
  3;48,34,51;,
  3;34,48,33;,
  3;51,43,61;,
  3;43,51,34;,
  3;43,56,61;,
  3;56,43,39;,
  3;39,54,56;,
  3;54,39,40;,
  3;12,63,17;,
  3;63,12,67;,
  3;67,32,63;,
  3;32,67,69;,
  3;69,42,32;,
  3;71,72,25;,
  3;73,74,75;,
  3;74,73,76;,
  3;74,77,75;,
  3;77,74,78;,
  3;79,78,80;,
  3;78,79,77;,
  3;81,82,83;,
  3;82,84,85;,
  3;84,82,86;,
  3;87,88,89;,
  3;88,90,89;,
  3;90,88,91;,
  3;92,93,94;,
  3;92,89,93;,
  3;92,87,89;,
  3;89,95,93;,
  3;95,89,90;,
  3;96,93,82;,
  3;93,86,82;,
  3;86,93,95;,
  3;97,98,99;,
  3;98,97,100;,
  3;100,101,98;,
  3;101,100,102;,
  3;103,104,105;,
  3;104,103,106;,
  3;106,107,104;,
  3;107,106,108;,
  3;105,109,110;,
  3;109,105,104;,
  3;104,111,109;,
  3;111,104,107;,
  3;110,100,97;,
  3;100,110,109;,
  3;109,102,100;,
  3;102,109,111;,
  3;112,113,114;,
  3;113,112,115;,
  3;116,117,118;,
  3;117,116,119;,
  3;120,121,122;,
  3;121,120,123;,
  3;120,124,125;,
  3;124,120,122;,
  3;126,124,127;,
  3;124,126,125;,
  3;95,97,86;,
  3;97,95,110;,
  3;86,99,84;,
  3;99,86,97;,
  3;90,103,105;,
  3;103,90,91;,
  3;105,95,90;,
  3;95,105,110;,
  3;128,96,129;,
  3;96,128,94;,
  3;129,130,128;,
  3;130,129,131;,
  3;72,28,25;,
  3;28,72,132;,
  3;10,133,8;,
  3;134,135,136;,
  3;135,134,137;,
  3;81,137,134;,
  3;138,11,139;,
  3;138,9,11;,
  3;138,140,9;,
  3;141,11,142;,
  3;11,141,139;,
  3;128,130,143;,
  3;94,144,92;,
  3;94,143,144;,
  3;94,128,143;,
  3;145,87,146;,
  3;87,145,147;,
  3;75,148,73;,
  3;148,75,149;,
  3;150,147,145;,
  3;7,149,75;,
  3;148,151,73;,
  3;102,152,101;,
  3;152,102,126;,
  3;102,125,126;,
  3;125,102,111;,
  3;111,120,125;,
  3;120,111,107;,
  3;120,108,123;,
  3;108,120,107;,
  3;8,153,154;,
  3;153,8,133;,
  3;154,155,8;,
  3;155,154,156;,
  3;122,114,113;,
  3;114,122,121;,
  3;121,112,114;,
  3;112,121,157;,
  3;158,124,159;,
  3;124,158,127;,
  3;159,122,113;,
  3;122,159,124;,
  3;126,160,152;,
  3;160,126,161;,
  3;162,121,123;,
  3;121,162,163;,
  3;121,164,157;,
  3;164,121,163;,
  3;165,126,127;,
  3;126,165,161;,
  3;161,166,160;,
  3;166,161,167;,
  3;162,118,163;,
  3;118,162,116;,
  3;163,117,164;,
  3;117,163,118;,
  3;165,167,161;,
  3;167,165,168;,
  3;169,170,171;,
  3;170,169,172;,
  3;173,174,175;,
  3;174,173,176;,
  3;177,178,179;,
  3;178,177,173;,
  3;180,178,181;,
  3;178,180,182;,
  3;183,169,171;,
  3;169,183,184;,
  3;174,185,186;,
  3;185,174,176;,
  3;46,187,44;,
  3;187,46,188;,
  3;180,169,182;,
  3;169,180,172;,
  3;20,29,65;,
  3;19,29,20;,
  3;29,31,189;,
  3;31,190,189;,
  3;190,31,33;,
  3;33,191,190;,
  3;191,33,48;,
  3;191,50,192;,
  3;50,191,48;,
  3;192,53,193;,
  3;53,192,50;,
  3;194,171,185;,
  3;171,194,183;,
  3;171,186,185;,
  3;186,171,170;,
  3;185,176,194;,
  3;194,173,177;,
  3;173,194,176;,
  3;178,175,181;,
  3;175,178,173;,
  3;179,182,184;,
  3;182,179,178;,
  3;182,169,184;,
  3;16,17,19;,
  3;17,63,19;,
  3;65,195,66;,
  3;196,197,198;,
  3;197,196,199;,
  3;200,154,153;,
  3;154,200,201;,
  3;202,203,204;,
  3;205,206,207;,
  3;196,208,209;,
  3;208,196,198;,
  3;210,209,211;,
  3;209,210,196;,
  3;212,213,214;,
  3;213,212,215;,
  3;212,214,211;,
  3;201,216,217;,
  3;216,201,200;,
  3;218,219,220;,
  3;219,218,217;,
  3;210,199,196;,
  3;213,205,207;,
  3;221,222,223;,
  3;198,197,224;,
  3;224,225,226;,
  3;225,224,197;,
  3;227,213,207;,
  3;228,229,214;,
  3;229,228,230;,
  3;220,231,232;,
  3;213,228,214;,
  3;156,201,233;,
  3;201,156,154;,
  3;233,217,218;,
  3;217,233,201;,
  3;219,217,234;,
  3;235,219,234;,
  3;236,237,238;,
  3;237,236,239;,
  3;209,240,211;,
  3;240,209,241;,
  3;211,242,212;,
  3;242,211,240;,
  3;243,239,244;,
  3;239,243,237;,
  3;244,236,245;,
  3;236,244,239;,
  3;246,221,223;,
  3;221,246,215;,
  3;221,212,247;,
  3;212,221,215;,
  3;199,248,2;,
  3;248,199,249;,
  3;133,10,250;,
  3;249,210,251;,
  3;210,249,199;,
  3;210,211,251;,
  3;252,1,253;,
  3;1,252,2;,
  3;20,254,18;,
  3;254,20,64;,
  3;24,68,14;,
  3;68,24,255;,
  3;68,256,70;,
  3;256,68,255;,
  3;256,37,70;,
  3;37,256,257;,
  3;258,2,252;,
  3;2,258,199;,
  3;257,259,37;,
  3;37,259,35;,
  3;260,204,261;,
  3;204,260,202;,
  3;262,263,223;,
  3;263,262,264;,
  3;197,258,225;,
  3;258,197,199;,
  3;265,203,227;,
  3;265,207,266;,
  3;207,265,227;,
  3;223,267,246;,
  3;267,223,263;,
  3;88,87,147;,
  3;83,82,85;,
  3;78,16,18;,
  3;16,78,74;,
  3;74,15,16;,
  3;15,74,76;,
  3;15,71,13;,
  3;71,15,76;,
  3;13,268,23;,
  3;268,13,71;,
  3;248,269,2;,
  3;2,269,0;,
  3;136,129,134;,
  3;129,136,131;,
  3;134,96,81;,
  3;96,134,129;,
  3;96,82,81;,
  3;93,96,94;,
  3;29,189,65;,
  3;205,215,246;,
  3;267,205,246;,
  3;205,267,206;,
  3;205,213,215;,
  3;187,188,270;,
  3;224,271,272;,
  3;222,221,208;,
  3;224,222,198;,
  3;272,273,262;,
  3;273,272,271;,
  3;263,274,275;,
  3;273,276,262;,
  3;277,271,278;,
  3;271,277,273;,
  3;222,272,262;,
  3;272,222,224;,
  3;222,208,198;,
  3;209,221,247;,
  3;221,209,208;,
  3;223,222,262;,
  3;266,206,279;,
  3;206,266,207;,
  3;206,280,279;,
  3;280,206,267;,
  3;280,263,275;,
  3;263,280,267;,
  3;264,262,276;,
  3;76,73,72;,
  3;138,281,140;,
