xof 0303txt 0032
template ColorRGBA {
 <35ff44e0-6c7c-11cf-8f52-0040333594a3>
 FLOAT red;
 FLOAT green;
 FLOAT blue;
 FLOAT alpha;
}

template ColorRGB {
 <d3e16e81-7835-11cf-8f52-0040333594a3>
 FLOAT red;
 FLOAT green;
 FLOAT blue;
}

template Material {
 <3d82ab4d-62da-11cf-ab39-0020af71e433>
 ColorRGBA faceColor;
 FLOAT power;
 ColorRGB specularColor;
 ColorRGB emissiveColor;
 [...]
}

template TextureFilename {
 <a42790e1-7810-11cf-8f52-0040333594a3>
 STRING filename;
}

template Frame {
 <3d82ab46-62da-11cf-ab39-0020af71e433>
 [...]
}

template Matrix4x4 {
 <f6f23f45-7686-11cf-8f52-0040333594a3>
 array FLOAT matrix[16];
}

template FrameTransformMatrix {
 <f6f23f41-7686-11cf-8f52-0040333594a3>
 Matrix4x4 frameMatrix;
}

template Vector {
 <3d82ab5e-62da-11cf-ab39-0020af71e433>
 FLOAT x;
 FLOAT y;
 FLOAT z;
}

template MeshFace {
 <3d82ab5f-62da-11cf-ab39-0020af71e433>
 DWORD nFaceVertexIndices;
 array DWORD faceVertexIndices[nFaceVertexIndices];
}

template Mesh {
 <3d82ab44-62da-11cf-ab39-0020af71e433>
 DWORD nVertices;
 array Vector vertices[nVertices];
 DWORD nFaces;
 array MeshFace faces[nFaces];
 [...]
}

template MeshMaterialList {
 <f6f23f42-7686-11cf-8f52-0040333594a3>
 DWORD nMaterials;
 DWORD nFaceIndexes;
 array DWORD faceIndexes[nFaceIndexes];
 [Material <3d82ab4d-62da-11cf-ab39-0020af71e433>]
}

template VertexElement {
 <f752461c-1e23-48f6-b9f8-8350850f336f>
 DWORD Type;
 DWORD Method;
 DWORD Usage;
 DWORD UsageIndex;
}

template DeclData {
 <bf22e553-292c-4781-9fea-62bd554bdd93>
 DWORD nElements;
 array VertexElement Elements[nElements];
 DWORD nDWords;
 array DWORD data[nDWords];
}

template XSkinMeshHeader {
 <3cf169ce-ff7c-44ab-93c0-f78f62d172e2>
 WORD nMaxSkinWeightsPerVertex;
 WORD nMaxSkinWeightsPerFace;
 WORD nBones;
}

template SkinWeights {
 <6f0d123b-bad2-4167-a0d0-80224f25fabb>
 STRING transformNodeName;
 DWORD nWeights;
 array DWORD vertexIndices[nWeights];
 array FLOAT weights[nWeights];
 Matrix4x4 matrixOffset;
}

template AnimTicksPerSecond {
 <9e415a43-7ba6-4a73-8743-b73d47e88476>
 DWORD AnimTicksPerSecond;
}

template Animation {
 <3d82ab4f-62da-11cf-ab39-0020af71e433>
 [...]
}

template AnimationSet {
 <3d82ab50-62da-11cf-ab39-0020af71e433>
 [Animation <3d82ab4f-62da-11cf-ab39-0020af71e433>]
}

template FloatKeys {
 <10dd46a9-775b-11cf-8f52-0040333594a3>
 DWORD nValues;
 array FLOAT values[nValues];
}

template TimedFloatKeys {
 <f406b180-7b3b-11cf-8f52-0040333594a3>
 DWORD time;
 FloatKeys tfkeys;
}

template AnimationKey {
 <10dd46a8-775b-11cf-8f52-0040333594a3>
 DWORD keyType;
 DWORD nKeys;
 array TimedFloatKeys keys[nKeys];
}


Material _03_-_Default {
 1.000000;1.000000;1.000000;1.000000;;
 9.999999;
 0.000000;0.000000;0.000000;;
 0.000000;0.000000;0.000000;;

 TextureFilename {
  "MaleBody_full.png";
 }
}

Frame Dummy01 {
 

 FrameTransformMatrix {
  1.000000,0.000000,0.000000,0.000000,0.000000,-0.000000,-1.000000,0.000000,0.000000,1.000000,-0.000000,0.000000,0.000000,0.000000,0.000000,1.000000;;
 }

 Frame Bip01 {
  

  FrameTransformMatrix {
   -0.099237,0.925645,-0.365147,0.000000,-0.002471,0.366728,0.930325,0.000000,0.995061,0.093225,-0.034106,0.000000,-0.001474,-0.149504,0.439990,1.000000;;
  }

  Frame Bip01_Pelvis {
   

   FrameTransformMatrix {
    0.000000,0.999504,-0.031482,0.000000,-0.000001,0.031482,0.999504,0.000000,1.000000,0.000000,0.000001,0.000000,0.000000,0.000000,0.000000,1.000000;;
   }

   Frame Bip01_Spine {
    

    FrameTransformMatrix {
     0.974723,0.059123,0.215451,0.000000,-0.029752,0.990111,-0.137100,0.000000,-0.221426,0.127224,0.966843,0.000000,0.051627,0.001615,-0.000082,1.000000;;
    }

    Frame Bip01_Spine1 {
     

     FrameTransformMatrix {
      0.977625,0.031568,0.207973,0.000000,-0.014793,0.996545,-0.081727,0.000000,-0.209834,0.076822,0.974714,0.000000,0.106498,-0.000007,-0.000083,1.000000;;
     }

     Frame Bip01_Neck {
      

      FrameTransformMatrix {
       0.911819,-0.216800,0.348688,0.000000,0.154309,0.967919,0.198294,0.000000,-0.380492,-0.127003,0.916022,0.000000,0.130515,0.000003,0.004627,1.000000;;
      }

      Frame Bip01_Head {
       

       FrameTransformMatrix {
        0.950982,-0.044806,-0.305983,0.000000,0.034533,0.998646,-0.038908,0.000000,0.307312,0.026434,0.951242,0.000000,0.033674,-0.000000,0.000000,1.000000;;
       }

       Frame Bip01_HeadNub {
        

        FrameTransformMatrix {
         1.000000,0.000000,-0.000000,0.000000,0.000000,1.000000,0.000000,0.000000,0.000000,0.000000,1.000000,0.000000,0.169824,-0.000000,0.000000,1.000000;;
        }
       }
      }

      Frame Bip01_L_Clavicle {
       

       FrameTransformMatrix {
        -0.209597,0.973602,-0.090385,0.000000,0.910195,0.160500,-0.381819,0.000000,-0.357233,-0.162296,-0.919807,0.000000,-0.026935,0.010581,0.002911,1.000000;;
       }

       Frame Bip01_L_UpperArm {
        

        FrameTransformMatrix {
         0.124235,-0.201874,-0.971500,0.000000,0.669209,0.739940,-0.068179,0.000000,0.732615,-0.641666,0.227023,0.000000,0.087086,0.000000,0.000000,1.000000;;
        }

        Frame Bip01_L_Forearm {
         

         FrameTransformMatrix {
          0.355361,-0.000000,-0.934729,0.000000,0.000000,1.000000,-0.000000,0.000000,0.934729,0.000000,0.355361,0.000000,0.137062,0.000000,0.000000,1.000000;;
         }

         Frame Bip01_L_Hand {
          

          FrameTransformMatrix {
           0.734972,0.022358,0.677729,0.000000,-0.677329,0.071782,0.732170,0.000000,-0.032279,-0.997170,0.067901,0.000000,0.137062,0.000000,0.000000,1.000000;;
          }

          Frame Bip01_L_Finger0 {
           

           FrameTransformMatrix {
            0.491451,-0.066813,0.868338,0.000000,0.602418,0.746122,-0.283540,0.000000,-0.628943,0.662449,0.406933,0.000000,0.057681,-0.023605,-0.000272,1.000000;;
           }

           Frame Bip01_L_Finger0Nub {
            

            FrameTransformMatrix {
             1.000000,0.000000,0.000000,0.000000,0.000000,1.000000,-0.000000,0.000000,0.000000,0.000000,1.000000,0.000000,0.029435,0.000000,0.000000,1.000000;;
            }
           }
          }

          Frame Bip01_L_Finger1 {
           

           FrameTransformMatrix {
            -0.108369,-0.000791,0.994110,0.000000,-0.000000,1.000000,0.000796,0.000000,-0.994110,0.000086,-0.108369,0.000000,0.084102,0.000000,0.000000,1.000000;;
           }

           Frame Bip01_L_Finger1Nub {
            

            FrameTransformMatrix {
             1.000000,0.000000,-0.000000,0.000000,0.000000,1.000000,0.000000,0.000000,0.000000,0.000000,1.000000,0.000000,0.047988,0.000000,0.000000,1.000000;;
            }
           }
          }
         }
        }
       }
      }

      Frame Bip01_R_Clavicle {
       

       FrameTransformMatrix {
        0.136671,-0.989814,0.039870,0.000000,-0.918303,-0.111496,0.379854,0.000000,-0.371539,-0.088527,-0.924187,0.000000,-0.020121,-0.019840,0.006903,1.000000;;
       }

       Frame Bip01_R_UpperArm {
        

        FrameTransformMatrix {
         -0.045089,0.503950,-0.862555,0.000000,-0.890017,0.371867,0.263789,0.000000,0.453692,0.779583,0.431757,0.000000,0.087086,0.000000,-0.000000,1.000000;;
        }

        Frame Bip01_R_Forearm {
         

         FrameTransformMatrix {
          0.385444,0.000000,-0.922731,0.000000,0.000000,1.000000,0.000000,0.000000,0.922732,-0.000000,0.385444,0.000000,0.137062,0.000000,-0.000000,1.000000;;
         }

         Frame Bip01_R_Hand {
          

          FrameTransformMatrix {
           0.803241,-0.190339,0.564424,0.000000,0.595157,0.217789,-0.773534,0.000000,0.024308,0.957256,0.288219,0.000000,0.137062,0.000000,0.000000,1.000000;;
          }

          Frame Bip01_R_Finger0 {
           

           FrameTransformMatrix {
            0.491452,0.066813,0.868339,0.000000,-0.602418,0.746122,0.283540,0.000000,-0.628942,-0.662449,0.406933,0.000000,0.057681,0.023605,-0.000272,1.000000;;
           }

           Frame Bip01_R_Finger0Nub {
            

            FrameTransformMatrix {
             -1.000000,-0.000000,-0.000000,0.000000,0.000000,1.000000,-0.000000,0.000000,-0.000000,-0.000000,-1.000000,0.000000,0.029435,0.000000,-0.000000,1.000000;;
            }
           }
          }

          Frame Bip01_R_Finger1 {
           

           FrameTransformMatrix {
            -0.108369,0.000792,0.994110,0.000000,0.000000,1.000000,-0.000796,0.000000,-0.994110,-0.000086,-0.108369,0.000000,0.084102,0.000000,0.000000,1.000000;;
           }

           Frame Bip01_R_Finger1Nub {
            

            FrameTransformMatrix {
             -1.000000,0.000000,0.000000,0.000000,0.000000,1.000000,0.000000,0.000000,0.000000,0.000000,-1.000000,0.000000,0.047988,0.000000,0.000000,1.000000;;
            }
           }
          }
         }
        }
       }
      }
     }

     Frame Bip01_BackPack {
      

      FrameTransformMatrix {
       0.190104,-0.000002,-0.981764,0.000000,0.000003,1.000000,-0.000002,0.000000,0.981764,-0.000002,0.190104,0.000000,0.063697,-0.000000,-0.088856,1.000000;;
      }

      Frame Bip01_BackPackNub {
       

       FrameTransformMatrix {
        0.000796,0.000003,1.000000,0.000000,0.000000,-1.000000,0.000003,0.000000,1.000000,0.000000,-0.000796,0.000000,0.053240,0.000000,0.000000,1.000000;;
       }
      }
     }
    }

    Frame Bip01_L_Thigh {
     

     FrameTransformMatrix {
      -0.240693,0.042222,0.969683,0.000000,0.063311,-0.996243,0.059093,0.000000,0.968534,0.075615,0.237116,0.000000,-0.047134,0.054605,0.018331,1.000000;;
     }

     Frame Bip01_L_Calf {
      

      FrameTransformMatrix {
       0.521634,-0.000000,-0.853170,0.000000,0.000000,1.000000,0.000000,0.000000,0.853170,0.000000,0.521634,0.000000,0.237500,-0.000000,-0.000000,1.000000;;
      }

      Frame Bip01_L_Foot {
       

       FrameTransformMatrix {
        0.959238,-0.001825,0.282594,0.000000,0.010297,0.999541,-0.028499,0.000000,-0.282412,0.030248,0.958816,0.000000,0.206841,0.000000,0.000000,1.000000;;
       }

       Frame Bip01_L_Toe0 {
        

        FrameTransformMatrix {
         -0.000000,0.088189,0.996104,0.000000,0.000000,0.996104,-0.088189,0.000000,-1.000000,0.000000,-0.000000,0.000000,0.065373,0.000000,0.066450,1.000000;;
        }

        Frame Bip01_L_Toe0Nub {
         

         FrameTransformMatrix {
          -1.000000,-0.000000,-0.000000,0.000000,-0.000000,1.000000,0.000000,0.000000,0.000000,0.000000,-1.000000,0.000000,0.006735,0.000000,-0.000000,1.000000;;
         }
        }
       }
      }
     }
    }

    Frame Bip01_R_Thigh {
     

     FrameTransformMatrix {
      -0.645209,-0.143639,0.750382,0.000000,0.043969,-0.987521,-0.151227,0.000000,0.762740,-0.064579,0.643472,0.000000,-0.053664,-0.054753,0.004279,1.000000;;
     }

     Frame Bip01_R_Calf {
      

      FrameTransformMatrix {
       0.438139,0.000000,-0.898907,0.000000,0.000000,1.000000,0.000000,0.000000,0.898907,0.000000,0.438139,0.000000,0.237500,0.000000,0.000000,1.000000;;
      }

      Frame Bip01_R_Foot {
       

       FrameTransformMatrix {
        0.795963,-0.010485,0.605254,0.000000,0.047403,0.997859,-0.045053,0.000000,-0.603486,0.064552,0.794756,0.000000,0.206841,0.000000,0.000000,1.000000;;
       }

       Frame Bip01_R_Toe0 {
        

        FrameTransformMatrix {
         -0.186734,-0.026308,0.982058,0.000000,0.098774,0.994073,0.045411,0.000000,-0.977432,0.105482,-0.183028,0.000000,0.065373,0.000000,0.066450,1.000000;;
        }

        Frame Bip01_R_Toe0Nub {
         

         FrameTransformMatrix {
          1.000000,-0.000000,0.000000,0.000000,-0.000000,1.000000,0.000000,0.000000,-0.000000,0.000000,1.000000,0.000000,0.006735,0.000000,0.000000,1.000000;;
         }
        }
       }
      }
     }
    }
   }

   Frame Bip01_DressFront {
    

    FrameTransformMatrix {
     -0.514219,0.125472,0.848431,0.000000,0.257137,0.966288,0.012945,0.000000,-0.818205,0.224820,-0.529147,0.000000,-0.024637,-0.003924,0.073465,1.000000;;
    }

    Frame Bip01_DressFront02 {
     

     FrameTransformMatrix {
      0.697946,-0.291104,0.654316,0.000000,0.278063,0.952131,0.126998,0.000000,-0.659964,0.093303,0.745481,0.000000,0.183411,-0.000012,-0.000098,1.000000;;
     }

     Frame Bip01_DressFrontNub {
      

      FrameTransformMatrix {
       0.000796,0.000003,1.000000,0.000000,-0.000000,-1.000000,0.000003,0.000000,1.000000,-0.000000,-0.000796,0.000000,0.165302,0.000000,0.000000,1.000000;;
      }
     }
    }
   }

   Frame Bip01_DressBack {
    

    FrameTransformMatrix {
     -0.595503,0.032387,0.802700,0.000000,0.327834,0.922000,0.206011,0.000000,-0.733418,0.385832,-0.559671,0.000000,-0.068548,0.003834,-0.071281,1.000000;;
    }

    Frame Bip01_DressBack02 {
     

     FrameTransformMatrix {
      0.713947,-0.190778,0.673709,0.000000,0.443919,0.867410,-0.224802,0.000000,-0.541495,0.459569,0.703975,0.000000,0.176218,-0.000050,-0.000077,1.000000;;
     }

     Frame Bip01_DressBackNub {
      

      FrameTransformMatrix {
       0.000796,0.000003,1.000000,0.000000,-0.000000,-1.000000,0.000003,0.000000,1.000000,0.000000,-0.000796,0.000000,0.136508,-0.000000,0.000000,1.000000;;
      }
     }
    }
   }
  }

  Frame Bip01_Prop1 {
   

   FrameTransformMatrix {
    -0.575061,-0.461438,0.675559,0.000000,0.208409,0.715886,0.666389,0.000000,-0.791120,0.524007,-0.315510,0.000000,0.333089,0.116579,0.018336,1.000000;;
   }
  }

  Frame Bip01_Prop2 {
   

   FrameTransformMatrix {
    0.956551,-0.274289,0.098877,0.000000,0.255702,0.626225,-0.736518,0.000000,0.140100,0.729800,0.669152,0.000000,0.332623,0.155601,0.075231,1.000000;;
   }
  }
 }
}

Frame Translation_Data {
 

 FrameTransformMatrix {
  1.000000,0.000000,0.000000,0.000000,0.000000,-0.000000,-1.000000,0.000000,0.000000,1.000000,-0.000000,0.000000,0.000000,-0.000000,0.000000,1.000000;;
 }
}

Frame Body {
 

 FrameTransformMatrix {
  1.000000,0.000000,0.000000,0.000000,0.000000,1.000000,0.000000,0.000000,0.000000,0.000000,1.000000,0.000000,0.000000,0.000000,0.000000,1.000000;;
 }

 Mesh Body {
  617;
  0.074507;0.637737;-0.022994;,
  0.039810;0.626331;-0.019239;,
  0.033836;0.658439;-0.028541;,
  0.085179;0.621088;-0.010315;,
  0.089456;0.609832;0.004096;,
  0.059372;0.567472;0.009779;,
  0.048170;0.592380;-0.009435;,
  0.092852;0.591098;0.034726;,
  0.031587;0.698967;-0.015877;,
  0.077557;0.699756;0.024131;,
  0.072482;0.685346;-0.002298;,
  0.044793;0.706334;0.022205;,
  0.083583;0.499657;0.158595;,
  0.043809;0.516026;0.176839;,
  0.045062;0.504364;0.187169;,
  0.075650;0.509527;0.153209;,
  0.066313;0.488066;0.102570;,
  0.080956;0.470629;0.126657;,
  0.036496;0.471759;0.078663;,
  0.064920;0.440905;0.111293;,
  0.035228;0.426084;0.106955;,
  0.006383;0.559386;-0.000150;,
  0.007937;0.589734;-0.017161;,
  0.001136;0.514067;0.180900;,
  0.003389;0.500506;0.192910;,
  0.045679;0.615138;0.128059;,
  -0.007318;0.652161;0.104083;,
  -0.006447;0.616582;0.126833;,
  0.049826;0.653237;0.104869;,
  0.058917;0.427674;0.092407;,
  0.106393;0.342379;0.043493;,
  0.071054;0.363637;0.019941;,
  0.091564;0.409257;0.121827;,
  0.076284;0.279933;-0.048944;,
  0.100671;0.264922;-0.008972;,
  0.010083;0.424226;0.097174;,
  0.021212;0.297047;0.090633;,
  0.019263;0.406598;0.232374;,
  0.021414;0.347530;0.033863;,
  0.043543;0.256468;0.018465;,
  0.044669;0.266502;-0.018142;,
  0.101081;0.300179;0.092342;,
  0.085355;0.373293;0.164711;,
  0.084031;0.257691;0.023292;,
  0.082058;-0.001511;0.055566;,
  0.038638;-0.001595;0.097359;,
  0.037609;-0.001488;0.048551;,
  0.073382;-0.001618;0.100167;,
  0.072759;0.211053;-0.020959;,
  0.093200;0.143495;0.029644;,
  0.067344;0.139641;-0.001936;,
  0.100815;0.215393;0.010808;,
  0.080166;0.067669;0.050590;,
  0.063352;0.064531;0.020199;,
  0.028159;0.200044;0.001267;,
  0.028540;0.161786;0.057771;,
  0.024700;0.227069;0.049892;,
  0.035194;0.143871;0.019444;,
  0.045642;0.082100;0.068360;,
  0.044126;0.059859;0.044043;,
  0.090111;0.158371;0.065068;,
  0.096469;0.232217;0.057094;,
  0.069795;0.086461;0.070109;,
  0.088513;0.445621;0.141295;,
  -0.006489;0.414785;0.103043;,
  0.010083;0.424226;0.097174;,
  -0.003933;0.387783;0.128549;,
  0.095807;0.460558;0.193327;,
  0.048480;0.468346;0.221282;,
  0.087532;0.395753;0.186142;,
  0.044028;0.404453;0.212562;,
  0.042543;0.568688;0.150469;,
  0.078532;0.604311;0.117357;,
  0.091377;0.598455;0.101806;,
  0.070220;0.530696;0.087196;,
  0.089066;0.568976;0.057129;,
  0.075566;0.556097;0.130494;,
  0.057524;0.544861;0.027756;,
  0.048585;0.511077;0.064235;,
  0.002840;0.542026;0.016532;,
  -0.000038;0.503439;0.060872;,
  0.105032;0.649369;-0.042360;,
  0.121159;0.609999;-0.069835;,
  0.065605;0.633483;-0.009362;,
  0.095549;0.544696;-0.061715;,
  0.075019;0.582861;-0.042916;,
  0.132727;0.565616;-0.084877;,
  0.103399;0.604024;0.028263;,
  0.075019;0.582861;-0.042916;,
  0.115518;0.560567;0.004288;,
  0.124900;0.514198;-0.038451;,
  0.095549;0.544696;-0.061715;,
  0.114377;0.605913;0.030349;,
  0.161746;0.587973;-0.022463;,
  0.145069;0.626191;0.004634;,
  0.161970;0.534887;-0.061672;,
  0.128447;0.643576;-0.024630;,
  0.124358;0.575893;-0.096578;,
  0.056399;0.547556;-0.126450;,
  0.079269;0.551763;-0.070403;,
  0.086216;0.563410;-0.140836;,
  0.037304;0.539085;-0.166165;,
  0.056512;0.550272;-0.179911;,
  0.079269;0.551763;-0.070403;,
  0.087897;0.500251;-0.133087;,
  0.107808;0.495393;-0.071976;,
  0.056399;0.547556;-0.126450;,
  0.062349;0.510780;-0.166635;,
  0.037304;0.539085;-0.166165;,
  0.110749;0.512760;-0.143829;,
  0.152664;0.519459;-0.097923;,
  0.072972;0.516770;-0.182250;,
  -0.000076;0.468042;-0.228272;,
  0.052670;0.475433;-0.207779;,
  0.008417;0.487481;-0.222450;,
  0.043865;0.456510;-0.213739;,
  0.002507;0.492587;-0.224902;,
  0.010207;0.486937;-0.238658;,
  0.008530;0.483742;-0.228263;,
  -0.001004;0.496165;-0.235436;,
  0.049684;0.489941;-0.177275;,
  0.026519;0.509873;-0.229345;,
  0.055507;0.470827;-0.208844;,
  0.015322;0.519411;-0.197840;,
  0.068133;0.474308;-0.223896;,
  0.078022;0.507866;-0.194800;,
  0.042912;0.539735;-0.216101;,
  0.040600;0.512452;-0.243185;,
  0.100011;0.688829;-0.004482;,
  0.106745;0.670128;-0.026696;,
  0.072482;0.685346;-0.002298;,
  0.070826;0.666935;-0.022024;,
  0.088222;0.646322;0.093052;,
  0.043616;0.676407;-0.028894;,
  0.103304;0.644879;-0.029012;,
  0.085179;0.621088;-0.010315;,
  0.074507;0.637737;-0.022994;,
  0.098700;0.637463;-0.011488;,
  0.095765;0.671212;0.057358;,
  0.051563;0.680470;0.072423;,
  0.099098;0.671307;0.051605;,
  -0.006399;0.676155;0.072222;,
  -0.001260;0.696957;0.016118;,
  0.077557;0.699756;0.024131;,
  0.099098;0.671307;0.051605;,
  0.088160;0.624079;0.028239;,
  0.099901;0.660153;0.049905;,
  0.065605;0.633483;-0.009362;,
  0.093360;0.623155;0.071518;,
  0.089720;0.597952;0.047404;,
  0.089456;0.609832;0.004096;,
  0.097230;0.635851;0.081950;,
  0.015322;0.519411;-0.197840;,
  0.035141;0.691528;-0.059782;,
  0.027043;0.709655;-0.047687;,
  0.002397;0.702171;-0.016944;,
  0.001495;0.716798;-0.040684;,
  0.040600;0.512452;-0.243185;,
  -0.000076;0.468042;-0.228272;,
  0.043865;0.456510;-0.213739;,
  0.007958;0.508423;-0.214051;,
  0.007252;0.513856;-0.239369;,
  0.007958;0.508423;-0.214051;,
  0.019614;0.497449;-0.221829;,
  0.027995;0.506642;-0.243066;,
  0.027995;0.506642;-0.243066;,
  0.002507;0.492587;-0.224902;,
  -0.001004;0.496165;-0.235436;,
  0.010207;0.486937;-0.238658;,
  0.095051;0.020155;-0.020419;,
  0.068861;-0.001458;-0.067659;,
  0.066907;0.017121;-0.060567;,
  0.101228;-0.001470;-0.027137;,
  0.035843;0.031815;0.086440;,
  0.037609;-0.001488;0.048551;,
  0.038638;-0.001595;0.097359;,
  0.036466;0.023469;0.045907;,
  0.045642;0.082100;0.068360;,
  0.077268;0.034837;0.089574;,
  0.069795;0.086461;0.070109;,
  0.082058;-0.001511;0.055566;,
  0.073382;-0.001618;0.100167;,
  0.083422;0.033435;0.053205;,
  0.063352;0.064531;0.020199;,
  0.080166;0.067669;0.050590;,
  0.038600;0.014087;-0.052579;,
  0.033135;-0.001447;-0.060327;,
  0.101228;-0.001470;-0.027137;,
  0.033135;-0.001447;-0.060327;,
  0.021414;0.347530;0.033863;,
  0.044669;0.266502;-0.018142;,
  0.028159;0.200044;0.001267;,
  0.035194;0.143871;0.019444;,
  0.044126;0.059859;0.044043;,
  0.044126;0.059859;0.044043;,
  0.001498;0.394566;0.179816;,
  0.043711;0.681901;-0.077078;,
  0.026851;0.661086;-0.079648;,
  0.034509;0.665125;-0.086795;,
  0.026780;0.675043;-0.065963;,
  0.034730;0.711514;-0.072549;,
  0.026773;0.732506;-0.063687;,
  -0.004685;0.769178;-0.176911;,
  -0.024683;0.743253;-0.187428;,
  -0.024792;0.771205;-0.176948;,
  0.016602;0.689977;-0.165837;,
  -0.000386;0.683446;-0.167063;,
  0.009108;0.715423;-0.179220;,
  0.036911;0.677313;-0.104177;,
  0.044889;0.704295;-0.094516;,
  0.040992;0.696027;-0.078473;,
  0.041684;0.741169;-0.106922;,
  0.039096;0.732279;-0.129645;,
  0.022327;0.732737;-0.174705;,
  0.032252;0.753773;-0.159241;,
  0.033845;0.710038;-0.144486;,
  0.039594;0.755166;-0.097864;,
  0.028985;0.774692;-0.087648;,
  -0.008968;0.780843;-0.074326;,
  0.014728;0.798224;-0.127590;,
  -0.017273;0.804791;-0.116601;,
  0.037930;0.694952;-0.128016;,
  0.028278;0.660145;-0.105653;,
  0.022957;0.673875;-0.138454;,
  0.017019;0.633696;-0.094399;,
  -0.000563;0.636920;-0.079330;,
  -0.002278;0.623352;-0.095453;,
  0.002237;0.734940;-0.185870;,
  0.016346;0.763509;-0.172559;,
  0.028818;0.783863;-0.141310;,
  0.012180;0.788890;-0.157428;,
  -0.005241;0.796197;-0.154095;,
  -0.022420;0.798335;-0.151312;,
  -0.003729;0.745643;-0.055678;,
  0.028818;0.783863;-0.141310;,
  0.012180;0.788890;-0.157428;,
  0.050591;0.706127;-0.097829;,
  0.049454;0.745816;-0.124074;,
  0.057957;0.738676;-0.105901;,
  0.045019;0.728733;-0.113519;,
  0.057957;0.738676;-0.105901;,
  0.050591;0.706127;-0.097829;,
  0.049454;0.745816;-0.124074;,
  0.039096;0.732279;-0.129645;,
  0.042941;0.710565;-0.117517;,
  0.044889;0.704295;-0.094516;,
  0.019191;0.689422;-0.153930;,
  0.042941;0.710565;-0.117517;,
  0.043616;0.676407;-0.028894;,
  0.035141;0.691528;-0.059782;,
  0.070826;0.666935;-0.022024;,
  0.034730;0.711514;-0.072549;,
  0.007627;0.636257;-0.037543;,
  0.007618;0.615307;-0.026157;,
  -0.006956;0.468297;0.079571;,
  0.006752;0.466011;0.226428;,
  0.007605;0.433093;0.236037;,
  -0.002355;0.378479;0.188352;,
  0.000373;0.647775;-0.064710;,
  0.001498;0.394566;0.179816;,
  -0.005241;0.796197;-0.154095;,
  -0.022420;0.798335;-0.151312;,
  0.012345;0.652175;-0.120099;,
  0.000903;0.662787;-0.139547;,
  0.002581;0.655830;-0.133067;,
  -0.024033;0.727914;-0.189494;,
  -0.021511;0.703296;-0.183581;,
  -0.000422;0.683564;-0.154044;,
  -0.004901;0.568169;0.150598;,
  0.070826;0.666935;-0.022024;,
  0.068861;-0.001458;-0.067659;,
  0.005093;0.640833;-0.117567;,
  0.012801;0.647665;-0.115284;,
  0.004406;0.646757;-0.118317;,
  -0.010194;0.650803;-0.133901;,
  -0.012161;0.650217;-0.146411;,
  0.003218;0.646122;-0.124389;,
  -0.007178;0.645869;-0.117047;,
  -0.006521;0.636989;-0.116490;,
  -0.017373;0.676915;-0.168288;,
  -0.015645;0.673024;-0.159052;,
  0.099901;0.660153;0.049905;,
  -0.008302;0.642826;-0.125279;,
  0.082453;0.636259;0.039158;,
  0.088160;0.624079;0.028239;,
  0.089456;0.609832;0.004096;,
  0.039594;0.755166;-0.097864;,
  0.072759;0.211053;-0.020959;,
  0.036318;0.127212;-0.012131;,
  0.029063;0.202838;-0.028422;,
  0.067344;0.139641;-0.001936;,
  0.076284;0.279933;-0.048944;,
  0.033046;0.276484;-0.039756;,
  0.071054;0.363637;0.019941;,
  0.015696;0.348141;0.024444;,
  0.058917;0.427674;0.092407;,
  0.007122;0.417713;0.079026;,
  0.035228;0.426084;0.106955;,
  0.033961;0.055429;-0.001149;,
  0.063352;0.064531;0.020199;,
  0.031694;0.155292;0.088847;,
  0.034117;0.074869;0.206563;,
  0.032395;0.086960;0.104130;,
  0.025731;0.141872;0.182888;,
  0.013385;0.201036;0.155949;,
  0.027408;0.228390;0.064214;,
  0.010303;0.252901;0.147409;,
  0.033302;0.248501;0.043261;,
  0.018682;0.287635;0.101988;,
  0.004690;0.311544;0.177028;,
  0.012238;0.385757;0.232001;,
  0.082453;0.636259;0.039158;,
  -0.063612;0.633618;-0.033601;,
  -0.026255;0.622933;-0.026551;,
  -0.074392;0.615716;-0.023520;,
  -0.021881;0.655657;-0.034146;,
  -0.078257;0.601832;-0.015025;,
  -0.048002;0.562753;-0.000285;,
  -0.087369;0.583177;0.017834;,
  -0.033068;0.588202;-0.018426;,
  -0.026046;0.696132;-0.021383;,
  -0.078610;0.692782;0.008455;,
  -0.048239;0.701550;0.011909;,
  -0.066677;0.681277;-0.012930;,
  -0.082198;0.500458;0.176053;,
  -0.041628;0.516053;0.183446;,
  -0.076790;0.509576;0.164996;,
  -0.038527;0.504767;0.195972;,
  -0.075584;0.488111;0.113542;,
  -0.086559;0.471438;0.144297;,
  -0.049988;0.471787;0.085350;,
  -0.073926;0.440703;0.124377;,
  -0.046366;0.426478;0.115547;,
  0.001136;0.514067;0.180900;,
  0.003389;0.500506;0.192910;,
  -0.058015;0.611564;0.120569;,
  -0.007318;0.652161;0.104083;,
  -0.063479;0.648257;0.094249;,
  -0.006447;0.616582;0.126833;,
  -0.062410;0.407501;0.109516;,
  -0.114328;0.311092;0.107477;,
  -0.095248;0.403416;0.146588;,
  -0.077412;0.317563;0.078309;,
  -0.087309;0.210716;0.055253;,
  -0.113010;0.218115;0.095569;,
  -0.013575;0.403185;0.122433;,
  -0.032821;0.287501;0.173301;,
  -0.029086;0.306891;0.099943;,
  -0.004814;0.406714;0.234910;,
  -0.056837;0.221115;0.124949;,
  -0.056926;0.212339;0.088964;,
  -0.112335;0.295243;0.170247;,
  -0.087500;0.381381;0.203208;,
  -0.097223;0.226449;0.127070;,
  -0.109998;0.014547;0.273066;,
  -0.064202;0.018612;0.312031;,
  -0.098599;0.022217;0.316377;,
  -0.066206;0.009273;0.264155;,
  -0.087979;0.165141;0.114952;,
  -0.112378;0.135900;0.193005;,
  -0.115961;0.186934;0.138555;,
  -0.086566;0.114710;0.169226;,
  -0.103403;0.082016;0.252614;,
  -0.087331;0.065599;0.227094;,
  -0.044185;0.165793;0.141145;,
  -0.047003;0.163604;0.209290;,
  -0.054372;0.128317;0.186167;,
  -0.039577;0.214404;0.168023;,
  -0.067761;0.099792;0.262208;,
  -0.068166;0.068951;0.248002;,
  -0.108714;0.167224;0.215166;,
  -0.111006;0.225641;0.168913;,
  -0.091536;0.105913;0.261979;,
  -0.091139;0.446488;0.160214;,
  -0.013575;0.403185;0.122433;,
  -0.087292;0.461442;0.212608;,
  -0.035109;0.468749;0.230084;,
  -0.084138;0.402256;0.215038;,
  -0.036216;0.410930;0.233954;,
  -0.052145;0.566371;0.146610;,
  -0.088252;0.598562;0.105309;,
  -0.098287;0.591917;0.088104;,
  -0.073071;0.527189;0.081356;,
  -0.082917;0.552219;0.124035;,
  -0.087701;0.562883;0.044359;,
  -0.050836;0.541126;0.019928;,
  -0.048961;0.508690;0.060259;,
  -0.103148;0.632376;-0.050349;,
  -0.056797;0.639544;-0.023969;,
  -0.108216;0.583586;-0.062950;,
  -0.060820;0.534215;-0.045144;,
  -0.105569;0.535308;-0.063931;,
  -0.052546;0.580644;-0.040994;,
  -0.077115;0.613373;0.027160;,
  -0.076607;0.563115;0.017991;,
  -0.052546;0.580644;-0.040994;,
  -0.075081;0.505507;-0.008472;,
  -0.060820;0.534215;-0.045144;,
  -0.087715;0.612532;0.031078;,
  -0.132430;0.566326;-0.003855;,
  -0.126504;0.614117;0.008555;,
  -0.119660;0.506407;-0.027276;,
  -0.120706;0.625747;-0.027026;,
  -0.102652;0.542554;-0.079761;,
  -0.033822;0.525433;-0.115580;,
  -0.068843;0.526927;-0.126474;,
  -0.049049;0.541618;-0.059116;,
  -0.018026;0.508780;-0.154021;,
  -0.041858;0.510282;-0.166025;,
  -0.049049;0.541618;-0.059116;,
  -0.048587;0.471953;-0.101588;,
  -0.033822;0.525433;-0.115580;,
  -0.057367;0.482401;-0.038635;,
  -0.033344;0.475837;-0.142517;,
  -0.018026;0.508780;-0.154021;,
  -0.075507;0.473516;-0.109770;,
  -0.110703;0.483410;-0.059100;,
  -0.046767;0.474616;-0.155571;,
  0.022900;0.435675;-0.213691;,
  -0.026322;0.436271;-0.184819;,
  -0.015227;0.418565;-0.190700;,
  0.011989;0.453922;-0.208044;,
  0.016378;0.459650;-0.211911;,
  0.007757;0.451282;-0.223578;,
  0.017428;0.462574;-0.223156;,
  0.011642;0.449595;-0.213423;,
  -0.021233;0.454380;-0.156606;,
  -0.010823;0.472020;-0.213400;,
  0.003310;0.486763;-0.185262;,
  -0.028388;0.431161;-0.184987;,
  -0.043687;0.430758;-0.197789;,
  -0.054842;0.465188;-0.170208;,
  -0.030138;0.499964;-0.199913;,
  -0.027171;0.470621;-0.224681;,
  -0.093291;0.685586;-0.015158;,
  -0.097675;0.666759;-0.037906;,
  -0.066677;0.681277;-0.012930;,
  -0.061722;0.663369;-0.031564;,
  -0.098267;0.638126;0.075572;,
  -0.033240;0.672664;-0.035971;,
  -0.094371;0.641061;-0.040304;,
  -0.074392;0.615716;-0.023520;,
  -0.093616;0.634069;-0.025257;,
  -0.063612;0.633618;-0.033601;,
  -0.099493;0.663478;0.037413;,
  -0.101356;0.663418;0.031509;,
  -0.063142;0.674572;0.059729;,
  -0.006399;0.676155;0.072222;,
  -0.001260;0.696957;0.016118;,
  -0.078610;0.692782;0.008455;,
  -0.101356;0.663418;0.031509;,
  -0.083197;0.617132;0.010698;,
  -0.056797;0.639544;-0.023969;,
  -0.100472;0.652894;0.030482;,
  -0.097382;0.614772;0.053640;,
  -0.087254;0.590174;0.030816;,
  -0.078257;0.601832;-0.015025;,
  -0.104150;0.627001;0.063075;,
  0.003310;0.486763;-0.185262;,
  -0.034414;0.688985;-0.049332;,
  -0.024414;0.707773;-0.039956;,
  0.002397;0.702171;-0.016944;,
  0.001495;0.716798;-0.040684;,
  -0.027171;0.470621;-0.224681;,
  0.022900;0.435675;-0.213691;,
  -0.015227;0.418565;-0.190700;,
  0.009891;0.475444;-0.201582;,
  0.005508;0.478064;-0.226976;,
  0.009891;0.475444;-0.201582;,
  -0.000618;0.461859;-0.206252;,
  -0.013854;0.467078;-0.226335;,
  -0.013854;0.467078;-0.226335;,
  0.016378;0.459650;-0.211911;,
  0.017428;0.462574;-0.223156;,
  0.007757;0.451282;-0.223578;,
  -0.125956;0.022319;0.194984;,
  -0.104529;-0.010187;0.151753;,
  -0.134213;0.000445;0.192929;,
  -0.100689;0.009158;0.154965;,
  -0.059484;0.048927;0.294652;,
  -0.066206;0.009273;0.264155;,
  -0.063279;0.033058;0.256617;,
  -0.064202;0.018612;0.312031;,
  -0.067761;0.099792;0.262208;,
  -0.100269;0.056165;0.299027;,
  -0.091536;0.105913;0.261979;,
  -0.109998;0.014547;0.273066;,
  -0.108765;0.048373;0.263961;,
  -0.098599;0.022217;0.316377;,
  -0.087331;0.065599;0.227094;,
  -0.103403;0.082016;0.252614;,
  -0.072264;0.005206;0.162088;,
  -0.068526;-0.011948;0.157296;,
  -0.134213;0.000445;0.192929;,
  -0.068526;-0.011948;0.157296;,
  -0.029086;0.306891;0.099943;,
  -0.056926;0.212339;0.088964;,
  -0.044185;0.165793;0.141145;,
  -0.054372;0.128317;0.186167;,
  -0.068166;0.068951;0.248002;,
  -0.068166;0.068951;0.248002;,
  -0.047166;0.676088;-0.062519;,
  -0.029494;0.657482;-0.070622;,
  -0.027099;0.673073;-0.057868;,
  -0.039436;0.660394;-0.074949;,
  -0.040974;0.706671;-0.060421;,
  -0.033328;0.728662;-0.054059;,
  -0.043473;0.766697;-0.170697;,
  -0.024792;0.771205;-0.176948;,
  -0.050245;0.685701;-0.155128;,
  -0.050509;0.711610;-0.169669;,
  -0.033809;0.681308;-0.161708;,
  -0.048622;0.671842;-0.090475;,
  -0.056485;0.697811;-0.078276;,
  -0.046794;0.690412;-0.064410;,
  -0.061906;0.734542;-0.090327;,
  -0.065433;0.725593;-0.112899;,
  -0.063710;0.727234;-0.160921;,
  -0.062340;0.703885;-0.129076;,
  -0.070864;0.747176;-0.142722;,
  -0.058857;0.748869;-0.082092;,
  -0.048109;0.769761;-0.075297;,
  -0.008968;0.780843;-0.074326;,
  -0.050027;0.794081;-0.117215;,
  -0.017273;0.804791;-0.116601;,
  -0.059190;0.688739;-0.112457;,
  -0.045712;0.669483;-0.127453;,
  -0.038814;0.655854;-0.094905;,
  -0.021418;0.631238;-0.088242;,
  -0.048529;0.731693;-0.177737;,
  -0.061231;0.758547;-0.160131;,
  -0.065787;0.777811;-0.126154;,
  -0.055751;0.784545;-0.146545;,
  -0.022420;0.798335;-0.151312;,
  -0.039207;0.794024;-0.148654;,
  -0.003729;0.745643;-0.055678;,
  -0.065787;0.777811;-0.126154;,
  -0.055751;0.784545;-0.146545;,
  -0.063115;0.698854;-0.079613;,
  -0.075142;0.737846;-0.104113;,
  -0.065556;0.721660;-0.095805;,
  -0.076611;0.730069;-0.084343;,
  -0.076611;0.730069;-0.084343;,
  -0.063115;0.698854;-0.079613;,
  -0.075142;0.737846;-0.104113;,
  -0.065433;0.725593;-0.112899;,
  -0.062585;0.703815;-0.100612;,
  -0.056485;0.697811;-0.078276;,
  -0.048911;0.685065;-0.143020;,
  -0.062585;0.703815;-0.100612;,
  -0.033240;0.672664;-0.035971;,
  -0.034414;0.688985;-0.049332;,
  -0.061722;0.663369;-0.031564;,
  -0.040974;0.706671;-0.060421;,
  0.006752;0.466011;0.226428;,
  0.007605;0.433093;0.236037;,
  -0.002355;0.378479;0.188352;,
  0.001498;0.394566;0.179816;,
  -0.039207;0.794024;-0.148654;,
  -0.022420;0.798335;-0.151312;,
  -0.027306;0.649638;-0.113746;,
  -0.023895;0.661200;-0.135575;,
  -0.022595;0.654219;-0.129033;,
  -0.029738;0.681689;-0.149348;,
  -0.004901;0.568169;0.150598;,
  -0.061722;0.663369;-0.031564;,
  -0.104529;-0.010187;0.151753;,
  -0.025678;0.645204;-0.109120;,
  -0.018276;0.639338;-0.113823;,
  -0.018599;0.645285;-0.114632;,
  -0.019290;0.644682;-0.120783;,
  -0.100472;0.652894;0.030482;,
  -0.080270;0.630406;0.021950;,
  -0.083197;0.617132;0.010698;,
  -0.078257;0.601832;-0.015025;,
  -0.058857;0.748869;-0.082092;,
  -0.035037;0.172124;0.050711;,
  -0.005285;0.118800;0.021373;,
  -0.043499;0.108653;0.087927;,
  -0.002296;0.192433;0.003412;,
  -0.038891;0.225485;0.023517;,
  -0.001292;0.253113;-0.007138;,
  -0.023879;0.313320;0.060686;,
  -0.003760;0.321707;0.041710;,
  -0.017361;0.395037;0.092375;,
  -0.007451;0.393861;0.086380;,
  -0.006489;0.414785;0.103043;,
  -0.046366;0.426478;0.115547;,
  -0.008509;0.055175;0.033089;,
  -0.046572;0.046477;0.118108;,
  -0.033589;0.116039;0.280566;,
  -0.108714;0.167224;0.215166;,
  -0.091522;0.105913;0.261978;,
  -0.037599;0.170376;0.229806;,
  -0.111006;0.225641;0.168913;,
  -0.045875;0.222439;0.182039;,
  -0.047126;0.227474;0.153210;,
  -0.097223;0.226449;0.127070;,
  -0.112335;0.295243;0.170247;,
  -0.030855;0.282645;0.190005;,
  0.007605;0.433093;0.236037;,
  -0.036216;0.410930;0.233954;,
  -0.080270;0.630406;0.021950;,
  -0.062410;0.407501;0.109516;,
  -0.077412;0.317563;0.078309;,
  -0.087309;0.210716;0.055253;,
  -0.087979;0.165141;0.114952;,
  -0.086566;0.114710;0.169226;,
  -0.087331;0.065599;0.227094;,
  0.101081;0.300179;0.092342;,
  0.044028;0.404454;0.212562;,
  0.085355;0.373293;0.164711;,
  0.084031;0.257691;0.023292;,
  0.096469;0.232217;0.057094;,
  0.090111;0.158371;0.065068;,
  0.069795;0.086461;0.070109;,
  -0.087500;0.381381;0.203208;;
  916;
  3;0,1,2;,
  3;1,0,3;,
  3;4,5,6;,
  3;5,4,7;,
  3;8,9,10;,
  3;9,8,11;,
  3;12,13,14;,
  3;13,12,15;,
  3;16,12,17;,
  3;12,16,15;,
  3;18,19,20;,
  3;19,18,16;,
  3;6,21,22;,
  3;21,6,5;,
  3;14,23,24;,
  3;23,14,13;,
  3;25,26,27;,
  3;26,25,28;,
  3;29,30,31;,
  3;30,29,32;,
  3;30,33,31;,
  3;33,30,34;,
  3;35,36,37;,
  3;36,35,38;,
  3;38,39,36;,
  3;39,38,40;,
  3;37,41,42;,
  3;41,37,36;,
  3;36,43,41;,
  3;43,36,39;,
  3;42,30,32;,
  3;30,42,41;,
  3;41,34,30;,
  3;34,41,43;,
  3;44,45,46;,
  3;45,44,47;,
  3;48,49,50;,
  3;49,48,51;,
  3;50,52,53;,
  3;52,50,49;,
  3;54,55,56;,
  3;55,54,57;,
  3;57,58,55;,
  3;58,57,59;,
  3;56,60,61;,
  3;60,56,55;,
  3;55,62,60;,
  3;62,55,58;,
  3;61,49,51;,
  3;49,61,60;,
  3;60,52,49;,
  3;52,60,62;,
  3;32,19,63;,
  3;19,32,29;,
  3;64,65,66;,
  3;65,64,20;,
  3;14,67,12;,
  3;67,14,68;,
  3;68,69,67;,
  3;69,68,70;,
  3;70,42,69;,
  3;42,70,37;,
  3;48,34,51;,
  3;34,48,33;,
  3;51,43,61;,
  3;43,51,34;,
  3;43,56,61;,
  3;56,43,39;,
  3;39,54,56;,
  3;54,39,40;,
  3;12,63,17;,
  3;63,12,67;,
  3;67,32,63;,
  3;32,67,69;,
  3;69,42,32;,
  3;71,72,25;,
  3;73,74,75;,
  3;74,73,76;,
  3;74,77,75;,
  3;77,74,78;,
  3;79,78,80;,
  3;78,79,77;,
  3;81,82,83;,
  3;82,84,85;,
  3;84,82,86;,
  3;87,88,89;,
  3;88,90,89;,
  3;90,88,91;,
  3;92,93,94;,
  3;92,89,93;,
  3;92,87,89;,
  3;89,95,93;,
  3;95,89,90;,
  3;96,93,82;,
  3;93,86,82;,
  3;86,93,95;,
  3;97,98,99;,
  3;98,97,100;,
  3;100,101,98;,
  3;101,100,102;,
  3;103,104,105;,
  3;104,103,106;,
  3;106,107,104;,
  3;107,106,108;,
  3;105,109,110;,
  3;109,105,104;,
  3;104,111,109;,
  3;111,104,107;,
  3;110,100,97;,
  3;100,110,109;,
  3;109,102,100;,
  3;102,109,111;,
  3;112,113,114;,
  3;113,112,115;,
  3;116,117,118;,
  3;117,116,119;,
  3;120,121,122;,
  3;121,120,123;,
  3;120,124,125;,
  3;124,120,122;,
  3;126,124,127;,
  3;124,126,125;,
  3;95,97,86;,
  3;97,95,110;,
  3;86,99,84;,
  3;99,86,97;,
  3;90,103,105;,
  3;103,90,91;,
  3;105,95,90;,
  3;95,105,110;,
  3;128,96,129;,
  3;96,128,94;,
  3;129,130,128;,
  3;130,129,131;,
  3;72,28,25;,
  3;28,72,132;,
  3;10,133,8;,
  3;134,135,136;,
  3;135,134,137;,
  3;81,137,134;,
  3;138,11,139;,
  3;138,9,11;,
  3;138,140,9;,
  3;141,11,142;,
  3;11,141,139;,
  3;128,130,143;,
  3;94,144,92;,
  3;94,143,144;,
  3;94,128,143;,
  3;145,87,146;,
  3;87,145,147;,
  3;75,148,73;,
  3;148,75,149;,
  3;150,147,145;,
  3;7,149,75;,
  3;148,151,73;,
  3;102,152,101;,
  3;152,102,126;,
  3;102,125,126;,
  3;125,102,111;,
  3;111,120,125;,
  3;120,111,107;,
  3;120,108,123;,
  3;108,120,107;,
  3;8,153,154;,
  3;153,8,133;,
  3;154,155,8;,
  3;155,154,156;,
  3;122,114,113;,
  3;114,122,121;,
  3;121,112,114;,
  3;112,121,157;,
  3;158,124,159;,
  3;124,158,127;,
  3;159,122,113;,
  3;122,159,124;,
  3;126,160,152;,
  3;160,126,161;,
  3;162,121,123;,
  3;121,162,163;,
  3;121,164,157;,
  3;164,121,163;,
  3;165,126,127;,
  3;126,165,161;,
  3;161,166,160;,
  3;166,161,167;,
  3;162,118,163;,
  3;118,162,116;,
  3;163,117,164;,
  3;117,163,118;,
  3;165,167,161;,
  3;167,165,168;,
  3;169,170,171;,
  3;170,169,172;,
  3;173,174,175;,
  3;174,173,176;,
  3;177,178,179;,
  3;178,177,173;,
  3;180,178,181;,
  3;178,180,182;,
  3;183,169,171;,
  3;169,183,184;,
  3;174,185,186;,
  3;185,174,176;,
  3;46,187,44;,
  3;187,46,188;,
  3;180,169,182;,
  3;169,180,172;,
  3;20,29,65;,
  3;19,29,20;,
  3;29,31,189;,
  3;31,190,189;,
  3;190,31,33;,
  3;33,191,190;,
  3;191,33,48;,
  3;191,50,192;,
  3;50,191,48;,
  3;192,53,193;,
  3;53,192,50;,
  3;194,171,185;,
  3;171,194,183;,
  3;171,186,185;,
  3;186,171,170;,
  3;185,176,194;,
  3;194,173,177;,
  3;173,194,176;,
  3;178,175,181;,
  3;175,178,173;,
  3;179,182,184;,
  3;182,179,178;,
  3;182,169,184;,
  3;16,17,19;,
  3;17,63,19;,
  3;65,195,66;,
  3;196,197,198;,
  3;197,196,199;,
  3;200,154,153;,
  3;154,200,201;,
  3;202,203,204;,
  3;205,206,207;,
  3;196,208,209;,
  3;208,196,198;,
  3;210,209,211;,
  3;209,210,196;,
  3;212,213,214;,
  3;213,212,215;,
  3;212,214,211;,
  3;201,216,217;,
  3;216,201,200;,
  3;218,219,220;,
  3;219,218,217;,
  3;210,199,196;,
  3;213,205,207;,
  3;221,222,223;,
  3;198,197,224;,
  3;224,225,226;,
  3;225,224,197;,
  3;227,213,207;,
  3;228,229,214;,
  3;229,228,230;,
  3;220,231,232;,
  3;213,228,214;,
  3;156,201,233;,
  3;201,156,154;,
  3;233,217,218;,
  3;217,233,201;,
  3;219,217,234;,
  3;235,219,234;,
  3;236,237,238;,
  3;237,236,239;,
  3;209,240,211;,
  3;240,209,241;,
  3;211,242,212;,
  3;242,211,240;,
  3;243,239,244;,
  3;239,243,237;,
  3;244,236,245;,
  3;236,244,239;,
  3;246,221,223;,
  3;221,246,215;,
  3;221,212,247;,
  3;212,221,215;,
  3;199,248,2;,
  3;248,199,249;,
  3;133,10,250;,
  3;249,210,251;,
  3;210,249,199;,
  3;210,211,251;,
  3;252,1,253;,
  3;1,252,2;,
  3;20,254,18;,
  3;254,20,64;,
  3;24,68,14;,
  3;68,24,255;,
  3;68,256,70;,
  3;256,68,255;,
  3;256,37,70;,
  3;37,256,257;,
  3;258,2,252;,
  3;2,258,199;,
  3;257,259,37;,
  3;37,259,35;,
  3;260,204,261;,
  3;204,260,202;,
  3;262,263,223;,
  3;263,262,264;,
  3;197,258,225;,
  3;258,197,199;,
  3;265,203,227;,
  3;265,207,266;,
  3;207,265,227;,
  3;223,267,246;,
  3;267,223,263;,
  3;88,87,147;,
  3;83,82,85;,
  3;78,16,18;,
  3;16,78,74;,
  3;74,15,16;,
  3;15,74,76;,
  3;15,71,13;,
  3;71,15,76;,
  3;13,268,23;,
  3;268,13,71;,
  3;248,269,2;,
  3;2,269,0;,
  3;136,129,134;,
  3;129,136,131;,
  3;134,96,81;,
  3;96,134,129;,
  3;96,82,81;,
  3;93,96,94;,
  3;29,189,65;,
  3;205,215,246;,
  3;267,205,246;,
  3;205,267,206;,
  3;205,213,215;,
  3;187,188,270;,
  3;224,271,272;,
  3;222,221,208;,
  3;224,222,198;,
  3;272,273,262;,
  3;273,272,271;,
  3;263,274,275;,
  3;273,276,262;,
  3;277,271,278;,
  3;271,277,273;,
  3;222,272,262;,
  3;272,222,224;,
  3;222,208,198;,
  3;209,221,247;,
  3;221,209,208;,
  3;223,222,262;,
  3;266,206,279;,
  3;206,266,207;,
  3;206,280,279;,
  3;280,206,267;,
  3;280,263,275;,
  3;263,280,267;,
  3;264,262,276;,
  3;76,73,72;,
  3;138,281,140;,
  3;73,132,72;,
  3;132,73,151;,
  3;72,71,76;,
  3;271,226,278;,
  3;155,11,8;,
  3;276,277,282;,
  3;277,276,273;,
  3;274,276,282;,
  3;276,274,264;,
  3;28,141,26;,
  3;141,28,139;,
