xof 0303txt 0032
template ColorRGBA {
 <35ff44e0-6c7c-11cf-8f52-0040333594a3>
 FLOAT red;
 FLOAT green;
 FLOAT blue;
 FLOAT alpha;
}

template ColorRGB {
 <d3e16e81-7835-11cf-8f52-0040333594a3>
 FLOAT red;
 FLOAT green;
 FLOAT blue;
}

template Material {
 <3d82ab4d-62da-11cf-ab39-0020af71e433>
 ColorRGBA faceColor;
 FLOAT power;
 ColorRGB specularColor;
 ColorRGB emissiveColor;
 [...]
}

template TextureFilename {
 <a42790e1-7810-11cf-8f52-0040333594a3>
 STRING filename;
}

template Frame {
 <3d82ab46-62da-11cf-ab39-0020af71e433>
 [...]
}

template Matrix4x4 {
 <f6f23f45-7686-11cf-8f52-0040333594a3>
 array FLOAT matrix[16];
}

template FrameTransformMatrix {
 <f6f23f41-7686-11cf-8f52-0040333594a3>
 Matrix4x4 frameMatrix;
}

template Vector {
 <3d82ab5e-62da-11cf-ab39-0020af71e433>
 FLOAT x;
 FLOAT y;
 FLOAT z;
}

template MeshFace {
 <3d82ab5f-62da-11cf-ab39-0020af71e433>
 DWORD nFaceVertexIndices;
 array DWORD faceVertexIndices[nFaceVertexIndices];
}

template Mesh {
 <3d82ab44-62da-11cf-ab39-0020af71e433>
 DWORD nVertices;
 array Vector vertices[nVertices];
 DWORD nFaces;
 array MeshFace faces[nFaces];
 [...]
}

template MeshMaterialList {
 <f6f23f42-7686-11cf-8f52-0040333594a3>
 DWORD nMaterials;
 DWORD nFaceIndexes;
 array DWORD faceIndexes[nFaceIndexes];
 [Material <3d82ab4d-62da-11cf-ab39-0020af71e433>]
}

template VertexElement {
 <f752461c-1e23-48f6-b9f8-8350850f336f>
 DWORD Type;
 DWORD Method;
 DWORD Usage;
 DWORD UsageIndex;
}

template DeclData {
 <bf22e553-292c-4781-9fea-62bd554bdd93>
 DWORD nElements;
 array VertexElement Elements[nElements];
 DWORD nDWords;
 array DWORD data[nDWords];
}

template XSkinMeshHeader {
 <3cf169ce-ff7c-44ab-93c0-f78f62d172e2>
 WORD nMaxSkinWeightsPerVertex;
 WORD nMaxSkinWeightsPerFace;
 WORD nBones;
}

template SkinWeights {
 <6f0d123b-bad2-4167-a0d0-80224f25fabb>
 STRING transformNodeName;
 DWORD nWeights;
 array DWORD vertexIndices[nWeights];
 array FLOAT weights[nWeights];
 Matrix4x4 matrixOffset;
}

template AnimTicksPerSecond {
 <9e415a43-7ba6-4a73-8743-b73d47e88476>
 DWORD AnimTicksPerSecond;
}

template Animation {
 <3d82ab4f-62da-11cf-ab39-0020af71e433>
 [...]
}

template AnimationSet {
 <3d82ab50-62da-11cf-ab39-0020af71e433>
 [Animation <3d82ab4f-62da-11cf-ab39-0020af71e433>]
}

template FloatKeys {
 <10dd46a9-775b-11cf-8f52-0040333594a3>
 DWORD nValues;
 array FLOAT values[nValues];
}

template TimedFloatKeys {
 <f406b180-7b3b-11cf-8f52-0040333594a3>
 DWORD time;
 FloatKeys tfkeys;
}

template AnimationKey {
 <10dd46a8-775b-11cf-8f52-0040333594a3>
 DWORD keyType;
 DWORD nKeys;
 array TimedFloatKeys keys[nKeys];
}


Material _03_-_Default {
 1.000000;1.000000;1.000000;1.000000;;
 9.999999;
 0.000000;0.000000;0.000000;;
 0.000000;0.000000;0.000000;;

 TextureFilename {
  "MaleBody_full.png";
 }
}

Frame Dummy01 {
 

 FrameTransformMatrix {
  1.000000,0.000000,0.000000,0.000000,0.000000,-0.000000,-1.000000,0.000000,0.000000,1.000000,-0.000000,0.000000,0.000000,0.000000,0.000000,1.000000;;
 }

 Frame Bip01 {
  

  FrameTransformMatrix {
   -0.506730,-0.075013,-0.858835,0.000000,0.125658,0.979142,-0.159662,0.000000,0.852898,-0.188825,-0.486735,0.000000,0.037692,-0.000000,0.079818,1.000000;;
  }

  Frame Bip01_Pelvis {
   

   FrameTransformMatrix {
    -0.079257,0.996828,0.007237,0.000000,0.086823,-0.000329,0.996224,0.000000,0.993066,0.079586,-0.086521,0.000000,0.000000,0.000000,0.000000,1.000000;;
   }

   Frame Bip01_Spine {
    

    FrameTransformMatrix {
     0.980269,-0.175638,-0.090682,0.000000,0.180576,0.982319,0.049408,0.000000,0.080400,-0.064809,0.994654,0.000000,0.051463,-0.000011,0.004025,1.000000;;
    }

    Frame Bip01_Spine1 {
     

     FrameTransformMatrix {
      0.959903,-0.216352,-0.178263,0.000000,0.217614,0.975953,-0.012684,0.000000,0.176720,-0.026617,0.983901,0.000000,0.106465,0.000002,-0.000083,1.000000;;
     }

     Frame Bip01_Neck {
      

      FrameTransformMatrix {
       0.964248,0.028179,0.263499,0.000000,0.017910,0.985127,-0.170890,0.000000,-0.264395,0.169500,0.949403,0.000000,0.130512,-0.000005,0.004627,1.000000;;
      }

      Frame Bip01_Head {
       

       FrameTransformMatrix {
        0.721432,-0.035209,-0.691590,0.000000,-0.081826,0.987376,-0.135624,0.000000,0.687634,0.154434,0.709443,0.000000,0.033674,0.000000,0.000000,1.000000;;
       }

       Frame Bip01_HeadNub {
        

        FrameTransformMatrix {
         1.000000,-0.000000,0.000000,0.000000,0.000000,1.000000,0.000000,0.000000,0.000000,0.000000,1.000000,0.000000,0.169824,0.000000,-0.000000,1.000000;;
        }
       }
      }

      Frame Bip01_L_Clavicle {
       

       FrameTransformMatrix {
        0.462832,0.885827,-0.033108,0.000000,0.845728,-0.452454,-0.282896,0.000000,-0.265576,0.102933,-0.958579,0.000000,-0.023949,0.015845,0.004626,1.000000;;
       }

       Frame Bip01_L_UpperArm {
        

        FrameTransformMatrix {
         0.978034,-0.106025,-0.179468,0.000000,0.203158,0.677552,0.706860,0.000000,0.046654,-0.727793,0.684208,0.000000,0.087086,0.000000,-0.000000,1.000000;;
        }

        Frame Bip01_L_Forearm {
         

         FrameTransformMatrix {
          -0.301639,-0.000000,-0.953422,0.000000,0.000000,1.000000,0.000000,0.000000,0.953422,-0.000000,-0.301639,0.000000,0.137062,-0.000000,0.000000,1.000000;;
         }

         Frame Bip01_L_Hand {
          

          FrameTransformMatrix {
           0.993484,0.007496,0.113728,0.000000,-0.107387,0.395898,0.911994,0.000000,-0.038188,-0.918264,0.394123,0.000000,0.137062,0.000000,0.000000,1.000000;;
          }

          Frame Bip01_L_Finger0 {
           

           FrameTransformMatrix {
            0.829256,-0.514255,0.218807,0.000000,0.558537,0.749101,-0.356210,0.000000,0.019274,0.417601,0.908427,0.000000,0.057681,-0.023605,-0.000272,1.000000;;
           }

           Frame Bip01_L_Finger0Nub {
            

            FrameTransformMatrix {
             1.000000,0.000000,-0.000000,0.000000,-0.000000,1.000000,0.000000,0.000000,0.000000,0.000000,1.000000,0.000000,0.029435,0.000000,0.000000,1.000000;;
            }
           }
          }

          Frame Bip01_L_Finger1 {
           

           FrameTransformMatrix {
            0.989590,-0.000115,0.143914,0.000000,-0.000000,1.000000,0.000796,0.000000,-0.143914,-0.000788,0.989590,0.000000,0.084102,-0.000000,0.000000,1.000000;;
           }

           Frame Bip01_L_Finger1Nub {
            

            FrameTransformMatrix {
             1.000000,-0.000000,0.000000,0.000000,-0.000000,1.000000,0.000000,0.000000,0.000000,0.000000,1.000000,0.000000,0.047988,0.000000,-0.000000,1.000000;;
            }
           }
          }
         }
        }
       }
      }

      Frame Bip01_R_Clavicle {
       

       FrameTransformMatrix {
        -0.257728,-0.934859,-0.244162,0.000000,-0.931268,0.172993,0.320645,0.000000,-0.257519,0.310019,-0.915190,0.000000,-0.024834,-0.015116,-0.000701,1.000000;;
       }

       Frame Bip01_R_UpperArm {
        

        FrameTransformMatrix {
         0.752128,0.439478,-0.491083,0.000000,-0.085511,0.803957,0.588507,0.000000,0.653445,-0.400640,0.642259,0.000000,0.087086,-0.000000,0.000000,1.000000;;
        }

        Frame Bip01_R_Forearm {
         

         FrameTransformMatrix {
          -0.125169,-0.000000,-0.992135,0.000000,0.000000,1.000000,0.000000,0.000000,0.992136,-0.000000,-0.125169,0.000000,0.137062,0.000000,-0.000000,1.000000;;
         }

         Frame Bip01_R_Hand {
          

          FrameTransformMatrix {
           0.107039,-0.867456,-0.485862,0.000000,0.081345,0.494672,-0.865265,0.000000,0.990921,0.053094,0.123512,0.000000,0.137062,0.000000,-0.000000,1.000000;;
          }

          Frame Bip01_R_Finger0 {
           

           FrameTransformMatrix {
            0.829256,0.514255,0.218807,0.000000,-0.558537,0.749101,0.356210,0.000000,0.019274,-0.417601,0.908427,0.000000,0.057681,0.023605,-0.000272,1.000000;;
           }

           Frame Bip01_R_Finger0Nub {
            

            FrameTransformMatrix {
             -1.000000,0.000000,0.000000,0.000000,0.000000,1.000000,0.000000,0.000000,-0.000000,0.000000,-1.000000,0.000000,0.029435,0.000000,-0.000000,1.000000;;
            }
           }
          }

          Frame Bip01_R_Finger1 {
           

           FrameTransformMatrix {
            0.658957,0.000599,0.752180,0.000000,-0.000000,1.000000,-0.000796,0.000000,-0.752180,0.000525,0.658957,0.000000,0.084102,0.000000,-0.000000,1.000000;;
           }

           Frame Bip01_R_Finger1Nub {
            

            FrameTransformMatrix {
             -1.000000,-0.000000,0.000000,0.000000,0.000000,1.000000,-0.000000,0.000000,0.000000,-0.000000,-1.000000,0.000000,0.047988,0.000000,-0.000000,1.000000;;
            }
           }
          }
         }
        }
       }
      }
     }

     Frame Bip01_BackPack {
      

      FrameTransformMatrix {
       0.063631,0.157987,-0.985389,0.000000,-0.010051,0.987441,0.157667,0.000000,0.997923,-0.000128,0.064419,0.000000,0.063696,-0.000000,-0.088851,1.000000;;
      }

      Frame Bip01_BackPackNub {
       

       FrameTransformMatrix {
        0.000796,0.000003,1.000000,0.000000,0.000000,-1.000000,0.000003,0.000000,1.000000,0.000000,-0.000796,0.000000,0.053240,0.000000,0.000000,1.000000;;
       }
      }
     }
    }

    Frame Bip01_L_Thigh {
     

     FrameTransformMatrix {
      -0.990171,0.086806,-0.109664,0.000000,-0.094723,-0.993098,0.069173,0.000000,-0.102903,0.078881,0.991559,0.000000,-0.059784,0.044768,-0.011721,1.000000;;
     }

     Frame Bip01_L_Calf {
      

      FrameTransformMatrix {
       0.979455,0.000000,-0.201662,0.000000,0.000000,1.000000,0.000000,0.000000,0.201662,-0.000000,0.979455,0.000000,0.237500,0.000000,0.000000,1.000000;;
      }

      Frame Bip01_L_Foot {
       

       FrameTransformMatrix {
        0.993990,0.103605,0.035341,0.000000,-0.101633,0.993374,-0.053659,0.000000,-0.040666,0.049745,0.997934,0.000000,0.206841,0.000000,0.000000,1.000000;;
       }

       Frame Bip01_L_Toe0 {
        

        FrameTransformMatrix {
         0.087154,-0.000002,0.996195,0.000000,-0.000001,1.000000,0.000002,0.000000,-0.996195,-0.000001,0.087154,0.000000,0.065373,-0.000000,0.066450,1.000000;;
        }

        Frame Bip01_L_Toe0Nub {
         

         FrameTransformMatrix {
          -1.000000,0.000000,0.000000,0.000000,0.000000,1.000000,0.000000,0.000000,-0.000000,0.000000,-1.000000,0.000000,0.006735,0.000000,0.000000,1.000000;;
         }
        }
       }
      }
     }
    }

    Frame Bip01_R_Thigh {
     

     FrameTransformMatrix {
      -0.473847,-0.404738,0.782084,0.000000,-0.200565,-0.815175,-0.543381,0.000000,0.857463,-0.414338,0.305093,0.000000,-0.040385,-0.063729,-0.004563,1.000000;;
     }

     Frame Bip01_R_Calf {
      

      FrameTransformMatrix {
       -0.510496,0.000000,-0.859880,0.000000,0.000000,1.000000,-0.000000,0.000000,0.859880,0.000000,-0.510496,0.000000,0.237500,0.000000,0.000000,1.000000;;
      }

      Frame Bip01_R_Foot {
       

       FrameTransformMatrix {
        0.563383,0.274500,0.779262,0.000000,-0.223825,0.958631,-0.175866,0.000000,-0.795300,-0.075338,0.601516,0.000000,0.206841,0.000000,0.000000,1.000000;;
       }

       Frame Bip01_R_Toe0 {
        

        FrameTransformMatrix {
         0.239281,0.168391,0.956237,0.000000,0.001728,0.984771,-0.173848,0.000000,-0.970949,0.043251,0.235346,0.000000,0.065373,-0.000000,0.066450,1.000000;;
        }

        Frame Bip01_R_Toe0Nub {
         

         FrameTransformMatrix {
          1.000000,-0.000000,0.000000,0.000000,0.000000,1.000000,-0.000000,0.000000,0.000000,-0.000000,1.000000,0.000000,0.006735,0.000000,0.000000,1.000000;;
         }
        }
       }
      }
     }
    }
   }

   Frame Bip01_DressFront {
    

    FrameTransformMatrix {
     -0.346051,-0.440138,0.828569,0.000000,-0.169267,0.897930,0.406288,0.000000,-0.922820,0.000347,-0.385231,0.000000,-0.005598,0.001399,0.067064,1.000000;;
    }

    Frame Bip01_DressFront02 {
     

     FrameTransformMatrix {
      0.157419,0.320955,0.933921,0.000000,-0.053615,0.947095,-0.316445,0.000000,-0.986075,-0.000258,0.166298,0.000000,0.183454,0.000000,-0.000022,1.000000;;
     }

     Frame Bip01_DressFrontNub {
      

      FrameTransformMatrix {
       0.000796,0.000003,1.000000,0.000000,0.000000,-1.000000,0.000003,0.000000,1.000000,0.000000,-0.000796,0.000000,0.165302,-0.000000,0.000000,1.000000;;
      }
     }
    }
   }

   Frame Bip01_DressBack {
    

    FrameTransformMatrix {
     -0.908421,0.305434,0.285451,0.000000,0.121722,0.846461,-0.518350,0.000000,-0.399945,-0.436134,-0.806121,0.000000,-0.047676,0.000061,-0.078306,1.000000;;
    }

    Frame Bip01_DressBack02 {
     

     FrameTransformMatrix {
      0.980747,0.048711,0.189109,0.000000,-0.045025,0.998704,-0.023745,0.000000,-0.190020,0.014773,0.981669,0.000000,0.176179,-0.000002,-0.000107,1.000000;;
     }

     Frame Bip01_DressBackNub {
      

      FrameTransformMatrix {
       0.000796,0.000003,1.000000,0.000000,0.000000,-1.000000,0.000003,0.000000,1.000000,-0.000000,-0.000796,0.000000,0.136508,0.000000,0.000000,1.000000;;
      }
     }
    }
   }
  }

  Frame Bip01_Prop1 {
   

   FrameTransformMatrix {
    0.826297,0.028063,0.562536,0.000000,-0.474026,0.574061,0.667648,0.000000,-0.304193,-0.818332,0.487647,0.000000,0.176238,0.156358,-0.216381,1.000000;;
   }
  }

  Frame Bip01_Prop2 {
   

   FrameTransformMatrix {
    0.270458,0.549393,-0.790583,0.000000,0.312120,-0.826870,-0.467833,0.000000,-0.910732,-0.120228,-0.395110,0.000000,-0.018845,0.467391,-0.000275,1.000000;;
   }
  }
 }
}

Frame Translation_Data {
 

 FrameTransformMatrix {
  1.000000,0.000000,0.000000,0.000000,0.000000,-0.000000,-1.000000,0.000000,0.000000,1.000000,-0.000000,0.000000,0.000000,0.000000,0.000000,1.000000;;
 }
}

Frame Body {
 

 FrameTransformMatrix {
  1.000000,0.000000,0.000000,0.000000,0.000000,1.000000,0.000000,0.000000,0.000000,0.000000,1.000000,0.000000,0.000000,0.000000,0.000000,1.000000;;
 }

 Mesh Body {
  617;
  0.089203;0.070475;-0.297957;,
  0.061840;0.073866;-0.266803;,
  0.068662;0.100048;-0.287489;,
  0.099829;0.051105;-0.284294;,
  0.100655;0.033464;-0.255181;,
  0.062744;0.017037;-0.214951;,
  0.056480;0.045089;-0.245313;,
  0.110729;0.020115;-0.213905;,
  0.092325;0.134899;-0.294054;,
  0.143319;0.118385;-0.276305;,
  0.109872;0.117331;-0.296386;,
  0.124190;0.139043;-0.269518;,
  0.135224;0.060343;-0.031397;,
  0.114126;0.096271;-0.047025;,
  0.114929;0.103953;-0.034356;,
  0.128908;0.058884;-0.045138;,
  0.092778;0.016047;-0.049267;,
  0.110377;0.028018;-0.017002;,
  0.052143;0.006985;-0.050592;,
  0.077705;0.014056;0.002348;,
  0.047816;0.023133;0.005930;,
  0.015039;0.042041;-0.207762;,
  0.022170;0.066910;-0.239648;,
  0.079264;0.120727;-0.051748;,
  0.080207;0.127677;-0.038365;,
  0.133138;0.099444;-0.142158;,
  0.099630;0.148529;-0.168073;,
  0.094117;0.133315;-0.137274;,
  0.142614;0.113113;-0.179961;,
  0.059810;0.012675;0.051284;,
  0.117557;0.009243;0.150405;,
  0.070179;0.005974;0.150164;,
  0.109091;0.024626;0.052715;,
  0.072710;0.002294;0.244749;,
  0.121081;0.023879;0.243222;,
  0.032910;0.056592;0.053198;,
  0.090615;0.113184;0.152236;,
  0.074567;0.133727;0.064395;,
  0.044032;0.053173;0.152614;,
  0.097039;0.085625;0.242209;,
  0.071815;0.051889;0.246840;,
  0.153084;0.063386;0.149133;,
  0.135932;0.076987;0.071590;,
  0.130839;0.063189;0.237882;,
  0.155241;0.072100;0.514819;,
  0.148537;0.131377;0.506254;,
  0.116625;0.095172;0.513608;,
  0.177016;0.111325;0.507617;,
  0.093099;0.026638;0.299254;,
  0.142148;0.044426;0.368683;,
  0.102117;0.036299;0.372166;,
  0.134931;0.033568;0.295116;,
  0.146557;0.059560;0.446943;,
  0.114279;0.046952;0.450646;,
  0.073264;0.070664;0.315768;,
  0.110295;0.109108;0.358279;,
  0.101400;0.113124;0.293137;,
  0.091085;0.073539;0.372420;,
  0.131067;0.095833;0.433786;,
  0.115093;0.078359;0.454100;,
  0.162275;0.075162;0.357023;,
  0.161029;0.073621;0.282503;,
  0.150570;0.081728;0.428530;,
  0.113271;0.031590;0.012590;,
  0.006708;0.037022;0.005234;,
  0.032910;0.056592;0.053198;,
  0.008728;0.051816;0.039340;,
  0.144577;0.075866;0.019161;,
  0.117666;0.123761;0.011172;,
  0.135313;0.080562;0.061851;,
  0.109470;0.123861;0.054331;,
  0.121463;0.087881;-0.096959;,
  0.147637;0.066802;-0.147996;,
  0.146970;0.048243;-0.158135;,
  0.096066;0.014234;-0.115700;,
  0.110021;0.011753;-0.174287;,
  0.131876;0.049008;-0.103369;,
  0.061117;0.003905;-0.178066;,
  0.060008;0.004074;-0.117114;,
  0.013985;0.030250;-0.173195;,
  0.017739;0.028435;-0.112178;,
  0.133577;0.085868;-0.358032;,
  0.171051;0.068093;-0.387095;,
  0.111623;0.045467;-0.330077;,
  0.196536;0.001997;-0.379364;,
  0.150849;0.015505;-0.366692;,
  0.212827;0.043412;-0.398567;,
  0.158788;0.040905;-0.291781;,
  0.150849;0.015505;-0.366692;,
  0.195548;0.017066;-0.318060;,
  0.230302;-0.011315;-0.370743;,
  0.196536;0.001997;-0.379364;,
  0.166236;0.048824;-0.288581;,
  0.215651;0.069899;-0.338267;,
  0.178459;0.086481;-0.309722;,
  0.246585;0.029826;-0.390146;,
  0.155243;0.093475;-0.338826;,
  0.195539;0.057509;-0.392639;,
  0.129063;0.017335;-0.409395;,
  0.173633;0.010016;-0.368872;,
  0.144913;0.047618;-0.422780;,
  0.099376;0.014755;-0.438630;,
  0.104430;0.038432;-0.451129;,
  0.173633;0.010016;-0.368872;,
  0.163115;-0.008035;-0.447745;,
  0.209698;-0.025725;-0.405754;,
  0.129063;0.017335;-0.409395;,
  0.122771;0.003323;-0.467707;,
  0.099376;0.014755;-0.438630;,
  0.175317;0.015377;-0.457597;,
  0.231367;0.021612;-0.429248;,
  0.123892;0.017773;-0.475858;,
  -0.008488;0.019240;-0.519458;,
  0.038412;-0.010408;-0.532803;,
  -0.000199;0.002896;-0.507291;,
  0.029892;0.005838;-0.544406;,
  0.015080;0.012774;-0.468528;,
  0.015363;0.025523;-0.479384;,
  0.013232;0.014727;-0.479417;,
  0.013627;0.023707;-0.464723;,
  0.097613;-0.007188;-0.488741;,
  0.046174;0.019953;-0.472536;,
  0.072225;0.001727;-0.514660;,
  0.066748;0.002143;-0.450893;,
  0.067971;0.019326;-0.523042;,
  0.102899;0.029613;-0.495752;,
  0.071442;0.040375;-0.455793;,
  0.043563;0.037182;-0.482170;,
  0.126053;0.118335;-0.324731;,
  0.112126;0.095936;-0.338547;,
  0.109872;0.117331;-0.296386;,
  0.093389;0.099950;-0.307369;,
  0.161839;0.080146;-0.194092;,
  0.084551;0.107780;-0.298132;,
  0.104431;0.072910;-0.329947;,
  0.099829;0.051105;-0.284294;,
  0.089203;0.070475;-0.297957;,
  0.115195;0.062562;-0.320437;,
  0.162630;0.089154;-0.242051;,
  0.141447;0.125424;-0.217046;,
  0.162498;0.086873;-0.248446;,
  0.097158;0.158670;-0.199396;,
  0.083234;0.159810;-0.257805;,
  0.143319;0.118385;-0.276305;,
  0.162498;0.086873;-0.248446;,
  0.121451;0.052557;-0.247340;,
  0.157586;0.079014;-0.249763;,
  0.111623;0.045467;-0.330077;,
  0.144203;0.053800;-0.200648;,
  0.117877;0.030816;-0.206415;,
  0.100655;0.033464;-0.255181;,
  0.158116;0.063569;-0.199587;,
  0.066748;0.002143;-0.450893;,
  0.084361;0.126352;-0.316885;,
  0.083936;0.146856;-0.307427;,
  0.071496;0.155193;-0.288662;,
  0.063286;0.163921;-0.302012;,
  0.043563;0.037182;-0.482170;,
  -0.008488;0.019240;-0.519458;,
  0.029892;0.005838;-0.544406;,
  0.030924;0.004704;-0.459468;,
  0.031021;0.030557;-0.457858;,
  0.030924;0.004704;-0.459468;,
  0.031286;0.010738;-0.476209;,
  0.041063;0.033285;-0.477548;,
  0.041063;0.033285;-0.477548;,
  0.015080;0.012774;-0.468528;,
  0.013627;0.023707;-0.464723;,
  0.015363;0.025523;-0.479384;,
  0.115488;0.003179;0.505800;,
  0.066546;-0.012509;0.533062;,
  0.068456;-0.008709;0.513537;,
  0.117241;-0.002575;0.528487;,
  0.137434;0.119880;0.474824;,
  0.116625;0.095172;0.513608;,
  0.148537;0.131377;0.506254;,
  0.112571;0.090142;0.489331;,
  0.131067;0.095833;0.433786;,
  0.171071;0.095352;0.473473;,
  0.150570;0.081728;0.428530;,
  0.155241;0.072100;0.514819;,
  0.177016;0.111325;0.507617;,
  0.152697;0.064180;0.480769;,
  0.114279;0.046952;0.450646;,
  0.146557;0.059560;0.446943;,
  0.051986;0.015846;0.513857;,
  0.043777;0.015826;0.530099;,
  0.117241;-0.002575;0.528487;,
  0.043777;0.015826;0.530099;,
  0.044032;0.053173;0.152614;,
  0.071815;0.051889;0.246840;,
  0.073264;0.070664;0.315768;,
  0.091085;0.073539;0.372420;,
  0.115093;0.078359;0.454100;,
  0.115093;0.078359;0.454100;,
  0.035199;0.094561;0.052606;,
  0.091291;0.117316;-0.329152;,
  0.068322;0.105015;-0.335880;,
  0.077738;0.106512;-0.341807;,
  0.070434;0.114364;-0.321189;,
  0.093539;0.147446;-0.321078;,
  0.092988;0.168825;-0.309890;,
  0.091433;0.226483;-0.418642;,
  0.064631;0.211545;-0.434171;,
  0.073700;0.236104;-0.419826;,
  0.080102;0.144515;-0.417546;,
  0.062187;0.145213;-0.420907;,
  0.084328;0.172136;-0.427643;,
  0.086599;0.118585;-0.357046;,
  0.102844;0.139221;-0.343070;,
  0.094233;0.131459;-0.328699;,
  0.115163;0.175558;-0.350258;,
  0.112210;0.170799;-0.374147;,
  0.102405;0.182429;-0.419758;,
  0.117519;0.196252;-0.400768;,
  0.100871;0.154001;-0.392360;,
  0.117372;0.188241;-0.339458;,
  0.113670;0.209156;-0.327333;,
  0.079447;0.228037;-0.316016;,
  0.114171;0.240426;-0.364404;,
  0.085862;0.257638;-0.354905;,
  0.097004;0.136866;-0.377975;,
  0.072428;0.106337;-0.361581;,
  0.076625;0.124424;-0.392370;,
  0.050836;0.085257;-0.355071;,
  0.034046;0.093410;-0.340992;,
  0.029352;0.083332;-0.358975;,
  0.086099;0.193375;-0.431899;,
  0.108134;0.212715;-0.413655;,
  0.123427;0.223271;-0.378999;,
  0.111950;0.235994;-0.395378;,
  0.098251;0.249062;-0.392287;,
  0.082912;0.257358;-0.390461;,
  0.068869;0.191793;-0.302282;,
  0.123427;0.223271;-0.378999;,
  0.111950;0.235994;-0.395378;,
  0.109173;0.139048;-0.345669;,
  0.126119;0.178623;-0.365965;,
  0.129076;0.166887;-0.348443;,
  0.114385;0.163567;-0.358314;,
  0.129076;0.166887;-0.348443;,
  0.109173;0.139048;-0.345669;,
  0.126119;0.178623;-0.365965;,
  0.112210;0.170799;-0.374147;,
  0.106174;0.148138;-0.365014;,
  0.102844;0.139221;-0.343070;,
  0.080837;0.141754;-0.405687;,
  0.106174;0.148138;-0.365014;,
  0.084551;0.107780;-0.298132;,
  0.084361;0.126352;-0.316885;,
  0.093389;0.099950;-0.307369;,
  0.093539;0.147446;-0.321078;,
  0.034479;0.097743;-0.278248;,
  0.029759;0.084496;-0.258834;,
  0.014806;0.028829;-0.055460;,
  0.083225;0.147330;0.005558;,
  0.075638;0.148059;0.039003;,
  0.070910;0.141582;0.064091;,
  0.036168;0.100660;-0.317558;,
  0.035199;0.094561;0.052606;,
  0.098251;0.249062;-0.392287;,
  0.082912;0.257358;-0.390461;,
  0.056543;0.106699;-0.378123;,
  0.052332;0.122886;-0.396617;,
  0.050494;0.115181;-0.391098;,
  0.059752;0.197453;-0.438363;,
  0.052165;0.173295;-0.435876;,
  0.060623;0.143966;-0.408042;,
  0.084806;0.117500;-0.094693;,
  0.093389;0.099950;-0.307369;,
  0.066546;-0.012509;0.533062;,
  0.045332;0.098836;-0.377769;,
  0.054697;0.101884;-0.373985;,
  0.047003;0.104609;-0.377709;,
  0.036969;0.115591;-0.393556;,
  0.036453;0.117128;-0.406129;,
  0.046407;0.105125;-0.383879;,
  0.035863;0.108132;-0.377412;,
  0.033085;0.099682;-0.378088;,
  0.044272;0.145910;-0.424268;,
  0.043293;0.140706;-0.415585;,
  0.157586;0.079014;-0.249763;,
  0.034688;0.106643;-0.386054;,
  0.126952;0.065882;-0.241327;,
  0.121451;0.052557;-0.247340;,
  0.100655;0.033464;-0.255181;,
  0.117372;0.188241;-0.339458;,
  0.093099;0.026638;0.299254;,
  -0.028796;-0.016771;0.275436;,
  -0.045173;-0.016666;0.199406;,
  0.102117;0.036299;0.372166;,
  0.072710;0.002294;0.244749;,
  -0.044322;-0.019005;0.169808;,
  0.070179;0.005974;0.150164;,
  -0.020528;0.007579;0.103546;,
  0.059810;0.012675;0.051284;,
  0.007248;0.024130;0.040371;,
  0.047816;0.023133;0.005930;,
  -0.022936;-0.013884;0.347873;,
  0.114279;0.046952;0.450646;,
  0.125741;0.124943;0.361773;,
  0.054753;0.073761;0.361099;,
  0.135812;0.128719;0.431123;,
  0.043119;0.077018;0.293926;,
  0.026610;0.069217;0.226641;,
  0.112640;0.122490;0.292748;,
  0.020531;0.071358;0.174951;,
  0.107384;0.115062;0.241787;,
  0.097690;0.126356;0.151640;,
  0.048666;0.106744;0.129622;,
  0.072740;0.145018;0.066163;,
  0.126952;0.065882;-0.241327;,
  -0.016657;0.140809;-0.248314;,
  0.008602;0.111484;-0.253378;,
  -0.026836;0.135085;-0.229533;,
  0.023554;0.131457;-0.276244;,
  -0.033489;0.129139;-0.217105;,
  -0.023524;0.079086;-0.198277;,
  -0.034067;0.124261;-0.185918;,
  -0.008986;0.091346;-0.228805;,
  0.045559;0.167225;-0.282463;,
  0.021630;0.204378;-0.241841;,
  0.049221;0.192016;-0.250614;,
  0.014612;0.182040;-0.255201;,
  0.000925;0.153597;-0.063895;,
  0.045172;0.145107;-0.060642;,
  0.005880;0.146017;-0.069434;,
  0.047213;0.150973;-0.050742;,
  -0.021741;0.097154;-0.071882;,
  -0.025327;0.122247;-0.049839;,
  -0.017655;0.056419;-0.064375;,
  -0.032735;0.095795;-0.025838;,
  -0.018283;0.069031;-0.010065;,
  0.079264;0.120727;-0.051748;,
  0.080207;0.127677;-0.038365;,
  0.050143;0.160482;-0.132357;,
  0.099630;0.148529;-0.168073;,
  0.051581;0.178589;-0.162366;,
  0.094117;0.133315;-0.137274;,
  -0.055559;0.094299;-0.021012;,
  -0.145137;0.090182;0.041830;,
  -0.054873;0.126076;0.011367;,
  -0.142750;0.059151;0.005958;,
  -0.224269;0.008608;0.069212;,
  -0.212465;0.040371;0.085614;,
  -0.031882;0.052146;-0.025867;,
  -0.082520;0.014549;0.085323;,
  -0.114396;0.014372;0.016365;,
  0.055063;0.147270;0.059675;,
  -0.174829;-0.002406;0.077723;,
  -0.194893;-0.011434;0.070617;,
  -0.115066;0.086269;0.099064;,
  -0.034595;0.128773;0.058048;,
  -0.188574;0.034824;0.087105;,
  -0.036074;0.065069;0.263989;,
  0.021740;0.048107;0.265386;,
  0.006955;0.079660;0.264460;,
  -0.020131;0.023005;0.265170;,
  -0.174878;0.011947;0.123454;,
  -0.107562;0.057544;0.153983;,
  -0.168707;0.052331;0.111366;,
  -0.114837;0.019120;0.166286;,
  -0.039481;0.059362;0.196035;,
  -0.052407;0.029423;0.206428;,
  -0.134855;-0.014199;0.105596;,
  -0.073988;0.016606;0.103948;,
  -0.090248;0.002751;0.141067;,
  -0.119037;0.007516;0.056760;,
  -0.018155;0.038472;0.171304;,
  -0.026289;0.025045;0.203654;,
  -0.092739;0.073004;0.121937;,
  -0.147546;0.072337;0.071411;,
  -0.028979;0.059984;0.171619;,
  -0.032265;0.132646;-0.022627;,
  -0.031882;0.052146;-0.025867;,
  -0.003752;0.178862;-0.016732;,
  0.049950;0.170781;-0.005214;,
  -0.019182;0.151002;0.043637;,
  0.026420;0.139348;0.047025;,
  0.045771;0.144023;-0.094442;,
  0.014147;0.164976;-0.132232;,
  -0.004832;0.159885;-0.140209;,
  -0.018479;0.099194;-0.111892;,
  0.005186;0.142975;-0.099157;,
  -0.031459;0.115804;-0.157580;,
  -0.025612;0.067689;-0.167824;,
  -0.017970;0.061911;-0.114522;,
  -0.051963;0.144399;-0.221342;,
  -0.012333;0.143030;-0.184965;,
  -0.096772;0.142726;-0.197798;,
  -0.102135;0.148435;-0.127669;,
  -0.131898;0.153355;-0.165633;,
  -0.061954;0.134307;-0.149769;,
  -0.021398;0.200503;-0.166893;,
  -0.063103;0.199203;-0.137411;,
  -0.061954;0.134307;-0.149769;,
  -0.119817;0.178160;-0.106166;,
  -0.102135;0.148435;-0.127669;,
  -0.025759;0.209239;-0.172645;,
  -0.097748;0.207756;-0.185685;,
  -0.053346;0.208974;-0.208047;,
  -0.149674;0.182906;-0.143878;,
  -0.056236;0.174012;-0.222336;,
  -0.119927;0.145430;-0.180857;,
  -0.086170;0.079643;-0.151766;,
  -0.109670;0.086599;-0.179093;,
  -0.082832;0.138536;-0.137535;,
  -0.089627;0.032234;-0.156844;,
  -0.104422;0.036862;-0.175324;,
  -0.082832;0.138536;-0.137535;,
  -0.134482;0.077526;-0.121181;,
  -0.086170;0.079643;-0.151766;,
  -0.130358;0.137446;-0.096303;,
  -0.125532;0.029776;-0.141726;,
  -0.089627;0.032234;-0.156844;,
  -0.152238;0.083185;-0.142317;,
  -0.167106;0.144349;-0.139486;,
  -0.133603;0.032852;-0.152268;,
  -0.099102;0.007554;-0.278300;,
  -0.136693;0.001466;-0.235797;,
  -0.141466;0.006259;-0.256422;,
  -0.093734;0.002772;-0.257511;,
  -0.071310;0.025599;-0.242451;,
  -0.080377;0.038920;-0.247011;,
  -0.066981;0.036346;-0.241081;,
  -0.079625;0.028229;-0.249505;,
  -0.131758;0.003795;-0.183380;,
  -0.090563;0.031848;-0.217456;,
  -0.083160;0.012105;-0.189810;,
  -0.140602;0.015081;-0.217881;,
  -0.145069;0.033269;-0.224761;,
  -0.139405;0.040715;-0.180230;,
  -0.088651;0.050354;-0.185996;,
  -0.096960;0.049677;-0.223596;,
  -0.004696;0.201835;-0.240272;,
  -0.028922;0.186499;-0.248706;,
  0.014612;0.182040;-0.255201;,
  -0.001319;0.163437;-0.259402;,
  0.012008;0.187914;-0.165132;,
  0.022087;0.150739;-0.282710;,
  -0.038003;0.161244;-0.241171;,
  -0.026836;0.135085;-0.229533;,
  -0.030726;0.149493;-0.215179;,
  -0.016657;0.140809;-0.248314;,
  0.005392;0.205588;-0.197581;,
  0.001086;0.205948;-0.202188;,
  0.049013;0.190738;-0.193737;,
  0.097158;0.158670;-0.199396;,
  0.083234;0.159810;-0.257805;,
  0.021630;0.204378;-0.241841;,
  0.001086;0.205948;-0.202188;,
  -0.016135;0.148934;-0.200140;,
  -0.012333;0.143030;-0.184965;,
  -0.003016;0.195245;-0.195658;,
  -0.009045;0.164026;-0.171027;,
  -0.024309;0.133086;-0.178932;,
  -0.033489;0.129139;-0.217105;,
  -0.003679;0.179943;-0.168314;,
  -0.083160;0.012105;-0.189810;,
  0.019802;0.152416;-0.308011;,
  0.036175;0.166139;-0.300861;,
  0.071496;0.155193;-0.288662;,
  0.063286;0.163921;-0.302012;,
  -0.096960;0.049677;-0.223596;,
  -0.099102;0.007554;-0.278300;,
  -0.141466;0.006259;-0.256422;,
  -0.071958;0.016457;-0.224725;,
  -0.069869;0.042157;-0.222253;,
  -0.071958;0.016457;-0.224725;,
  -0.086303;0.023407;-0.232644;,
  -0.091827;0.045620;-0.223599;,
  -0.091827;0.045620;-0.223599;,
  -0.071310;0.025599;-0.242451;,
  -0.066981;0.036346;-0.241081;,
  -0.080377;0.038920;-0.247011;,
  -0.108146;0.038176;0.241760;,
  -0.136532;-0.007501;0.263954;,
  -0.117390;0.040692;0.263188;,
  -0.129106;-0.006099;0.245455;,
  0.014181;0.039514;0.232035;,
  -0.020131;0.023005;0.265170;,
  -0.021458;0.020140;0.240247;,
  0.021740;0.048107;0.265386;,
  -0.018155;0.038472;0.171304;,
  -0.003583;0.076959;0.227882;,
  -0.028979;0.059984;0.171619;,
  -0.036074;0.065069;0.263989;,
  -0.038237;0.064295;0.229012;,
  0.006955;0.079660;0.264460;,
  -0.052407;0.029423;0.206428;,
  -0.039481;0.059362;0.196035;,
  -0.108187;-0.026641;0.249290;,
  -0.112457;-0.034877;0.264947;,
  -0.117390;0.040692;0.263188;,
  -0.112457;-0.034877;0.264947;,
  -0.114396;0.014372;0.016365;,
  -0.194893;-0.011434;0.070617;,
  -0.134855;-0.014199;0.105596;,
  -0.090248;0.002751;0.141067;,
  -0.026289;0.025045;0.203654;,
  -0.026289;0.025045;0.203654;,
  0.003774;0.145525;-0.322115;,
  0.014061;0.122504;-0.331517;,
  0.020425;0.134555;-0.314314;,
  0.006527;0.129465;-0.336081;,
  0.020634;0.170945;-0.315216;,
  0.035109;0.187480;-0.305236;,
  0.054079;0.238523;-0.415638;,
  0.073700;0.236104;-0.419826;,
  0.015727;0.165264;-0.412369;,
  0.026915;0.190642;-0.423026;,
  0.030000;0.155587;-0.418319;,
  0.004230;0.145135;-0.350423;,
  0.005218;0.170687;-0.335220;,
  0.009693;0.158708;-0.321901;,
  0.015403;0.207712;-0.342236;,
  0.011547;0.203245;-0.366053;,
  0.019549;0.209135;-0.413095;,
  0.008242;0.183857;-0.384912;,
  0.018216;0.228260;-0.392783;,
  0.022561;0.218800;-0.331835;,
  0.039427;0.233086;-0.321364;,
  0.079447;0.228037;-0.316016;,
  0.051810;0.260526;-0.359390;,
  0.085862;0.257638;-0.354905;,
  0.003475;0.167012;-0.370454;,
  0.010495;0.145739;-0.387053;,
  0.007816;0.127162;-0.356386;,
  0.013821;0.097187;-0.352095;,
  0.037210;0.209133;-0.427968;,
  0.033426;0.236795;-0.407648;,
  0.032320;0.252636;-0.371674;,
  0.046531;0.257080;-0.390118;,
  0.082912;0.257358;-0.390461;,
  0.065542;0.259605;-0.389656;,
  0.068869;0.191793;-0.302282;,
  0.032320;0.252636;-0.371674;,
  0.046531;0.257080;-0.390118;,
  -0.000329;0.174343;-0.336864;,
  0.006130;0.217298;-0.356317;,
  0.007899;0.197890;-0.349751;,
  -0.000515;0.208657;-0.338022;,
  -0.000515;0.208657;-0.338022;,
  -0.000329;0.174343;-0.336864;,
  0.006130;0.217298;-0.356317;,
  0.011547;0.203245;-0.366053;,
  0.004550;0.180893;-0.356843;,
  0.005218;0.170687;-0.335220;,
  0.015253;0.162893;-0.400413;,
  0.004550;0.180893;-0.356843;,
  0.022087;0.150739;-0.282710;,
  0.019802;0.152416;-0.308011;,
  -0.001319;0.163437;-0.259402;,
  0.020634;0.170945;-0.315216;,
  0.083225;0.147330;0.005558;,
  0.075638;0.148059;0.039003;,
  0.070910;0.141582;0.064091;,
  0.035199;0.094561;0.052606;,
  0.065542;0.259605;-0.389656;,
  0.082912;0.257358;-0.390461;,
  0.018358;0.119007;-0.375053;,
  0.028451;0.130584;-0.394697;,
  0.026249;0.122996;-0.389148;,
  0.032391;0.153065;-0.405772;,
  0.084806;0.117500;-0.094693;,
  -0.001319;0.163437;-0.259402;,
  -0.136532;-0.007501;0.263954;,
  0.017641;0.113828;-0.371005;,
  0.022827;0.106090;-0.375959;,
  0.024848;0.111750;-0.375928;,
  0.024732;0.112111;-0.382136;,
  -0.003016;0.195245;-0.195658;,
  -0.002717;0.160532;-0.197215;,
  -0.016135;0.148934;-0.200140;,
  -0.033489;0.129139;-0.217105;,
  0.022561;0.218800;-0.331835;,
  -0.168162;-0.026563;0.112179;,
  -0.104478;-0.021788;0.213318;,
  -0.136002;-0.012238;0.173348;,
  -0.118081;-0.026156;0.140635;,
  -0.196384;-0.019190;0.038401;,
  -0.136725;-0.032253;0.068839;,
  -0.110030;0.012918;0.003967;,
  -0.076548;-0.000407;0.041290;,
  -0.033788;0.045842;-0.027130;,
  -0.013679;0.028972;0.006182;,
  0.006708;0.037022;0.005234;,
  -0.018283;0.069031;-0.010065;,
  -0.095848;-0.020135;0.276003;,
  -0.106681;-0.006042;0.232171;,
  0.005061;0.034114;0.162812;,
  -0.092739;0.073004;0.121937;,
  -0.028973;0.059972;0.171615;,
  -0.049348;0.030166;0.115644;,
  -0.147546;0.072337;0.071411;,
  -0.110451;0.021229;0.050520;,
  -0.155508;-0.003485;0.079270;,
  -0.188574;0.034824;0.087105;,
  -0.115066;0.086269;0.099064;,
  -0.074283;0.011955;0.100551;,
  0.075638;0.148059;0.039003;,
  0.026420;0.139348;0.047025;,
  -0.002717;0.160532;-0.197215;,
  -0.055559;0.094299;-0.021012;,
  -0.142750;0.059151;0.005958;,
  -0.224269;0.008608;0.069212;,
  -0.174878;0.011947;0.123454;,
  -0.114837;0.019120;0.166286;,
  -0.052407;0.029423;0.206428;,
  0.153084;0.063386;0.149133;,
  0.109470;0.123861;0.054331;,
  0.135932;0.076987;0.071590;,
  0.130839;0.063189;0.237882;,
  0.161029;0.073621;0.282503;,
  0.162275;0.075162;0.357023;,
  0.150570;0.081728;0.428530;,
  -0.034595;0.128773;0.058048;;
  916;
  3;0,1,2;,
  3;1,0,3;,
  3;4,5,6;,
  3;5,4,7;,
  3;8,9,10;,
  3;9,8,11;,
  3;12,13,14;,
  3;13,12,15;,
  3;16,12,17;,
  3;12,16,15;,
  3;18,19,20;,
  3;19,18,16;,
  3;6,21,22;,
  3;21,6,5;,
  3;14,23,24;,
  3;23,14,13;,
  3;25,26,27;,
  3;26,25,28;,
  3;29,30,31;,
  3;30,29,32;,
  3;30,33,31;,
  3;33,30,34;,
  3;35,36,37;,
  3;36,35,38;,
  3;38,39,36;,
  3;39,38,40;,
  3;37,41,42;,
  3;41,37,36;,
  3;36,43,41;,
  3;43,36,39;,
  3;42,30,32;,
  3;30,42,41;,
  3;41,34,30;,
  3;34,41,43;,
  3;44,45,46;,
  3;45,44,47;,
  3;48,49,50;,
  3;49,48,51;,
  3;50,52,53;,
  3;52,50,49;,
  3;54,55,56;,
  3;55,54,57;,
  3;57,58,55;,
  3;58,57,59;,
  3;56,60,61;,
  3;60,56,55;,
  3;55,62,60;,
  3;62,55,58;,
  3;61,49,51;,
  3;49,61,60;,
  3;60,52,49;,
  3;52,60,62;,
  3;32,19,63;,
  3;19,32,29;,
  3;64,65,66;,
  3;65,64,20;,
  3;14,67,12;,
  3;67,14,68;,
  3;68,69,67;,
  3;69,68,70;,
  3;70,42,69;,
  3;42,70,37;,
  3;48,34,51;,
  3;34,48,33;,
  3;51,43,61;,
  3;43,51,34;,
  3;43,56,61;,
  3;56,43,39;,
  3;39,54,56;,
  3;54,39,40;,
  3;12,63,17;,
  3;63,12,67;,
  3;67,32,63;,
  3;32,67,69;,
  3;69,42,32;,
  3;71,72,25;,
  3;73,74,75;,
  3;74,73,76;,
  3;74,77,75;,
  3;77,74,78;,
  3;79,78,80;,
  3;78,79,77;,
  3;81,82,83;,
  3;82,84,85;,
  3;84,82,86;,
  3;87,88,89;,
  3;88,90,89;,
  3;90,88,91;,
  3;92,93,94;,
  3;92,89,93;,
  3;92,87,89;,
  3;89,95,93;,
  3;95,89,90;,
  3;96,93,82;,
  3;93,86,82;,
  3;86,93,95;,
  3;97,98,99;,
  3;98,97,100;,
  3;100,101,98;,
  3;101,100,102;,
  3;103,104,105;,
  3;104,103,106;,
  3;106,107,104;,
  3;107,106,108;,
  3;105,109,110;,
  3;109,105,104;,
  3;104,111,109;,
  3;111,104,107;,
  3;110,100,97;,
  3;100,110,109;,
  3;109,102,100;,
  3;102,109,111;,
  3;112,113,114;,
  3;113,112,115;,
  3;116,117,118;,
  3;117,116,119;,
  3;120,121,122;,
  3;121,120,123;,
  3;120,124,125;,
  3;124,120,122;,
  3;126,124,127;,
  3;124,126,125;,
  3;95,97,86;,
  3;97,95,110;,
  3;86,99,84;,
  3;99,86,97;,
  3;90,103,105;,
  3;103,90,91;,
  3;105,95,90;,
  3;95,105,110;,
  3;128,96,129;,
  3;96,128,94;,
  3;129,130,128;,
  3;130,129,131;,
  3;72,28,25;,
  3;28,72,132;,
  3;10,133,8;,
  3;134,135,136;,
  3;135,134,137;,
  3;81,137,134;,
  3;138,11,139;,
  3;138,9,11;,
  3;138,140,9;,
  3;141,11,142;,
  3;11,141,139;,
  3;128,130,143;,
  3;94,144,92;,
  3;94,143,144;,
  3;94,128,143;,
  3;145,87,146;,
  3;87,145,147;,
  3;75,148,73;,
  3;148,75,149;,
  3;150,147,145;,
  3;7,149,75;,
  3;148,151,73;,
  3;102,152,101;,
  3;152,102,126;,
  3;102,125,126;,
  3;125,102,111;,
  3;111,120,125;,
  3;120,111,107;,
  3;120,108,123;,
  3;108,120,107;,
  3;8,153,154;,
  3;153,8,133;,
  3;154,155,8;,
  3;155,154,156;,
  3;122,114,113;,
  3;114,122,121;,
  3;121,112,114;,
  3;112,121,157;,
  3;158,124,159;,
  3;124,158,127;,
  3;159,122,113;,
  3;122,159,124;,
  3;126,160,152;,
  3;160,126,161;,
  3;162,121,123;,
  3;121,162,163;,
  3;121,164,157;,
  3;164,121,163;,
  3;165,126,127;,
  3;126,165,161;,
  3;161,166,160;,
  3;166,161,167;,
  3;162,118,163;,
  3;118,162,116;,
  3;163,117,164;,
  3;117,163,118;,
  3;165,167,161;,
  3;167,165,168;,
  3;169,170,171;,
  3;170,169,172;,
  3;173,174,175;,
  3;174,173,176;,
  3;177,178,179;,
  3;178,177,173;,
  3;180,178,181;,
  3;178,180,182;,
  3;183,169,171;,
  3;169,183,184;,
  3;174,185,186;,
  3;185,174,176;,
  3;46,187,44;,
  3;187,46,188;,
  3;180,169,182;,
  3;169,180,172;,
  3;20,29,65;,
  3;19,29,20;,
  3;29,31,189;,
  3;31,190,189;,
  3;190,31,33;,
  3;33,191,190;,
  3;191,33,48;,
  3;191,50,192;,
  3;50,191,48;,
  3;192,53,193;,
  3;53,192,50;,
  3;194,171,185;,
  3;171,194,183;,
  3;171,186,185;,
  3;186,171,170;,
  3;185,176,194;,
  3;194,173,177;,
  3;173,194,176;,
  3;178,175,181;,
  3;175,178,173;,
  3;179,182,184;,
  3;182,179,178;,
  3;182,169,184;,
  3;16,17,19;,
  3;17,63,19;,
  3;65,195,66;,
  3;196,197,198;,
  3;197,196,199;,
  3;200,154,153;,
  3;154,200,201;,
  3;202,203,204;,
  3;205,206,207;,
  3;196,208,209;,
  3;208,196,198;,
  3;210,209,211;,
  3;209,210,196;,
  3;212,213,214;,
  3;213,212,215;,
  3;212,214,211;,
  3;201,216,217;,
  3;216,201,200;,
  3;218,219,220;,
  3;219,218,217;,
  3;210,199,196;,
  3;213,205,207;,
  3;221,222,223;,
  3;198,197,224;,
  3;224,225,226;,
  3;225,224,197;,
  3;227,213,207;,
  3;228,229,214;,
  3;229,228,230;,
  3;220,231,232;,
  3;213,228,214;,
  3;156,201,233;,
  3;201,156,154;,
  3;233,217,218;,
  3;217,233,201;,
  3;219,217,234;,
  3;235,219,234;,
  3;236,237,238;,
  3;237,236,239;,
  3;209,240,211;,
  3;240,209,241;,
  3;211,242,212;,
  3;242,211,240;,
  3;243,239,244;,
  3;239,243,237;,
  3;244,236,245;,
  3;236,244,239;,
  3;246,221,223;,
  3;221,246,215;,
  3;221,212,247;,
  3;212,221,215;,
  3;199,248,2;,
  3;248,199,249;,
  3;133,10,250;,
  3;249,210,251;,
  3;210,249,199;,
  3;210,211,251;,
  3;252,1,253;,
  3;1,252,2;,
  3;20,254,18;,
  3;254,20,64;,
  3;24,68,14;,
  3;68,24,255;,
  3;68,256,70;,
  3;256,68,255;,
  3;256,37,70;,
  3;37,256,257;,
  3;258,2,252;,
  3;2,258,199;,
  3;257,259,37;,
  3;37,259,35;,
  3;260,204,261;,
  3;204,260,202;,
  3;262,263,223;,
  3;263,262,264;,
  3;197,258,225;,
  3;258,197,199;,
  3;265,203,227;,
  3;265,207,266;,
  3;207,265,227;,
  3;223,267,246;,
  3;267,223,263;,
  3;88,87,147;,
  3;83,82,85;,
  3;78,16,18;,
  3;16,78,74;,
  3;74,15,16;,
  3;15,74,76;,
  3;15,71,13;,
  3;71,15,76;,
  3;13,268,23;,
  3;268,13,71;,
  3;248,269,2;,
  3;2,269,0;,
  3;136,129,134;,
  3;129,136,131;,
  3;134,96,81;,
  3;96,134,129;,
  3;96,82,81;,
  3;93,96,94;,
  3;29,189,65;,
  3;205,215,246;,
  3;267,205,246;,
  3;205,267,206;,
  3;205,213,215;,
  3;187,188,270;,
  3;224,271,272;,
  3;222,221,208;,
  3;224,222,198;,
  3;272,273,262;,
  3;273,272,271;,
  3;263,274,275;,
  3;273,276,262;,
  3;277,271,278;,
  3;271,277,273;,
  3;222,272,262;,
  3;272,222,224;,
  3;222,208,198;,
  3;209,221,247;,
  3;221,209,208;,
  3;223,222,262;,
  3;266,206,279;,
  3;206,266,207;,
  3;206,280,279;,
  3;280,206,267;,
  3;280,263,275;,
  3;263,280,267;,
  3;264,262,276;,
  3;76,73,72;,
  3;138,281,140;,
  3;73,132,72;,
  3;132,73,151;,
  3;72,71,76;,
  3;271,226,278;,
  3;155,11,8;,
  3;276,277,282;,
  3;277,276,273;,
  3;274,276,282;,
  3;276,274,264;,
  3;28,141,26;,
