xof 0303txt 0032
template ColorRGBA {
 <35ff44e0-6c7c-11cf-8f52-0040333594a3>
 FLOAT red;
 FLOAT green;
 FLOAT blue;
 FLOAT alpha;
}

template ColorRGB {
 <d3e16e81-7835-11cf-8f52-0040333594a3>
 FLOAT red;
 FLOAT green;
 FLOAT blue;
}

template Material {
 <3d82ab4d-62da-11cf-ab39-0020af71e433>
 ColorRGBA faceColor;
 FLOAT power;
 ColorRGB specularColor;
 ColorRGB emissiveColor;
 [...]
}

template TextureFilename {
 <a42790e1-7810-11cf-8f52-0040333594a3>
 STRING filename;
}

template Frame {
 <3d82ab46-62da-11cf-ab39-0020af71e433>
 [...]
}

template Matrix4x4 {
 <f6f23f45-7686-11cf-8f52-0040333594a3>
 array FLOAT matrix[16];
}

template FrameTransformMatrix {
 <f6f23f41-7686-11cf-8f52-0040333594a3>
 Matrix4x4 frameMatrix;
}

template Vector {
 <3d82ab5e-62da-11cf-ab39-0020af71e433>
 FLOAT x;
 FLOAT y;
 FLOAT z;
}

template MeshFace {
 <3d82ab5f-62da-11cf-ab39-0020af71e433>
 DWORD nFaceVertexIndices;
 array DWORD faceVertexIndices[nFaceVertexIndices];
}

template Mesh {
 <3d82ab44-62da-11cf-ab39-0020af71e433>
 DWORD nVertices;
 array Vector vertices[nVertices];
 DWORD nFaces;
 array MeshFace faces[nFaces];
 [...]
}

template MeshMaterialList {
 <f6f23f42-7686-11cf-8f52-0040333594a3>
 DWORD nMaterials;
 DWORD nFaceIndexes;
 array DWORD faceIndexes[nFaceIndexes];
 [Material <3d82ab4d-62da-11cf-ab39-0020af71e433>]
}

template VertexElement {
 <f752461c-1e23-48f6-b9f8-8350850f336f>
 DWORD Type;
 DWORD Method;
 DWORD Usage;
 DWORD UsageIndex;
}

template DeclData {
 <bf22e553-292c-4781-9fea-62bd554bdd93>
 DWORD nElements;
 array VertexElement Elements[nElements];
 DWORD nDWords;
 array DWORD data[nDWords];
}

template XSkinMeshHeader {
 <3cf169ce-ff7c-44ab-93c0-f78f62d172e2>
 WORD nMaxSkinWeightsPerVertex;
 WORD nMaxSkinWeightsPerFace;
 WORD nBones;
}

template SkinWeights {
 <6f0d123b-bad2-4167-a0d0-80224f25fabb>
 STRING transformNodeName;
 DWORD nWeights;
 array DWORD vertexIndices[nWeights];
 array FLOAT weights[nWeights];
 Matrix4x4 matrixOffset;
}

template AnimTicksPerSecond {
 <9e415a43-7ba6-4a73-8743-b73d47e88476>
 DWORD AnimTicksPerSecond;
}

template Animation {
 <3d82ab4f-62da-11cf-ab39-0020af71e433>
 [...]
}

template AnimationSet {
 <3d82ab50-62da-11cf-ab39-0020af71e433>
 [Animation <3d82ab4f-62da-11cf-ab39-0020af71e433>]
}

template FloatKeys {
 <10dd46a9-775b-11cf-8f52-0040333594a3>
 DWORD nValues;
 array FLOAT values[nValues];
}

template TimedFloatKeys {
 <f406b180-7b3b-11cf-8f52-0040333594a3>
 DWORD time;
 FloatKeys tfkeys;
}

template AnimationKey {
 <10dd46a8-775b-11cf-8f52-0040333594a3>
 DWORD keyType;
 DWORD nKeys;
 array TimedFloatKeys keys[nKeys];
}


Material _03_-_Default {
 1.000000;1.000000;1.000000;1.000000;;
 9.999999;
 0.000000;0.000000;0.000000;;
 0.000000;0.000000;0.000000;;

 TextureFilename {
  "MaleBody_full.png";
 }
}

Frame Dummy01 {
 

 FrameTransformMatrix {
  1.000000,0.000000,0.000000,0.000000,0.000000,-0.000000,-1.000000,0.000000,0.000000,1.000000,-0.000000,0.000000,0.000000,0.000000,0.000000,1.000000;;
 }

 Frame Bip01 {
  

  FrameTransformMatrix {
   -0.202901,-0.078987,0.976008,0.000000,-0.016165,0.996876,0.077315,0.000000,-0.979066,-0.000090,-0.203544,0.000000,-0.020037,-0.017688,0.089759,1.000000;;
  }

  Frame Bip01_Pelvis {
   

   FrameTransformMatrix {
    -0.000329,0.999904,-0.013873,0.000000,0.006465,0.013875,0.999883,0.000000,0.999979,0.000239,-0.006469,0.000000,0.000000,0.000000,0.000000,1.000000;;
   }

   Frame Bip01_Spine {
    

    FrameTransformMatrix {
     0.868753,-0.095917,0.485868,0.000000,0.193956,0.968593,-0.155589,0.000000,-0.455685,0.229405,0.860072,0.000000,0.051667,0.000697,-0.000061,1.000000;;
    }

    Frame Bip01_Spine1 {
     

     FrameTransformMatrix {
      0.934347,-0.031793,0.354945,0.000000,0.077796,0.990187,-0.116094,0.000000,-0.347771,0.136085,0.927651,0.000000,0.106509,-0.000012,-0.000079,1.000000;;
     }

     Frame Bip01_Neck {
      

      FrameTransformMatrix {
       0.958459,-0.048254,0.281118,0.000000,-0.016231,0.974761,0.222659,0.000000,-0.284767,-0.217973,0.933486,0.000000,0.130512,0.000006,0.004627,1.000000;;
      }

      Frame Bip01_Head {
       

       FrameTransformMatrix {
        0.901155,-0.309949,0.303069,0.000000,0.233697,0.936188,0.262559,0.000000,-0.365110,-0.165781,0.916085,0.000000,0.033674,0.000000,0.000000,1.000000;;
       }

       Frame Bip01_HeadNub {
        

        FrameTransformMatrix {
         1.000000,0.000000,0.000000,0.000000,0.000000,1.000000,-0.000000,0.000000,0.000000,-0.000000,1.000000,0.000000,0.169824,0.000000,0.000000,1.000000;;
        }
       }
      }

      Frame Bip01_L_Clavicle {
       

       FrameTransformMatrix {
        0.215313,0.960586,-0.175828,0.000000,0.933867,-0.255185,-0.250548,0.000000,-0.285541,-0.110254,-0.952004,0.000000,-0.025093,0.014672,-0.000900,1.000000;;
       }

       Frame Bip01_L_UpperArm {
        

        FrameTransformMatrix {
         0.257133,-0.046209,0.965270,0.000000,0.936135,0.259836,-0.236933,0.000000,-0.239863,0.964547,0.110070,0.000000,0.087086,0.000000,0.000000,1.000000;;
        }

        Frame Bip01_L_Forearm {
         

         FrameTransformMatrix {
          0.234745,-0.000000,-0.972057,0.000000,0.000000,1.000000,-0.000000,0.000000,0.972057,-0.000000,0.234745,0.000000,0.137062,0.000000,0.000000,1.000000;;
         }

         Frame Bip01_L_Hand {
          

          FrameTransformMatrix {
           0.422489,0.247390,-0.871952,0.000000,0.117972,0.938836,0.323527,0.000000,0.898658,-0.239553,0.367463,0.000000,0.137062,0.000000,0.000000,1.000000;;
          }

          Frame Bip01_L_Finger0 {
           

           FrameTransformMatrix {
            0.692409,-0.184599,0.697491,0.000000,0.558537,0.749101,-0.356210,0.000000,-0.456735,0.636217,0.621789,0.000000,0.057681,-0.023605,-0.000272,1.000000;;
           }

           Frame Bip01_L_Finger0Nub {
            

            FrameTransformMatrix {
             1.000000,0.000000,0.000000,0.000000,0.000000,1.000000,-0.000000,0.000000,-0.000000,0.000000,1.000000,0.000000,0.029435,-0.000000,0.000000,1.000000;;
            }
           }
          }

          Frame Bip01_L_Finger1 {
           

           FrameTransformMatrix {
            0.984006,-0.000142,0.178136,0.000000,0.000000,1.000000,0.000796,0.000000,-0.178136,-0.000784,0.984005,0.000000,0.084102,0.000000,0.000000,1.000000;;
           }

           Frame Bip01_L_Finger1Nub {
            

            FrameTransformMatrix {
             1.000000,-0.000000,0.000000,0.000000,-0.000000,1.000000,0.000000,0.000000,-0.000000,0.000000,1.000000,0.000000,0.047988,-0.000000,-0.000000,1.000000;;
            }
           }
          }
         }
        }
       }
      }

      Frame Bip01_R_Clavicle {
       

       FrameTransformMatrix {
        -0.404326,-0.911186,0.079125,0.000000,-0.869207,0.409732,0.276765,0.000000,-0.284604,0.043127,-0.957674,0.000000,-0.023576,-0.015964,0.005951,1.000000;;
       }

       Frame Bip01_R_UpperArm {
        

        FrameTransformMatrix {
         0.511648,0.550868,0.659364,0.000000,-0.849179,0.207381,0.485682,0.000000,0.130807,-0.808417,0.573892,0.000000,0.087086,0.000000,0.000000,1.000000;;
        }

        Frame Bip01_R_Forearm {
         

         FrameTransformMatrix {
          0.411206,0.000000,-0.911542,0.000000,0.000000,1.000000,-0.000000,0.000000,0.911542,0.000000,0.411206,0.000000,0.137062,0.000000,0.000000,1.000000;;
         }

         Frame Bip01_R_Hand {
          

          FrameTransformMatrix {
           0.704781,-0.643548,-0.298546,0.000000,0.429955,0.722211,-0.541803,0.000000,0.564290,0.253491,0.785696,0.000000,0.137062,-0.000000,-0.000000,1.000000;;
          }

          Frame Bip01_R_Finger0 {
           

           FrameTransformMatrix {
            0.360231,0.929414,0.080149,0.000000,-0.926550,0.346491,0.146458,0.000000,0.108349,-0.127022,0.985965,0.000000,0.057681,0.023605,-0.000272,1.000000;;
           }

           Frame Bip01_R_Finger0Nub {
            

            FrameTransformMatrix {
             -1.000000,0.000000,0.000000,0.000000,0.000000,1.000000,0.000000,0.000000,0.000000,-0.000000,-1.000000,0.000000,0.029435,-0.000000,-0.000000,1.000000;;
            }
           }
          }

          Frame Bip01_R_Finger1 {
           

           FrameTransformMatrix {
            0.996901,-0.000063,-0.078660,0.000000,-0.000000,1.000000,-0.000796,0.000000,0.078660,0.000794,0.996901,0.000000,0.084102,-0.000000,-0.000000,1.000000;;
           }

           Frame Bip01_R_Finger1Nub {
            

            FrameTransformMatrix {
             -1.000000,-0.000000,-0.000000,0.000000,0.000000,1.000000,-0.000000,0.000000,0.000000,0.000000,-1.000000,0.000000,0.047988,0.000000,0.000000,1.000000;;
            }
           }
          }
         }
        }
       }
      }
     }

     Frame Bip01_BackPack {
      

      FrameTransformMatrix {
       0.332078,0.196441,-0.922570,0.000000,0.074325,0.969583,0.233204,0.000000,0.940319,-0.146012,0.307377,0.000000,0.091956,0.005938,-0.099659,1.000000;;
      }

      Frame Bip01_BackPackNub {
       

       FrameTransformMatrix {
        0.000796,0.000003,1.000000,0.000000,-0.000000,-1.000000,0.000003,0.000000,1.000000,-0.000000,-0.000796,0.000000,0.053240,-0.000000,0.000000,1.000000;;
       }
      }
     }
    }

    Frame Bip01_L_Thigh {
     

     FrameTransformMatrix {
      -0.038617,0.110199,0.993159,0.000000,0.179492,-0.976970,0.115382,0.000000,0.983001,0.182720,0.017948,0.000000,-0.050087,0.042785,0.036105,1.000000;;
     }

     Frame Bip01_L_Calf {
      

      FrameTransformMatrix {
       -0.682393,-0.000000,-0.730985,0.000000,0.000000,1.000000,0.000000,0.000000,0.730985,0.000000,-0.682393,0.000000,0.237500,0.000000,-0.000000,1.000000;;
      }

      Frame Bip01_L_Foot {
       

       FrameTransformMatrix {
        0.636209,-0.243725,0.732008,0.000000,0.018202,0.953268,0.301575,0.000000,-0.771302,-0.178541,0.610914,0.000000,0.206841,-0.000000,0.000000,1.000000;;
       }

       Frame Bip01_L_Toe0 {
        

        FrameTransformMatrix {
         0.177216,0.169542,0.969459,0.000000,0.485361,0.841874,-0.235953,0.000000,-0.856166,0.512352,0.066905,0.000000,0.065373,0.000000,0.066450,1.000000;;
        }

        Frame Bip01_L_Toe0Nub {
         

         FrameTransformMatrix {
          -1.000000,-0.000000,0.000000,0.000000,-0.000000,1.000000,-0.000000,0.000000,0.000000,-0.000000,-1.000000,0.000000,0.006735,0.000000,0.000000,1.000000;;
         }
        }
       }
      }
     }
    }

    Frame Bip01_R_Thigh {
     

     FrameTransformMatrix {
      -0.719019,-0.225203,0.657491,0.000000,0.203579,-0.972795,-0.110570,0.000000,0.664505,0.054349,0.745305,0.000000,-0.039493,-0.064197,0.010767,1.000000;;
     }

     Frame Bip01_R_Calf {
      

      FrameTransformMatrix {
       0.800634,-0.000000,-0.599154,0.000000,-0.000000,1.000000,0.000000,0.000000,0.599154,0.000000,0.800634,0.000000,0.237500,-0.000000,-0.000000,1.000000;;
      }

      Frame Bip01_R_Foot {
       

       FrameTransformMatrix {
        0.962151,0.127363,0.240925,0.000000,-0.154577,0.983150,0.097580,0.000000,-0.224437,-0.131128,0.965626,0.000000,0.206841,0.000000,0.000000,1.000000;;
       }

       Frame Bip01_R_Toe0 {
        

        FrameTransformMatrix {
         0.487819,0.330978,0.807766,0.000000,-0.427659,0.897296,-0.109394,0.000000,-0.761013,-0.292084,0.579264,0.000000,0.065373,-0.000000,0.066450,1.000000;;
        }

        Frame Bip01_R_Toe0Nub {
         

         FrameTransformMatrix {
          1.000000,-0.000000,0.000000,0.000000,-0.000000,1.000000,0.000000,0.000000,-0.000000,0.000000,1.000000,0.000000,0.006735,0.000000,0.000000,1.000000;;
         }
        }
       }
      }
     }
    }
   }

   Frame Bip01_DressFront {
    

    FrameTransformMatrix {
     -0.706825,-0.010226,0.707314,0.000000,0.389861,0.828703,0.401572,0.000000,-0.590260,0.559595,-0.581762,0.000000,0.013943,0.001297,0.046832,1.000000;;
    }

    Frame Bip01_DressFront02 {
     

     FrameTransformMatrix {
      0.355892,-0.348010,0.867312,0.000000,0.454470,0.875391,0.164765,0.000000,-0.816577,0.335528,0.469705,0.000000,0.183432,-0.000044,-0.000062,1.000000;;
     }

     Frame Bip01_DressFrontNub {
      

      FrameTransformMatrix {
       0.000796,0.000003,1.000000,0.000000,0.000000,-1.000000,0.000003,0.000000,1.000000,0.000000,-0.000796,0.000000,0.165302,0.000000,-0.000000,1.000000;;
      }
     }
    }
   }

   Frame Bip01_DressBack {
    

    FrameTransformMatrix {
     -0.880122,0.039636,0.473090,0.000000,0.176611,0.952323,0.248775,0.000000,-0.440674,0.302506,-0.845161,0.000000,-0.059627,-0.007361,-0.082992,1.000000;;
    }

    Frame Bip01_DressBack02 {
     

     FrameTransformMatrix {
      0.743497,0.365673,0.559907,0.000000,-0.381161,0.919667,-0.094490,0.000000,-0.549481,-0.143162,0.823150,0.000000,0.176218,0.000016,-0.000090,1.000000;;
     }

     Frame Bip01_DressBackNub {
      

      FrameTransformMatrix {
       0.000796,0.000003,1.000000,0.000000,0.000000,-1.000000,0.000003,0.000000,1.000000,0.000000,-0.000796,0.000000,0.136508,0.000000,0.000000,1.000000;;
      }
     }
    }
   }
  }

  Frame Bip01_Prop1 {
   

   FrameTransformMatrix {
    -0.945245,0.166988,0.280406,0.000000,0.240266,-0.225416,0.944172,0.000000,0.220873,0.959845,0.172952,0.000000,-0.112691,-0.002993,-0.118998,1.000000;;
   }
  }

  Frame Bip01_Prop2 {
   

   FrameTransformMatrix {
    0.264824,-0.764372,0.587881,0.000000,-0.018114,-0.613483,-0.789500,0.000000,0.964127,0.198430,-0.176311,0.000000,-0.070669,0.254574,0.204786,1.000000;;
   }
  }
 }
}

Frame Translation_Data {
 

 FrameTransformMatrix {
  1.000000,0.000000,0.000000,0.000000,0.000000,-0.000000,-1.000000,0.000000,0.000000,1.000000,-0.000000,0.000000,0.000000,0.000000,0.000000,1.000000;;
 }
}

Frame Body {
 

 FrameTransformMatrix {
  1.000000,0.000000,0.000000,0.000000,0.000000,1.000000,0.000000,0.000000,0.000000,0.000000,1.000000,0.000000,0.000000,0.000000,0.000000,1.000000;;
 }

 Mesh Body {
  617;
  -0.105821;0.242940;-0.191433;,
  -0.076507;0.237323;-0.169418;,
  -0.066696;0.254250;-0.196998;,
  -0.118045;0.223648;-0.181085;,
  -0.120402;0.196905;-0.169020;,
  -0.098394;0.192207;-0.123909;,
  -0.088763;0.218768;-0.140709;,
  -0.116128;0.163558;-0.157488;,
  -0.051481;0.251025;-0.236456;,
  -0.079591;0.207826;-0.255638;,
  -0.086259;0.240063;-0.234350;,
  -0.049534;0.213647;-0.252212;,
  -0.094288;0.039583;-0.035667;,
  -0.048421;0.032205;-0.050779;,
  -0.048974;0.023519;-0.032345;,
  -0.086229;0.045712;-0.051507;,
  -0.094294;0.099057;-0.043126;,
  -0.103051;0.077696;-0.017223;,
  -0.074568;0.133041;-0.032398;,
  -0.093838;0.104914;0.006300;,
  -0.068287;0.121710;0.019078;,
  -0.054480;0.214973;-0.101263;,
  -0.054878;0.236623;-0.125930;,
  -0.006882;0.041471;-0.046397;,
  -0.007803;0.031647;-0.027514;,
  -0.038591;0.091760;-0.172920;,
  0.011703;0.137407;-0.195164;,
  0.009593;0.107950;-0.161489;,
  -0.040489;0.120807;-0.211425;,
  -0.098278;0.126148;0.014332;,
  -0.181715;0.164488;0.075621;,
  -0.153092;0.196211;0.054889;,
  -0.123077;0.090147;0.035776;,
  -0.200084;0.260566;0.136442;,
  -0.215158;0.228745;0.136716;,
  -0.055611;0.140965;0.026626;,
  -0.099264;0.164576;0.144430;,
  -0.018664;0.017379;0.074007;,
  -0.107359;0.206620;0.081676;,
  -0.160669;0.240676;0.144404;,
  -0.167475;0.258736;0.143306;,
  -0.169817;0.130173;0.129251;,
  -0.112292;0.060860;0.083500;,
  -0.195418;0.220120;0.138674;,
  -0.107024;0.016601;0.239179;,
  -0.047532;0.006972;0.239078;,
  -0.075385;0.041882;0.258797;,
  -0.073835;-0.010907;0.224812;,
  -0.173328;0.206538;0.173958;,
  -0.153010;0.122547;0.165278;,
  -0.136628;0.145667;0.194905;,
  -0.191802;0.182703;0.143864;,
  -0.105637;0.060051;0.185952;,
  -0.101473;0.081797;0.211565;,
  -0.123799;0.208384;0.161796;,
  -0.095210;0.153330;0.133367;,
  -0.118507;0.208683;0.106311;,
  -0.104157;0.153899;0.175246;,
  -0.073083;0.076391;0.170419;,
  -0.078063;0.075380;0.206864;,
  -0.146827;0.119336;0.127368;,
  -0.182459;0.176644;0.095693;,
  -0.093911;0.067303;0.162760;,
  -0.107946;0.069145;0.011057;,
  -0.030381;0.140760;0.028218;,
  -0.055611;0.140965;0.026626;,
  -0.027542;0.124321;0.061504;,
  -0.098950;0.015277;0.011998;,
  -0.045170;0.001506;0.012080;,
  -0.102448;0.038003;0.069682;,
  -0.052651;0.026732;0.071425;,
  -0.040262;0.063797;-0.123194;,
  -0.074628;0.091062;-0.170149;,
  -0.092596;0.101190;-0.166990;,
  -0.092832;0.112265;-0.094023;,
  -0.110594;0.139955;-0.136280;,
  -0.079584;0.072044;-0.118498;,
  -0.095633;0.173441;-0.104242;,
  -0.083543;0.138719;-0.071286;,
  -0.048624;0.200664;-0.088987;,
  -0.040785;0.155498;-0.053936;,
  -0.154705;0.189666;-0.236513;,
  -0.153327;0.165775;-0.281147;,
  -0.107753;0.183166;-0.211038;,
  -0.095359;0.133860;-0.304958;,
  -0.100548;0.146808;-0.260062;,
  -0.138304;0.147496;-0.322983;,
  -0.077993;0.221975;-0.247372;,
  -0.100548;0.146808;-0.260062;,
  -0.070138;0.196625;-0.291028;,
  -0.071997;0.153841;-0.339973;,
  -0.095359;0.133860;-0.304958;,
  -0.081977;0.230813;-0.253242;,
  -0.123015;0.215861;-0.311954;,
  -0.123687;0.238733;-0.267801;,
  -0.114797;0.167260;-0.358092;,
  -0.148049;0.214308;-0.252154;,
  -0.149679;0.140825;-0.310678;,
  -0.127466;0.070056;-0.282180;,
  -0.099745;0.123720;-0.287996;,
  -0.158395;0.083375;-0.296789;,
  -0.140336;0.024902;-0.284212;,
  -0.164541;0.034281;-0.289454;,
  -0.099745;0.123720;-0.287996;,
  -0.114875;0.060377;-0.337150;,
  -0.076923;0.111968;-0.345705;,
  -0.127466;0.070056;-0.282180;,
  -0.146114;0.020393;-0.317720;,
  -0.140336;0.024902;-0.284212;,
  -0.138602;0.070950;-0.348073;,
  -0.126583;0.129077;-0.368185;,
  -0.154607;0.024918;-0.322945;,
  -0.207343;0.018724;-0.181150;,
  -0.225539;-0.005380;-0.229571;,
  -0.196986;0.002357;-0.191578;,
  -0.235331;0.010824;-0.218957;,
  -0.164609;-0.003624;-0.218719;,
  -0.174536;0.008216;-0.212259;,
  -0.175522;-0.001640;-0.217051;,
  -0.160450;0.003715;-0.210661;,
  -0.185113;-0.002063;-0.290169;,
  -0.163603;0.020018;-0.238256;,
  -0.208642;0.007613;-0.262809;,
  -0.144946;0.001601;-0.261095;,
  -0.215009;0.025618;-0.257029;,
  -0.188728;0.035504;-0.292835;,
  -0.146290;0.040349;-0.263212;,
  -0.171338;0.037881;-0.234061;,
  -0.109855;0.241021;-0.251895;,
  -0.124955;0.257941;-0.232521;,
  -0.086259;0.240063;-0.234350;,
  -0.092988;0.250436;-0.217595;,
  -0.081163;0.119863;-0.213976;,
  -0.071830;0.255228;-0.216659;,
  -0.132958;0.252190;-0.205817;,
  -0.118045;0.223648;-0.181085;,
  -0.105821;0.242940;-0.191433;,
  -0.139144;0.217994;-0.198298;,
  -0.088668;0.168985;-0.241880;,
  -0.045478;0.159295;-0.235902;,
  -0.093064;0.174414;-0.242891;,
  0.006743;0.174659;-0.215523;,
  -0.011305;0.230182;-0.229607;,
  -0.079591;0.207826;-0.255638;,
  -0.093064;0.174414;-0.242891;,
  -0.108832;0.182210;-0.188041;,
  -0.099709;0.172539;-0.232679;,
  -0.107753;0.183166;-0.211038;,
  -0.097845;0.134562;-0.191397;,
  -0.107703;0.153785;-0.164319;,
  -0.120402;0.196905;-0.169020;,
  -0.095302;0.125905;-0.205420;,
  -0.144946;0.001601;-0.261095;,
  -0.077968;0.290268;-0.221588;,
  -0.066145;0.288416;-0.240749;,
  -0.024222;0.260956;-0.231350;,
  -0.039761;0.291854;-0.246897;,
  -0.171338;0.037881;-0.234061;,
  -0.207343;0.018724;-0.181150;,
  -0.235331;0.010824;-0.218957;,
  -0.153691;-0.002017;-0.235346;,
  -0.150595;0.018438;-0.219757;,
  -0.153691;-0.002017;-0.235346;,
  -0.169798;0.005331;-0.233506;,
  -0.168305;0.029239;-0.227859;,
  -0.168305;0.029239;-0.227859;,
  -0.164609;-0.003624;-0.218719;,
  -0.160450;0.003715;-0.210661;,
  -0.174536;0.008216;-0.212259;,
  -0.160301;0.075944;0.246384;,
  -0.168837;0.109464;0.293162;,
  -0.161516;0.115448;0.275558;,
  -0.171057;0.066113;0.264783;,
  -0.048862;0.034079;0.216567;,
  -0.075385;0.041882;0.258797;,
  -0.047532;0.006972;0.239078;,
  -0.073898;0.057815;0.239430;,
  -0.073083;0.076391;0.170419;,
  -0.080089;0.014568;0.197095;,
  -0.093911;0.067303;0.162760;,
  -0.107024;0.016601;0.239179;,
  -0.073835;-0.010907;0.224812;,
  -0.106537;0.036611;0.210404;,
  -0.101473;0.081797;0.211565;,
  -0.105637;0.060051;0.185952;,
  -0.134305;0.121119;0.285643;,
  -0.135785;0.120643;0.303776;,
  -0.171057;0.066113;0.264783;,
  -0.135785;0.120643;0.303776;,
  -0.107359;0.206620;0.081676;,
  -0.167475;0.258736;0.143306;,
  -0.123799;0.208384;0.161796;,
  -0.104157;0.153899;0.175246;,
  -0.078063;0.075380;0.206864;,
  -0.078063;0.075380;0.206864;,
  -0.017590;0.073996;0.070000;,
  -0.090653;0.305468;-0.198131;,
  -0.073170;0.295626;-0.180198;,
  -0.081810;0.302652;-0.178781;,
  -0.072532;0.292148;-0.204183;,
  -0.082729;0.322834;-0.222904;,
  -0.074871;0.331161;-0.244151;,
  -0.058833;0.442963;-0.195190;,
  -0.038909;0.435990;-0.168041;,
  -0.039000;0.446779;-0.195876;,
  -0.074596;0.379714;-0.144204;,
  -0.057559;0.378357;-0.137832;,
  -0.070036;0.407376;-0.154042;,
  -0.086855;0.323283;-0.176454;,
  -0.095014;0.333051;-0.203345;,
  -0.088843;0.316190;-0.207652;,
  -0.095176;0.367041;-0.222540;,
  -0.094821;0.378259;-0.200721;,
  -0.083501;0.413903;-0.170503;,
  -0.092605;0.415205;-0.196876;,
  -0.090218;0.375128;-0.174047;,
  -0.092755;0.369875;-0.238925;,
  -0.082033;0.376552;-0.259868;,
  -0.043143;0.375397;-0.271784;,
  -0.073784;0.423396;-0.250387;,
  -0.041092;0.423518;-0.261305;,
  -0.091565;0.352464;-0.173862;,
  -0.077589;0.314048;-0.162302;,
  -0.076863;0.348034;-0.150591;,
  -0.063749;0.289576;-0.149553;,
  -0.044708;0.282713;-0.161255;,
  -0.044206;0.285847;-0.140353;,
  -0.065000;0.426057;-0.163940;,
  -0.078891;0.433433;-0.194681;,
  -0.088634;0.422308;-0.231118;,
  -0.074281;0.439574;-0.223518;,
  -0.056985;0.444071;-0.230492;,
  -0.039730;0.445519;-0.233249;,
  -0.044351;0.337655;-0.258061;,
  -0.088634;0.422308;-0.231118;,
  -0.074281;0.439574;-0.223518;,
  -0.101151;0.336019;-0.202744;,
  -0.105133;0.381851;-0.214946;,
  -0.111067;0.362655;-0.222006;,
  -0.098622;0.363271;-0.209005;,
  -0.111067;0.362655;-0.222006;,
  -0.101151;0.336019;-0.202744;,
  -0.105133;0.381851;-0.214946;,
  -0.094821;0.378259;-0.200721;,
  -0.096101;0.354441;-0.192694;,
  -0.095014;0.333051;-0.203345;,
  -0.075739;0.370231;-0.151791;,
  -0.096101;0.354441;-0.192694;,
  -0.071830;0.255228;-0.216659;,
  -0.077968;0.290268;-0.221588;,
  -0.092988;0.250436;-0.217595;,
  -0.082729;0.322834;-0.222904;,
  -0.050504;0.265612;-0.167536;,
  -0.051658;0.250453;-0.149025;,
  -0.033360;0.145720;-0.027329;,
  -0.004003;0.009764;0.015280;,
  -0.004514;0.010009;0.049577;,
  -0.022955;0.070593;0.093735;,
  -0.048458;0.288991;-0.177778;,
  -0.017590;0.073996;0.070000;,
  -0.056985;0.444071;-0.230492;,
  -0.039730;0.445519;-0.233249;,
  -0.063075;0.321381;-0.146127;,
  -0.054552;0.344177;-0.140698;,
  -0.055099;0.334574;-0.139865;,
  -0.039012;0.427274;-0.155235;,
  -0.039561;0.406286;-0.140862;,
  -0.056001;0.368819;-0.146554;,
  0.003848;0.077374;-0.112779;,
  -0.092988;0.250436;-0.217595;,
  -0.168837;0.109464;0.293162;,
  -0.055005;0.312877;-0.139042;,
  -0.062732;0.314779;-0.145969;,
  -0.054715;0.317440;-0.142942;,
  -0.042271;0.333414;-0.135045;,
  -0.041758;0.342509;-0.126230;,
  -0.054217;0.321651;-0.138393;,
  -0.043032;0.317321;-0.142658;,
  -0.043164;0.310946;-0.136419;,
  -0.040521;0.377001;-0.131459;,
  -0.040953;0.367387;-0.134748;,
  -0.099709;0.172539;-0.232679;,
  -0.042727;0.321526;-0.134880;,
  -0.096253;0.177858;-0.198938;,
  -0.108832;0.182210;-0.188041;,
  -0.120402;0.196905;-0.169020;,
  -0.092755;0.369875;-0.238925;,
  -0.173328;0.206538;0.173958;,
  -0.115376;0.183047;0.237965;,
  -0.119527;0.235283;0.195047;,
  -0.136628;0.145667;0.194905;,
  -0.200084;0.260566;0.136442;,
  -0.130197;0.273053;0.126009;,
  -0.153092;0.196211;0.054889;,
  -0.086967;0.209308;0.063668;,
  -0.098278;0.126148;0.014332;,
  -0.054538;0.150917;0.006348;,
  -0.068287;0.121710;0.019078;,
  -0.103367;0.137034;0.282336;,
  -0.101473;0.081797;0.211565;,
  -0.091774;0.129591;0.131710;,
  -0.090845;0.011214;0.369665;,
  -0.068296;0.074598;0.156637;,
  -0.069135;0.036110;0.312144;,
  -0.050081;0.065221;0.262399;,
  -0.117752;0.201982;0.093321;,
  -0.023066;0.063476;0.230233;,
  -0.147773;0.233117;0.144932;,
  -0.095234;0.157055;0.156723;,
  -0.020238;0.060383;0.156316;,
  0.001010;0.010317;0.088079;,
  -0.096253;0.177858;-0.198938;,
  0.020329;0.268388;-0.142024;,
  -0.018920;0.261795;-0.146736;,
  0.025119;0.258499;-0.124439;,
  -0.017933;0.274667;-0.178277;,
  0.027390;0.258557;-0.110834;,
  -0.003645;0.230945;-0.090007;,
  0.042902;0.228578;-0.100585;,
  -0.017950;0.248861;-0.112818;,
  -0.000940;0.272030;-0.217302;,
  0.055390;0.257100;-0.203567;,
  0.031559;0.248108;-0.220272;,
  0.037417;0.263361;-0.187973;,
  0.069158;0.072279;-0.033462;,
  0.034687;0.051278;-0.046122;,
  0.062055;0.079742;-0.043197;,
  0.033438;0.040005;-0.031234;,
  0.043736;0.130734;-0.035391;,
  0.062105;0.110734;-0.014995;,
  0.009558;0.152347;-0.027683;,
  0.041635;0.134811;0.009876;,
  0.012158;0.137802;0.020164;,
  -0.006882;0.041471;-0.046397;,
  -0.007803;0.031647;-0.027514;,
  0.054324;0.127901;-0.143809;,
  0.011703;0.137407;-0.195164;,
  0.059493;0.161684;-0.175651;,
  0.009593;0.107950;-0.161489;,
  0.019617;0.144767;0.053562;,
  0.060944;0.151011;0.156486;,
  0.063912;0.121677;0.059581;,
  0.015721;0.163574;0.149245;,
  0.008376;0.179123;0.250488;,
  0.050418;0.149136;0.249644;,
  -0.020189;0.108705;0.054096;,
  0.012279;0.055734;0.165814;,
  -0.020057;0.123296;0.153121;,
  0.005074;0.022127;0.074327;,
  0.013231;0.095519;0.244691;,
  -0.003800;0.132269;0.249956;,
  0.083920;0.091221;0.166110;,
  0.076410;0.064988;0.082773;,
  0.051244;0.110217;0.242866;,
  0.091841;0.043514;0.496904;,
  0.078316;-0.014863;0.490478;,
  0.108375;0.002407;0.486834;,
  0.051573;0.024198;0.502410;,
  0.024417;0.137839;0.305130;,
  0.070499;0.091824;0.362590;,
  0.063324;0.123521;0.295316;,
  0.033597;0.107059;0.371908;,
  0.073792;0.055877;0.432696;,
  0.045070;0.073025;0.442349;,
  -0.004470;0.096280;0.311667;,
  0.024161;0.040752;0.339116;,
  0.014249;0.074399;0.363688;,
  0.012213;0.056563;0.276298;,
  0.050862;0.026078;0.415805;,
  0.041821;0.041083;0.443707;,
  0.082514;0.061845;0.341553;,
  0.078948;0.083781;0.270397;,
  0.072028;0.037143;0.410613;,
  0.069177;0.104577;0.013447;,
  -0.020189;0.108705;0.054096;,
  0.081571;0.051388;0.014434;,
  0.037242;0.017992;0.013191;,
  0.077017;0.055854;0.067469;,
  0.038196;0.022015;0.062384;,
  0.046259;0.094628;-0.101262;,
  0.074819;0.149193;-0.123327;,
  0.077353;0.167295;-0.113744;,
  0.038101;0.158920;-0.060833;,
  0.065231;0.123646;-0.081788;,
  0.047799;0.201565;-0.086655;,
  0.001463;0.211208;-0.073821;,
  0.005590;0.170480;-0.048692;,
  0.074922;0.209611;-0.111942;,
  0.031129;0.200966;-0.141993;,
  0.105460;0.169279;-0.114327;,
  0.090951;0.112199;-0.153651;,
  0.128796;0.129241;-0.128467;,
  0.059261;0.146399;-0.144857;,
  0.060820;0.208326;-0.194682;,
  0.087320;0.165203;-0.201642;,
  0.059261;0.146399;-0.144857;,
  0.117305;0.110074;-0.194965;,
  0.090951;0.112199;-0.153651;,
  0.070137;0.214386;-0.196893;,
  0.133503;0.188411;-0.171108;,
  0.102774;0.227453;-0.168991;,
  0.155109;0.126876;-0.169856;,
  0.092670;0.221355;-0.132996;,
  0.123267;0.127191;-0.111832;,
  0.076218;0.065277;-0.095495;,
  0.105299;0.080547;-0.079108;,
  0.077857;0.106316;-0.140162;,
  0.076277;0.025707;-0.068554;,
  0.092781;0.039065;-0.053271;,
  0.077857;0.106316;-0.140162;,
  0.116941;0.036617;-0.123676;,
  0.076218;0.065277;-0.095495;,
  0.115986;0.072220;-0.177305;,
  0.108247;0.014962;-0.082004;,
  0.076277;0.025707;-0.068554;,
  0.139062;0.048746;-0.111121;,
  0.161130;0.093076;-0.149167;,
  0.116322;0.018188;-0.072628;,
  0.086974;0.021311;0.065045;,
  0.131176;-0.000584;0.036346;,
  0.130965;0.018416;0.046839;,
  0.086646;0.002017;0.054485;,
  0.047495;0.004561;0.001535;,
  0.051837;0.016075;0.012894;,
  0.044159;0.015656;0.000162;,
  0.050332;0.005188;0.012369;,
  0.122967;0.001565;-0.042803;,
  0.076649;0.013510;-0.005964;,
  0.074037;-0.003959;-0.035912;,
  0.129325;0.010477;-0.007082;,
  0.129050;0.028222;0.002038;,
  0.120659;0.039299;-0.041291;,
  0.069287;0.034566;-0.034918;,
  0.078313;0.031505;0.002396;,
  0.069323;0.251217;-0.181146;,
  0.067184;0.269356;-0.157489;,
  0.037417;0.263361;-0.187973;,
  0.029454;0.270464;-0.169917;,
  0.083397;0.187144;-0.155094;,
  -0.004338;0.283135;-0.191309;,
  0.053745;0.265925;-0.132207;,
  0.025119;0.258499;-0.124439;,
  0.048615;0.236419;-0.119507;,
  0.020329;0.268388;-0.142024;,
  0.077772;0.232770;-0.178541;,
  0.077722;0.238517;-0.177830;,
  0.054507;0.201784;-0.196520;,
  0.006743;0.174659;-0.215523;,
  -0.011305;0.230182;-0.229607;,
  0.055390;0.257100;-0.203567;,
  0.077722;0.238517;-0.177830;,
  0.041515;0.235328;-0.128789;,
  0.031129;0.200966;-0.141993;,
  0.072772;0.231248;-0.165910;,
  0.070468;0.203377;-0.131173;,
  0.048462;0.217633;-0.108442;,
  0.027390;0.258557;-0.110834;,
  0.082399;0.198558;-0.141837;,
  0.074037;-0.003959;-0.035912;,
  -0.009516;0.299429;-0.216039;,
  -0.015504;0.295194;-0.236644;,
  -0.024222;0.260956;-0.231350;,
  -0.039761;0.291854;-0.246897;,
  0.078313;0.031505;0.002396;,
  0.086974;0.021311;0.065045;,
  0.130965;0.018416;0.046839;,
  0.058344;-0.001051;-0.014245;,
  0.056769;0.024731;-0.012298;,
  0.058344;-0.001051;-0.014245;,
  0.065493;0.003204;0.001490;,
  0.074057;0.026277;0.001654;,
  0.074057;0.026277;0.001654;,
  0.047495;0.004561;0.001535;,
  0.044159;0.015656;0.000162;,
  0.051837;0.016075;0.012894;,
  0.057749;0.115886;0.493465;,
  0.015653;0.136130;0.528147;,
  0.063749;0.121447;0.515465;,
  0.013954;0.132168;0.508635;,
  0.063302;-0.002366;0.461123;,
  0.051573;0.024198;0.502410;,
  0.044057;0.029589;0.479052;,
  0.078316;-0.014863;0.490478;,
  0.050862;0.026078;0.415805;,
  0.098395;0.018873;0.453886;,
  0.072028;0.037143;0.410613;,
  0.091841;0.043514;0.496904;,
  0.084465;0.051642;0.463615;,
  0.108375;0.002407;0.486834;,
  0.045070;0.073025;0.442349;,
  0.073792;0.055877;0.432696;,
  -0.004455;0.109280;0.512037;,
  -0.009835;0.110075;0.529405;,
  0.063749;0.121447;0.515465;,
  -0.009835;0.110075;0.529405;,
  -0.020057;0.123296;0.153121;,
  -0.003800;0.132269;0.249956;,
  -0.004470;0.096280;0.311667;,
  0.014249;0.074399;0.363688;,
  0.041821;0.041083;0.443707;,
  0.041821;0.041083;0.443707;,
  0.001482;0.301908;-0.199812;,
  -0.016044;0.293419;-0.181240;,
  -0.019507;0.299244;-0.199885;,
  -0.006841;0.299755;-0.180149;,
  -0.005977;0.319868;-0.224304;,
  -0.013937;0.328807;-0.245263;,
  -0.019508;0.441443;-0.195907;,
  -0.039000;0.446779;-0.195876;,
  -0.006825;0.377095;-0.145441;,
  -0.009593;0.405040;-0.155144;,
  -0.023673;0.377048;-0.138450;,
  -0.000139;0.319932;-0.178036;,
  0.007764;0.329079;-0.205220;,
  0.000159;0.312750;-0.209276;,
  0.009849;0.362982;-0.224456;,
  0.011155;0.374164;-0.202654;,
  0.003727;0.410532;-0.172094;,
  0.007299;0.371360;-0.175826;,
  0.011938;0.411165;-0.198783;,
  0.007059;0.366018;-0.240746;,
  -0.003872;0.373532;-0.261294;,
  -0.043143;0.375397;-0.271784;,
  -0.008132;0.420859;-0.251585;,
  -0.041092;0.423518;-0.261305;,
  0.006899;0.348659;-0.175659;,
  -0.007243;0.345344;-0.151861;,
  -0.009568;0.311420;-0.163543;,
  -0.024781;0.288070;-0.150264;,
  -0.013530;0.424068;-0.164879;,
  -0.000240;0.430394;-0.196116;,
  0.007282;0.418602;-0.232868;,
  -0.005410;0.436913;-0.224774;,
  -0.039730;0.445519;-0.233249;,
  -0.022550;0.442740;-0.231120;,
  -0.044351;0.337655;-0.258061;,
  0.007282;0.418602;-0.232868;,
  -0.005410;0.436913;-0.224774;,
  0.014130;0.331564;-0.204847;,
  0.021188;0.376970;-0.217251;,
  0.013484;0.358939;-0.211050;,
  0.025363;0.357383;-0.224495;,
  0.025363;0.357383;-0.224495;,
  0.014130;0.331564;-0.204847;,
  0.021188;0.376970;-0.217251;,
  0.011155;0.374164;-0.202654;,
  0.010886;0.350307;-0.194646;,
  0.007764;0.329079;-0.205220;,
  -0.006694;0.367563;-0.153051;,
  0.010886;0.350307;-0.194646;,
  -0.004338;0.283135;-0.191309;,
  -0.009516;0.299429;-0.216039;,
  0.029454;0.270464;-0.169917;,
  -0.005977;0.319868;-0.224304;,
  -0.004003;0.009764;0.015280;,
  -0.004514;0.010009;0.049577;,
  -0.022955;0.070593;0.093735;,
  -0.017590;0.073996;0.070000;,
  -0.022550;0.442740;-0.231120;,
  -0.039730;0.445519;-0.233249;,
  -0.022874;0.319827;-0.146860;,
  -0.029410;0.343206;-0.141157;,
  -0.029575;0.333588;-0.140331;,
  -0.026279;0.367670;-0.147096;,
  0.003848;0.077374;-0.112779;,
  0.029454;0.270464;-0.169917;,
  0.015653;0.136130;0.528147;,
  -0.023720;0.313272;-0.146681;,
  -0.031313;0.311961;-0.139474;,
  -0.031392;0.316538;-0.143368;,
  -0.031398;0.320769;-0.138809;,
  0.072772;0.231248;-0.165910;,
  0.045251;0.229232;-0.144381;,
  0.041515;0.235328;-0.128789;,
  0.027390;0.258557;-0.110834;,
  0.007059;0.366018;-0.240746;,
  -0.035363;0.169886;0.243562;,
  -0.072788;0.169625;0.266997;,
  -0.027846;0.132082;0.309808;,
  -0.076113;0.210930;0.207007;,
  -0.031137;0.197570;0.209646;,
  -0.069036;0.236115;0.151689;,
  -0.032903;0.163349;0.121901;,
  -0.053961;0.186867;0.089963;,
  -0.028790;0.135973;0.039652;,
  -0.038376;0.141723;0.021838;,
  -0.030381;0.140760;0.028218;,
  0.012158;0.137802;0.020164;,
  -0.069372;0.137084;0.320311;,
  -0.026108;0.100301;0.374541;,
  0.025288;-0.011076;0.407575;,
  0.082514;0.061845;0.341553;,
  0.072016;0.037137;0.410613;,
  0.022566;0.018678;0.339686;,
  0.078948;0.083781;0.270397;,
  0.025029;0.045036;0.274413;,
  0.017929;0.062400;0.241033;,
  0.051244;0.110217;0.242866;,
  0.083920;0.091221;0.166110;,
  0.017053;0.039171;0.168869;,
  -0.004514;0.010009;0.049577;,
  0.038196;0.022015;0.062384;,
  0.045251;0.229232;-0.144381;,
  0.019617;0.144767;0.053562;,
  0.015721;0.163574;0.149245;,
  0.008376;0.179123;0.250488;,
  0.024417;0.137839;0.305130;,
  0.033597;0.107059;0.371908;,
  0.045070;0.073025;0.442349;,
  -0.169817;0.130173;0.129251;,
  -0.052651;0.026732;0.071425;,
  -0.112292;0.060860;0.083500;,
  -0.195418;0.220120;0.138674;,
  -0.182459;0.176644;0.095693;,
  -0.146827;0.119336;0.127368;,
  -0.093911;0.067303;0.162760;,
  0.076410;0.064988;0.082773;;
  916;
  3;0,1,2;,
  3;1,0,3;,
  3;4,5,6;,
  3;5,4,7;,
  3;8,9,10;,
  3;9,8,11;,
  3;12,13,14;,
  3;13,12,15;,
  3;16,12,17;,
  3;12,16,15;,
  3;18,19,20;,
  3;19,18,16;,
  3;6,21,22;,
  3;21,6,5;,
  3;14,23,24;,
  3;23,14,13;,
  3;25,26,27;,
  3;26,25,28;,
  3;29,30,31;,
  3;30,29,32;,
  3;30,33,31;,
  3;33,30,34;,
  3;35,36,37;,
  3;36,35,38;,
  3;38,39,36;,
  3;39,38,40;,
  3;37,41,42;,
  3;41,37,36;,
  3;36,43,41;,
  3;43,36,39;,
  3;42,30,32;,
  3;30,42,41;,
  3;41,34,30;,
  3;34,41,43;,
  3;44,45,46;,
  3;45,44,47;,
  3;48,49,50;,
  3;49,48,51;,
  3;50,52,53;,
  3;52,50,49;,
  3;54,55,56;,
  3;55,54,57;,
  3;57,58,55;,
  3;58,57,59;,
  3;56,60,61;,
  3;60,56,55;,
  3;55,62,60;,
  3;62,55,58;,
  3;61,49,51;,
  3;49,61,60;,
  3;60,52,49;,
  3;52,60,62;,
  3;32,19,63;,
  3;19,32,29;,
  3;64,65,66;,
  3;65,64,20;,
  3;14,67,12;,
  3;67,14,68;,
  3;68,69,67;,
  3;69,68,70;,
  3;70,42,69;,
  3;42,70,37;,
  3;48,34,51;,
  3;34,48,33;,
  3;51,43,61;,
  3;43,51,34;,
  3;43,56,61;,
  3;56,43,39;,
  3;39,54,56;,
  3;54,39,40;,
  3;12,63,17;,
  3;63,12,67;,
  3;67,32,63;,
  3;32,67,69;,
  3;69,42,32;,
  3;71,72,25;,
  3;73,74,75;,
  3;74,73,76;,
  3;74,77,75;,
  3;77,74,78;,
  3;79,78,80;,
  3;78,79,77;,
  3;81,82,83;,
  3;82,84,85;,
  3;84,82,86;,
  3;87,88,89;,
  3;88,90,89;,
  3;90,88,91;,
  3;92,93,94;,
  3;92,89,93;,
  3;92,87,89;,
  3;89,95,93;,
  3;95,89,90;,
  3;96,93,82;,
  3;93,86,82;,
  3;86,93,95;,
  3;97,98,99;,
  3;98,97,100;,
  3;100,101,98;,
  3;101,100,102;,
  3;103,104,105;,
  3;104,103,106;,
  3;106,107,104;,
  3;107,106,108;,
  3;105,109,110;,
  3;109,105,104;,
  3;104,111,109;,
  3;111,104,107;,
  3;110,100,97;,
  3;100,110,109;,
  3;109,102,100;,
  3;102,109,111;,
  3;112,113,114;,
  3;113,112,115;,
  3;116,117,118;,
  3;117,116,119;,
  3;120,121,122;,
  3;121,120,123;,
  3;120,124,125;,
  3;124,120,122;,
  3;126,124,127;,
  3;124,126,125;,
  3;95,97,86;,
  3;97,95,110;,
  3;86,99,84;,
  3;99,86,97;,
  3;90,103,105;,
  3;103,90,91;,
  3;105,95,90;,
  3;95,105,110;,
  3;128,96,129;,
  3;96,128,94;,
  3;129,130,128;,
  3;130,129,131;,
  3;72,28,25;,
  3;28,72,132;,
  3;10,133,8;,
  3;134,135,136;,
  3;135,134,137;,
  3;81,137,134;,
  3;138,11,139;,
  3;138,9,11;,
  3;138,140,9;,
  3;141,11,142;,
  3;11,141,139;,
  3;128,130,143;,
  3;94,144,92;,
  3;94,143,144;,
  3;94,128,143;,
  3;145,87,146;,
  3;87,145,147;,
  3;75,148,73;,
  3;148,75,149;,
  3;150,147,145;,
  3;7,149,75;,
  3;148,151,73;,
  3;102,152,101;,
  3;152,102,126;,
  3;102,125,126;,
  3;125,102,111;,
  3;111,120,125;,
  3;120,111,107;,
  3;120,108,123;,
  3;108,120,107;,
  3;8,153,154;,
  3;153,8,133;,
  3;154,155,8;,
  3;155,154,156;,
  3;122,114,113;,
  3;114,122,121;,
  3;121,112,114;,
  3;112,121,157;,
  3;158,124,159;,
  3;124,158,127;,
  3;159,122,113;,
  3;122,159,124;,
  3;126,160,152;,
  3;160,126,161;,
  3;162,121,123;,
  3;121,162,163;,
  3;121,164,157;,
  3;164,121,163;,
  3;165,126,127;,
  3;126,165,161;,
  3;161,166,160;,
  3;166,161,167;,
  3;162,118,163;,
  3;118,162,116;,
  3;163,117,164;,
  3;117,163,118;,
  3;165,167,161;,
  3;167,165,168;,
  3;169,170,171;,
  3;170,169,172;,
  3;173,174,175;,
  3;174,173,176;,
  3;177,178,179;,
  3;178,177,173;,
  3;180,178,181;,
  3;178,180,182;,
  3;183,169,171;,
  3;169,183,184;,
  3;174,185,186;,
  3;185,174,176;,
  3;46,187,44;,
  3;187,46,188;,
  3;180,169,182;,
  3;169,180,172;,
  3;20,29,65;,
  3;19,29,20;,
  3;29,31,189;,
  3;31,190,189;,
  3;190,31,33;,
  3;33,191,190;,
  3;191,33,48;,
  3;191,50,192;,
  3;50,191,48;,
  3;192,53,193;,
  3;53,192,50;,
  3;194,171,185;,
  3;171,194,183;,
  3;171,186,185;,
  3;186,171,170;,
  3;185,176,194;,
  3;194,173,177;,
  3;173,194,176;,
  3;178,175,181;,
  3;175,178,173;,
  3;179,182,184;,
  3;182,179,178;,
  3;182,169,184;,
  3;16,17,19;,
  3;17,63,19;,
  3;65,195,66;,
  3;196,197,198;,
  3;197,196,199;,
  3;200,154,153;,
  3;154,200,201;,
  3;202,203,204;,
  3;205,206,207;,
  3;196,208,209;,
  3;208,196,198;,
  3;210,209,211;,
  3;209,210,196;,
  3;212,213,214;,
  3;213,212,215;,
  3;212,214,211;,
  3;201,216,217;,
  3;216,201,200;,
  3;218,219,220;,
  3;219,218,217;,
  3;210,199,196;,
  3;213,205,207;,
  3;221,222,223;,
  3;198,197,224;,
  3;224,225,226;,
  3;225,224,197;,
  3;227,213,207;,
  3;228,229,214;,
  3;229,228,230;,
  3;220,231,232;,
  3;213,228,214;,
  3;156,201,233;,
  3;201,156,154;,
  3;233,217,218;,
  3;217,233,201;,
  3;219,217,234;,
  3;235,219,234;,
  3;236,237,238;,
  3;237,236,239;,
  3;209,240,211;,
  3;240,209,241;,
  3;211,242,212;,
  3;242,211,240;,
  3;243,239,244;,
  3;239,243,237;,
  3;244,236,245;,
  3;236,244,239;,
  3;246,221,223;,
  3;221,246,215;,
  3;221,212,247;,
  3;212,221,215;,
  3;199,248,2;,
  3;248,199,249;,
  3;133,10,250;,
  3;249,210,251;,
  3;210,249,199;,
  3;210,211,251;,
  3;252,1,253;,
  3;1,252,2;,
  3;20,254,18;,
  3;254,20,64;,
  3;24,68,14;,
  3;68,24,255;,
  3;68,256,70;,
  3;256,68,255;,
  3;256,37,70;,
  3;37,256,257;,
  3;258,2,252;,
  3;2,258,199;,
  3;257,259,37;,
  3;37,259,35;,
  3;260,204,261;,
  3;204,260,202;,
  3;262,263,223;,
  3;263,262,264;,
  3;197,258,225;,
  3;258,197,199;,
  3;265,203,227;,
  3;265,207,266;,
  3;207,265,227;,
  3;223,267,246;,
  3;267,223,263;,
  3;88,87,147;,
  3;83,82,85;,
  3;78,16,18;,
  3;16,78,74;,
  3;74,15,16;,
  3;15,74,76;,
  3;15,71,13;,
  3;71,15,76;,
  3;13,268,23;,
  3;268,13,71;,
  3;248,269,2;,
  3;2,269,0;,
  3;136,129,134;,
  3;129,136,131;,
  3;134,96,81;,
  3;96,134,129;,
  3;96,82,81;,
  3;93,96,94;,
  3;29,189,65;,
  3;205,215,246;,
  3;267,205,246;,
  3;205,267,206;,
  3;205,213,215;,
  3;187,188,270;,
  3;224,271,272;,
  3;222,221,208;,
  3;224,222,198;,
  3;272,273,262;,
  3;273,272,271;,
  3;263,274,275;,
  3;273,276,262;,
  3;277,271,278;,
  3;271,277,273;,
  3;222,272,262;,
  3;272,222,224;,
  3;222,208,198;,
  3;209,221,247;,
  3;221,209,208;,
  3;223,222,262;,
  3;266,206,279;,
  3;206,266,207;,
  3;206,280,279;,
  3;280,206,267;,
  3;280,263,275;,
  3;263,280,267;,
  3;264,262,276;,
  3;76,73,72;,
  3;138,281,140;,
  3;73,132,72;,
  3;132,73,151;,
