xof 0303txt 0032
template ColorRGBA {
 <35ff44e0-6c7c-11cf-8f52-0040333594a3>
 FLOAT red;
 FLOAT green;
 FLOAT blue;
 FLOAT alpha;
}

template ColorRGB {
 <d3e16e81-7835-11cf-8f52-0040333594a3>
 FLOAT red;
 FLOAT green;
 FLOAT blue;
}

template Material {
 <3d82ab4d-62da-11cf-ab39-0020af71e433>
 ColorRGBA faceColor;
 FLOAT power;
 ColorRGB specularColor;
 ColorRGB emissiveColor;
 [...]
}

template TextureFilename {
 <a42790e1-7810-11cf-8f52-0040333594a3>
 STRING filename;
}

template Frame {
 <3d82ab46-62da-11cf-ab39-0020af71e433>
 [...]
}

template Matrix4x4 {
 <f6f23f45-7686-11cf-8f52-0040333594a3>
 array FLOAT matrix[16];
}

template FrameTransformMatrix {
 <f6f23f41-7686-11cf-8f52-0040333594a3>
 Matrix4x4 frameMatrix;
}

template Vector {
 <3d82ab5e-62da-11cf-ab39-0020af71e433>
 FLOAT x;
 FLOAT y;
 FLOAT z;
}

template MeshFace {
 <3d82ab5f-62da-11cf-ab39-0020af71e433>
 DWORD nFaceVertexIndices;
 array DWORD faceVertexIndices[nFaceVertexIndices];
}

template Mesh {
 <3d82ab44-62da-11cf-ab39-0020af71e433>
 DWORD nVertices;
 array Vector vertices[nVertices];
 DWORD nFaces;
 array MeshFace faces[nFaces];
 [...]
}

template MeshMaterialList {
 <f6f23f42-7686-11cf-8f52-0040333594a3>
 DWORD nMaterials;
 DWORD nFaceIndexes;
 array DWORD faceIndexes[nFaceIndexes];
 [Material <3d82ab4d-62da-11cf-ab39-0020af71e433>]
}

template VertexElement {
 <f752461c-1e23-48f6-b9f8-8350850f336f>
 DWORD Type;
 DWORD Method;
 DWORD Usage;
 DWORD UsageIndex;
}

template DeclData {
 <bf22e553-292c-4781-9fea-62bd554bdd93>
 DWORD nElements;
 array VertexElement Elements[nElements];
 DWORD nDWords;
 array DWORD data[nDWords];
}

template XSkinMeshHeader {
 <3cf169ce-ff7c-44ab-93c0-f78f62d172e2>
 WORD nMaxSkinWeightsPerVertex;
 WORD nMaxSkinWeightsPerFace;
 WORD nBones;
}

template SkinWeights {
 <6f0d123b-bad2-4167-a0d0-80224f25fabb>
 STRING transformNodeName;
 DWORD nWeights;
 array DWORD vertexIndices[nWeights];
 array FLOAT weights[nWeights];
 Matrix4x4 matrixOffset;
}

template AnimTicksPerSecond {
 <9e415a43-7ba6-4a73-8743-b73d47e88476>
 DWORD AnimTicksPerSecond;
}

template Animation {
 <3d82ab4f-62da-11cf-ab39-0020af71e433>
 [...]
}

template AnimationSet {
 <3d82ab50-62da-11cf-ab39-0020af71e433>
 [Animation <3d82ab4f-62da-11cf-ab39-0020af71e433>]
}

template FloatKeys {
 <10dd46a9-775b-11cf-8f52-0040333594a3>
 DWORD nValues;
 array FLOAT values[nValues];
}

template TimedFloatKeys {
 <f406b180-7b3b-11cf-8f52-0040333594a3>
 DWORD time;
 FloatKeys tfkeys;
}

template AnimationKey {
 <10dd46a8-775b-11cf-8f52-0040333594a3>
 DWORD keyType;
 DWORD nKeys;
 array TimedFloatKeys keys[nKeys];
}


Material _03_-_Default {
 1.000000;1.000000;1.000000;1.000000;;
 9.999999;
 0.000000;0.000000;0.000000;;
 0.000000;0.000000;0.000000;;

 TextureFilename {
  "MaleBody_full.png";
 }
}

Frame Dummy01 {
 

 FrameTransformMatrix {
  1.000000,0.000000,0.000000,0.000000,0.000000,-0.000000,-1.000000,0.000000,0.000000,1.000000,-0.000000,0.000000,0.000000,0.000000,0.000000,1.000000;;
 }

 Frame Bip01 {
  

  FrameTransformMatrix {
   -0.422870,0.880326,-0.214958,0.000000,-0.019481,0.228324,0.973390,0.000000,0.905981,0.415805,-0.079402,0.000000,0.003259,0.012382,0.448129,1.000000;;
  }

  Frame Bip01_Pelvis {
   

   FrameTransformMatrix {
    -0.009909,0.997030,-0.076371,0.000000,-0.031306,0.076028,0.996614,0.000000,0.999461,0.012266,0.030460,0.000000,0.000000,0.000000,0.000000,1.000000;;
   }

   Frame Bip01_Spine {
    

    FrameTransformMatrix {
     0.930496,0.149639,0.334345,0.000000,-0.131849,0.988396,-0.075424,0.000000,-0.341751,0.026099,0.939428,0.000000,0.051509,0.003923,0.000554,1.000000;;
    }

    Frame Bip01_Spine1 {
     

     FrameTransformMatrix {
      0.908931,0.140960,0.392396,0.000000,-0.129764,0.990015,-0.055063,0.000000,-0.396240,-0.000870,0.918146,0.000000,0.106513,0.000000,-0.000078,1.000000;;
     }

     Frame Bip01_Neck {
      

      FrameTransformMatrix {
       0.756637,0.259928,0.599948,0.000000,-0.081728,0.947986,-0.307642,0.000000,-0.648707,0.183741,0.738525,0.000000,0.130522,-0.000005,0.004632,1.000000;;
      }

      Frame Bip01_Head {
       

       FrameTransformMatrix {
        0.260600,0.011096,-0.965383,0.000000,0.059126,0.997874,0.027431,0.000000,0.963635,-0.064228,0.259389,0.000000,0.033674,0.000000,0.000000,1.000000;;
       }

       Frame Bip01_HeadNub {
        

        FrameTransformMatrix {
         1.000000,0.000000,0.000000,0.000000,0.000000,1.000000,-0.000000,0.000000,0.000000,-0.000000,1.000000,0.000000,0.169824,-0.000000,0.000000,1.000000;;
        }
       }
      }

      Frame Bip01_L_Clavicle {
       

       FrameTransformMatrix {
        0.245039,0.964201,0.101357,0.000000,0.746760,-0.121031,-0.653989,0.000000,-0.618309,0.235942,-0.749684,0.000000,-0.016884,0.018292,0.015063,1.000000;;
       }

       Frame Bip01_L_UpperArm {
        

        FrameTransformMatrix {
         0.441975,-0.874921,-0.197918,0.000000,0.802961,0.484236,-0.347519,0.000000,0.399891,-0.005326,0.916547,0.000000,0.087086,-0.000000,0.000000,1.000000;;
        }

        Frame Bip01_L_Forearm {
         

         FrameTransformMatrix {
          -0.251894,-0.000000,-0.967755,0.000000,0.000000,1.000000,0.000000,0.000000,0.967755,0.000000,-0.251894,0.000000,0.137062,0.000000,-0.000000,1.000000;;
         }

         Frame Bip01_L_Hand {
          

          FrameTransformMatrix {
           0.995337,0.089469,-0.036056,0.000000,0.000143,0.372422,0.928064,0.000000,0.096461,-0.923741,0.370672,0.000000,0.137062,-0.000000,-0.000000,1.000000;;
          }

          Frame Bip01_L_Finger0 {
           

           FrameTransformMatrix {
            0.134658,-0.586321,0.798809,0.000000,0.939285,0.332299,0.085567,0.000000,-0.315613,0.738787,0.595469,0.000000,0.057681,-0.023605,-0.000272,1.000000;;
           }

           Frame Bip01_L_Finger0Nub {
            

            FrameTransformMatrix {
             1.000000,0.000000,0.000000,0.000000,-0.000000,1.000000,0.000000,0.000000,-0.000000,0.000000,1.000000,0.000000,0.029435,0.000000,0.000000,1.000000;;
            }
           }
          }

          Frame Bip01_L_Finger1 {
           

           FrameTransformMatrix {
            0.666936,-0.000593,0.745114,0.000000,-0.000000,1.000000,0.000796,0.000000,-0.745115,-0.000531,0.666936,0.000000,0.084102,0.000000,-0.000000,1.000000;;
           }

           Frame Bip01_L_Finger1Nub {
            

            FrameTransformMatrix {
             1.000000,0.000000,0.000000,0.000000,0.000000,1.000000,0.000000,0.000000,0.000000,-0.000000,1.000000,0.000000,0.047988,0.000000,0.000000,1.000000;;
            }
           }
          }
         }
        }
       }
      }

      Frame Bip01_R_Clavicle {
       

       FrameTransformMatrix {
        -0.351434,-0.894814,-0.275320,0.000000,-0.751291,0.094077,0.653231,0.000000,-0.558619,0.436414,-0.705328,0.000000,-0.025054,-0.011503,0.009289,1.000000;;
       }

       Frame Bip01_R_UpperArm {
        

        FrameTransformMatrix {
         0.139952,0.979148,0.147251,0.000000,-0.985212,0.152550,-0.078010,0.000000,-0.098847,-0.134156,0.986018,0.000000,0.087086,0.000000,0.000000,1.000000;;
        }

        Frame Bip01_R_Forearm {
         

         FrameTransformMatrix {
          -0.028348,0.000000,-0.999598,0.000000,0.000000,1.000000,0.000000,0.000000,0.999598,0.000000,-0.028348,0.000000,0.137062,-0.000000,0.000000,1.000000;;
         }

         Frame Bip01_R_Hand {
          

          FrameTransformMatrix {
           0.997442,-0.034647,0.062525,0.000000,0.069434,0.261676,-0.962655,0.000000,0.016991,0.964534,0.263413,0.000000,0.137062,0.000000,-0.000000,1.000000;;
          }

          Frame Bip01_R_Finger0 {
           

           FrameTransformMatrix {
            -0.119180,0.310912,0.942937,0.000000,-0.869175,0.426392,-0.250449,0.000000,-0.479928,-0.849426,0.219420,0.000000,0.057681,0.023605,-0.000272,1.000000;;
           }

           Frame Bip01_R_Finger0Nub {
            

            FrameTransformMatrix {
             -1.000000,0.000000,0.000000,0.000000,0.000000,1.000000,-0.000000,0.000000,-0.000000,-0.000000,-1.000000,0.000000,0.029435,0.000000,0.000000,1.000000;;
            }
           }
          }

          Frame Bip01_R_Finger1 {
           

           FrameTransformMatrix {
            0.077369,0.000794,0.997002,0.000000,-0.000000,1.000000,-0.000796,0.000000,-0.997002,0.000062,0.077369,0.000000,0.084102,0.000000,0.000000,1.000000;;
           }

           Frame Bip01_R_Finger1Nub {
            

            FrameTransformMatrix {
             -1.000000,0.000000,0.000000,0.000000,0.000000,1.000000,-0.000000,0.000000,0.000000,-0.000000,-1.000000,0.000000,0.047988,0.000000,0.000000,1.000000;;
            }
           }
          }
         }
        }
       }
      }
     }

     Frame Bip01_BackPack {
      

      FrameTransformMatrix {
       -0.164536,0.321284,-0.932579,0.000000,0.125289,0.944614,0.303325,0.000000,0.978382,-0.066934,-0.195677,0.000000,0.043238,0.001401,-0.084748,1.000000;;
      }

      Frame Bip01_BackPackNub {
       

       FrameTransformMatrix {
        0.000796,0.000003,1.000000,0.000000,-0.000000,-1.000000,0.000003,0.000000,1.000000,0.000000,-0.000796,0.000000,0.053240,0.000000,0.000000,1.000000;;
       }
      }
     }
    }

    Frame Bip01_L_Thigh {
     

     FrameTransformMatrix {
      -0.189718,0.235840,0.953093,0.000000,-0.063979,-0.971629,0.227692,0.000000,0.979752,-0.017781,0.199424,0.000000,-0.040437,0.057540,0.018422,1.000000;;
     }

     Frame Bip01_L_Calf {
      

      FrameTransformMatrix {
       0.629428,-0.000000,-0.777059,0.000000,-0.000000,1.000000,0.000000,0.000000,0.777059,-0.000000,0.629428,0.000000,0.237500,0.000000,0.000000,1.000000;;
      }

      Frame Bip01_L_Foot {
       

       FrameTransformMatrix {
        0.941012,-0.017770,0.337908,0.000000,0.001139,0.998781,0.049352,0.000000,-0.338373,-0.046056,0.939884,0.000000,0.206841,0.000000,0.000000,1.000000;;
       }

       Frame Bip01_L_Toe0 {
        

        FrameTransformMatrix {
         0.132994,0.006611,0.991095,0.000000,0.009838,0.999920,-0.007990,0.000000,-0.991068,0.010813,0.132919,0.000000,0.065373,0.000000,0.066450,1.000000;;
        }

        Frame Bip01_L_Toe0Nub {
         

         FrameTransformMatrix {
          -1.000000,0.000000,0.000000,0.000000,-0.000000,1.000000,-0.000000,0.000000,0.000000,-0.000000,-1.000001,0.000000,0.006735,0.000000,0.000000,1.000000;;
         }
        }
       }
      }
     }
    }

    Frame Bip01_R_Thigh {
     

     FrameTransformMatrix {
      -0.939669,-0.154026,0.305449,0.000000,0.064317,-0.956524,-0.284474,0.000000,0.335986,-0.247666,0.908722,0.000000,-0.056965,-0.051629,0.015539,1.000000;;
     }

     Frame Bip01_R_Calf {
      

      FrameTransformMatrix {
       0.809697,-0.000000,-0.586849,0.000000,0.000000,1.000000,-0.000000,0.000000,0.586849,0.000000,0.809697,0.000000,0.237500,0.000000,0.000000,1.000000;;
      }

      Frame Bip01_R_Foot {
       

       FrameTransformMatrix {
        0.999336,0.010560,-0.034869,0.000000,-0.008106,0.997529,0.069786,0.000000,0.035520,-0.069457,0.996952,0.000000,0.206841,0.000000,-0.000000,1.000000;;
       }

       Frame Bip01_R_Toe0 {
        

        FrameTransformMatrix {
         -0.492741,-0.208485,0.844832,0.000000,0.175327,0.927177,0.331064,0.000000,-0.852330,0.311251,-0.420305,0.000000,0.065373,0.000000,0.066450,1.000000;;
        }

        Frame Bip01_R_Toe0Nub {
         

         FrameTransformMatrix {
          1.000000,0.000000,0.000000,0.000000,0.000000,1.000000,-0.000000,0.000000,0.000000,-0.000000,1.000000,0.000000,0.006735,0.000000,0.000000,1.000000;;
         }
        }
       }
      }
     }
    }
   }

   Frame Bip01_DressFront {
    

    FrameTransformMatrix {
     -0.620722,0.241948,0.745765,0.000000,0.214634,0.967295,-0.135172,0.000000,-0.754080,0.076163,-0.652352,0.000000,-0.030214,0.000007,0.072869,1.000000;;
    }

    Frame Bip01_DressFront02 {
     

     FrameTransformMatrix {
      0.866064,0.000001,0.499933,0.000000,-0.000001,1.000000,-0.000000,0.000000,-0.499933,-0.000000,0.866064,0.000000,0.183390,-0.000000,-0.000114,1.000000;;
     }

     Frame Bip01_DressFrontNub {
      

      FrameTransformMatrix {
       0.000796,0.000003,1.000000,0.000000,0.000000,-1.000000,0.000003,0.000000,1.000000,0.000000,-0.000796,0.000000,0.165302,0.000000,0.000000,1.000000;;
      }
     }
    }
   }

   Frame Bip01_DressBack {
    

    FrameTransformMatrix {
     -0.758337,0.091145,0.645460,0.000000,0.362375,0.882023,0.301196,0.000000,-0.541858,0.462307,-0.701899,0.000000,-0.047656,-0.000065,-0.078321,1.000000;;
    }

    Frame Bip01_DressBack02 {
     

     FrameTransformMatrix {
      0.780396,-0.312462,0.541617,0.000000,0.260018,0.949914,0.173360,0.000000,-0.568658,0.005540,0.822555,0.000000,0.176221,-0.000001,-0.000089,1.000000;;
     }

     Frame Bip01_DressBackNub {
      

      FrameTransformMatrix {
       0.000796,0.000003,1.000000,0.000000,0.000000,-1.000000,0.000003,0.000000,1.000000,-0.000000,-0.000796,0.000000,0.136508,-0.000000,0.000000,1.000000;;
      }
     }
    }
   }
  }

  Frame Bip01_Prop1 {
   

   FrameTransformMatrix {
    0.201532,0.517961,-0.831325,0.000000,0.612671,-0.728865,-0.305598,0.000000,-0.764211,-0.447741,-0.464229,0.000000,0.141992,0.057825,-0.118050,1.000000;;
   }
  }

  Frame Bip01_Prop2 {
   

   FrameTransformMatrix {
    0.778937,-0.385005,-0.495003,0.000000,0.258875,-0.521537,0.813009,0.000000,-0.571175,-0.761427,-0.306576,0.000000,0.116047,-0.019022,0.093403,1.000000;;
   }
  }
 }
}

Frame Translation_Data {
 

 FrameTransformMatrix {
  1.000000,0.000000,0.000000,0.000000,0.000000,-0.000000,-1.000000,0.000000,0.000000,1.000000,-0.000000,0.000000,0.000000,-0.000000,0.000000,1.000000;;
 }
}

Frame Body {
 

 FrameTransformMatrix {
  1.000000,0.000000,0.000000,0.000000,0.000000,1.000000,0.000000,0.000000,0.000000,0.000000,1.000000,0.000000,0.000000,0.000000,0.000000,1.000000;;
 }

 Mesh Body {
  617;
  0.048041;0.616865;-0.203582;,
  0.012382;0.611720;-0.187942;,
  0.010465;0.642762;-0.201518;,
  0.059134;0.599938;-0.191154;,
  0.062540;0.585317;-0.177180;,
  0.028240;0.559290;-0.153710;,
  0.016612;0.578637;-0.173578;,
  0.071928;0.576911;-0.144871;,
  0.019837;0.684206;-0.198491;,
  0.074649;0.681729;-0.175355;,
  0.056346;0.667965;-0.196509;,
  0.046469;0.693016;-0.168653;,
  0.090604;0.504511;-0.020713;,
  0.060345;0.518213;0.009335;,
  0.062828;0.504837;0.018668;,
  0.082720;0.514096;-0.023522;,
  0.056491;0.500326;-0.070470;,
  0.076716;0.481218;-0.054390;,
  0.019536;0.488566;-0.085406;,
  0.054733;0.454668;-0.068661;,
  0.024537;0.441071;-0.065751;,
  -0.025593;0.562527;-0.145689;,
  -0.023600;0.585340;-0.168736;,
  0.020965;0.517077;0.026299;,
  0.024657;0.500543;0.036248;,
  0.063647;0.619593;-0.047773;,
  0.013783;0.665341;-0.062121;,
  0.015125;0.630765;-0.032764;,
  0.067102;0.653489;-0.078549;,
  0.044261;0.440485;-0.087118;,
  0.082528;0.361825;-0.153171;,
  0.040986;0.381848;-0.164520;,
  0.085138;0.421424;-0.069357;,
  0.031606;0.305892;-0.238812;,
  0.066948;0.287622;-0.208262;,
  0.000246;0.432551;-0.069006;,
  0.016104;0.307260;-0.088800;,
  0.045875;0.401217;0.053919;,
  -0.001994;0.361187;-0.139157;,
  0.020251;0.270890;-0.166986;,
  0.010567;0.285765;-0.201858;,
  0.093099;0.316269;-0.108357;,
  0.093142;0.380088;-0.030208;,
  0.060395;0.274869;-0.173051;,
  0.075870;0.013222;-0.201519;,
  0.042061;-0.001622;-0.153888;,
  0.030965;0.010901;-0.199750;,
  0.076609;0.000873;-0.157797;,
  0.038632;0.234597;-0.223511;,
  0.074633;0.160630;-0.195666;,
  0.041134;0.160659;-0.219299;,
  0.074277;0.235206;-0.200185;,
  0.070423;0.081167;-0.188075;,
  0.046552;0.083115;-0.213377;,
  0.002402;0.215487;-0.193071;,
  0.019818;0.167176;-0.148136;,
  0.011750;0.232125;-0.140702;,
  0.016106;0.157726;-0.189742;,
  0.041043;0.088184;-0.159831;,
  0.033975;0.071684;-0.188676;,
  0.081057;0.167999;-0.158381;,
  0.082463;0.242253;-0.151938;,
  0.064658;0.094248;-0.162937;,
  0.086777;0.454044;-0.046827;,
  -0.017035;0.431043;-0.058373;,
  0.000246;0.432551;-0.069006;,
  -0.008587;0.400155;-0.039379;,
  0.110287;0.460056;0.002109;,
  0.074133;0.463621;0.044086;,
  0.099934;0.398500;-0.009348;,
  0.066252;0.402050;0.029238;,
  0.060192;0.574742;-0.020028;,
  0.088685;0.602429;-0.066611;,
  0.094350;0.593535;-0.084207;,
  0.059067;0.534064;-0.085068;,
  0.072150;0.563296;-0.121044;,
  0.082392;0.557780;-0.048370;,
  0.028918;0.544565;-0.135331;,
  0.028291;0.518309;-0.098166;,
  -0.025653;0.553447;-0.130033;,
  -0.019274;0.518047;-0.085185;,
  0.098002;0.590550;-0.203938;,
  0.128215;0.557154;-0.180768;,
  0.057382;0.603923;-0.171276;,
  0.121677;0.542458;-0.111589;,
  0.085105;0.559416;-0.139218;,
  0.156473;0.537792;-0.145016;,
  0.092316;0.638487;-0.135263;,
  0.085105;0.559416;-0.139218;,
  0.118944;0.605754;-0.106459;,
  0.145878;0.547124;-0.082254;,
  0.121677;0.542458;-0.111589;,
  0.101870;0.644062;-0.137728;,
  0.162041;0.603757;-0.148202;,
  0.131653;0.636274;-0.170388;,
  0.180587;0.542188;-0.115507;,
  0.117904;0.611109;-0.195139;,
  0.145901;0.546440;-0.162811;,
  0.072944;0.514979;-0.161738;,
  0.102879;0.553210;-0.125346;,
  0.101753;0.512428;-0.184341;,
  0.050336;0.485009;-0.180157;,
  0.066817;0.480846;-0.201442;,
  0.102879;0.553210;-0.125346;,
  0.100015;0.472242;-0.135007;,
  0.127305;0.508657;-0.088423;,
  0.072944;0.514979;-0.161738;,
  0.070880;0.454054;-0.167944;,
  0.050336;0.485009;-0.180157;,
  0.122155;0.470738;-0.152374;,
  0.170014;0.502086;-0.125776;,
  0.080084;0.451673;-0.181695;,
  -0.036884;0.419286;-0.239225;,
  0.009294;0.403404;-0.209694;,
  -0.027777;0.431084;-0.223046;,
  -0.000010;0.392184;-0.225778;,
  -0.007918;0.471232;-0.205706;,
  -0.014948;0.466058;-0.219999;,
  -0.014539;0.462984;-0.209441;,
  -0.009933;0.478852;-0.214307;,
  0.044461;0.430770;-0.180947;,
  0.012711;0.460095;-0.223103;,
  0.030688;0.412164;-0.210272;,
  0.018358;0.471903;-0.190891;,
  0.037149;0.411178;-0.229123;,
  0.068712;0.437247;-0.209255;,
  0.042580;0.480910;-0.219872;,
  0.020532;0.457673;-0.241254;,
  0.083460;0.668261;-0.203203;,
  0.081814;0.645160;-0.222120;,
  0.056346;0.667965;-0.196509;,
  0.048559;0.646599;-0.207706;,
  0.097381;0.636904;-0.099596;,
  0.023057;0.657661;-0.208150;,
  0.075812;0.618497;-0.218637;,
  0.059134;0.599938;-0.191154;,
  0.048041;0.616865;-0.203582;,
  0.078382;0.605735;-0.198265;,
  0.097250;0.658426;-0.142649;,
  0.064146;0.674144;-0.117978;,
  0.098543;0.657492;-0.148771;,
  0.009715;0.684964;-0.100701;,
  0.000092;0.695045;-0.159118;,
  0.074649;0.681729;-0.175355;,
  0.098543;0.657492;-0.148771;,
  0.072725;0.605817;-0.157205;,
  0.096808;0.645779;-0.147654;,
  0.057382;0.603923;-0.171276;,
  0.090643;0.611334;-0.116838;,
  0.074544;0.585534;-0.133487;,
  0.062540;0.585317;-0.177180;,
  0.100061;0.623680;-0.110633;,
  0.018358;0.471903;-0.190891;,
  0.022311;0.663612;-0.224222;,
  0.012991;0.680105;-0.216208;,
  -0.007205;0.694150;-0.192766;,
  -0.013064;0.687008;-0.214490;,
  0.020532;0.457673;-0.241254;,
  -0.036884;0.419286;-0.239225;,
  -0.000010;0.392184;-0.225778;,
  0.011584;0.471085;-0.201478;,
  0.006833;0.481454;-0.224735;,
  0.011584;0.471085;-0.201478;,
  0.003584;0.458392;-0.211054;,
  0.006839;0.461802;-0.235210;,
  0.006839;0.461802;-0.235210;,
  -0.007918;0.471232;-0.205706;,
  -0.009933;0.478852;-0.214307;,
  -0.014948;0.466058;-0.219999;,
  0.072012;0.054761;-0.269867;,
  0.037501;0.043642;-0.315365;,
  0.036321;0.059516;-0.303284;,
  0.077518;0.036256;-0.283213;,
  0.035750;0.033060;-0.154652;,
  0.030965;0.010901;-0.199750;,
  0.042061;-0.001622;-0.153888;,
  0.028313;0.035483;-0.195294;,
  0.041043;0.088184;-0.159831;,
  0.076775;0.039024;-0.158691;,
  0.064658;0.094248;-0.162937;,
  0.075870;0.013222;-0.201519;,
  0.076609;0.000873;-0.157797;,
  0.075331;0.047574;-0.194571;,
  0.046552;0.083115;-0.213377;,
  0.070423;0.081167;-0.188075;,
  0.010419;0.051911;-0.291220;,
  0.004090;0.038444;-0.301699;,
  0.077518;0.036256;-0.283213;,
  0.004090;0.038444;-0.301699;,
  -0.001994;0.361187;-0.139157;,
  0.010567;0.285765;-0.201858;,
  0.002402;0.215487;-0.193071;,
  0.016106;0.157726;-0.189742;,
  0.033975;0.071684;-0.188676;,
  0.033975;0.071684;-0.188676;,
  0.012419;0.398274;0.008150;,
  0.033178;0.659176;-0.236785;,
  0.015374;0.644290;-0.250408;,
  0.024316;0.650018;-0.254051;,
  0.014476;0.649095;-0.229764;,
  0.025886;0.684496;-0.219937;,
  0.018290;0.700118;-0.203182;,
  0.007317;0.787789;-0.288898;,
  -0.012756;0.772406;-0.312203;,
  -0.012337;0.792360;-0.290003;,
  0.020594;0.710005;-0.313833;,
  0.003545;0.707131;-0.319648;,
  0.017180;0.739511;-0.314531;,
  0.030256;0.668269;-0.263439;,
  0.038695;0.686623;-0.241600;,
  0.031784;0.672640;-0.231719;,
  0.040225;0.725180;-0.235699;,
  0.040460;0.727928;-0.260080;,
  0.030833;0.750932;-0.301188;,
  0.039855;0.761160;-0.276814;,
  0.035858;0.715713;-0.283999;,
  0.037849;0.733737;-0.221433;,
  0.027321;0.747821;-0.204434;,
  -0.011640;0.752468;-0.193656;,
  0.021142;0.788529;-0.230064;,
  -0.011567;0.793777;-0.220550;,
  0.036229;0.694425;-0.276112;,
  0.020670;0.654976;-0.273580;,
  0.021464;0.682593;-0.296589;,
  0.005853;0.628124;-0.277100;,
  -0.013523;0.626599;-0.264105;,
  -0.013788;0.622127;-0.284767;,
  0.012903;0.760668;-0.311999;,
  0.026949;0.777935;-0.285598;,
  0.036025;0.780102;-0.247398;,
  0.022466;0.794085;-0.260908;,
  0.005346;0.801426;-0.256325;,
  -0.011844;0.804422;-0.254603;,
  -0.011990;0.712296;-0.193085;,
  0.036025;0.780102;-0.247398;,
  0.022466;0.794085;-0.260908;,
  0.044957;0.688947;-0.243092;,
  0.050847;0.735936;-0.247850;,
  0.055916;0.720283;-0.234328;,
  0.043572;0.716722;-0.246948;,
  0.055916;0.720283;-0.234328;,
  0.044957;0.688947;-0.243092;,
  0.050847;0.735936;-0.247850;,
  0.040460;0.727928;-0.260080;,
  0.040754;0.702781;-0.259117;,
  0.038695;0.686623;-0.241600;,
  0.021290;0.703795;-0.303356;,
  0.040754;0.702781;-0.259117;,
  0.023057;0.657661;-0.208150;,
  0.022311;0.663612;-0.224222;,
  0.048559;0.646599;-0.207706;,
  0.025886;0.684496;-0.219937;,
  -0.020926;0.626641;-0.197772;,
  -0.021798;0.608473;-0.182758;,
  -0.021675;0.486414;-0.071322;,
  0.035824;0.460928;0.061360;,
  0.037506;0.426865;0.065032;,
  0.015727;0.377948;0.017191;,
  -0.012861;0.625933;-0.231053;,
  0.012419;0.398274;0.008150;,
  0.005346;0.801426;-0.256325;,
  -0.011844;0.804422;-0.254603;,
  0.006564;0.656642;-0.291589;,
  -0.000944;0.676337;-0.304913;,
  -0.000805;0.667050;-0.302277;,
  -0.012965;0.759716;-0.321083;,
  -0.013249;0.734988;-0.327071;,
  0.001535;0.701378;-0.308144;,
  0.015932;0.581166;-0.004574;,
  0.048559;0.646599;-0.207706;,
  0.037501;0.043642;-0.315365;,
  -0.001829;0.646494;-0.295359;,
  0.005938;0.650433;-0.289404;,
  -0.001942;0.652152;-0.293335;,
  -0.013648;0.664749;-0.306627;,
  -0.013726;0.670136;-0.318102;,
  -0.002236;0.654490;-0.299091;,
  -0.013618;0.652391;-0.293791;,
  -0.013729;0.644216;-0.297361;,
  -0.013504;0.704259;-0.325463;,
  -0.013502;0.696429;-0.318972;,
  0.096808;0.645779;-0.147654;,
  -0.013703;0.653569;-0.302559;,
  0.072285;0.621642;-0.148854;,
  0.072725;0.605817;-0.157205;,
  0.062540;0.585317;-0.177180;,
  0.037849;0.733737;-0.221433;,
  0.038632;0.234597;-0.223511;,
  0.021236;0.154194;-0.223644;,
  0.001687;0.228241;-0.217347;,
  0.041134;0.160659;-0.219299;,
  0.031606;0.305892;-0.238812;,
  -0.004002;0.296723;-0.214972;,
  0.040986;0.381848;-0.164520;,
  -0.009419;0.363158;-0.144413;,
  0.044261;0.440485;-0.087118;,
  -0.008287;0.429187;-0.085253;,
  0.024537;0.441071;-0.065751;,
  0.029819;0.083428;-0.232554;,
  0.046552;0.083115;-0.213377;,
  0.032056;0.156721;-0.114593;,
  0.050551;0.076689;0.050848;,
  0.038836;0.086899;-0.113247;,
  0.039808;0.144871;0.032179;,
  0.025056;0.205212;0.012348;,
  0.018302;0.230878;-0.127675;,
  0.022506;0.259524;0.005583;,
  0.017776;0.258639;-0.141018;,
  0.017296;0.296968;-0.078003;,
  0.022637;0.326330;0.016936;,
  0.037843;0.400857;0.059279;,
  0.072285;0.621642;-0.148854;,
  -0.086446;0.644625;-0.173834;,
  -0.051690;0.624439;-0.175193;,
  -0.096902;0.631879;-0.157258;,
  -0.043658;0.653003;-0.191294;,
  -0.101549;0.617400;-0.144929;,
  -0.075322;0.578052;-0.130269;,
  -0.101895;0.608402;-0.105526;,
  -0.062176;0.594278;-0.157900;,
  -0.036191;0.694547;-0.188188;,
  -0.073271;0.711319;-0.145578;,
  -0.043757;0.710927;-0.150699;,
  -0.071053;0.694046;-0.168568;,
  -0.061870;0.504245;0.046667;,
  -0.018680;0.520026;0.042364;,
  -0.058279;0.517329;0.035408;,
  -0.014052;0.504703;0.052642;,
  -0.074756;0.503335;-0.015616;,
  -0.077353;0.480949;0.013695;,
  -0.060456;0.490400;-0.051973;,
  -0.073879;0.452323;-0.014077;,
  -0.050508;0.440940;-0.032588;,
  0.020965;0.517077;0.026299;,
  0.024657;0.500543;0.036248;,
  -0.035664;0.635371;-0.021804;,
  0.013783;0.665341;-0.062121;,
  -0.042180;0.673287;-0.053812;,
  0.015125;0.630765;-0.032764;,
  -0.074515;0.401806;-0.013525;,
  -0.112758;0.324711;0.063082;,
  -0.084794;0.415313;0.034158;,
  -0.096858;0.310756;0.020562;,
  -0.111974;0.214230;0.051328;,
  -0.111226;0.237500;0.097514;,
  -0.025310;0.392966;-0.017852;,
  -0.007560;0.316551;0.083076;,
  -0.043731;0.301354;0.018022;,
  0.023730;0.401179;0.063705;,
  -0.045744;0.237997;0.097402;,
  -0.066570;0.219244;0.067570;,
  -0.077434;0.337370;0.115877;,
  -0.051892;0.406800;0.085210;,
  -0.079300;0.251670;0.116147;,
  -0.048792;0.060235;0.297755;,
  0.006938;0.082680;0.302494;,
  -0.023008;0.091813;0.317819;,
  -0.011860;0.045983;0.276356;,
  -0.091222;0.179527;0.108627;,
  -0.083998;0.154576;0.191499;,
  -0.100940;0.206297;0.140313;,
  -0.076136;0.128862;0.160553;,
  -0.061642;0.099398;0.243582;,
  -0.060272;0.075103;0.218849;,
  -0.041223;0.170305;0.113037;,
  -0.014076;0.167384;0.175575;,
  -0.037776;0.134952;0.160719;,
  -0.015620;0.216264;0.131449;,
  -0.023967;0.113105;0.232512;,
  -0.031267;0.082625;0.230454;,
  -0.064756;0.183944;0.207405;,
  -0.075478;0.242436;0.162451;,
  -0.045005;0.123033;0.240451;,
  -0.078456;0.453755;0.026190;,
  -0.025310;0.392966;-0.017852;,
  -0.058116;0.459762;0.076527;,
  -0.002748;0.463487;0.078060;,
  -0.049632;0.416327;0.083627;,
  0.000254;0.418660;0.081532;,
  -0.029723;0.586327;0.007109;,
  -0.071048;0.627806;-0.024840;,
  -0.087295;0.622393;-0.036706;,
  -0.077002;0.551595;-0.044000;,
  -0.068103;0.577170;-0.002949;,
  -0.097145;0.590192;-0.076773;,
  -0.074861;0.561053;-0.108192;,
  -0.064338;0.530244;-0.070209;,
  -0.140702;0.648563;-0.125346;,
  -0.094267;0.629825;-0.145053;,
  -0.145426;0.634783;-0.076842;,
  -0.092953;0.603636;-0.041842;,
  -0.134154;0.626565;-0.030482;,
  -0.095505;0.604067;-0.089267;,
  -0.060354;0.670560;-0.115012;,
  -0.058888;0.654192;-0.066637;,
  -0.095505;0.604067;-0.089267;,
  -0.071361;0.620690;-0.009537;,
  -0.092953;0.603636;-0.041842;,
  -0.063116;0.680939;-0.111398;,
  -0.108853;0.685149;-0.054431;,
  -0.103623;0.697941;-0.102202;,
  -0.112483;0.643359;0.001970;,
  -0.130867;0.674684;-0.114523;,
  -0.144123;0.625024;-0.047668;,
  -0.133738;0.551469;-0.075875;,
  -0.162907;0.571177;-0.065474;,
  -0.096210;0.597480;-0.063353;,
  -0.154770;0.515965;-0.081314;,
  -0.179639;0.525223;-0.076760;,
  -0.096210;0.597480;-0.063353;,
  -0.132415;0.538476;-0.020167;,
  -0.133738;0.551469;-0.075875;,
  -0.085776;0.580474;-0.003589;,
  -0.158913;0.507515;-0.043045;,
  -0.154770;0.515965;-0.081314;,
  -0.154669;0.553945;-0.012452;,
  -0.133412;0.607954;0.011872;,
  -0.175622;0.512621;-0.041421;,
  -0.177104;0.418657;-0.109684;,
  -0.189059;0.447329;-0.061812;,
  -0.191431;0.425958;-0.064779;,
  -0.174604;0.440372;-0.107214;,
  -0.163118;0.468817;-0.111145;,
  -0.171448;0.455756;-0.117507;,
  -0.166404;0.468888;-0.122339;,
  -0.164459;0.457840;-0.109268;,
  -0.166501;0.473331;-0.050966;,
  -0.191331;0.470646;-0.105933;,
  -0.160301;0.484701;-0.098970;,
  -0.193910;0.448910;-0.057911;,
  -0.213615;0.451690;-0.059345;,
  -0.198569;0.493271;-0.048613;,
  -0.192485;0.506420;-0.098534;,
  -0.211047;0.473355;-0.105271;,
  -0.095382;0.705966;-0.160871;,
  -0.111311;0.686023;-0.176392;,
  -0.071053;0.694046;-0.168568;,
  -0.077339;0.672733;-0.179408;,
  -0.082486;0.669489;-0.058883;,
  -0.051700;0.671221;-0.194660;,
  -0.116191;0.659116;-0.172644;,
  -0.096902;0.631879;-0.157258;,
  -0.119298;0.646078;-0.151099;,
  -0.086446;0.644625;-0.173834;,
  -0.087481;0.694892;-0.107730;,
  -0.090777;0.695016;-0.112750;,
  -0.047099;0.696228;-0.095841;,
  0.009715;0.684964;-0.100701;,
  0.000092;0.695045;-0.159118;,
  -0.073271;0.711319;-0.145578;,
  -0.090777;0.695016;-0.112750;,
  -0.093864;0.638770;-0.123725;,
  -0.094267;0.629825;-0.145053;,
  -0.093434;0.683530;-0.110575;,
  -0.093327;0.644662;-0.075195;,
  -0.096147;0.616457;-0.094851;,
  -0.101549;0.617400;-0.144929;,
  -0.094169;0.658868;-0.066669;,
  -0.160301;0.484701;-0.098970;,
  -0.048040;0.662884;-0.225587;,
  -0.039055;0.679566;-0.217218;,
  -0.007205;0.694150;-0.192766;,
  -0.013064;0.687008;-0.214490;,
  -0.211047;0.473355;-0.105271;,
  -0.177104;0.418657;-0.109684;,
  -0.191431;0.425958;-0.064779;,
  -0.171204;0.484492;-0.101812;,
  -0.183363;0.479185;-0.124060;,
  -0.171204;0.484492;-0.101812;,
  -0.177467;0.467906;-0.100235;,
  -0.196897;0.464086;-0.114851;,
  -0.196897;0.464086;-0.114851;,
  -0.163118;0.468817;-0.111145;,
  -0.166404;0.468888;-0.122339;,
  -0.171448;0.455756;-0.117507;,
  -0.095234;0.019625;0.246708;,
  -0.086727;-0.034701;0.227708;,
  -0.099327;0.002205;0.261896;,
  -0.085677;-0.018066;0.216687;,
  -0.001371;0.095010;0.270522;,
  -0.011860;0.045983;0.276356;,
  -0.016688;0.059514;0.255746;,
  0.006938;0.082680;0.302494;,
  -0.023967;0.113105;0.232512;,
  -0.037746;0.107664;0.286389;,
  -0.045005;0.123033;0.240451;,
  -0.048792;0.060235;0.297755;,
  -0.057661;0.080787;0.270782;,
  -0.023008;0.091813;0.317819;,
  -0.060272;0.075103;0.218849;,
  -0.061642;0.099398;0.243582;,
  -0.056547;-0.019736;0.211896;,
  -0.051809;-0.036447;0.217329;,
  -0.099327;0.002205;0.261896;,
  -0.051809;-0.036447;0.217329;,
  -0.043731;0.301354;0.018022;,
  -0.066570;0.219244;0.067570;,
  -0.041223;0.170305;0.113037;,
  -0.037776;0.134952;0.160719;,
  -0.031267;0.082625;0.230454;,
  -0.031267;0.082625;0.230454;,
  -0.059033;0.659993;-0.235780;,
  -0.041797;0.644797;-0.249785;,
  -0.040020;0.648531;-0.230822;,
  -0.050714;0.650683;-0.253234;,
  -0.050929;0.685176;-0.219100;,
  -0.042693;0.700658;-0.202517;,
  -0.032040;0.788138;-0.288469;,
  -0.012337;0.792360;-0.290003;,
  -0.047233;0.710605;-0.313094;,
  -0.043312;0.740047;-0.313872;,
  -0.030368;0.707432;-0.319278;,
  -0.056532;0.669037;-0.262493;,
  -0.064167;0.687534;-0.240479;,
  -0.057291;0.673429;-0.230749;,
  -0.064885;0.726111;-0.234553;,
  -0.065602;0.728868;-0.258924;,
  -0.056467;0.751706;-0.300237;,
  -0.061739;0.716578;-0.282935;,
  -0.064774;0.762087;-0.275674;,
  -0.062047;0.734622;-0.220345;,
  -0.050904;0.748514;-0.203581;,
  -0.011640;0.752468;-0.193656;,
  -0.044564;0.789111;-0.229348;,
  -0.011567;0.793777;-0.220550;,
  -0.062316;0.695298;-0.275038;,
  -0.048213;0.683210;-0.295830;,
  -0.047406;0.655579;-0.272838;,
  -0.033147;0.628469;-0.276675;,
  -0.038608;0.761124;-0.311437;,
  -0.051766;0.778633;-0.284741;,
  -0.059968;0.780952;-0.246352;,
  -0.046461;0.794695;-0.260157;,
  -0.011844;0.804422;-0.254603;,
  -0.029118;0.801731;-0.255949;,
  -0.011990;0.712296;-0.193085;,
  -0.059968;0.780952;-0.246352;,
  -0.046461;0.794695;-0.260157;,
  -0.070418;0.689969;-0.241835;,
  -0.075577;0.737056;-0.246472;,
  -0.068625;0.717716;-0.245725;,
  -0.080626;0.721493;-0.232840;,
  -0.080626;0.721493;-0.232840;,
  -0.070418;0.689969;-0.241835;,
  -0.075577;0.737056;-0.246472;,
  -0.065602;0.728868;-0.258924;,
  -0.066320;0.703730;-0.257950;,
  -0.064167;0.687534;-0.240479;,
  -0.047810;0.704408;-0.302603;,
  -0.066320;0.703730;-0.257950;,
  -0.051700;0.671221;-0.194660;,
  -0.048040;0.662884;-0.225587;,
  -0.077339;0.672733;-0.179408;,
  -0.050929;0.685176;-0.219100;,
  0.035824;0.460928;0.061360;,
  0.037506;0.426865;0.065032;,
  0.015727;0.377948;0.017191;,
  0.012419;0.398274;0.008150;,
  -0.029118;0.801731;-0.255949;,
  -0.011844;0.804422;-0.254603;,
  -0.033669;0.656998;-0.291151;,
  -0.026106;0.676560;-0.304639;,
  -0.026351;0.667276;-0.301999;,
  -0.028211;0.701641;-0.307819;,
  0.015932;0.581166;-0.004574;,
  -0.077339;0.672733;-0.179408;,
  -0.086727;-0.034701;0.227708;,
  -0.033105;0.650779;-0.288978;,
  -0.025541;0.646704;-0.295100;,
  -0.025284;0.652359;-0.293081;,
  -0.025074;0.654692;-0.298842;,
  -0.093434;0.683530;-0.110575;,
  -0.084519;0.652083;-0.118854;,
  -0.093864;0.638770;-0.123725;,
  -0.101549;0.617400;-0.144929;,
  -0.062047;0.734622;-0.220345;,
  -0.052987;0.176300;-0.055660;,
  -0.013059;0.133509;-0.161812;,
  -0.045292;0.112077;-0.031588;,
  -0.023958;0.206236;-0.158967;,
  -0.070145;0.224589;-0.060741;,
  -0.031974;0.261222;-0.154773;,
  -0.049417;0.307550;-0.057136;,
  -0.026715;0.329382;-0.111590;,
  -0.038634;0.386103;-0.053387;,
  -0.023667;0.399122;-0.072146;,
  -0.017035;0.431043;-0.058373;,
  -0.050508;0.440940;-0.032588;,
  -0.005113;0.071499;-0.167659;,
  -0.034926;0.050221;-0.014746;,
  0.017894;0.117545;0.224633;,
  -0.064756;0.183944;0.207405;,
  -0.044993;0.123030;0.240445;,
  0.002368;0.172528;0.176963;,
  -0.075478;0.242436;0.162451;,
  -0.013344;0.225170;0.146152;,
  -0.020991;0.249710;0.117079;,
  -0.079300;0.251670;0.116147;,
  -0.077434;0.337370;0.115877;,
  0.003106;0.319080;0.096726;,
  0.037506;0.426865;0.065032;,
  0.000254;0.418660;0.081532;,
  -0.084519;0.652083;-0.118854;,
  -0.074515;0.401806;-0.013525;,
  -0.096858;0.310756;0.020562;,
  -0.111974;0.214230;0.051328;,
  -0.091222;0.179528;0.108627;,
  -0.076136;0.128862;0.160553;,
  -0.060272;0.075103;0.218849;,
  0.093099;0.316269;-0.108357;,
  0.066252;0.402051;0.029238;,
  0.093142;0.380088;-0.030208;,
  0.060395;0.274869;-0.173051;,
  0.082463;0.242253;-0.151938;,
  0.081057;0.167999;-0.158381;,
  0.064658;0.094248;-0.162937;,
  -0.051892;0.406800;0.085210;;
  916;
  3;0,1,2;,
  3;1,0,3;,
  3;4,5,6;,
  3;5,4,7;,
  3;8,9,10;,
  3;9,8,11;,
  3;12,13,14;,
  3;13,12,15;,
  3;16,12,17;,
  3;12,16,15;,
  3;18,19,20;,
  3;19,18,16;,
  3;6,21,22;,
  3;21,6,5;,
  3;14,23,24;,
  3;23,14,13;,
  3;25,26,27;,
  3;26,25,28;,
  3;29,30,31;,
  3;30,29,32;,
  3;30,33,31;,
  3;33,30,34;,
  3;35,36,37;,
  3;36,35,38;,
  3;38,39,36;,
  3;39,38,40;,
  3;37,41,42;,
  3;41,37,36;,
  3;36,43,41;,
  3;43,36,39;,
  3;42,30,32;,
  3;30,42,41;,
  3;41,34,30;,
  3;34,41,43;,
  3;44,45,46;,
  3;45,44,47;,
  3;48,49,50;,
  3;49,48,51;,
  3;50,52,53;,
  3;52,50,49;,
  3;54,55,56;,
  3;55,54,57;,
  3;57,58,55;,
  3;58,57,59;,
  3;56,60,61;,
  3;60,56,55;,
  3;55,62,60;,
  3;62,55,58;,
  3;61,49,51;,
  3;49,61,60;,
  3;60,52,49;,
  3;52,60,62;,
  3;32,19,63;,
  3;19,32,29;,
  3;64,65,66;,
  3;65,64,20;,
  3;14,67,12;,
  3;67,14,68;,
  3;68,69,67;,
  3;69,68,70;,
  3;70,42,69;,
  3;42,70,37;,
  3;48,34,51;,
  3;34,48,33;,
  3;51,43,61;,
  3;43,51,34;,
  3;43,56,61;,
  3;56,43,39;,
  3;39,54,56;,
  3;54,39,40;,
  3;12,63,17;,
  3;63,12,67;,
  3;67,32,63;,
  3;32,67,69;,
  3;69,42,32;,
  3;71,72,25;,
  3;73,74,75;,
  3;74,73,76;,
  3;74,77,75;,
  3;77,74,78;,
  3;79,78,80;,
  3;78,79,77;,
  3;81,82,83;,
  3;82,84,85;,
  3;84,82,86;,
  3;87,88,89;,
  3;88,90,89;,
  3;90,88,91;,
  3;92,93,94;,
  3;92,89,93;,
  3;92,87,89;,
  3;89,95,93;,
  3;95,89,90;,
  3;96,93,82;,
  3;93,86,82;,
  3;86,93,95;,
  3;97,98,99;,
  3;98,97,100;,
  3;100,101,98;,
  3;101,100,102;,
  3;103,104,105;,
  3;104,103,106;,
  3;106,107,104;,
  3;107,106,108;,
  3;105,109,110;,
  3;109,105,104;,
  3;104,111,109;,
  3;111,104,107;,
  3;110,100,97;,
  3;100,110,109;,
  3;109,102,100;,
  3;102,109,111;,
  3;112,113,114;,
  3;113,112,115;,
  3;116,117,118;,
  3;117,116,119;,
  3;120,121,122;,
  3;121,120,123;,
  3;120,124,125;,
  3;124,120,122;,
  3;126,124,127;,
  3;124,126,125;,
  3;95,97,86;,
  3;97,95,110;,
  3;86,99,84;,
  3;99,86,97;,
  3;90,103,105;,
  3;103,90,91;,
  3;105,95,90;,
  3;95,105,110;,
  3;128,96,129;,
  3;96,128,94;,
  3;129,130,128;,
  3;130,129,131;,
  3;72,28,25;,
  3;28,72,132;,
  3;10,133,8;,
  3;134,135,136;,
  3;135,134,137;,
  3;81,137,134;,
  3;138,11,139;,
  3;138,9,11;,
  3;138,140,9;,
  3;141,11,142;,
  3;11,141,139;,
  3;128,130,143;,
  3;94,144,92;,
  3;94,143,144;,
  3;94,128,143;,
  3;145,87,146;,
  3;87,145,147;,
  3;75,148,73;,
  3;148,75,149;,
  3;150,147,145;,
  3;7,149,75;,
  3;148,151,73;,
  3;102,152,101;,
  3;152,102,126;,
  3;102,125,126;,
  3;125,102,111;,
  3;111,120,125;,
  3;120,111,107;,
  3;120,108,123;,
  3;108,120,107;,
  3;8,153,154;,
  3;153,8,133;,
  3;154,155,8;,
  3;155,154,156;,
  3;122,114,113;,
  3;114,122,121;,
  3;121,112,114;,
  3;112,121,157;,
  3;158,124,159;,
  3;124,158,127;,
  3;159,122,113;,
  3;122,159,124;,
  3;126,160,152;,
  3;160,126,161;,
  3;162,121,123;,
  3;121,162,163;,
  3;121,164,157;,
  3;164,121,163;,
  3;165,126,127;,
  3;126,165,161;,
  3;161,166,160;,
  3;166,161,167;,
  3;162,118,163;,
  3;118,162,116;,
  3;163,117,164;,
  3;117,163,118;,
  3;165,167,161;,
  3;167,165,168;,
  3;169,170,171;,
  3;170,169,172;,
  3;173,174,175;,
  3;174,173,176;,
  3;177,178,179;,
  3;178,177,173;,
  3;180,178,181;,
  3;178,180,182;,
  3;183,169,171;,
  3;169,183,184;,
  3;174,185,186;,
  3;185,174,176;,
  3;46,187,44;,
  3;187,46,188;,
  3;180,169,182;,
  3;169,180,172;,
  3;20,29,65;,
  3;19,29,20;,
  3;29,31,189;,
  3;31,190,189;,
  3;190,31,33;,
  3;33,191,190;,
  3;191,33,48;,
  3;191,50,192;,
  3;50,191,48;,
  3;192,53,193;,
  3;53,192,50;,
  3;194,171,185;,
  3;171,194,183;,
  3;171,186,185;,
  3;186,171,170;,
  3;185,176,194;,
  3;194,173,177;,
  3;173,194,176;,
  3;178,175,181;,
  3;175,178,173;,
  3;179,182,184;,
  3;182,179,178;,
  3;182,169,184;,
  3;16,17,19;,
  3;17,63,19;,
  3;65,195,66;,
  3;196,197,198;,
  3;197,196,199;,
  3;200,154,153;,
  3;154,200,201;,
  3;202,203,204;,
  3;205,206,207;,
  3;196,208,209;,
  3;208,196,198;,
  3;210,209,211;,
  3;209,210,196;,
  3;212,213,214;,
  3;213,212,215;,
  3;212,214,211;,
  3;201,216,217;,
  3;216,201,200;,
  3;218,219,220;,
  3;219,218,217;,
  3;210,199,196;,
  3;213,205,207;,
  3;221,222,223;,
  3;198,197,224;,
  3;224,225,226;,
  3;225,224,197;,
  3;227,213,207;,
  3;228,229,214;,
  3;229,228,230;,
  3;220,231,232;,
  3;213,228,214;,
  3;156,201,233;,
  3;201,156,154;,
  3;233,217,218;,
  3;217,233,201;,
  3;219,217,234;,
  3;235,219,234;,
  3;236,237,238;,
  3;237,236,239;,
  3;209,240,211;,
  3;240,209,241;,
  3;211,242,212;,
  3;242,211,240;,
  3;243,239,244;,
  3;239,243,237;,
  3;244,236,245;,
  3;236,244,239;,
  3;246,221,223;,
  3;221,246,215;,
  3;221,212,247;,
  3;212,221,215;,
  3;199,248,2;,
  3;248,199,249;,
  3;133,10,250;,
  3;249,210,251;,
  3;210,249,199;,
  3;210,211,251;,
  3;252,1,253;,
  3;1,252,2;,
  3;20,254,18;,
  3;254,20,64;,
  3;24,68,14;,
  3;68,24,255;,
  3;68,256,70;,
  3;256,68,255;,
  3;256,37,70;,
  3;37,256,257;,
  3;258,2,252;,
  3;2,258,199;,
  3;257,259,37;,
  3;37,259,35;,
  3;260,204,261;,
  3;204,260,202;,
  3;262,263,223;,
  3;263,262,264;,
  3;197,258,225;,
  3;258,197,199;,
  3;265,203,227;,
  3;265,207,266;,
  3;207,265,227;,
  3;223,267,246;,
  3;267,223,263;,
  3;88,87,147;,
  3;83,82,85;,
  3;78,16,18;,
  3;16,78,74;,
  3;74,15,16;,
  3;15,74,76;,
  3;15,71,13;,
  3;71,15,76;,
  3;13,268,23;,
  3;268,13,71;,
  3;248,269,2;,
  3;2,269,0;,
  3;136,129,134;,
  3;129,136,131;,
  3;134,96,81;,
  3;96,134,129;,
  3;96,82,81;,
  3;93,96,94;,
  3;29,189,65;,
  3;205,215,246;,
  3;267,205,246;,
  3;205,267,206;,
  3;205,213,215;,
  3;187,188,270;,
  3;224,271,272;,
  3;222,221,208;,
  3;224,222,198;,
  3;272,273,262;,
  3;273,272,271;,
  3;263,274,275;,
  3;273,276,262;,
  3;277,271,278;,
  3;271,277,273;,
  3;222,272,262;,
  3;272,222,224;,
  3;222,208,198;,
  3;209,221,247;,
  3;221,209,208;,
  3;223,222,262;,
  3;266,206,279;,
  3;206,266,207;,
  3;206,280,279;,
  3;280,206,267;,
  3;280,263,275;,
  3;263,280,267;,
  3;264,262,276;,
  3;76,73,72;,
  3;138,281,140;,
