xof 0303txt 0032
template ColorRGBA {
 <35ff44e0-6c7c-11cf-8f52-0040333594a3>
 FLOAT red;
 FLOAT green;
 FLOAT blue;
 FLOAT alpha;
}

template ColorRGB {
 <d3e16e81-7835-11cf-8f52-0040333594a3>
 FLOAT red;
 FLOAT green;
 FLOAT blue;
}

template Material {
 <3d82ab4d-62da-11cf-ab39-0020af71e433>
 ColorRGBA faceColor;
 FLOAT power;
 ColorRGB specularColor;
 ColorRGB emissiveColor;
 [...]
}

template TextureFilename {
 <a42790e1-7810-11cf-8f52-0040333594a3>
 STRING filename;
}

template Frame {
 <3d82ab46-62da-11cf-ab39-0020af71e433>
 [...]
}

template Matrix4x4 {
 <f6f23f45-7686-11cf-8f52-0040333594a3>
 array FLOAT matrix[16];
}

template FrameTransformMatrix {
 <f6f23f41-7686-11cf-8f52-0040333594a3>
 Matrix4x4 frameMatrix;
}

template Vector {
 <3d82ab5e-62da-11cf-ab39-0020af71e433>
 FLOAT x;
 FLOAT y;
 FLOAT z;
}

template MeshFace {
 <3d82ab5f-62da-11cf-ab39-0020af71e433>
 DWORD nFaceVertexIndices;
 array DWORD faceVertexIndices[nFaceVertexIndices];
}

template Mesh {
 <3d82ab44-62da-11cf-ab39-0020af71e433>
 DWORD nVertices;
 array Vector vertices[nVertices];
 DWORD nFaces;
 array MeshFace faces[nFaces];
 [...]
}

template MeshMaterialList {
 <f6f23f42-7686-11cf-8f52-0040333594a3>
 DWORD nMaterials;
 DWORD nFaceIndexes;
 array DWORD faceIndexes[nFaceIndexes];
 [Material <3d82ab4d-62da-11cf-ab39-0020af71e433>]
}

template VertexElement {
 <f752461c-1e23-48f6-b9f8-8350850f336f>
 DWORD Type;
 DWORD Method;
 DWORD Usage;
 DWORD UsageIndex;
}

template DeclData {
 <bf22e553-292c-4781-9fea-62bd554bdd93>
 DWORD nElements;
 array VertexElement Elements[nElements];
 DWORD nDWords;
 array DWORD data[nDWords];
}

template XSkinMeshHeader {
 <3cf169ce-ff7c-44ab-93c0-f78f62d172e2>
 WORD nMaxSkinWeightsPerVertex;
 WORD nMaxSkinWeightsPerFace;
 WORD nBones;
}

template SkinWeights {
 <6f0d123b-bad2-4167-a0d0-80224f25fabb>
 STRING transformNodeName;
 DWORD nWeights;
 array DWORD vertexIndices[nWeights];
 array FLOAT weights[nWeights];
 Matrix4x4 matrixOffset;
}

template AnimTicksPerSecond {
 <9e415a43-7ba6-4a73-8743-b73d47e88476>
 DWORD AnimTicksPerSecond;
}

template Animation {
 <3d82ab4f-62da-11cf-ab39-0020af71e433>
 [...]
}

template AnimationSet {
 <3d82ab50-62da-11cf-ab39-0020af71e433>
 [Animation <3d82ab4f-62da-11cf-ab39-0020af71e433>]
}

template FloatKeys {
 <10dd46a9-775b-11cf-8f52-0040333594a3>
 DWORD nValues;
 array FLOAT values[nValues];
}

template TimedFloatKeys {
 <f406b180-7b3b-11cf-8f52-0040333594a3>
 DWORD time;
 FloatKeys tfkeys;
}

template AnimationKey {
 <10dd46a8-775b-11cf-8f52-0040333594a3>
 DWORD keyType;
 DWORD nKeys;
 array TimedFloatKeys keys[nKeys];
}


Material _03_-_Default {
 1.000000;1.000000;1.000000;1.000000;;
 9.999999;
 0.000000;0.000000;0.000000;;
 0.000000;0.000000;0.000000;;

 TextureFilename {
  "MaleBody_full.png";
 }
}

Frame Dummy01 {
 

 FrameTransformMatrix {
  1.000000,0.000000,0.000000,0.000000,0.000000,-0.000000,-1.000000,0.000000,0.000000,1.000000,-0.000000,0.000000,0.000000,0.000000,0.000000,1.000000;;
 }

 Frame Bip01 {
  

  FrameTransformMatrix {
   0.000001,0.998648,-0.051978,0.000000,0.000000,0.051978,0.998648,0.000000,1.000000,-0.000001,-0.000000,0.000000,0.011285,-0.036626,0.503479,1.000000;;
  }

  Frame Bip01_Pelvis {
   

   FrameTransformMatrix {
    0.000000,0.999993,0.003883,0.000000,-0.000001,-0.003883,0.999992,0.000000,1.000000,-0.000000,0.000001,0.000000,0.000000,0.000000,0.000000,1.000000;;
   }

   Frame Bip01_Spine {
    

    FrameTransformMatrix {
     0.999992,-0.003877,-0.000520,0.000000,0.003872,0.999960,-0.008044,0.000000,0.000551,0.008042,0.999968,0.000000,0.051633,-0.000201,-0.000085,1.000000;;
    }

    Frame Bip01_Spine1 {
     

     FrameTransformMatrix {
      0.994328,0.000055,-0.106357,0.000000,-0.007409,0.997606,-0.068752,0.000000,0.106099,0.069150,0.991948,0.000000,0.106471,-0.000006,-0.000084,1.000000;;
     }

     Frame Bip01_Neck {
      

      FrameTransformMatrix {
       0.812066,0.087157,0.577021,0.000000,-0.071088,0.996195,-0.050426,0.000000,-0.579220,-0.000070,0.815171,0.000000,0.130520,0.000000,0.004630,1.000000;;
      }

      Frame Bip01_Head {
       

       FrameTransformMatrix {
        0.995102,-0.001686,-0.098840,0.000000,-0.018002,0.980044,-0.197966,0.000000,0.097201,0.198776,0.975213,0.000000,0.033674,-0.000000,0.000000,1.000000;;
       }

       Frame Bip01_HeadNub {
        

        FrameTransformMatrix {
         1.000000,0.000000,0.000000,0.000000,0.000000,1.000000,0.000000,0.000000,0.000000,0.000000,1.000000,0.000000,0.169824,0.000000,0.000000,1.000000;;
        }
       }
      }

      Frame Bip01_L_Clavicle {
       

       FrameTransformMatrix {
        -0.203675,0.956948,0.206804,0.000000,0.790627,0.285350,-0.541742,0.000000,-0.577430,0.053165,-0.814707,0.000000,-0.020824,0.017597,0.010149,1.000000;;
       }

       Frame Bip01_L_UpperArm {
        

        FrameTransformMatrix {
         0.385128,-0.858370,-0.338935,0.000000,0.664106,0.512795,-0.544064,0.000000,0.640812,-0.015554,0.767540,0.000000,0.087086,0.000000,-0.000000,1.000000;;
        }

        Frame Bip01_L_Forearm {
         

         FrameTransformMatrix {
          0.328569,-0.000000,-0.944480,0.000000,0.000000,1.000000,0.000000,0.000000,0.944480,-0.000000,0.328569,0.000000,0.137062,0.000000,0.000000,1.000000;;
         }

         Frame Bip01_L_Hand {
          

          FrameTransformMatrix {
           0.830936,0.556367,-0.000529,0.000000,0.551886,-0.824122,0.127453,0.000000,0.070475,-0.106197,-0.991844,0.000000,0.137062,-0.000000,0.000000,1.000000;;
          }

          Frame Bip01_L_Finger0 {
           

           FrameTransformMatrix {
            0.292048,-0.749001,0.594732,0.000000,0.954394,0.268529,-0.130480,0.000000,-0.061973,0.605715,0.793265,0.000000,0.057681,-0.023605,-0.000272,1.000000;;
           }

           Frame Bip01_L_Finger0Nub {
            

            FrameTransformMatrix {
             1.000000,0.000000,0.000000,0.000000,-0.000000,1.000000,0.000000,0.000000,0.000000,0.000000,1.000000,0.000000,0.029435,-0.000000,0.000000,1.000000;;
            }
           }
          }

          Frame Bip01_L_Finger1 {
           

           FrameTransformMatrix {
            -0.265541,-0.000768,0.964099,0.000000,-0.000000,1.000000,0.000796,0.000000,-0.964099,0.000211,-0.265540,0.000000,0.084102,-0.000000,0.000000,1.000000;;
           }

           Frame Bip01_L_Finger1Nub {
            

            FrameTransformMatrix {
             1.000000,0.000000,0.000000,0.000000,0.000000,1.000000,-0.000000,0.000000,0.000000,0.000000,1.000000,0.000000,0.047988,0.000000,-0.000000,1.000000;;
            }
           }
          }
         }
        }
       }
      }

      Frame Bip01_R_Clavicle {
       

       FrameTransformMatrix {
        -0.237987,-0.965139,0.108943,0.000000,-0.780809,0.256823,0.569543,0.000000,-0.577667,0.050480,-0.814710,0.000000,-0.023563,-0.013712,0.010151,1.000000;;
       }

       Frame Bip01_R_UpperArm {
        

        FrameTransformMatrix {
         0.570510,0.802975,-0.172483,0.000000,-0.608472,0.554304,0.567899,0.000000,0.551616,-0.219041,0.804823,0.000000,0.087086,0.000000,0.000000,1.000000;;
        }

        Frame Bip01_R_Forearm {
         

         FrameTransformMatrix {
          -0.235328,-0.000000,-0.971916,0.000000,0.000000,1.000000,-0.000000,0.000000,0.971916,0.000000,-0.235328,0.000000,0.137062,0.000000,0.000000,1.000000;;
         }

         Frame Bip01_R_Hand {
          

          FrameTransformMatrix {
           0.972603,-0.228455,-0.043024,0.000000,0.090749,0.543502,-0.834488,0.000000,0.214026,0.807722,0.549344,0.000000,0.137062,0.000000,0.000000,1.000000;;
          }

          Frame Bip01_R_Finger0 {
           

           FrameTransformMatrix {
            0.828596,0.484056,0.281280,0.000000,-0.558537,0.749101,0.356210,0.000000,-0.038282,-0.452259,0.891065,0.000000,0.057681,0.023605,-0.000272,1.000000;;
           }

           Frame Bip01_R_Finger0Nub {
            

            FrameTransformMatrix {
             -1.000000,0.000000,0.000000,0.000000,0.000000,1.000000,0.000000,0.000000,-0.000000,0.000000,-1.000000,0.000000,0.029435,0.000000,0.000000,1.000000;;
            }
           }
          }

          Frame Bip01_R_Finger1 {
           

           FrameTransformMatrix {
            0.322275,0.300989,0.897521,0.000000,0.259062,0.883871,-0.389433,0.000000,-0.910509,0.358018,0.206874,0.000000,0.084102,0.000000,-0.000000,1.000000;;
           }

           Frame Bip01_R_Finger1Nub {
            

            FrameTransformMatrix {
             -1.000000,-0.000000,0.000000,0.000000,0.000000,1.000000,0.000000,0.000000,0.000000,0.000000,-1.000001,0.000000,0.047988,0.000000,0.000000,1.000000;;
            }
           }
          }
         }
        }
       }
      }
     }

     Frame Bip01_BackPack {
      

      FrameTransformMatrix {
       0.190104,-0.000002,-0.981764,0.000000,0.000003,1.000000,-0.000002,0.000000,0.981764,-0.000002,0.190104,0.000000,0.063697,-0.000000,-0.088856,1.000000;;
      }

      Frame Bip01_BackPackNub {
       

       FrameTransformMatrix {
        0.000796,0.000003,1.000000,0.000000,0.000000,-1.000000,0.000003,0.000000,1.000000,0.000000,-0.000796,0.000000,0.053240,-0.000000,0.000000,1.000000;;
       }
      }
     }
    }

    Frame Bip01_L_Thigh {
     

     FrameTransformMatrix {
      -0.981444,0.008417,0.191566,0.000000,-0.009071,-0.999956,-0.002535,0.000000,0.191536,-0.004226,0.981477,0.000000,-0.051847,0.055224,0.000502,1.000000;;
     }

     Frame Bip01_L_Calf {
      

      FrameTransformMatrix {
       0.943508,-0.000000,-0.331351,0.000000,-0.000000,1.000000,0.000000,0.000000,0.331351,-0.000000,0.943508,0.000000,0.237500,0.000000,0.000000,1.000000;;
      }

      Frame Bip01_L_Foot {
       

       FrameTransformMatrix {
        0.980716,0.009336,0.195213,0.000000,-0.008173,0.999944,-0.006762,0.000000,-0.195265,0.005036,0.980737,0.000000,0.206841,-0.000000,0.000000,1.000000;;
       }

       Frame Bip01_L_Toe0 {
        

        FrameTransformMatrix {
         -0.000000,-0.000001,1.000000,0.000000,0.000000,1.000000,0.000001,0.000000,-1.000000,0.000000,-0.000000,0.000000,0.065373,0.000000,0.066450,1.000000;;
        }

        Frame Bip01_L_Toe0Nub {
         

         FrameTransformMatrix {
          -1.000000,-0.000000,-0.000000,0.000000,-0.000000,1.000000,0.000000,0.000000,0.000000,0.000000,-1.000000,0.000000,0.006735,0.000000,-0.000000,1.000000;;
         }
        }
       }
      }
     }
    }

    Frame Bip01_R_Thigh {
     

     FrameTransformMatrix {
      -0.972549,-0.133001,0.190942,0.000000,0.110817,-0.986257,-0.122543,0.000000,0.204616,-0.098020,0.973922,0.000000,-0.051419,-0.055223,-0.000386,1.000000;;
     }

     Frame Bip01_R_Calf {
      

      FrameTransformMatrix {
       0.963674,0.000000,-0.267080,0.000000,0.000000,1.000000,-0.000000,0.000000,0.267080,0.000000,0.963674,0.000000,0.237500,-0.000000,0.000000,1.000000;;
      }

      Frame Bip01_R_Foot {
       

       FrameTransformMatrix {
        0.996200,0.009425,0.086586,0.000000,0.009072,0.977491,-0.210781,0.000000,-0.086624,0.210765,0.973691,0.000000,0.206841,-0.000000,0.000000,1.000000;;
       }

       Frame Bip01_R_Toe0 {
        

        FrameTransformMatrix {
         -0.041397,-0.315284,0.948094,0.000000,0.122086,0.940201,0.317990,0.000000,-0.991656,0.128913,-0.000430,0.000000,0.065373,0.000000,0.066450,1.000000;;
        }

        Frame Bip01_R_Toe0Nub {
         

         FrameTransformMatrix {
          1.000000,0.000000,0.000000,0.000000,0.000000,1.000000,0.000000,0.000000,0.000000,0.000000,1.000000,0.000000,0.006735,0.000000,-0.000000,1.000000;;
         }
        }
       }
      }
     }
    }
   }

   Frame Bip01_DressFront {
    

    FrameTransformMatrix {
     -0.978429,-0.000002,0.206582,0.000000,-0.000002,1.000000,-0.000001,0.000000,-0.206582,-0.000002,-0.978429,0.000000,-0.043972,0.001399,0.061084,1.000000;;
    }

    Frame Bip01_DressFront02 {
     

     FrameTransformMatrix {
      0.984034,0.000000,0.177981,0.000000,-0.000000,1.000000,-0.000000,0.000000,-0.177981,-0.000000,0.984034,0.000000,0.183348,-0.000000,-0.000130,1.000000;;
     }

     Frame Bip01_DressFrontNub {
      

      FrameTransformMatrix {
       0.000796,0.000003,1.000000,0.000000,0.000000,-1.000000,0.000003,0.000000,1.000000,-0.000000,-0.000796,0.000000,0.165302,0.000000,0.000000,1.000000;;
      }
     }
    }
   }

   Frame Bip01_DressBack {
    

    FrameTransformMatrix {
     -0.973548,-0.000002,0.228483,0.000000,-0.000002,1.000000,-0.000001,0.000000,-0.228483,-0.000002,-0.973548,0.000000,-0.047700,0.000000,-0.078283,1.000000;;
    }

    Frame Bip01_DressBack02 {
     

     FrameTransformMatrix {
      0.968887,-0.033699,0.245198,0.000000,0.032676,0.999432,0.008242,0.000000,-0.245336,0.000027,0.969438,0.000000,0.176185,-0.000000,-0.000105,1.000000;;
     }

     Frame Bip01_DressBackNub {
      

      FrameTransformMatrix {
       0.000796,0.000003,1.000000,0.000000,-0.000000,-1.000000,0.000003,0.000000,1.000000,-0.000000,-0.000796,0.000000,0.136508,-0.000000,-0.000000,1.000000;;
      }
     }
    }
   }
  }

  Frame Bip01_Prop1 {
   

   FrameTransformMatrix {
    0.492227,-0.574537,-0.653926,0.000000,0.331774,-0.570700,0.751150,0.000000,-0.804760,-0.586692,-0.090298,0.000000,0.146483,0.228660,-0.044618,1.000000;;
   }
  }

  Frame Bip01_Prop2 {
   

   FrameTransformMatrix {
    0.360690,-0.328598,-0.872884,0.000000,0.932499,0.145813,0.330432,0.000000,0.018698,-0.933146,0.359010,0.000000,0.151317,0.134543,0.034800,1.000000;;
   }
  }
 }
}

Frame Translation_Data {
 

 FrameTransformMatrix {
  1.000000,0.000000,0.000000,0.000000,0.000000,-0.000000,-1.000000,0.000000,0.000000,1.000000,-0.000000,0.000000,0.000000,-0.000000,0.000000,1.000000;;
 }
}

Frame Body {
 

 FrameTransformMatrix {
  1.000000,0.000000,0.000000,0.000000,0.000000,1.000000,0.000000,0.000000,0.000000,0.000000,1.000000,0.000000,0.000000,0.000000,0.000000,1.000000;;
 }

 Mesh Body {
  617;
  0.081098;0.763583;0.011685;,
  0.046747;0.764178;0.006174;,
  0.040178;0.791563;0.024883;,
  0.088578;0.744838;0.006733;,
  0.097692;0.737126;0.006234;,
  0.068710;0.701038;-0.023423;,
  0.055826;0.734977;-0.013411;,
  0.103331;0.701058;0.010041;,
  0.038207;0.808701;0.063790;,
  0.086075;0.779146;0.089600;,
  0.082831;0.780817;0.060462;,
  0.053687;0.785366;0.093614;,
  0.094825;0.554464;0.072669;,
  0.054283;0.563336;0.090773;,
  0.053484;0.551189;0.097217;,
  0.087981;0.564742;0.068636;,
  0.082782;0.563043;0.012713;,
  0.095638;0.537059;0.033096;,
  0.054985;0.557215;-0.017802;,
  0.081038;0.512600;0.004924;,
  0.052313;0.502482;-0.004198;,
  0.015300;0.700644;-0.034375;,
  0.015231;0.737213;-0.019107;,
  0.011362;0.561340;0.090700;,
  0.011442;0.547076;0.097201;,
  0.060452;0.655050;0.096503;,
  0.006527;0.691385;0.106690;,
  0.008301;0.655980;0.098364;,
  0.063653;0.693492;0.105971;,
  0.067348;0.467014;-0.009369;,
  0.108877;0.363828;0.003664;,
  0.071040;0.370276;-0.024305;,
  0.101874;0.461735;0.027113;,
  0.069209;0.274171;-0.038866;,
  0.097994;0.270545;0.005204;,
  0.018439;0.466892;0.011077;,
  0.029646;0.357263;0.075860;,
  0.023150;0.445058;0.106331;,
  0.023322;0.367441;0.000842;,
  0.044316;0.272036;0.043796;,
  0.041309;0.270776;0.001805;,
  0.109203;0.356381;0.068005;,
  0.096510;0.439456;0.084711;,
  0.085076;0.273794;0.043585;,
  0.088920;-0.001438;0.054148;,
  0.049355;-0.001522;0.099608;,
  0.044025;-0.001415;0.051081;,
  0.084211;-0.001545;0.099341;,
  0.069529;0.216365;-0.007933;,
  0.096391;0.145078;0.033771;,
  0.067146;0.143456;0.005087;,
  0.100974;0.218502;0.020732;,
  0.086677;0.067539;0.049201;,
  0.066785;0.065943;0.020586;,
  0.027886;0.202478;0.018096;,
  0.035156;0.159417;0.070530;,
  0.029687;0.225041;0.069031;,
  0.037600;0.145090;0.030245;,
  0.054073;0.080466;0.071425;,
  0.050120;0.059932;0.046016;,
  0.097193;0.156711;0.070510;,
  0.101745;0.231092;0.068537;,
  0.078248;0.085060;0.070836;,
  0.101628;0.508483;0.039759;,
  0.011260;0.494348;-0.015677;,
  0.018439;0.466892;0.011077;,
  0.011126;0.460624;0.000100;,
  0.103341;0.506048;0.094300;,
  0.053306;0.506178;0.118349;,
  0.096967;0.454063;0.091285;,
  0.051663;0.458492;0.113771;,
  0.057238;0.609494;0.087300;,
  0.092839;0.654287;0.079950;,
  0.105036;0.660171;0.063607;,
  0.083577;0.614518;0.011669;,
  0.100865;0.666518;0.009782;,
  0.089871;0.610633;0.062535;,
  0.068104;0.666450;-0.027628;,
  0.061415;0.611398;-0.018451;,
  0.013161;0.666378;-0.036514;,
  0.012655;0.606862;-0.024609;,
  0.111940;0.727102;-0.005310;,
  0.123337;0.682135;-0.025633;,
  0.066744;0.722974;0.023602;,
  0.085272;0.624052;-0.013293;,
  0.070153;0.667358;-0.002329;,
  0.128091;0.634812;-0.033463;,
  0.093779;0.692879;0.069158;,
  0.070153;0.667358;-0.002329;,
  0.100096;0.645101;0.052200;,
  0.105218;0.592198;0.016454;,
  0.085272;0.624052;-0.013293;,
  0.104608;0.693108;0.072491;,
  0.153398;0.660147;0.029042;,
  0.141290;0.704034;0.049051;,
  0.147891;0.602742;-0.003768;,
  0.131677;0.719839;0.015995;,
  0.123226;0.645416;-0.046809;,
  0.054432;0.627196;-0.082151;,
  0.071734;0.633439;-0.024326;,
  0.088159;0.635353;-0.094121;,
  0.047984;0.621205;-0.121286;,
  0.061548;0.622291;-0.134338;,
  0.071734;0.633439;-0.024326;,
  0.076278;0.574342;-0.080399;,
  0.088361;0.572905;-0.017064;,
  0.054432;0.627196;-0.082151;,
  0.047321;0.591005;-0.123047;,
  0.047984;0.621205;-0.121286;,
  0.102170;0.580975;-0.089325;,
  0.139587;0.584896;-0.039346;,
  0.067820;0.587229;-0.132939;,
  0.061606;0.662841;-0.203236;,
  0.033301;0.615377;-0.188999;,
  0.069060;0.647625;-0.189208;,
  0.026432;0.630629;-0.202832;,
  0.094300;0.650849;-0.182991;,
  0.099597;0.643203;-0.196917;,
  0.093449;0.651891;-0.194126;,
  0.104039;0.644430;-0.182775;,
  0.025728;0.625279;-0.157800;,
  0.079491;0.625084;-0.185272;,
  0.027930;0.618634;-0.194499;,
  0.073113;0.639973;-0.154506;,
  0.033278;0.602112;-0.204325;,
  0.035443;0.588841;-0.160854;,
  0.085237;0.603145;-0.156610;,
  0.082875;0.607905;-0.194754;,
  0.111991;0.766449;0.062586;,
  0.119382;0.769528;0.033774;,
  0.082831;0.780817;0.060462;,
  0.082024;0.779578;0.034894;,
  0.101445;0.698331;0.091242;,
  0.049926;0.803748;0.038122;,
  0.111147;0.756459;0.010954;,
  0.088578;0.744838;0.006733;,
  0.081098;0.763583;0.011685;,
  0.100461;0.734574;0.011557;,
  0.104738;0.738275;0.092828;,
  0.063446;0.730837;0.106577;,
  0.107545;0.742284;0.089438;,
  0.005589;0.725472;0.105121;,
  0.007409;0.781695;0.084088;,
  0.086075;0.779146;0.089600;,
  0.107545;0.742284;0.089438;,
  0.094105;0.724673;0.033910;,
  0.106700;0.732570;0.078930;,
  0.066744;0.722974;0.023602;,
  0.105575;0.697478;0.059146;,
  0.100812;0.696735;0.024073;,
  0.097692;0.737126;0.006234;,
  0.109923;0.699150;0.075524;,
  0.073113;0.639973;-0.154506;,
  0.048839;0.830124;0.029530;,
  0.036565;0.840956;0.045815;,
  0.009051;0.810739;0.066062;,
  0.010048;0.847281;0.047188;,
  0.082875;0.607905;-0.194754;,
  0.061606;0.662841;-0.203236;,
  0.026432;0.630629;-0.202832;,
  0.081277;0.643496;-0.169779;,
  0.099715;0.626307;-0.175741;,
  0.081277;0.643496;-0.169779;,
  0.080009;0.640708;-0.187312;,
  0.088967;0.618692;-0.193698;,
  0.088967;0.618692;-0.193698;,
  0.094300;0.650849;-0.182991;,
  0.104039;0.644430;-0.182775;,
  0.099597;0.643203;-0.196917;,
  0.095162;0.020228;-0.022686;,
  0.064907;-0.001385;-0.067432;,
  0.063586;0.017194;-0.060196;,
  0.100721;-0.001397;-0.029923;,
  0.045608;0.031888;0.088978;,
  0.044025;-0.001415;0.051081;,
  0.049355;-0.001522;0.099608;,
  0.042654;0.023542;0.048548;,
  0.054073;0.080466;0.071425;,
  0.087148;0.034910;0.088447;,
  0.078248;0.085060;0.070836;,
  0.088920;-0.001438;0.054148;,
  0.084211;-0.001545;0.099341;,
  0.090071;0.033508;0.051677;,
  0.066785;0.065943;0.020586;,
  0.086677;0.067539;0.049201;,
  0.036094;0.014160;-0.049742;,
  0.029967;-0.001374;-0.056979;,
  0.100721;-0.001397;-0.029923;,
  0.029967;-0.001374;-0.056979;,
  0.023322;0.367441;0.000842;,
  0.041309;0.270776;0.001805;,
  0.027886;0.202478;0.018096;,
  0.037600;0.145090;0.030245;,
  0.050120;0.059932;0.046016;,
  0.050120;0.059932;0.046016;,
  0.011077;0.450754;0.051153;,
  0.063096;0.828873;0.016810;,
  0.050341;0.812551;-0.000367;,
  0.059973;0.818198;-0.001543;,
  0.043643;0.820145;0.013770;,
  0.050986;0.855228;0.028506;,
  0.038610;0.871904;0.040806;,
  0.054570;0.952420;-0.050935;,
  0.042633;0.934802;-0.077949;,
  0.036211;0.956410;-0.058378;,
  0.074843;0.873295;-0.064228;,
  0.060408;0.869566;-0.074738;,
  0.071820;0.902567;-0.068320;,
  0.068519;0.835812;-0.010100;,
  0.069838;0.855995;0.011717;,
  0.060217;0.842649;0.020098;,
  0.069494;0.894918;0.014668;,
  0.077218;0.895785;-0.008605;,
  0.080712;0.915313;-0.052403;,
  0.081803;0.927605;-0.027346;,
  0.080192;0.881656;-0.031714;,
  0.062848;0.904486;0.026777;,
  0.047608;0.919575;0.038534;,
  0.007222;0.924083;0.036433;,
  0.049627;0.958026;0.009042;,
  0.015580;0.963188;0.007612;,
  0.078111;0.861054;-0.022400;,
  0.062512;0.821547;-0.021583;,
  0.070356;0.847322;-0.045392;,
  0.049485;0.794149;-0.027295;,
  0.027051;0.793156;-0.020789;,
  0.033153;0.787101;-0.040104;,
  0.066981;0.923746;-0.068939;,
  0.072231;0.943333;-0.040990;,
  0.069118;0.948656;-0.002153;,
  0.060377;0.961221;-0.020253;,
  0.042680;0.968472;-0.021749;,
  0.025795;0.971170;-0.025629;,
  0.006698;0.884078;0.040113;,
  0.069118;0.948656;-0.002153;,
  0.060377;0.961221;-0.020253;,
  0.076257;0.858349;0.012034;,
  0.083343;0.904963;0.005532;,
  0.084000;0.890526;0.021174;,
  0.076136;0.885703;0.005709;,
  0.084000;0.890526;0.021174;,
  0.076257;0.858349;0.012034;,
  0.083343;0.904963;0.005532;,
  0.077218;0.895785;-0.008605;,
  0.077192;0.870802;-0.005570;,
  0.069838;0.855995;0.011717;,
  0.072280;0.867930;-0.053577;,
  0.077192;0.870802;-0.005570;,
  0.049926;0.803748;0.038122;,
  0.048839;0.830124;0.029530;,
  0.082024;0.779578;0.034894;,
  0.050986;0.855228;0.028506;,
  0.013695;0.782745;0.002921;,
  0.014269;0.760704;-0.005607;,
  0.011545;0.554961;-0.021430;,
  0.011269;0.503697;0.118247;,
  0.011137;0.469419;0.116987;,
  0.007756;0.444310;0.104396;,
  0.019362;0.799832;-0.006952;,
  0.011077;0.450754;0.051153;,
  0.042680;0.968472;-0.021749;,
  0.025795;0.971170;-0.025629;,
  0.054630;0.821476;-0.043122;,
  0.051593;0.839897;-0.059652;,
  0.050910;0.830847;-0.056359;,
  0.045161;0.921464;-0.085410;,
  0.046722;0.896349;-0.089178;,
  0.054955;0.864668;-0.063979;,
  0.009736;0.608884;0.088167;,
  0.082024;0.779578;0.034894;,
  0.064907;-0.001385;-0.067432;,
  0.047800;0.810866;-0.048451;,
  0.053360;0.815440;-0.040740;,
  0.047072;0.816658;-0.047024;,
  0.040026;0.827904;-0.064236;,
  0.043485;0.832388;-0.075578;,
  0.048563;0.818538;-0.052761;,
  0.036102;0.816575;-0.051055;,
  0.037091;0.808149;-0.053815;,
  0.045974;0.865838;-0.085248;,
  0.043975;0.858533;-0.078459;,
  0.106700;0.732570;0.078930;,
  0.038719;0.817072;-0.059492;,
  0.089462;0.726132;0.051407;,
  0.094105;0.724673;0.033910;,
  0.097692;0.737126;0.006234;,
  0.062848;0.904486;0.026777;,
  0.069529;0.216365;-0.007933;,
  0.040691;0.144659;-0.021037;,
  0.030964;0.221159;-0.031503;,
  0.067146;0.143456;0.005087;,
  0.069209;0.274171;-0.038866;,
  0.033198;0.278498;-0.042983;,
  0.071040;0.370276;-0.024305;,
  0.021773;0.371058;-0.027604;,
  0.067348;0.467014;-0.009369;,
  0.019190;0.459484;-0.018998;,
  0.052313;0.502482;-0.004198;,
  0.040897;0.072175;-0.016429;,
  0.066785;0.065943;0.020586;,
  0.039907;0.154140;0.097479;,
  0.001521;0.080818;0.114723;,
  0.041879;0.084578;0.107097;,
  0.004201;0.153838;0.106806;,
  0.006751;0.219821;0.090277;,
  0.033997;0.225156;0.083018;,
  0.011261;0.281066;0.087242;,
  0.036954;0.270841;0.073890;,
  0.028431;0.355932;0.090716;,
  0.008733;0.366775;0.100578;,
  0.011029;0.441662;0.116191;,
  0.089462;0.726132;0.051407;,
  -0.055300;0.770060;0.001571;,
  -0.019609;0.764408;0.001045;,
  -0.063914;0.750614;-0.004680;,
  -0.015774;0.791923;0.020454;,
  -0.070159;0.737478;-0.006930;,
  -0.039050;0.701320;-0.030106;,
  -0.077539;0.701531;-0.001176;,
  -0.025772;0.735259;-0.019717;,
  -0.019663;0.809159;0.059155;,
  -0.070984;0.782026;0.077558;,
  -0.039756;0.785690;0.086392;,
  -0.061238;0.788816;0.049408;,
  -0.071872;0.555111;0.072635;,
  -0.031545;0.563595;0.090621;,
  -0.065154;0.565205;0.068365;,
  -0.030568;0.551515;0.097200;,
  -0.059763;0.563474;0.012461;,
  -0.072804;0.537712;0.033062;,
  -0.031893;0.557477;-0.017956;,
  -0.058519;0.513328;0.005077;,
  -0.029733;0.502800;-0.004214;,
  0.011362;0.561340;0.090700;,
  0.011442;0.547076;0.097201;,
  -0.043507;0.655209;0.092073;,
  0.006527;0.691385;0.106690;,
  -0.050059;0.693789;0.098919;,
  0.008301;0.655980;0.098364;,
  -0.051747;0.468146;-0.009261;,
  -0.104315;0.370086;0.007825;,
  -0.083642;0.465515;0.029908;,
  -0.069080;0.372825;-0.023899;,
  -0.079015;0.278552;-0.038794;,
  -0.103490;0.276113;0.008037;,
  -0.002973;0.462730;0.006105;,
  -0.019260;0.354043;0.071395;,
  -0.019618;0.364532;-0.003846;,
  -0.001061;0.445152;0.106326;,
  -0.046401;0.270150;0.041038;,
  -0.047753;0.270398;-0.001210;,
  -0.098829;0.361818;0.071832;,
  -0.075907;0.441939;0.086431;,
  -0.086528;0.276293;0.045100;,
  -0.118438;0.002788;0.047618;,
  -0.066793;-0.002376;0.078247;,
  -0.099653;0.002094;0.088985;,
  -0.077200;-0.002978;0.030554;,
  -0.082833;0.220340;-0.011640;,
  -0.113662;0.149227;0.027539;,
  -0.110967;0.223529;0.020193;,
  -0.087646;0.146786;-0.004050;,
  -0.110833;0.070371;0.037392;,
  -0.096559;0.068026;0.005897;,
  -0.040792;0.199990;0.008925;,
  -0.047980;0.153867;0.058699;,
  -0.055860;0.143190;0.017980;,
  -0.035151;0.218425;0.061222;,
  -0.073790;0.078267;0.053867;,
  -0.077052;0.058641;0.025134;,
  -0.109637;0.157871;0.064886;,
  -0.105753;0.232224;0.068583;,
  -0.096853;0.085629;0.057582;,
  -0.079018;0.509184;0.039722;,
  -0.002973;0.462730;0.006105;,
  -0.080772;0.506763;0.094263;,
  -0.030747;0.506504;0.118332;,
  -0.075092;0.455748;0.092280;,
  -0.029058;0.458029;0.112985;,
  -0.037656;0.609595;0.084841;,
  -0.074371;0.654543;0.072824;,
  -0.085112;0.660461;0.055504;,
  -0.060027;0.614671;0.007948;,
  -0.068958;0.610802;0.058420;,
  -0.076354;0.666788;0.002230;,
  -0.040533;0.666616;-0.032257;,
  -0.036344;0.611503;-0.020984;,
  -0.094426;0.736209;-0.017816;,
  -0.055471;0.721608;0.016316;,
  -0.120459;0.695312;-0.032466;,
  -0.111764;0.632250;-0.001131;,
  -0.145968;0.653200;-0.028357;,
  -0.077703;0.667112;-0.001376;,
  -0.093998;0.711623;0.062445;,
  -0.116521;0.666949;0.052090;,
  -0.077703;0.667112;-0.001376;,
  -0.136481;0.610168;0.018737;,
  -0.111764;0.632250;-0.001131;,
  -0.104144;0.716250;0.064461;,
  -0.159295;0.695464;0.021090;,
  -0.132981;0.735063;0.035670;,
  -0.170569;0.630822;-0.008585;,
  -0.116531;0.740300;0.001953;,
  -0.136449;0.672956;-0.031948;,
  -0.060630;0.657428;-0.049950;,
  -0.089060;0.671646;-0.068307;,
  -0.094293;0.650653;0.000079;,
  -0.034242;0.653461;-0.083926;,
  -0.050882;0.667672;-0.100582;,
  -0.094293;0.650653;0.000079;,
  -0.083096;0.608273;-0.068738;,
  -0.060630;0.657428;-0.049950;,
  -0.113919;0.592556;-0.013584;,
  -0.053335;0.625302;-0.101828;,
  -0.034242;0.653461;-0.083926;,
  -0.104991;0.619480;-0.082489;,
  -0.155787;0.614914;-0.045362;,
  -0.061392;0.633600;-0.112115;,
  0.049259;0.669495;-0.165251;,
  0.002808;0.639902;-0.150309;,
  0.014302;0.637210;-0.168524;,
  0.037897;0.672679;-0.146686;,
  0.033601;0.682313;-0.134530;,
  0.025284;0.692035;-0.145336;,
  0.030914;0.693288;-0.131626;,
  0.031879;0.683230;-0.145575;,
  -0.030535;0.624890;-0.132626;,
  0.002682;0.675255;-0.130350;,
  -0.001189;0.652969;-0.103945;,
  -0.019096;0.641169;-0.164248;,
  -0.026043;0.657309;-0.173700;,
  -0.054765;0.653320;-0.138633;,
  -0.025186;0.683214;-0.108081;,
  -0.005728;0.690116;-0.140593;,
  -0.091372;0.782026;0.047935;,
  -0.093979;0.785993;0.018404;,
  -0.061238;0.788816;0.049408;,
  -0.057210;0.787350;0.024653;,
  -0.085714;0.698820;0.079635;,
  -0.027241;0.804437;0.031892;,
  -0.084929;0.771082;-0.003407;,
  -0.063914;0.750614;-0.004680;,
  -0.079050;0.744953;-0.002103;,
  -0.055300;0.770060;0.001571;,
  -0.091282;0.741236;0.078143;,
  -0.093656;0.745688;0.074439;,
  -0.051766;0.731236;0.097673;,
  0.005589;0.725472;0.105121;,
  0.007409;0.781695;0.084088;,
  -0.070984;0.782026;0.077558;,
  -0.093656;0.745688;0.074439;,
  -0.072875;0.727124;0.021069;,
  -0.055471;0.721608;0.016316;,
  -0.092283;0.736754;0.064107;,
  -0.085852;0.697978;0.047274;,
  -0.076798;0.697199;0.013058;,
  -0.070159;0.737478;-0.006930;,
  -0.092181;0.699678;0.062990;,
  -0.001189;0.652969;-0.103945;,
  -0.019723;0.832644;0.015356;,
  -0.014158;0.842820;0.035329;,
  0.009051;0.810739;0.066062;,
  0.010048;0.847281;0.047188;,
  -0.005728;0.690116;-0.140593;,
  0.049259;0.669495;-0.165251;,
  0.014302;0.637210;-0.168524;,
  0.025439;0.669815;-0.121285;,
  0.014341;0.693210;-0.120583;,
  0.025439;0.669815;-0.121285;,
  0.018676;0.672611;-0.137510;,
  -0.000047;0.688577;-0.136938;,
  -0.000047;0.688577;-0.136938;,
  0.033601;0.682313;-0.134530;,
  0.030914;0.693288;-0.131626;,
  0.025284;0.692035;-0.145336;,
  -0.146093;0.025045;-0.024158;,
  -0.134516;-0.000307;-0.075225;,
  -0.156262;0.004314;-0.028371;,
  -0.128704;0.017950;-0.069550;,
  -0.062572;0.030268;0.065604;,
  -0.077200;-0.002978;0.030554;,
  -0.073669;0.021593;0.026687;,
  -0.066793;-0.002376;0.078247;,
  -0.073790;0.078267;0.053867;,
  -0.101428;0.038619;0.078073;,
  -0.096853;0.085629;0.057582;,
  -0.118438;0.002788;0.047618;,
  -0.116039;0.037590;0.044191;,
  -0.099653;0.002094;0.088985;,
  -0.096559;0.068026;0.005897;,
  -0.110833;0.070371;0.037392;,
  -0.099902;0.011402;-0.068181;,
  -0.098339;-0.004796;-0.076331;,
  -0.156262;0.004314;-0.028371;,
  -0.098339;-0.004796;-0.076331;,
  -0.019618;0.364532;-0.003846;,
  -0.047753;0.270398;-0.001210;,
  -0.040792;0.199990;0.008925;,
  -0.055860;0.143190;0.017980;,
  -0.077052;0.058641;0.025134;,
  -0.077052;0.058641;0.025134;,
  -0.024952;0.827507;-0.010577;,
  -0.004250;0.811704;-0.017348;,
  -0.009467;0.822097;0.002790;,
  -0.011671;0.817087;-0.023828;,
  -0.022361;0.854090;0.005692;,
  -0.019620;0.871000;0.022694;,
  0.016989;0.951837;-0.062624;,
  0.036211;0.956410;-0.058378;,
  0.010078;0.872290;-0.084372;,
  0.014059;0.901671;-0.086287;,
  0.028026;0.869064;-0.084810;,
  -0.014351;0.834526;-0.035876;,
  -0.028381;0.854471;-0.018833;,
  -0.024836;0.841329;-0.006357;,
  -0.030872;0.893361;-0.016550;,
  -0.024056;0.894214;-0.040106;,
  -0.002648;0.914020;-0.078331;,
  -0.013000;0.880210;-0.060700;,
  -0.018103;0.926055;-0.058421;,
  -0.032538;0.903007;-0.002892;,
  -0.027086;0.918417;0.015301;,
  0.007222;0.924083;0.036433;,
  -0.013112;0.957053;-0.010473;,
  0.015580;0.963188;0.007612;,
  -0.015986;0.859594;-0.051668;,
  0.003824;0.846290;-0.066087;,
  -0.002492;0.820539;-0.041802;,
  0.012246;0.793572;-0.038878;,
  0.017795;0.922983;-0.084238;,
  -0.002931;0.942167;-0.064369;,
  -0.022543;0.947234;-0.030663;,
  -0.005439;0.960200;-0.040724;,
  0.025795;0.971170;-0.025629;,
  0.009772;0.967962;-0.031984;,
  0.006698;0.884078;0.040113;,
  -0.022543;0.947234;-0.030663;,
  -0.005439;0.960200;-0.040724;,
  -0.033910;0.856640;-0.022232;,
  -0.037375;0.903090;-0.032016;,
  -0.030998;0.884041;-0.027614;,
  -0.046378;0.888503;-0.019379;,
  -0.046378;0.888503;-0.019379;,
  -0.033910;0.856640;-0.022232;,
  -0.037375;0.903090;-0.032016;,
  -0.024056;0.894214;-0.040106;,
  -0.025049;0.869216;-0.037372;,
  -0.028381;0.854471;-0.018833;,
  0.006299;0.866906;-0.074100;,
  -0.025049;0.869216;-0.037372;,
  -0.027241;0.804437;0.031892;,
  -0.019723;0.832644;0.015356;,
  -0.057210;0.787350;0.024653;,
  -0.022361;0.854090;0.005692;,
  0.011269;0.503697;0.118247;,
  0.011137;0.469419;0.116987;,
  0.007756;0.444310;0.104396;,
  0.011077;0.450754;0.051153;,
  0.009772;0.967962;-0.031984;,
  0.025795;0.971170;-0.025629;,
  0.016213;0.820880;-0.055072;,
  0.027566;0.839524;-0.067125;,
  0.026517;0.830468;-0.063947;,
  0.026552;0.864227;-0.072813;,
  0.009736;0.608884;0.088167;,
  -0.057210;0.787350;0.024653;,
  -0.134516;-0.000307;-0.075225;,
  0.016079;0.814862;-0.052336;,
  0.025158;0.810514;-0.055494;,
  0.024783;0.816313;-0.053956;,
  0.026756;0.818200;-0.059544;,
  -0.092283;0.736754;0.064107;,
  -0.070415;0.728318;0.039060;,
  -0.072875;0.727124;0.021069;,
  -0.070159;0.737478;-0.006930;,
  -0.032538;0.903007;-0.002892;,
  -0.028164;0.221501;-0.035872;,
  0.001499;0.145755;-0.031153;,
  -0.039435;0.145169;-0.028701;,
  0.003330;0.223454;-0.034390;,
  -0.031822;0.277823;-0.045332;,
  0.005678;0.278655;-0.043771;,
  -0.013898;0.369063;-0.030263;,
  0.007602;0.366937;-0.029431;,
  -0.003737;0.457410;-0.021584;,
  0.009352;0.452489;-0.020563;,
  0.011260;0.494348;-0.015677;,
  -0.029733;0.502800;-0.004214;,
  -0.000128;0.079378;-0.032285;,
  -0.044387;0.072774;-0.026779;,
  -0.047152;0.073823;0.090947;,
  -0.109637;0.157871;0.064886;,
  -0.096840;0.085629;0.057581;,
  -0.043724;0.148809;0.084387;,
  -0.105753;0.232224;0.068583;,
  -0.041852;0.215780;0.076995;,
  -0.035859;0.267760;0.074149;,
  -0.086528;0.276293;0.045100;,
  -0.098829;0.361818;0.071832;,
  -0.016367;0.351201;0.088425;,
  0.011137;0.469419;0.116987;,
  -0.029058;0.458029;0.112985;,
  -0.070415;0.728318;0.039060;,
  -0.051747;0.468146;-0.009261;,
  -0.069080;0.372825;-0.023899;,
  -0.079015;0.278552;-0.038794;,
  -0.082833;0.220340;-0.011640;,
  -0.087646;0.146786;-0.004050;,
  -0.096559;0.068026;0.005897;,
  0.109203;0.356381;0.068005;,
  0.051663;0.458492;0.113771;,
  0.096510;0.439456;0.084711;,
  0.085076;0.273794;0.043585;,
  0.101745;0.231092;0.068537;,
  0.097193;0.156711;0.070510;,
  0.078248;0.085060;0.070836;,
  -0.075907;0.441939;0.086431;;
  916;
  3;0,1,2;,
  3;1,0,3;,
  3;4,5,6;,
  3;5,4,7;,
  3;8,9,10;,
  3;9,8,11;,
  3;12,13,14;,
  3;13,12,15;,
  3;16,12,17;,
  3;12,16,15;,
  3;18,19,20;,
  3;19,18,16;,
  3;6,21,22;,
  3;21,6,5;,
  3;14,23,24;,
  3;23,14,13;,
  3;25,26,27;,
  3;26,25,28;,
  3;29,30,31;,
  3;30,29,32;,
  3;30,33,31;,
  3;33,30,34;,
  3;35,36,37;,
  3;36,35,38;,
  3;38,39,36;,
  3;39,38,40;,
  3;37,41,42;,
  3;41,37,36;,
  3;36,43,41;,
  3;43,36,39;,
  3;42,30,32;,
  3;30,42,41;,
  3;41,34,30;,
  3;34,41,43;,
  3;44,45,46;,
  3;45,44,47;,
  3;48,49,50;,
  3;49,48,51;,
  3;50,52,53;,
  3;52,50,49;,
  3;54,55,56;,
  3;55,54,57;,
  3;57,58,55;,
  3;58,57,59;,
  3;56,60,61;,
  3;60,56,55;,
  3;55,62,60;,
  3;62,55,58;,
  3;61,49,51;,
  3;49,61,60;,
  3;60,52,49;,
  3;52,60,62;,
  3;32,19,63;,
  3;19,32,29;,
  3;64,65,66;,
  3;65,64,20;,
  3;14,67,12;,
  3;67,14,68;,
  3;68,69,67;,
  3;69,68,70;,
  3;70,42,69;,
  3;42,70,37;,
  3;48,34,51;,
  3;34,48,33;,
  3;51,43,61;,
  3;43,51,34;,
  3;43,56,61;,
  3;56,43,39;,
  3;39,54,56;,
  3;54,39,40;,
  3;12,63,17;,
  3;63,12,67;,
  3;67,32,63;,
  3;32,67,69;,
  3;69,42,32;,
  3;71,72,25;,
  3;73,74,75;,
  3;74,73,76;,
  3;74,77,75;,
  3;77,74,78;,
  3;79,78,80;,
  3;78,79,77;,
  3;81,82,83;,
  3;82,84,85;,
  3;84,82,86;,
  3;87,88,89;,
  3;88,90,89;,
  3;90,88,91;,
  3;92,93,94;,
  3;92,89,93;,
  3;92,87,89;,
  3;89,95,93;,
  3;95,89,90;,
  3;96,93,82;,
  3;93,86,82;,
  3;86,93,95;,
  3;97,98,99;,
  3;98,97,100;,
  3;100,101,98;,
  3;101,100,102;,
  3;103,104,105;,
  3;104,103,106;,
  3;106,107,104;,
  3;107,106,108;,
  3;105,109,110;,
  3;109,105,104;,
  3;104,111,109;,
  3;111,104,107;,
  3;110,100,97;,
  3;100,110,109;,
  3;109,102,100;,
  3;102,109,111;,
  3;112,113,114;,
  3;113,112,115;,
  3;116,117,118;,
  3;117,116,119;,
  3;120,121,122;,
  3;121,120,123;,
  3;120,124,125;,
  3;124,120,122;,
  3;126,124,127;,
  3;124,126,125;,
  3;95,97,86;,
  3;97,95,110;,
  3;86,99,84;,
  3;99,86,97;,
  3;90,103,105;,
  3;103,90,91;,
  3;105,95,90;,
  3;95,105,110;,
  3;128,96,129;,
  3;96,128,94;,
  3;129,130,128;,
  3;130,129,131;,
  3;72,28,25;,
  3;28,72,132;,
  3;10,133,8;,
  3;134,135,136;,
  3;135,134,137;,
  3;81,137,134;,
  3;138,11,139;,
  3;138,9,11;,
  3;138,140,9;,
  3;141,11,142;,
  3;11,141,139;,
  3;128,130,143;,
  3;94,144,92;,
  3;94,143,144;,
  3;94,128,143;,
  3;145,87,146;,
  3;87,145,147;,
  3;75,148,73;,
  3;148,75,149;,
  3;150,147,145;,
  3;7,149,75;,
  3;148,151,73;,
  3;102,152,101;,
  3;152,102,126;,
  3;102,125,126;,
  3;125,102,111;,
  3;111,120,125;,
  3;120,111,107;,
  3;120,108,123;,
  3;108,120,107;,
  3;8,153,154;,
  3;153,8,133;,
  3;154,155,8;,
  3;155,154,156;,
  3;122,114,113;,
  3;114,122,121;,
  3;121,112,114;,
  3;112,121,157;,
  3;158,124,159;,
  3;124,158,127;,
  3;159,122,113;,
  3;122,159,124;,
  3;126,160,152;,
  3;160,126,161;,
  3;162,121,123;,
  3;121,162,163;,
  3;121,164,157;,
  3;164,121,163;,
  3;165,126,127;,
  3;126,165,161;,
  3;161,166,160;,
  3;166,161,167;,
  3;162,118,163;,
  3;118,162,116;,
  3;163,117,164;,
  3;117,163,118;,
  3;165,167,161;,
  3;167,165,168;,
  3;169,170,171;,
  3;170,169,172;,
  3;173,174,175;,
  3;174,173,176;,
  3;177,178,179;,
  3;178,177,173;,
  3;180,178,181;,
  3;178,180,182;,
  3;183,169,171;,
  3;169,183,184;,
  3;174,185,186;,
  3;185,174,176;,
  3;46,187,44;,
  3;187,46,188;,
  3;180,169,182;,
  3;169,180,172;,
  3;20,29,65;,
  3;19,29,20;,
  3;29,31,189;,
  3;31,190,189;,
  3;190,31,33;,
  3;33,191,190;,
  3;191,33,48;,
  3;191,50,192;,
  3;50,191,48;,
  3;192,53,193;,
  3;53,192,50;,
  3;194,171,185;,
  3;171,194,183;,
  3;171,186,185;,
  3;186,171,170;,
  3;185,176,194;,
  3;194,173,177;,
  3;173,194,176;,
  3;178,175,181;,
  3;175,178,173;,
  3;179,182,184;,
  3;182,179,178;,
  3;182,169,184;,
  3;16,17,19;,
  3;17,63,19;,
  3;65,195,66;,
  3;196,197,198;,
  3;197,196,199;,
  3;200,154,153;,
  3;154,200,201;,
  3;202,203,204;,
  3;205,206,207;,
  3;196,208,209;,
  3;208,196,198;,
  3;210,209,211;,
  3;209,210,196;,
  3;212,213,214;,
  3;213,212,215;,
  3;212,214,211;,
  3;201,216,217;,
  3;216,201,200;,
  3;218,219,220;,
  3;219,218,217;,
  3;210,199,196;,
  3;213,205,207;,
  3;221,222,223;,
  3;198,197,224;,
  3;224,225,226;,
  3;225,224,197;,
  3;227,213,207;,
  3;228,229,214;,
  3;229,228,230;,
  3;220,231,232;,
  3;213,228,214;,
  3;156,201,233;,
  3;201,156,154;,
  3;233,217,218;,
  3;217,233,201;,
  3;219,217,234;,
  3;235,219,234;,
  3;236,237,238;,
  3;237,236,239;,
  3;209,240,211;,
  3;240,209,241;,
  3;211,242,212;,
  3;242,211,240;,
  3;243,239,244;,
  3;239,243,237;,
  3;244,236,245;,
  3;236,244,239;,
  3;246,221,223;,
  3;221,246,215;,
  3;221,212,247;,
  3;212,221,215;,
  3;199,248,2;,
  3;248,199,249;,
  3;133,10,250;,
  3;249,210,251;,
  3;210,249,199;,
  3;210,211,251;,
  3;252,1,253;,
  3;1,252,2;,
  3;20,254,18;,
  3;254,20,64;,
  3;24,68,14;,
  3;68,24,255;,
  3;68,256,70;,
  3;256,68,255;,
  3;256,37,70;,
  3;37,256,257;,
  3;258,2,252;,
  3;2,258,199;,
  3;257,259,37;,
  3;37,259,35;,
  3;260,204,261;,
  3;204,260,202;,
  3;262,263,223;,
  3;263,262,264;,
  3;197,258,225;,
  3;258,197,199;,
  3;265,203,227;,
  3;265,207,266;,
  3;207,265,227;,
  3;223,267,246;,
  3;267,223,263;,
  3;88,87,147;,
  3;83,82,85;,
  3;78,16,18;,
  3;16,78,74;,
  3;74,15,16;,
  3;15,74,76;,
  3;15,71,13;,
  3;71,15,76;,
  3;13,268,23;,
  3;268,13,71;,
  3;248,269,2;,
  3;2,269,0;,
  3;136,129,134;,
  3;129,136,131;,
  3;134,96,81;,
  3;96,134,129;,
  3;96,82,81;,
  3;93,96,94;,
  3;29,189,65;,
  3;205,215,246;,
  3;267,205,246;,
  3;205,267,206;,
  3;205,213,215;,
  3;187,188,270;,
  3;224,271,272;,
  3;222,221,208;,
  3;224,222,198;,
  3;272,273,262;,
  3;273,272,271;,
  3;263,274,275;,
  3;273,276,262;,
  3;277,271,278;,
  3;271,277,273;,
  3;222,272,262;,
  3;272,222,224;,
  3;222,208,198;,
  3;209,221,247;,
  3;221,209,208;,
  3;223,222,262;,
  3;266,206,279;,
  3;206,266,207;,
  3;206,280,279;,
  3;280,206,267;,
  3;280,263,275;,
  3;263,280,267;,
  3;264,262,276;,
  3;76,73,72;,
  3;138,281,140;,
  3;73,132,72;,
  3;132,73,151;,
  3;72,71,76;,
  3;271,226,278;,
  3;155,11,8;,
  3;276,277,282;,
  3;277,276,273;,
  3;274,276,282;,
  3;276,274,264;,
  3;28,141,26;,
  3;141,28,139;,
  3;139,132,138;,
  3;132,139,28;,
  3;132,281,138;,
  3;281,132,151;,
  3;281,148,283;,
