xof 0303txt 0032
template ColorRGBA {
 <35ff44e0-6c7c-11cf-8f52-0040333594a3>
 FLOAT red;
 FLOAT green;
 FLOAT blue;
 FLOAT alpha;
}

template ColorRGB {
 <d3e16e81-7835-11cf-8f52-0040333594a3>
 FLOAT red;
 FLOAT green;
 FLOAT blue;
}

template Material {
 <3d82ab4d-62da-11cf-ab39-0020af71e433>
 ColorRGBA faceColor;
 FLOAT power;
 ColorRGB specularColor;
 ColorRGB emissiveColor;
 [...]
}

template TextureFilename {
 <a42790e1-7810-11cf-8f52-0040333594a3>
 STRING filename;
}

template Frame {
 <3d82ab46-62da-11cf-ab39-0020af71e433>
 [...]
}

template Matrix4x4 {
 <f6f23f45-7686-11cf-8f52-0040333594a3>
 array FLOAT matrix[16];
}

template FrameTransformMatrix {
 <f6f23f41-7686-11cf-8f52-0040333594a3>
 Matrix4x4 frameMatrix;
}

template Vector {
 <3d82ab5e-62da-11cf-ab39-0020af71e433>
 FLOAT x;
 FLOAT y;
 FLOAT z;
}

template MeshFace {
 <3d82ab5f-62da-11cf-ab39-0020af71e433>
 DWORD nFaceVertexIndices;
 array DWORD faceVertexIndices[nFaceVertexIndices];
}

template Mesh {
 <3d82ab44-62da-11cf-ab39-0020af71e433>
 DWORD nVertices;
 array Vector vertices[nVertices];
 DWORD nFaces;
 array MeshFace faces[nFaces];
 [...]
}

template MeshMaterialList {
 <f6f23f42-7686-11cf-8f52-0040333594a3>
 DWORD nMaterials;
 DWORD nFaceIndexes;
 array DWORD faceIndexes[nFaceIndexes];
 [Material <3d82ab4d-62da-11cf-ab39-0020af71e433>]
}

template VertexElement {
 <f752461c-1e23-48f6-b9f8-8350850f336f>
 DWORD Type;
 DWORD Method;
 DWORD Usage;
 DWORD UsageIndex;
}

template DeclData {
 <bf22e553-292c-4781-9fea-62bd554bdd93>
 DWORD nElements;
 array VertexElement Elements[nElements];
 DWORD nDWords;
 array DWORD data[nDWords];
}

template XSkinMeshHeader {
 <3cf169ce-ff7c-44ab-93c0-f78f62d172e2>
 WORD nMaxSkinWeightsPerVertex;
 WORD nMaxSkinWeightsPerFace;
 WORD nBones;
}

template SkinWeights {
 <6f0d123b-bad2-4167-a0d0-80224f25fabb>
 STRING transformNodeName;
 DWORD nWeights;
 array DWORD vertexIndices[nWeights];
 array FLOAT weights[nWeights];
 Matrix4x4 matrixOffset;
}

template AnimTicksPerSecond {
 <9e415a43-7ba6-4a73-8743-b73d47e88476>
 DWORD AnimTicksPerSecond;
}

template Animation {
 <3d82ab4f-62da-11cf-ab39-0020af71e433>
 [...]
}

template AnimationSet {
 <3d82ab50-62da-11cf-ab39-0020af71e433>
 [Animation <3d82ab4f-62da-11cf-ab39-0020af71e433>]
}

template FloatKeys {
 <10dd46a9-775b-11cf-8f52-0040333594a3>
 DWORD nValues;
 array FLOAT values[nValues];
}

template TimedFloatKeys {
 <f406b180-7b3b-11cf-8f52-0040333594a3>
 DWORD time;
 FloatKeys tfkeys;
}

template AnimationKey {
 <10dd46a8-775b-11cf-8f52-0040333594a3>
 DWORD keyType;
 DWORD nKeys;
 array TimedFloatKeys keys[nKeys];
}


Material _02_-_Default {
 1.000000;1.000000;1.000000;1.000000;;
 9.999999;
 0.000000;0.000000;0.000000;;
 0.000000;0.000000;0.000000;;

 TextureFilename {
  "MaleBody_noTrans.png";
 }
}

Frame Dummy01 {
 

 FrameTransformMatrix {
  1.000000,0.000000,0.000000,0.000000,0.000000,-0.000000,-1.000000,0.000000,0.000000,1.000000,-0.000000,0.000000,0.000000,0.000000,0.000000,1.000000;;
 }

 Frame Bip01 {
  

  FrameTransformMatrix {
   -0.489721,0.856107,0.165090,0.000000,0.089573,-0.138946,0.986241,0.000000,0.867266,0.497771,-0.008639,0.000000,0.001703,-0.010862,0.491068,1.000000;;
  }

  Frame Bip01_Pelvis {
   

   FrameTransformMatrix {
    -0.000000,0.996195,-0.087157,0.000000,-0.000001,0.087157,0.996195,0.000000,1.000000,0.000000,0.000001,0.000000,0.000000,0.000000,0.000000,1.000000;;
   }

   Frame Bip01_Spine {
    

    FrameTransformMatrix {
     0.978966,0.093084,0.181555,0.000000,-0.106937,0.991935,0.068046,0.000000,-0.173757,-0.086030,0.981024,0.000000,0.051452,0.004508,-0.000083,1.000000;;
    }

    Frame Bip01_Spine1 {
     

     FrameTransformMatrix {
      0.983954,0.064265,0.166449,0.000000,-0.043008,0.990802,-0.128304,0.000000,-0.173164,0.119087,0.977667,0.000000,0.106495,-0.000010,-0.000083,1.000000;;
     }

     Frame Bip01_Neck {
      

      FrameTransformMatrix {
       1.000000,0.000000,0.000000,0.000000,-0.000000,1.000000,0.000000,0.000000,-0.000000,-0.000000,1.000000,0.000000,0.130504,0.000000,0.004625,1.000000;;
      }

      Frame Bip01_Head {
       

       FrameTransformMatrix {
        0.990674,-0.061064,-0.121803,0.000000,0.011502,0.928240,-0.371804,0.000000,0.135767,0.366936,0.920286,0.000000,0.033674,0.000000,0.000000,1.000000;;
       }

       Frame Bip01_HeadNub {
        

        FrameTransformMatrix {
         1.000000,0.000000,0.000000,0.000000,0.000000,1.000000,0.000000,0.000000,0.000000,0.000000,1.000000,0.000000,0.169824,0.000000,0.000000,1.000000;;
        }
       }
      }

      Frame Bip01_L_Clavicle {
       

       FrameTransformMatrix {
        -0.167226,0.985870,0.009800,0.000000,0.985918,0.167226,0.000855,0.000000,-0.000796,0.009805,-0.999952,0.000000,-0.024025,0.015714,-0.004625,1.000000;;
       }

       Frame Bip01_L_UpperArm {
        

        FrameTransformMatrix {
         0.574455,-0.783123,0.238159,0.000000,0.816780,0.567469,-0.104157,0.000000,-0.053580,0.254357,0.965625,0.000000,0.087086,0.000000,-0.000000,1.000000;;
        }

        Frame Bip01_L_Forearm {
         

         FrameTransformMatrix {
          0.470767,0.000000,-0.882258,0.000000,-0.000000,1.000000,-0.000000,0.000000,0.882258,0.000000,0.470767,0.000000,0.137062,0.000000,0.000000,1.000000;;
         }

         Frame Bip01_L_Hand {
          

          FrameTransformMatrix {
           0.925928,0.317637,-0.204365,0.000000,0.120819,0.263561,0.957047,0.000000,0.357856,-0.910847,0.205662,0.000000,0.137062,0.000000,0.000000,1.000000;;
          }

          Frame Bip01_L_Finger0 {
           

           FrameTransformMatrix {
            0.601558,-0.502847,0.620703,0.000000,0.696822,0.710248,-0.099940,0.000000,-0.390599,0.492640,0.777650,0.000000,0.057681,-0.023605,-0.000272,1.000000;;
           }

           Frame Bip01_L_Finger0Nub {
            

            FrameTransformMatrix {
             1.000000,-0.000000,0.000000,0.000000,0.000000,1.000000,-0.000000,0.000000,0.000000,0.000000,1.000000,0.000000,0.029435,0.000000,0.000000,1.000000;;
            }
           }
          }

          Frame Bip01_L_Finger1 {
           

           FrameTransformMatrix {
            0.879300,-0.000379,0.476267,0.000000,0.000000,1.000000,0.000796,0.000000,-0.476268,-0.000700,0.879300,0.000000,0.084102,0.000000,0.000000,1.000000;;
           }

           Frame Bip01_L_Finger1Nub {
            

            FrameTransformMatrix {
             1.000000,-0.000000,0.000000,0.000000,0.000000,1.000000,0.000000,0.000000,0.000000,-0.000000,1.000000,0.000000,0.047988,0.000000,-0.000000,1.000000;;
            }
           }
          }
         }
        }
       }
      }

      Frame Bip01_R_Clavicle {
       

       FrameTransformMatrix {
        -0.041764,-0.999128,0.000036,0.000000,-0.999127,0.041764,0.000796,0.000000,-0.000796,-0.000003,-1.000000,0.000000,-0.024025,-0.015715,-0.004625,1.000000;;
       }

       Frame Bip01_R_UpperArm {
        

        FrameTransformMatrix {
         0.393705,0.869858,0.297227,0.000000,-0.904827,0.309689,0.292200,0.000000,0.162124,-0.383980,0.908997,0.000000,0.087086,0.000000,-0.000000,1.000000;;
        }

        Frame Bip01_R_Forearm {
         

         FrameTransformMatrix {
          0.091979,-0.000000,-0.995761,0.000000,0.000000,1.000000,0.000000,0.000000,0.995761,-0.000000,0.091979,0.000000,0.137062,0.000000,0.000000,1.000000;;
         }

         Frame Bip01_R_Hand {
          

          FrameTransformMatrix {
           0.962013,-0.170998,-0.212817,0.000000,-0.195508,0.112571,-0.974220,0.000000,0.190547,0.978820,0.074863,0.000000,0.137062,0.000000,0.000000,1.000000;;
          }

          Frame Bip01_R_Finger0 {
           

           FrameTransformMatrix {
            0.166554,0.297180,0.940183,0.000000,-0.870771,0.491689,-0.001159,0.000000,-0.462621,-0.818491,0.340669,0.000000,0.057681,0.023605,-0.000272,1.000000;;
           }

           Frame Bip01_R_Finger0Nub {
            

            FrameTransformMatrix {
             -1.000000,-0.000000,0.000000,0.000000,0.000000,1.000000,0.000000,0.000000,-0.000000,0.000000,-1.000000,0.000000,0.029435,0.000000,0.000000,1.000000;;
            }
           }
          }

          Frame Bip01_R_Finger1 {
           

           FrameTransformMatrix {
            0.329982,0.000752,0.943987,0.000000,0.000000,1.000000,-0.000796,0.000000,-0.943987,0.000263,0.329982,0.000000,0.084102,0.000000,0.000000,1.000000;;
           }

           Frame Bip01_R_Finger1Nub {
            

            FrameTransformMatrix {
             -1.000000,-0.000000,-0.000000,0.000000,0.000000,1.000000,-0.000000,0.000000,0.000000,0.000000,-1.000000,0.000000,0.047988,0.000000,0.000000,1.000000;;
            }
           }
          }
         }
        }
       }
      }
     }

     Frame Bip01_BackPack {
      

      FrameTransformMatrix {
       0.068803,-0.000002,-0.997630,0.000000,0.000003,1.000000,-0.000002,0.000000,0.997630,-0.000003,0.068803,0.000000,0.063696,-0.000000,-0.088851,1.000000;;
      }

      Frame Bip01_BackPackNub {
       

       FrameTransformMatrix {
        0.000796,0.000003,1.000000,0.000000,0.000000,-1.000000,0.000003,0.000000,1.000000,0.000000,-0.000796,0.000000,0.053240,0.000000,-0.000000,1.000000;;
       }
      }
     }
    }

    Frame Bip01_L_Thigh {
     

     FrameTransformMatrix {
      -0.943816,0.266116,0.195941,0.000000,-0.171772,-0.901573,0.397066,0.000000,0.282321,0.341100,0.896630,0.000000,-0.045633,0.055817,0.004659,1.000000;;
     }

     Frame Bip01_L_Calf {
      

      FrameTransformMatrix {
       0.960892,-0.000000,-0.276922,0.000000,0.000000,1.000000,-0.000000,0.000000,0.276922,-0.000000,0.960892,0.000000,0.237500,0.000000,-0.000000,1.000000;;
      }

      Frame Bip01_L_Foot {
       

       FrameTransformMatrix {
        0.994111,0.106223,0.021436,0.000000,-0.108132,0.959463,0.260266,0.000000,0.007079,-0.261052,0.965299,0.000000,0.206841,-0.000000,-0.000000,1.000000;;
       }

       Frame Bip01_L_Toe0 {
        

        FrameTransformMatrix {
         -0.281152,0.092898,0.955156,0.000000,0.009526,0.995525,-0.094020,0.000000,-0.959616,-0.017335,-0.280779,0.000000,0.065373,0.000000,0.066450,1.000000;;
        }

        Frame Bip01_L_Toe0Nub {
         

         FrameTransformMatrix {
          -1.000000,-0.000000,-0.000000,0.000000,0.000000,1.000000,0.000000,0.000000,0.000000,0.000000,-1.000000,0.000000,0.006735,0.000000,-0.000000,1.000000;;
         }
        }
       }
      }
     }
    }

    Frame Bip01_R_Thigh {
     

     FrameTransformMatrix {
      -0.970148,-0.142898,0.195940,0.000000,0.152877,-0.987563,0.036705,0.000000,0.188258,0.065564,0.979929,0.000000,-0.055914,-0.053743,0.014160,1.000000;;
     }

     Frame Bip01_R_Calf {
      

      FrameTransformMatrix {
       0.860705,-0.000000,-0.509104,0.000000,0.000000,1.000000,-0.000000,0.000000,0.509104,-0.000000,0.860705,0.000000,0.237500,-0.000000,0.000000,1.000000;;
      }

      Frame Bip01_R_Foot {
       

       FrameTransformMatrix {
        0.920341,-0.181367,0.346523,0.000000,0.218727,0.973157,-0.071582,0.000000,-0.324239,0.141673,0.935306,0.000000,0.206841,0.000000,-0.000000,1.000000;;
       }

       Frame Bip01_R_Toe0 {
        

        FrameTransformMatrix {
         0.793109,-0.384600,0.472293,0.000000,-0.009867,0.767207,0.641324,0.000000,-0.609000,-0.513300,0.604684,0.000000,0.065373,-0.000000,0.066450,1.000000;;
        }

        Frame Bip01_R_Toe0Nub {
         

         FrameTransformMatrix {
          1.000000,0.000000,-0.000000,0.000000,-0.000000,1.000000,0.000000,0.000000,0.000000,0.000000,1.000000,0.000000,0.006735,0.000000,-0.000000,1.000000;;
         }
        }
       }
      }
     }
    }
   }

   Frame Bip01_DressFront {
    

    FrameTransformMatrix {
     -0.997354,-0.051360,-0.051450,0.000000,-0.051294,0.998680,-0.002606,0.000000,0.051516,0.000040,-0.998672,0.000000,-0.044009,0.001399,0.061087,1.000000;;
    }

    Frame Bip01_DressFront02 {
     

     FrameTransformMatrix {
      1.000000,-0.000000,0.000000,0.000000,0.000000,1.000000,-0.000000,0.000000,-0.000000,-0.000000,1.000000,0.000000,0.183324,-0.000000,-0.000132,1.000000;;
     }

     Frame Bip01_DressFrontNub {
      

      FrameTransformMatrix {
       0.000796,0.000003,1.000000,0.000000,-0.000000,-1.000000,0.000003,0.000000,1.000000,-0.000000,-0.000796,0.000000,0.165302,-0.000000,0.000000,1.000000;;
      }
     }
    }
   }

   Frame Bip01_DressBack {
    

    FrameTransformMatrix {
     -0.996897,-0.075512,0.022223,0.000000,-0.074193,0.995718,0.055147,0.000000,-0.026292,0.053327,-0.998231,0.000000,-0.047729,-0.000007,-0.078279,1.000000;;
    }

    Frame Bip01_DressBack02 {
     

     FrameTransformMatrix {
      0.974078,0.000001,0.226213,0.000000,-0.000001,1.000000,-0.000000,0.000000,-0.226213,-0.000000,0.974078,0.000000,0.176183,0.000000,-0.000106,1.000000;;
     }

     Frame Bip01_DressBackNub {
      

      FrameTransformMatrix {
       0.000796,0.000003,1.000000,0.000000,0.000000,-1.000000,0.000003,0.000000,1.000000,-0.000000,-0.000796,0.000000,0.136508,0.000000,0.000000,1.000000;;
      }
     }
    }
   }
  }

  Frame Bip01_Prop1 {
   

   FrameTransformMatrix {
    -0.248450,-0.133264,0.959434,0.000000,0.603905,0.753115,0.260991,0.000000,-0.757345,0.644250,-0.106632,0.000000,0.110655,-0.008559,-0.113515,1.000000;;
   }
  }

  Frame Bip01_Prop2 {
   

   FrameTransformMatrix {
    0.619219,-0.579509,0.529847,0.000000,0.772153,0.326810,-0.544955,0.000000,0.142647,0.746569,0.649836,0.000000,0.069563,-0.054508,0.212026,1.000000;;
   }
  }
 }
}

Frame Translation_Data {
 

 FrameTransformMatrix {
  1.000000,0.000000,0.000000,0.000000,0.000000,-0.000000,-1.000000,0.000000,0.000000,1.000000,-0.000000,0.000000,0.000000,-0.000000,0.000000,1.000000;;
 }
}

Frame Body {
 

 FrameTransformMatrix {
  1.000000,0.000000,0.000000,0.000000,0.000000,1.000000,0.000000,0.000000,0.000000,0.000000,1.000000,0.000000,0.000000,0.000000,0.000000,1.000000;;
 }

 Mesh Body {
  617;
  0.052182;0.744805;-0.060433;,
  0.019579;0.740055;-0.045696;,
  0.021816;0.771796;-0.033634;,
  0.059126;0.723995;-0.064553;,
  0.065122;0.709387;-0.066627;,
  0.027002;0.674462;-0.064319;,
  0.019118;0.706435;-0.059414;,
  0.073897;0.678476;-0.054861;,
  0.039261;0.796625;-0.004012;,
  0.093709;0.774421;-0.000654;,
  0.073403;0.774874;-0.024323;,
  0.069026;0.780957;0.017746;,
  0.094002;0.539661;0.012666;,
  0.069089;0.542392;0.047736;,
  0.069836;0.527818;0.052643;,
  0.087061;0.549822;0.012584;,
  0.054357;0.557887;-0.032085;,
  0.074756;0.531338;-0.025148;,
  0.014810;0.555961;-0.044908;,
  0.048137;0.512295;-0.047499;,
  0.017531;0.502231;-0.043629;,
  -0.024063;0.675200;-0.045362;,
  -0.018709;0.710215;-0.043913;,
  0.031959;0.537806;0.068740;,
  0.033027;0.520406;0.072001;,
  0.084883;0.647195;0.045963;,
  0.042619;0.691950;0.077054;,
  0.042052;0.650411;0.075409;,
  0.090668;0.690576;0.046231;,
  0.042205;0.466370;-0.066112;,
  0.101936;0.369295;-0.076875;,
  0.058700;0.373292;-0.096112;,
  0.085385;0.460764;-0.040747;,
  0.065979;0.281694;-0.124401;,
  0.103499;0.275958;-0.087583;,
  0.002597;0.455465;-0.037345;,
  0.040513;0.341632;0.006760;,
  0.044052;0.420119;0.050811;,
  0.017838;0.360024;-0.063375;,
  0.059201;0.263357;-0.040030;,
  0.047734;0.267963;-0.080432;,
  0.116272;0.353994;-0.015591;,
  0.098270;0.429148;0.009174;,
  0.098515;0.271389;-0.047405;,
  0.129539;-0.000569;-0.077592;,
  0.086394;-0.003830;-0.035640;,
  0.085118;-0.002807;-0.084432;,
  0.121103;-0.002032;-0.032969;,
  0.079347;0.221249;-0.106193;,
  0.122404;0.148608;-0.085898;,
  0.088157;0.147707;-0.108416;,
  0.115666;0.222992;-0.083991;,
  0.124767;0.068776;-0.084097;,
  0.102262;0.068490;-0.110307;,
  0.046001;0.196629;-0.076421;,
  0.069054;0.146442;-0.036343;,
  0.055885;0.209613;-0.023125;,
  0.064586;0.140188;-0.078475;,
  0.093950;0.074748;-0.057447;,
  0.088296;0.058880;-0.087730;,
  0.129584;0.153387;-0.048331;,
  0.125037;0.226695;-0.035588;,
  0.117148;0.082249;-0.059741;,
  0.082213;0.502581;-0.028923;,
  -0.024157;0.493463;-0.035357;,
  0.002597;0.455465;-0.037345;,
  -0.017771;0.457231;-0.029640;,
  0.110264;0.488572;0.015804;,
  0.078396;0.479442;0.060335;,
  0.100835;0.440592;0.012309;,
  0.069048;0.435359;0.048800;,
  0.076483;0.597383;0.043287;,
  0.103219;0.643441;0.015032;,
  0.104617;0.647054;-0.005617;,
  0.057664;0.600252;-0.033428;,
  0.072135;0.647952;-0.048355;,
  0.090436;0.597384;0.005180;,
  0.024528;0.645389;-0.061519;,
  0.022762;0.596946;-0.046143;,
  -0.026995;0.650274;-0.039094;,
  -0.021472;0.593236;-0.024673;,
  0.111168;0.704128;-0.080873;,
  0.143703;0.665990;-0.073670;,
  0.066425;0.695404;-0.052279;,
  0.130258;0.610761;-0.030954;,
  0.097315;0.643001;-0.043511;,
  0.168350;0.628015;-0.055626;,
  0.092920;0.708768;0.000932;,
  0.097315;0.643001;-0.043511;,
  0.121345;0.667989;0.012735;,
  0.154457;0.615087;0.012380;,
  0.130258;0.610761;-0.030954;,
  0.101766;0.715526;0.003056;,
  0.167699;0.691303;-0.017457;,
  0.135031;0.728169;-0.024293;,
  0.192518;0.632117;-0.012192;,
  0.127141;0.718573;-0.060078;,
  0.164797;0.622448;-0.072090;,
  0.124960;0.554566;-0.082985;,
  0.119393;0.600930;-0.044237;,
  0.153728;0.570447;-0.099343;,
  0.127683;0.518057;-0.104291;,
  0.147802;0.525615;-0.120419;,
  0.119393;0.600930;-0.044237;,
  0.165787;0.533954;-0.048602;,
  0.157443;0.575758;-0.000473;,
  0.124960;0.554566;-0.082985;,
  0.158521;0.502191;-0.085817;,
  0.127683;0.518057;-0.104291;,
  0.187631;0.546529;-0.061203;,
  0.202583;0.597250;-0.028139;,
  0.171040;0.508087;-0.096547;,
  0.121103;0.447665;-0.214073;,
  0.147467;0.434561;-0.165186;,
  0.112442;0.450613;-0.194069;,
  0.155603;0.431932;-0.185137;,
  0.098734;0.484437;-0.170985;,
  0.109203;0.482016;-0.183830;,
  0.103874;0.476008;-0.176308;,
  0.099321;0.492292;-0.179591;,
  0.151365;0.470044;-0.112459;,
  0.126249;0.494097;-0.161813;,
  0.160369;0.456954;-0.146273;,
  0.113338;0.497062;-0.129667;,
  0.172555;0.464441;-0.160186;,
  0.177004;0.494281;-0.126122;,
  0.137895;0.523648;-0.143730;,
  0.139991;0.500727;-0.174608;,
  0.102015;0.767306;-0.036106;,
  0.092897;0.763809;-0.064356;,
  0.073403;0.774874;-0.024323;,
  0.061455;0.767305;-0.044771;,
  0.114864;0.690470;0.013471;,
  0.036360;0.785828;-0.030196;,
  0.078428;0.743918;-0.077131;,
  0.059126;0.723995;-0.064553;,
  0.052182;0.744805;-0.060433;,
  0.079375;0.716844;-0.072237;,
  0.112745;0.734560;0.002350;,
  0.087387;0.730542;0.036662;,
  0.113167;0.738006;-0.002686;,
  0.037417;0.729241;0.066320;,
  0.024733;0.778520;0.034421;,
  0.093709;0.774421;-0.000654;,
  0.113167;0.738006;-0.002686;,
  0.078134;0.706654;-0.039879;,
  0.109376;0.726635;-0.010067;,
  0.066425;0.695404;-0.052279;,
  0.101623;0.683653;-0.014949;,
  0.079269;0.676924;-0.041197;,
  0.065122;0.709387;-0.066627;,
  0.113811;0.687964;-0.004048;,
  0.113338;0.497062;-0.129667;,
  0.036196;0.814638;-0.018707;,
  0.033666;0.817526;0.003795;,
  0.015334;0.801014;0.012477;,
  0.011620;0.820467;0.019013;,
  0.139991;0.500727;-0.174608;,
  0.121103;0.447665;-0.214073;,
  0.155603;0.431932;-0.185137;,
  0.103226;0.493292;-0.153675;,
  0.111319;0.507169;-0.173995;,
  0.103226;0.493292;-0.153675;,
  0.114629;0.482917;-0.162571;,
  0.130612;0.496187;-0.175769;,
  0.130612;0.496187;-0.175769;,
  0.098734;0.484437;-0.170985;,
  0.099321;0.492292;-0.179591;,
  0.109203;0.482016;-0.183830;,
  0.140967;0.023275;-0.153175;,
  0.115746;0.001223;-0.200739;,
  0.112828;0.019525;-0.193267;,
  0.148267;0.002153;-0.160351;,
  0.081748;0.029591;-0.045874;,
  0.085118;-0.002807;-0.084432;,
  0.086394;-0.003830;-0.035640;,
  0.082619;0.022099;-0.086569;,
  0.093950;0.074748;-0.057447;,
  0.122965;0.034784;-0.042840;,
  0.117148;0.082249;-0.059741;,
  0.129539;-0.000569;-0.077592;,
  0.121103;-0.002032;-0.032969;,
  0.129004;0.034440;-0.079254;,
  0.102262;0.068490;-0.110307;,
  0.124767;0.068776;-0.084097;,
  0.084766;0.014808;-0.185231;,
  0.080109;-0.000841;-0.193270;,
  0.148267;0.002153;-0.160351;,
  0.080109;-0.000841;-0.193270;,
  0.017838;0.360024;-0.063375;,
  0.047734;0.267963;-0.080432;,
  0.046001;0.196629;-0.076421;,
  0.064586;0.140188;-0.078475;,
  0.088296;0.058880;-0.087730;,
  0.088296;0.058880;-0.087730;,
  0.006775;0.436598;0.011293;,
  0.044315;0.821336;-0.031402;,
  0.025523;0.811098;-0.047717;,
  0.034093;0.817990;-0.049972;,
  0.023726;0.810759;-0.032674;,
  0.038309;0.839563;-0.006708;,
  0.032050;0.848642;0.014761;,
  0.013402;0.958973;-0.036555;,
  -0.008461;0.951331;-0.061977;,
  -0.006303;0.963003;-0.034586;,
  0.025011;0.893973;-0.086443;,
  0.007552;0.892582;-0.091541;,
  0.021372;0.921979;-0.077213;,
  0.039114;0.838485;-0.053323;,
  0.049244;0.849027;-0.027413;,
  0.043270;0.832374;-0.022131;,
  0.051031;0.883610;-0.009396;,
  0.049204;0.894128;-0.031489;,
  0.036026;0.928897;-0.061972;,
  0.046998;0.930953;-0.036369;,
  0.042687;0.890192;-0.057652;,
  0.049807;0.886991;0.007019;,
  0.040656;0.894440;0.028442;,
  0.002708;0.894048;0.043123;,
  0.032105;0.941035;0.018049;,
  0.000277;0.941828;0.031252;,
  0.043846;0.867521;-0.057193;,
  0.028793;0.828894;-0.066472;,
  0.027489;0.862494;-0.079204;,
  0.013895;0.804164;-0.077401;,
  -0.004314;0.797866;-0.064158;,
  -0.006283;0.800335;-0.085063;,
  0.017195;0.941016;-0.067596;,
  0.033300;0.949235;-0.038177;,
  0.045533;0.939186;-0.002181;,
  0.030805;0.956340;-0.009301;,
  0.014085;0.961227;-0.001265;,
  -0.002917;0.962933;0.002662;,
  0.002650;0.855877;0.030586;,
  0.045533;0.939186;-0.002181;,
  0.030805;0.956340;-0.009301;,
  0.055344;0.851915;-0.028545;,
  0.060531;0.898072;-0.018157;,
  0.066810;0.879055;-0.010915;,
  0.053474;0.879376;-0.023011;,
  0.066810;0.879055;-0.010915;,
  0.055344;0.851915;-0.028545;,
  0.060531;0.898072;-0.018157;,
  0.049204;0.894128;-0.031489;,
  0.049729;0.870054;-0.038806;,
  0.049244;0.849027;-0.027413;,
  0.026620;0.884727;-0.078651;,
  0.049729;0.870054;-0.038806;,
  0.036360;0.785828;-0.030196;,
  0.036196;0.814638;-0.018707;,
  0.061455;0.767305;-0.044771;,
  0.038309;0.839563;-0.006708;,
  -0.011647;0.760339;-0.036268;,
  -0.014062;0.736257;-0.037978;,
  -0.024567;0.551731;-0.026677;,
  0.041610;0.473639;0.079990;,
  0.039655;0.440547;0.071175;,
  0.021873;0.418970;0.053094;,
  -0.008634;0.797425;-0.045816;,
  0.006775;0.436598;0.011293;,
  0.014085;0.961227;-0.001265;,
  -0.002917;0.962933;0.002662;,
  0.013217;0.835848;-0.081806;,
  0.004500;0.858542;-0.087355;,
  0.004915;0.848912;-0.087911;,
  -0.009337;0.942210;-0.074467;,
  -0.009973;0.920769;-0.088151;,
  0.006549;0.883343;-0.082423;,
  0.037139;0.597668;0.069747;,
  0.061455;0.767305;-0.044771;,
  0.115746;0.001223;-0.200739;,
  0.004599;0.827201;-0.088019;,
  0.012814;0.829248;-0.081723;,
  0.004622;0.831889;-0.084258;,
  -0.008233;0.847724;-0.091767;,
  -0.009305;0.856538;-0.100816;,
  0.003832;0.835957;-0.088895;,
  -0.007053;0.831877;-0.083707;,
  -0.007413;0.825305;-0.089728;,
  -0.009907;0.891190;-0.096639;,
  -0.009314;0.881682;-0.093077;,
  0.109376;0.726635;-0.010067;,
  -0.007880;0.835833;-0.091577;,
  0.081312;0.712317;-0.023682;,
  0.078134;0.706654;-0.039879;,
  0.065122;0.709387;-0.066627;,
  0.049807;0.886991;0.007019;,
  0.079347;0.221249;-0.106193;,
  0.027557;0.145292;-0.105314;,
  0.012781;0.221406;-0.098045;,
  0.088157;0.147707;-0.108416;,
  0.065979;0.281694;-0.124401;,
  0.012270;0.279734;-0.103099;,
  0.058700;0.373292;-0.096112;,
  -0.001996;0.369171;-0.076840;,
  0.042205;0.466370;-0.066111;,
  -0.009535;0.456115;-0.060329;,
  0.017531;0.502231;-0.043629;,
  0.031389;0.073186;-0.113992;,
  0.102262;0.068490;-0.110307;,
  0.077668;0.136008;-0.009593;,
  0.038425;0.059170;0.065088;,
  0.089191;0.066881;-0.014434;,
  0.033400;0.131834;0.057999;,
  0.024096;0.198182;0.044455;,
  0.063002;0.207860;-0.010457;,
  0.022853;0.258044;0.043618;,
  0.058447;0.256453;-0.009709;,
  0.042562;0.338283;0.021197;,
  0.027253;0.340553;0.053204;,
  0.038942;0.412960;0.068081;,
  0.081312;0.712317;-0.023682;,
  -0.070632;0.757216;0.000154;,
  -0.039899;0.743917;-0.016080;,
  -0.081492;0.737243;0.004933;,
  -0.028350;0.775053;-0.008654;,
  -0.086600;0.719761;0.009144;,
  -0.068010;0.679759;-0.013580;,
  -0.085575;0.687367;0.030302;,
  -0.054020;0.711184;-0.022995;,
  -0.012633;0.799995;0.021828;,
  -0.045123;0.784844;0.068080;,
  -0.014730;0.786396;0.059452;,
  -0.050843;0.787545;0.036325;,
  -0.051322;0.526767;0.093310;,
  -0.005016;0.537376;0.090524;,
  -0.045159;0.540872;0.088926;,
  -0.003439;0.521316;0.093305;,
  -0.068719;0.549556;0.038978;,
  -0.072087;0.518309;0.056339;,
  -0.060202;0.550884;-0.001596;,
  -0.074022;0.501500;0.019562;,
  -0.053994;0.495885;-0.003938;,
  0.031959;0.537806;0.068740;,
  0.033027;0.520406;0.072001;,
  -0.004844;0.651110;0.098154;,
  0.042619;0.691950;0.077054;,
  -0.009592;0.696166;0.099773;,
  0.042052;0.650411;0.075409;,
  -0.075205;0.453976;-0.001772;,
  -0.120584;0.357083;0.038786;,
  -0.086852;0.450127;0.047469;,
  -0.102081;0.358298;-0.004937;,
  -0.123242;0.260049;-0.012548;,
  -0.125072;0.263395;0.039449;,
  -0.024625;0.444030;-0.006913;,
  -0.017607;0.335552;0.060351;,
  -0.049329;0.347035;-0.007716;,
  0.022946;0.418246;0.062523;,
  -0.059685;0.258231;0.043870;,
  -0.079028;0.254378;0.007464;,
  -0.088880;0.347684;0.094480;,
  -0.055775;0.421647;0.092813;,
  -0.093963;0.266443;0.064412;,
  -0.098284;-0.001504;0.121537;,
  -0.038773;-0.001072;0.131044;,
  -0.065687;-0.001526;0.153192;,
  -0.065808;-0.000927;0.090394;,
  -0.110911;0.204207;0.025643;,
  -0.114706;0.145724;0.089735;,
  -0.121919;0.215891;0.065107;,
  -0.105536;0.134889;0.051275;,
  -0.101543;0.069898;0.115427;,
  -0.101706;0.063288;0.081424;,
  -0.062554;0.188213;0.028841;,
  -0.042686;0.155822;0.085519;,
  -0.067067;0.135803;0.056554;,
  -0.035627;0.218638;0.066998;,
  -0.061744;0.081644;0.113053;,
  -0.074337;0.060337;0.090874;,
  -0.095096;0.163068;0.118026;,
  -0.096299;0.235935;0.102339;,
  -0.081737;0.088571;0.125521;,
  -0.075270;0.488607;0.058469;,
  -0.024625;0.444030;-0.006913;,
  -0.050241;0.474330;0.104872;,
  0.005121;0.472941;0.100997;,
  -0.050252;0.430870;0.095005;,
  0.000714;0.430102;0.090740;,
  -0.004370;0.599164;0.092652;,
  -0.041101;0.649738;0.098977;,
  -0.059501;0.654215;0.089843;,
  -0.064692;0.602948;0.041277;,
  -0.044893;0.600366;0.087805;,
  -0.080824;0.654627;0.040614;,
  -0.069237;0.649480;-0.006980;,
  -0.060533;0.598781;0.004712;,
  -0.120721;0.722699;0.034274;,
  -0.068483;0.717560;0.022427;,
  -0.134465;0.686411;0.066820;,
  -0.087815;0.642214;0.095196;,
  -0.133691;0.655496;0.103721;,
  -0.078624;0.667356;0.056396;,
  -0.049944;0.738732;0.076464;,
  -0.057302;0.700434;0.109468;,
  -0.078624;0.667356;0.056396;,
  -0.076813;0.643825;0.138198;,
  -0.087815;0.642214;0.095196;,
  -0.055175;0.745840;0.083573;,
  -0.113173;0.719805;0.119810;,
  -0.098956;0.754885;0.087556;,
  -0.122598;0.656829;0.146760;,
  -0.118230;0.740174;0.058453;,
  -0.139863;0.658819;0.086170;,
  -0.112025;0.603748;0.036110;,
  -0.145530;0.615523;0.045394;,
  -0.085905;0.643322;0.073974;,
  -0.125698;0.572938;0.012740;,
  -0.151874;0.577015;0.014297;,
  -0.085905;0.643322;0.073974;,
  -0.120016;0.569565;0.081293;,
  -0.112025;0.603748;0.036110;,
  -0.085322;0.604319;0.123554;,
  -0.135130;0.546669;0.040412;,
  -0.125698;0.572938;0.012740;,
  -0.145604;0.579032;0.088343;,
  -0.138954;0.619861;0.135627;,
  -0.152994;0.551101;0.041607;,
  -0.141809;0.519756;-0.083019;,
  -0.152336;0.506148;-0.028607;,
  -0.157355;0.494090;-0.045943;,
  -0.136592;0.532390;-0.065784;,
  -0.127310;0.555893;-0.048055;,
  -0.137543;0.551900;-0.060695;,
  -0.130336;0.563990;-0.055889;,
  -0.130459;0.546877;-0.053938;,
  -0.136525;0.522637;0.006195;,
  -0.154865;0.557933;-0.039225;,
  -0.126477;0.563690;-0.019994;,
  -0.160208;0.509300;-0.019438;,
  -0.179830;0.512182;-0.021618;,
  -0.170637;0.535426;0.016404;,
  -0.160692;0.579087;-0.009995;,
  -0.174715;0.559335;-0.039936;,
  -0.076008;0.789394;0.051188;,
  -0.093342;0.786988;0.026945;,
  -0.050843;0.787545;0.036325;,
  -0.059544;0.780223;0.014840;,
  -0.050154;0.699670;0.101596;,
  -0.032846;0.790322;0.004265;,
  -0.098998;0.765397;0.009721;,
  -0.081492;0.737243;0.004933;,
  -0.098830;0.738194;0.016241;,
  -0.070632;0.757216;0.000154;,
  -0.058448;0.747907;0.087717;,
  -0.062434;0.751857;0.084820;,
  -0.015880;0.737247;0.088083;,
  0.037417;0.729241;0.066320;,
  0.024733;0.778520;0.034421;,
  -0.045123;0.784844;0.068080;,
  -0.062434;0.751857;0.084820;,
  -0.074506;0.718766;0.036143;,
  -0.068483;0.717560;0.022427;,
  -0.067304;0.741546;0.078002;,
  -0.067158;0.693063;0.075185;,
  -0.077329;0.685654;0.042431;,
  -0.086600;0.719761;0.009144;,
  -0.064383;0.697898;0.091114;,
  -0.126477;0.563690;-0.019994;,
  -0.029949;0.815992;0.001390;,
  -0.015269;0.818528;0.018662;,
  0.015334;0.801014;0.012477;,
  0.011620;0.820467;0.019013;,
  -0.174715;0.559335;-0.039936;,
  -0.141809;0.519756;-0.083019;,
  -0.157355;0.494090;-0.045943;,
  -0.132897;0.561917;-0.029869;,
  -0.145352;0.574825;-0.048557;,
  -0.132897;0.561917;-0.029869;,
  -0.141811;0.549710;-0.039267;,
  -0.161335;0.559458;-0.050648;,
  -0.161335;0.559458;-0.050648;,
  -0.127310;0.555893;-0.048055;,
  -0.130336;0.563990;-0.055889;,
  -0.137543;0.551900;-0.060695;,
  -0.152562;0.020038;0.066750;,
  -0.157835;-0.001225;0.012854;,
  -0.161255;-0.001658;0.064601;,
  -0.152363;0.017373;0.017698;,
  -0.043046;0.032376;0.120735;,
  -0.065808;-0.000927;0.090394;,
  -0.066626;0.024043;0.087758;,
  -0.038773;-0.001072;0.131044;,
  -0.061744;0.081644;0.113053;,
  -0.075286;0.034884;0.146989;,
  -0.081737;0.088571;0.125521;,
  -0.098284;-0.001504;0.121537;,
  -0.101096;0.033424;0.120640;,
  -0.065687;-0.001526;0.153192;,
  -0.101706;0.063288;0.081424;,
  -0.101543;0.069898;0.115427;,
  -0.124537;0.014686;0.008066;,
  -0.124325;-0.000776;-0.001532;,
  -0.161255;-0.001658;0.064601;,
  -0.124325;-0.000776;-0.001532;,
  -0.049329;0.347035;-0.007716;,
  -0.079028;0.254378;0.007464;,
  -0.062554;0.188213;0.028841;,
  -0.067067;0.135803;0.056554;,
  -0.074337;0.060337;0.090874;,
  -0.074337;0.060337;0.090874;,
  -0.047490;0.818737;-0.023062;,
  -0.031397;0.809487;-0.042546;,
  -0.027511;0.811808;-0.017107;,
  -0.040607;0.815875;-0.043186;,
  -0.038168;0.837397;0.000239;,
  -0.028665;0.846923;0.020276;,
  -0.025783;0.957863;-0.032995;,
  -0.006303;0.963003;-0.034586;,
  -0.042518;0.892062;-0.080309;,
  -0.038854;0.920274;-0.071742;,
  -0.026212;0.891626;-0.088474;,
  -0.047291;0.836039;-0.045474;,
  -0.053166;0.846128;-0.018110;,
  -0.045413;0.829863;-0.014075;,
  -0.053617;0.880648;0.000110;,
  -0.056391;0.891139;-0.021897;,
  -0.050889;0.926436;-0.054077;,
  -0.054481;0.887440;-0.048825;,
  -0.057170;0.928003;-0.026907;,
  -0.049650;0.884175;0.016053;,
  -0.037224;0.892235;0.035517;,
  0.002708;0.894048;0.043123;,
  -0.033312;0.939183;0.023991;,
  0.000277;0.941828;0.031252;,
  -0.054265;0.864743;-0.048281;,
  -0.041882;0.860530;-0.072903;,
  -0.038984;0.826975;-0.060316;,
  -0.024934;0.803065;-0.073874;,
  -0.034089;0.939564;-0.062938;,
  -0.045069;0.947016;-0.031058;,
  -0.050038;0.936480;0.006500;,
  -0.037819;0.954397;-0.003067;,
  -0.002917;0.962933;0.002662;,
  -0.020227;0.960256;0.001851;,
  0.002650;0.855877;0.030586;,
  -0.050038;0.936480;0.006500;,
  -0.037819;0.954397;-0.003067;,
  -0.059523;0.848663;-0.018111;,
  -0.065336;0.894508;-0.006723;,
  -0.058230;0.876213;-0.012864;,
  -0.069131;0.875206;0.001434;,
  -0.069131;0.875206;0.001434;,
  -0.059523;0.848663;-0.018111;,
  -0.065336;0.894508;-0.006723;,
  -0.056391;0.891139;-0.021897;,
  -0.056874;0.867036;-0.029122;,
  -0.053166;0.846128;-0.018110;,
  -0.042177;0.882779;-0.072402;,
  -0.056874;0.867036;-0.029122;,
  -0.032846;0.790322;0.004265;,
  -0.029949;0.815992;0.001390;,
  -0.059544;0.780223;0.014840;,
  -0.038168;0.837397;0.000239;,
  0.041610;0.473639;0.079990;,
  0.039655;0.440547;0.071175;,
  0.021873;0.418970;0.053094;,
  0.006775;0.436598;0.011293;,
  -0.020227;0.960256;0.001851;,
  -0.002917;0.962933;0.002662;,
  -0.026839;0.834714;-0.078167;,
  -0.020551;0.857832;-0.085080;,
  -0.020518;0.848192;-0.085601;,
  -0.023067;0.882504;-0.079733;,
  0.037139;0.597668;0.069747;,
  -0.059544;0.780223;0.014840;,
  -0.157835;-0.001225;0.012854;,
  -0.026058;0.828148;-0.078192;,
  -0.019009;0.826533;-0.085874;,
  -0.018618;0.831231;-0.082147;,
  -0.018905;0.835314;-0.086830;,
  -0.067304;0.741546;0.078002;,
  -0.062648;0.724147;0.048238;,
  -0.074506;0.718766;0.036143;,
  -0.086600;0.719761;0.009144;,
  -0.049650;0.884175;0.016053;,
  -0.068422;0.207319;-0.033526;,
  -0.028307;0.140143;-0.072195;,
  -0.073317;0.133060;-0.018359;,
  -0.028419;0.217170;-0.068521;,
  -0.076942;0.267133;-0.041591;,
  -0.032515;0.274059;-0.069343;,
  -0.052622;0.359456;-0.037726;,
  -0.027810;0.363534;-0.056178;,
  -0.038532;0.447562;-0.035972;,
  -0.025665;0.449028;-0.048204;,
  -0.024157;0.493463;-0.035357;,
  -0.053994;0.495885;-0.003938;,
  -0.029923;0.074676;-0.078744;,
  -0.075191;0.062321;-0.010889;,
  -0.019888;0.080958;0.124932;,
  -0.095096;0.163068;0.118026;,
  -0.081725;0.088570;0.125514;,
  -0.025857;0.152510;0.102548;,
  -0.096299;0.235935;0.102339;,
  -0.034283;0.220112;0.084223;,
  -0.035981;0.259069;0.068384;,
  -0.093963;0.266443;0.064412;,
  -0.088880;0.347684;0.094480;,
  -0.007948;0.332334;0.074588;,
  0.039655;0.440547;0.071175;,
  0.000714;0.430102;0.090740;,
  -0.062648;0.724147;0.048238;,
  -0.075205;0.453976;-0.001772;,
  -0.102081;0.358298;-0.004937;,
  -0.123242;0.260049;-0.012548;,
  -0.110911;0.204207;0.025643;,
  -0.105536;0.134889;0.051275;,
  -0.101706;0.063288;0.081424;,
  0.116272;0.353994;-0.015591;,
  0.069048;0.435359;0.048800;,
  0.098270;0.429148;0.009174;,
  0.098515;0.271389;-0.047405;,
  0.125037;0.226695;-0.035588;,
  0.129584;0.153387;-0.048331;,
  0.117148;0.082249;-0.059741;,
  -0.055775;0.421647;0.092813;;
  916;
  3;0,1,2;,
  3;1,0,3;,
  3;4,5,6;,
  3;5,4,7;,
  3;8,9,10;,
  3;9,8,11;,
  3;12,13,14;,
  3;13,12,15;,
  3;16,12,17;,
  3;12,16,15;,
  3;18,19,20;,
  3;19,18,16;,
  3;6,21,22;,
  3;21,6,5;,
  3;14,23,24;,
  3;23,14,13;,
  3;25,26,27;,
  3;26,25,28;,
  3;29,30,31;,
  3;30,29,32;,
  3;30,33,31;,
  3;33,30,34;,
  3;35,36,37;,
  3;36,35,38;,
  3;38,39,36;,
  3;39,38,40;,
  3;37,41,42;,
  3;41,37,36;,
  3;36,43,41;,
  3;43,36,39;,
  3;42,30,32;,
  3;30,42,41;,
  3;41,34,30;,
  3;34,41,43;,
  3;44,45,46;,
  3;45,44,47;,
  3;48,49,50;,
  3;49,48,51;,
  3;50,52,53;,
  3;52,50,49;,
  3;54,55,56;,
  3;55,54,57;,
  3;57,58,55;,
  3;58,57,59;,
  3;56,60,61;,
  3;60,56,55;,
  3;55,62,60;,
  3;62,55,58;,
  3;61,49,51;,
  3;49,61,60;,
  3;60,52,49;,
  3;52,60,62;,
  3;32,19,63;,
  3;19,32,29;,
  3;64,65,66;,
  3;65,64,20;,
  3;14,67,12;,
  3;67,14,68;,
  3;68,69,67;,
  3;69,68,70;,
  3;70,42,69;,
  3;42,70,37;,
  3;48,34,51;,
  3;34,48,33;,
  3;51,43,61;,
  3;43,51,34;,
  3;43,56,61;,
  3;56,43,39;,
  3;39,54,56;,
  3;54,39,40;,
  3;12,63,17;,
  3;63,12,67;,
  3;67,32,63;,
  3;32,67,69;,
  3;69,42,32;,
  3;71,72,25;,
  3;73,74,75;,
  3;74,73,76;,
  3;74,77,75;,
  3;77,74,78;,
  3;79,78,80;,
  3;78,79,77;,
  3;81,82,83;,
  3;82,84,85;,
  3;84,82,86;,
  3;87,88,89;,
  3;88,90,89;,
  3;90,88,91;,
  3;92,93,94;,
  3;92,89,93;,
  3;92,87,89;,
  3;89,95,93;,
  3;95,89,90;,
  3;96,93,82;,
  3;93,86,82;,
  3;86,93,95;,
  3;97,98,99;,
  3;98,97,100;,
  3;100,101,98;,
  3;101,100,102;,
  3;103,104,105;,
  3;104,103,106;,
  3;106,107,104;,
  3;107,106,108;,
  3;105,109,110;,
  3;109,105,104;,
  3;104,111,109;,
  3;111,104,107;,
  3;110,100,97;,
  3;100,110,109;,
  3;109,102,100;,
  3;102,109,111;,
  3;112,113,114;,
  3;113,112,115;,
  3;116,117,118;,
  3;117,116,119;,
  3;120,121,122;,
  3;121,120,123;,
  3;120,124,125;,
  3;124,120,122;,
  3;126,124,127;,
  3;124,126,125;,
  3;95,97,86;,
  3;97,95,110;,
  3;86,99,84;,
  3;99,86,97;,
  3;90,103,105;,
  3;103,90,91;,
  3;105,95,90;,
  3;95,105,110;,
  3;128,96,129;,
  3;96,128,94;,
  3;129,130,128;,
  3;130,129,131;,
  3;72,28,25;,
  3;28,72,132;,
  3;10,133,8;,
  3;134,135,136;,
  3;135,134,137;,
  3;81,137,134;,
  3;138,11,139;,
  3;138,9,11;,
  3;138,140,9;,
  3;141,11,142;,
  3;11,141,139;,
  3;128,130,143;,
  3;94,144,92;,
  3;94,143,144;,
  3;94,128,143;,
  3;145,87,146;,
  3;87,145,147;,
  3;75,148,73;,
  3;148,75,149;,
  3;150,147,145;,
  3;7,149,75;,
  3;148,151,73;,
  3;102,152,101;,
  3;152,102,126;,
  3;102,125,126;,
  3;125,102,111;,
  3;111,120,125;,
  3;120,111,107;,
  3;120,108,123;,
  3;108,120,107;,
  3;8,153,154;,
  3;153,8,133;,
  3;154,155,8;,
  3;155,154,156;,
  3;122,114,113;,
  3;114,122,121;,
  3;121,112,114;,
  3;112,121,157;,
  3;158,124,159;,
  3;124,158,127;,
  3;159,122,113;,
  3;122,159,124;,
  3;126,160,152;,
  3;160,126,161;,
  3;162,121,123;,
  3;121,162,163;,
  3;121,164,157;,
  3;164,121,163;,
  3;165,126,127;,
  3;126,165,161;,
  3;161,166,160;,
  3;166,161,167;,
  3;162,118,163;,
  3;118,162,116;,
  3;163,117,164;,
  3;117,163,118;,
  3;165,167,161;,
  3;167,165,168;,
  3;169,170,171;,
  3;170,169,172;,
  3;173,174,175;,
  3;174,173,176;,
  3;177,178,179;,
  3;178,177,173;,
  3;180,178,181;,
  3;178,180,182;,
  3;183,169,171;,
  3;169,183,184;,
  3;174,185,186;,
  3;185,174,176;,
  3;46,187,44;,
  3;187,46,188;,
  3;180,169,182;,
  3;169,180,172;,
  3;20,29,65;,
  3;19,29,20;,
  3;29,31,189;,
  3;31,190,189;,
  3;190,31,33;,
  3;33,191,190;,
  3;191,33,48;,
  3;191,50,192;,
  3;50,191,48;,
  3;192,53,193;,
  3;53,192,50;,
  3;194,171,185;,
  3;171,194,183;,
  3;171,186,185;,
  3;186,171,170;,
  3;185,176,194;,
  3;194,173,177;,
  3;173,194,176;,
  3;178,175,181;,
  3;175,178,173;,
  3;179,182,184;,
  3;182,179,178;,
  3;182,169,184;,
  3;16,17,19;,
  3;17,63,19;,
  3;65,195,66;,
  3;196,197,198;,
  3;197,196,199;,
  3;200,154,153;,
  3;154,200,201;,
  3;202,203,204;,
  3;205,206,207;,
  3;196,208,209;,
  3;208,196,198;,
  3;210,209,211;,
  3;209,210,196;,
  3;212,213,214;,
  3;213,212,215;,
  3;212,214,211;,
  3;201,216,217;,
  3;216,201,200;,
  3;218,219,220;,
  3;219,218,217;,
  3;210,199,196;,
  3;213,205,207;,
  3;221,222,223;,
  3;198,197,224;,
  3;224,225,226;,
  3;225,224,197;,
  3;227,213,207;,
  3;228,229,214;,
  3;229,228,230;,
  3;220,231,232;,
  3;213,228,214;,
  3;156,201,233;,
  3;201,156,154;,
  3;233,217,218;,
  3;217,233,201;,
  3;219,217,234;,
  3;235,219,234;,
  3;236,237,238;,
  3;237,236,239;,
  3;209,240,211;,
  3;240,209,241;,
  3;211,242,212;,
  3;242,211,240;,
  3;243,239,244;,
  3;239,243,237;,
  3;244,236,245;,
  3;236,244,239;,
  3;246,221,223;,
  3;221,246,215;,
  3;221,212,247;,
  3;212,221,215;,
  3;199,248,2;,
  3;248,199,249;,
  3;133,10,250;,
  3;249,210,251;,
  3;210,249,199;,
  3;210,211,251;,
  3;252,1,253;,
  3;1,252,2;,
  3;20,254,18;,
  3;254,20,64;,
  3;24,68,14;,
  3;68,24,255;,
  3;68,256,70;,
  3;256,68,255;,
  3;256,37,70;,
  3;37,256,257;,
  3;258,2,252;,
  3;2,258,199;,
  3;257,259,37;,
  3;37,259,35;,
  3;260,204,261;,
  3;204,260,202;,
  3;262,263,223;,
  3;263,262,264;,
  3;197,258,225;,
  3;258,197,199;,
  3;265,203,227;,
  3;265,207,266;,
  3;207,265,227;,
  3;223,267,246;,
  3;267,223,263;,
  3;88,87,147;,
  3;83,82,85;,
  3;78,16,18;,
  3;16,78,74;,
  3;74,15,16;,
  3;15,74,76;,
  3;15,71,13;,
  3;71,15,76;,
  3;13,268,23;,
  3;268,13,71;,
  3;248,269,2;,
  3;2,269,0;,
  3;136,129,134;,
  3;129,136,131;,
  3;134,96,81;,
  3;96,134,129;,
  3;96,82,81;,
  3;93,96,94;,
  3;29,189,65;,
  3;205,215,246;,
  3;267,205,246;,
  3;205,267,206;,
  3;205,213,215;,
  3;187,188,270;,
  3;224,271,272;,
  3;222,221,208;,
  3;224,222,198;,
  3;272,273,262;,
  3;273,272,271;,
  3;263,274,275;,
  3;273,276,262;,
  3;277,271,278;,
  3;271,277,273;,
  3;222,272,262;,
  3;272,222,224;,
  3;222,208,198;,
  3;209,221,247;,
  3;221,209,208;,
  3;223,222,262;,
  3;266,206,279;,
  3;206,266,207;,
  3;206,280,279;,
  3;280,206,267;,
  3;280,263,275;,
  3;263,280,267;,
  3;264,262,276;,
  3;76,73,72;,
  3;138,281,140;,
  3;73,132,72;,
  3;132,73,151;,
  3;72,71,76;,
  3;271,226,278;,
  3;155,11,8;,
  3;276,277,282;,
  3;277,276,273;,
  3;274,276,282;,
