xof 0303txt 0032
template ColorRGBA {
 <35ff44e0-6c7c-11cf-8f52-0040333594a3>
 FLOAT red;
 FLOAT green;
 FLOAT blue;
 FLOAT alpha;
}

template ColorRGB {
 <d3e16e81-7835-11cf-8f52-0040333594a3>
 FLOAT red;
 FLOAT green;
 FLOAT blue;
}

template Material {
 <3d82ab4d-62da-11cf-ab39-0020af71e433>
 ColorRGBA faceColor;
 FLOAT power;
 ColorRGB specularColor;
 ColorRGB emissiveColor;
 [...]
}

template TextureFilename {
 <a42790e1-7810-11cf-8f52-0040333594a3>
 STRING filename;
}

template Frame {
 <3d82ab46-62da-11cf-ab39-0020af71e433>
 [...]
}

template Matrix4x4 {
 <f6f23f45-7686-11cf-8f52-0040333594a3>
 array FLOAT matrix[16];
}

template FrameTransformMatrix {
 <f6f23f41-7686-11cf-8f52-0040333594a3>
 Matrix4x4 frameMatrix;
}

template Vector {
 <3d82ab5e-62da-11cf-ab39-0020af71e433>
 FLOAT x;
 FLOAT y;
 FLOAT z;
}

template MeshFace {
 <3d82ab5f-62da-11cf-ab39-0020af71e433>
 DWORD nFaceVertexIndices;
 array DWORD faceVertexIndices[nFaceVertexIndices];
}

template Mesh {
 <3d82ab44-62da-11cf-ab39-0020af71e433>
 DWORD nVertices;
 array Vector vertices[nVertices];
 DWORD nFaces;
 array MeshFace faces[nFaces];
 [...]
}

template MeshMaterialList {
 <f6f23f42-7686-11cf-8f52-0040333594a3>
 DWORD nMaterials;
 DWORD nFaceIndexes;
 array DWORD faceIndexes[nFaceIndexes];
 [Material <3d82ab4d-62da-11cf-ab39-0020af71e433>]
}

template VertexElement {
 <f752461c-1e23-48f6-b9f8-8350850f336f>
 DWORD Type;
 DWORD Method;
 DWORD Usage;
 DWORD UsageIndex;
}

template DeclData {
 <bf22e553-292c-4781-9fea-62bd554bdd93>
 DWORD nElements;
 array VertexElement Elements[nElements];
 DWORD nDWords;
 array DWORD data[nDWords];
}

template XSkinMeshHeader {
 <3cf169ce-ff7c-44ab-93c0-f78f62d172e2>
 WORD nMaxSkinWeightsPerVertex;
 WORD nMaxSkinWeightsPerFace;
 WORD nBones;
}

template SkinWeights {
 <6f0d123b-bad2-4167-a0d0-80224f25fabb>
 STRING transformNodeName;
 DWORD nWeights;
 array DWORD vertexIndices[nWeights];
 array FLOAT weights[nWeights];
 Matrix4x4 matrixOffset;
}

template AnimTicksPerSecond {
 <9e415a43-7ba6-4a73-8743-b73d47e88476>
 DWORD AnimTicksPerSecond;
}

template Animation {
 <3d82ab4f-62da-11cf-ab39-0020af71e433>
 [...]
}

template AnimationSet {
 <3d82ab50-62da-11cf-ab39-0020af71e433>
 [Animation <3d82ab4f-62da-11cf-ab39-0020af71e433>]
}

template FloatKeys {
 <10dd46a9-775b-11cf-8f52-0040333594a3>
 DWORD nValues;
 array FLOAT values[nValues];
}

template TimedFloatKeys {
 <f406b180-7b3b-11cf-8f52-0040333594a3>
 DWORD time;
 FloatKeys tfkeys;
}

template AnimationKey {
 <10dd46a8-775b-11cf-8f52-0040333594a3>
 DWORD keyType;
 DWORD nKeys;
 array TimedFloatKeys keys[nKeys];
}


Material _03_-_Default {
 1.000000;1.000000;1.000000;1.000000;;
 9.999999;
 0.000000;0.000000;0.000000;;
 0.000000;0.000000;0.000000;;

 TextureFilename {
  "MaleBody_full.png";
 }
}

Frame Dummy01 {
 

 FrameTransformMatrix {
  1.000000,0.000000,0.000000,0.000000,0.000000,-0.000000,-1.000000,0.000000,0.000000,1.000000,-0.000000,0.000000,0.000000,0.000000,0.000000,1.000000;;
 }

 Frame Bip01 {
  

  FrameTransformMatrix {
   -0.087157,0.982404,-0.165186,0.000000,-0.000002,0.165817,0.986157,0.000000,0.996195,0.085950,-0.014450,0.000000,-0.010000,-0.012284,0.490453,1.000000;;
  }

  Frame Bip01_Pelvis {
   

   FrameTransformMatrix {
    0.000000,1.000000,-0.000001,0.000000,-0.000001,0.000001,1.000000,0.000000,1.000000,0.000000,0.000001,0.000000,0.000000,0.000000,0.000000,1.000000;;
   }

   Frame Bip01_Spine {
    

    FrameTransformMatrix {
     0.984686,0.000002,-0.174337,0.000000,-0.000001,1.000000,0.000004,0.000000,0.174337,-0.000004,0.984686,0.000000,0.051619,0.000000,-0.000083,1.000000;;
    }

    Frame Bip01_Spine1 {
     

     FrameTransformMatrix {
      0.997819,0.052687,0.039774,0.000000,-0.044862,0.983198,-0.176942,0.000000,-0.048428,0.174771,0.983417,0.000000,0.106484,-0.000015,-0.000083,1.000000;;
     }

     Frame Bip01_Neck {
      

      FrameTransformMatrix {
       0.903366,0.000001,0.428870,0.000000,-0.000001,1.000000,-0.000000,0.000000,-0.428870,-0.000000,0.903366,0.000000,0.130516,0.000000,0.004628,1.000000;;
      }

      Frame Bip01_Head {
       

       FrameTransformMatrix {
        0.946932,-0.075023,-0.312556,0.000000,0.096186,0.993961,0.052826,0.000000,0.306705,-0.080087,0.948429,0.000000,0.033674,0.000000,0.000000,1.000000;;
       }

       Frame Bip01_HeadNub {
        

        FrameTransformMatrix {
         1.000000,0.000000,0.000000,0.000000,-0.000000,1.000000,0.000000,0.000000,0.000000,0.000000,1.000000,0.000000,0.169824,0.000000,-0.000000,1.000000;;
        }
       }
      }

      Frame Bip01_L_Clavicle {
       

       FrameTransformMatrix {
        -0.314504,0.946176,0.076403,0.000000,0.847016,0.316056,-0.427401,0.000000,-0.428544,-0.069705,-0.900828,0.000000,-0.023698,0.015715,0.006128,1.000000;;
       }

       Frame Bip01_L_UpperArm {
        

        FrameTransformMatrix {
         0.647863,-0.757749,0.078037,0.000000,0.740954,0.603076,-0.295443,0.000000,0.176809,0.249228,0.952168,0.000000,0.087086,0.000000,-0.000000,1.000000;;
        }

        Frame Bip01_L_Forearm {
         

         FrameTransformMatrix {
          -0.296584,-0.000000,-0.955007,0.000000,0.000000,1.000000,0.000000,0.000000,0.955007,0.000000,-0.296584,0.000000,0.137062,0.000000,0.000000,1.000000;;
         }

         Frame Bip01_L_Hand {
          

          FrameTransformMatrix {
           0.941279,0.242464,0.234958,0.000000,0.078189,-0.833527,0.546917,0.000000,0.328451,-0.496431,-0.803540,0.000000,0.137062,0.000000,0.000000,1.000000;;
          }

          Frame Bip01_L_Finger0 {
           

           FrameTransformMatrix {
            0.191229,-0.953701,0.232135,0.000000,0.953255,0.236821,0.187675,0.000000,-0.233961,0.185395,0.954407,0.000000,0.057681,-0.023605,-0.000272,1.000000;;
           }

           Frame Bip01_L_Finger0Nub {
            

            FrameTransformMatrix {
             1.000000,0.000000,0.000000,0.000000,0.000000,1.000000,0.000000,0.000000,-0.000000,-0.000000,1.000000,0.000000,0.029435,0.000000,-0.000000,1.000000;;
            }
           }
          }

          Frame Bip01_L_Finger1 {
           

           FrameTransformMatrix {
            0.437122,-0.170907,0.883015,0.000000,-0.220296,0.931529,0.289350,0.000000,-0.872006,-0.321006,0.369542,0.000000,0.084102,-0.000000,0.000000,1.000000;;
           }

           Frame Bip01_L_Finger1Nub {
            

            FrameTransformMatrix {
             1.000000,-0.000000,0.000000,0.000000,-0.000000,1.000000,0.000000,0.000000,0.000000,0.000000,1.000000,0.000000,0.047988,0.000000,0.000000,1.000000;;
            }
           }
          }
         }
        }
       }
      }

      Frame Bip01_R_Clavicle {
       

       FrameTransformMatrix {
        -0.168091,-0.981942,0.086803,0.000000,-0.887246,0.189076,0.420766,0.000000,-0.429581,-0.006288,-0.903007,0.000000,-0.023698,-0.015714,0.006128,1.000000;;
       }

       Frame Bip01_R_UpperArm {
        

        FrameTransformMatrix {
         0.536375,0.801831,0.263378,0.000000,-0.798296,0.380727,0.466659,0.000000,0.273906,-0.460558,0.844311,0.000000,0.087086,0.000000,0.000000,1.000000;;
        }

        Frame Bip01_R_Forearm {
         

         FrameTransformMatrix {
          -0.036402,0.000000,-0.999337,0.000000,0.000000,1.000000,-0.000000,0.000000,0.999337,0.000000,-0.036402,0.000000,0.137062,0.000000,0.000000,1.000000;;
         }

         Frame Bip01_R_Hand {
          

          FrameTransformMatrix {
           0.921549,0.363951,0.135231,0.000000,0.039842,0.257815,-0.965373,0.000000,-0.386213,0.895026,0.223089,0.000000,0.137062,0.000000,0.000000,1.000000;;
          }

          Frame Bip01_R_Finger0 {
           

           FrameTransformMatrix {
            0.728615,0.675611,0.112564,0.000000,-0.673260,0.736670,-0.063554,0.000000,-0.125861,-0.029479,0.991610,0.000000,0.057681,0.023605,-0.000272,1.000000;;
           }

           Frame Bip01_R_Finger0Nub {
            

            FrameTransformMatrix {
             -1.000000,0.000000,-0.000000,0.000000,0.000000,1.000000,0.000000,0.000000,-0.000000,0.000000,-1.000000,0.000000,0.029435,0.000000,0.000000,1.000000;;
            }
           }
          }

          Frame Bip01_R_Finger1 {
           

           FrameTransformMatrix {
            0.320613,0.000754,0.947210,0.000000,0.000000,1.000000,-0.000796,0.000000,-0.947210,0.000255,0.320613,0.000000,0.084102,0.000000,0.000000,1.000000;;
           }

           Frame Bip01_R_Finger1Nub {
            

            FrameTransformMatrix {
             -1.000000,0.000000,-0.000000,0.000000,0.000000,1.000000,0.000000,0.000000,0.000000,0.000000,-1.000000,0.000000,0.047988,0.000000,0.000000,1.000000;;
            }
           }
          }
         }
        }
       }
      }
     }

     Frame Bip01_BackPack {
      

      FrameTransformMatrix {
       0.180560,0.080500,-0.980264,0.000000,0.047560,0.994765,0.090451,0.000000,0.982413,-0.062954,0.175786,0.000000,0.063697,0.000003,-0.088856,1.000000;;
      }

      Frame Bip01_BackPackNub {
       

       FrameTransformMatrix {
        0.000796,0.000003,1.000000,0.000000,0.000000,-1.000000,0.000003,0.000000,1.000000,-0.000000,-0.000796,0.000000,0.053240,0.000000,0.000000,1.000000;;
       }
      }
     }
    }

    Frame Bip01_L_Thigh {
     

     FrameTransformMatrix {
      -0.888504,0.030427,0.457859,0.000000,-0.032107,-0.999476,0.004114,0.000000,0.457744,-0.011045,0.889016,0.000000,-0.050843,0.055225,-0.008917,1.000000;;
     }

     Frame Bip01_L_Calf {
      

      FrameTransformMatrix {
       0.942235,0.000000,-0.334953,0.000000,0.000000,1.000000,0.000000,0.000000,0.334953,0.000000,0.942235,0.000000,0.237500,0.000000,-0.000000,1.000000;;
      }

      Frame Bip01_L_Foot {
       

       FrameTransformMatrix {
        0.924324,-0.026487,0.380688,0.000000,-0.068962,0.969570,0.234901,0.000000,-0.375325,-0.243378,0.894370,0.000000,0.206841,0.000000,0.000000,1.000000;;
       }

       Frame Bip01_L_Toe0 {
        

        FrameTransformMatrix {
         0.000000,0.000000,1.000000,0.000000,0.000000,1.000000,-0.000000,0.000000,-1.000000,0.000000,0.000000,0.000000,0.065373,0.000000,0.066450,1.000000;;
        }

        Frame Bip01_L_Toe0Nub {
         

         FrameTransformMatrix {
          -1.000000,0.000000,0.000000,0.000000,0.000000,1.000000,-0.000000,0.000000,0.000000,0.000000,-1.000000,0.000000,0.006735,0.000000,0.000000,1.000000;;
         }
        }
       }
      }
     }
    }

    Frame Bip01_R_Thigh {
     

     FrameTransformMatrix {
      -0.996965,0.030321,-0.071703,0.000000,-0.029454,-0.999480,-0.013113,0.000000,-0.072063,-0.010961,0.997340,0.000000,-0.050843,-0.055225,-0.008917,1.000000;;
     }

     Frame Bip01_R_Calf {
      

      FrameTransformMatrix {
       0.730239,0.000000,-0.683191,0.000000,0.000000,1.000000,0.000000,0.000000,0.683191,0.000000,0.730239,0.000000,0.237500,0.000000,0.000000,1.000000;;
      }

      Frame Bip01_R_Foot {
       

       FrameTransformMatrix {
        0.991957,0.087164,-0.091785,0.000000,-0.093275,0.993546,-0.064538,0.000000,0.085567,0.072581,0.993685,0.000000,0.206841,0.000000,0.000000,1.000000;;
       }

       Frame Bip01_R_Toe0 {
        

        FrameTransformMatrix {
         0.000002,0.000001,1.000000,0.000000,-0.000001,1.000000,-0.000001,0.000000,-1.000000,-0.000001,0.000002,0.000000,0.065373,0.000000,0.066450,1.000000;;
        }

        Frame Bip01_R_Toe0Nub {
         

         FrameTransformMatrix {
          1.000000,0.000000,-0.000000,0.000000,-0.000000,1.000000,0.000000,0.000000,-0.000000,-0.000000,1.000000,0.000000,0.006735,0.000000,0.000000,1.000000;;
         }
        }
       }
      }
     }
    }
   }

   Frame Bip01_DressFront {
    

    FrameTransformMatrix {
     -0.880184,-0.088339,0.466338,0.000000,0.121847,0.907542,0.401896,0.000000,-0.458725,0.410564,-0.788041,0.000000,-0.043935,0.001339,0.061057,1.000000;;
    }

    Frame Bip01_DressFront02 {
     

     FrameTransformMatrix {
      0.912592,0.000001,0.408870,0.000000,-0.000001,1.000000,-0.000000,0.000000,-0.408870,-0.000000,0.912593,0.000000,0.183378,0.000000,-0.000120,1.000000;;
     }

     Frame Bip01_DressFrontNub {
      

      FrameTransformMatrix {
       0.000796,0.000003,1.000000,0.000000,0.000000,-1.000000,0.000003,0.000000,1.000000,-0.000000,-0.000796,0.000000,0.165302,-0.000000,-0.000000,1.000000;;
      }
     }
    }
   }

   Frame Bip01_DressBack {
    

    FrameTransformMatrix {
     -0.886022,0.038029,0.462080,0.000000,0.191625,0.937561,0.290274,0.000000,-0.422190,0.345735,-0.837988,0.000000,-0.047673,-0.000048,-0.078302,1.000000;;
    }

    Frame Bip01_DressBack02 {
     

     FrameTransformMatrix {
      0.936852,0.174932,-0.302833,0.000000,-0.166408,0.984581,0.053940,0.000000,0.307599,-0.000139,0.951516,0.000000,0.176125,-0.000000,-0.000103,1.000000;;
     }

     Frame Bip01_DressBackNub {
      

      FrameTransformMatrix {
       0.000796,0.000003,1.000000,0.000000,0.000000,-1.000000,0.000003,0.000000,1.000000,-0.000000,-0.000796,0.000000,0.136509,0.000000,0.000000,1.000000;;
      }
     }
    }
   }
  }

  Frame Bip01_Prop1 {
   

   FrameTransformMatrix {
    -0.873921,-0.299262,0.383019,0.000000,0.200299,0.496258,0.844754,0.000000,-0.442879,0.814967,-0.373748,0.000000,0.093474,0.035141,-0.060996,1.000000;;
   }
  }

  Frame Bip01_Prop2 {
   

   FrameTransformMatrix {
    -0.163643,-0.967062,0.194966,0.000000,0.985576,-0.168906,-0.010565,0.000000,0.043148,0.190425,0.980753,0.000000,0.075838,0.128566,0.125821,1.000000;;
   }
  }
 }
}

Frame Translation_Data {
 

 FrameTransformMatrix {
  1.000000,0.000000,0.000000,0.000000,0.000000,-0.000000,-1.000000,0.000000,0.000000,1.000000,-0.000000,0.000000,0.000000,0.000000,0.000000,1.000000;;
 }
}

Frame Body {
 

 FrameTransformMatrix {
  1.000000,0.000000,0.000000,0.000000,0.000000,1.000000,0.000000,0.000000,0.000000,0.000000,1.000000,0.000000,0.000000,0.000000,0.000000,1.000000;;
 }

 Mesh Body {
  617;
  0.069506;0.744674;-0.017804;,
  0.033941;0.745633;-0.026476;,
  0.029032;0.775124;-0.010508;,
  0.076115;0.724881;-0.021239;,
  0.083466;0.714648;-0.023966;,
  0.050316;0.681218;-0.049800;,
  0.041249;0.714231;-0.043186;,
  0.085270;0.681419;-0.016878;,
  0.027817;0.795558;0.026848;,
  0.072047;0.766969;0.056347;,
  0.067762;0.767633;0.028517;,
  0.041517;0.774272;0.058761;,
  0.076400;0.544315;0.034898;,
  0.037739;0.553619;0.055680;,
  0.037356;0.544292;0.063147;,
  0.069351;0.552883;0.030641;,
  0.059211;0.546840;-0.024252;,
  0.073746;0.522516;-0.002349;,
  0.028795;0.538949;-0.051619;,
  0.056755;0.496440;-0.025362;,
  0.027309;0.484385;-0.031558;,
  -0.003058;0.682942;-0.060163;,
  0.000938;0.718551;-0.049646;,
  -0.005028;0.552121;0.059542;,
  -0.004530;0.540650;0.067241;,
  0.043150;0.640834;0.070223;,
  -0.010341;0.682501;0.080589;,
  -0.008612;0.643709;0.074117;,
  0.046667;0.681599;0.079224;,
  0.041258;0.467102;-0.044245;,
  0.081494;0.369928;-0.074070;,
  0.041487;0.385022;-0.094737;,
  0.078717;0.453434;-0.014932;,
  0.036440;0.299358;-0.140579;,
  0.068900;0.281473;-0.103037;,
  -0.005839;0.463513;-0.024362;,
  0.008786;0.338593;-0.001513;,
  0.007862;0.440213;0.086913;,
  -0.003888;0.373380;-0.067850;,
  0.018857;0.269377;-0.061547;,
  0.012153;0.282233;-0.101080;,
  0.087312;0.341247;-0.016288;,
  0.078123;0.420581;0.036537;,
  0.059467;0.271533;-0.064801;,
  0.057213;0.010644;-0.155362;,
  0.010652;-0.008965;-0.122503;,
  0.013449;0.016011;-0.164357;,
  0.045070;-0.011803;-0.117769;,
  0.038318;0.234478;-0.130860;,
  0.067311;0.153654;-0.117838;,
  0.035634;0.161377;-0.142691;,
  0.072194;0.227270;-0.106050;,
  0.056886;0.074377;-0.127013;,
  0.037075;0.084551;-0.153433;,
  -0.001148;0.212274;-0.107325;,
  0.009837;0.154279;-0.073084;,
  0.005566;0.216591;-0.052161;,
  0.008448;0.154224;-0.115889;,
  0.024693;0.078296;-0.101683;,
  0.020299;0.070794;-0.136461;,
  0.071566;0.152387;-0.079550;,
  0.077408;0.223216;-0.057053;,
  0.048733;0.082159;-0.100591;,
  0.080275;0.494821;0.006989;,
  -0.014594;0.475434;-0.038434;,
  -0.005839;0.463513;-0.024362;,
  -0.013373;0.443727;-0.018957;,
  0.086738;0.498585;0.061097;,
  0.038992;0.501979;0.089216;,
  0.079616;0.439223;0.052432;,
  0.036585;0.444939;0.081028;,
  0.039362;0.594783;0.058121;,
  0.074633;0.638612;0.052534;,
  0.086329;0.643749;0.035746;,
  0.060773;0.599221;-0.018617;,
  0.080168;0.649336;-0.017583;,
  0.070239;0.595111;0.031461;,
  0.045984;0.649862;-0.053395;,
  0.036660;0.596732;-0.047102;,
  -0.010421;0.653689;-0.059931;,
  -0.012387;0.593481;-0.050109;,
  0.119067;0.695202;-0.012838;,
  0.140748;0.650563;-0.002727;,
  0.065789;0.691339;-0.006345;,
  0.104658;0.597303;0.027854;,
  0.083599;0.633012;0.001258;,
  0.151387;0.609194;0.022918;,
  0.069159;0.690274;0.054478;,
  0.083599;0.633012;0.001258;,
  0.084901;0.643188;0.066529;,
  0.109219;0.578758;0.060021;,
  0.104658;0.597303;0.027854;,
  0.077070;0.694649;0.061312;,
  0.142073;0.661065;0.062576;,
  0.119964;0.704444;0.052449;,
  0.155851;0.590344;0.054975;,
  0.126571;0.702541;0.015199;,
  0.149123;0.629624;0.012569;,
  0.094068;0.618679;-0.043671;,
  0.092978;0.618289;0.016998;,
  0.130007;0.626143;-0.043927;,
  0.097391;0.618458;-0.086440;,
  0.116883;0.619195;-0.091660;,
  0.092978;0.618289;0.016998;,
  0.113197;0.564809;-0.041211;,
  0.105268;0.557035;0.022993;,
  0.094068;0.618679;-0.043671;,
  0.099483;0.583473;-0.086170;,
  0.097391;0.618458;-0.086440;,
  0.140714;0.570883;-0.041119;,
  0.161047;0.568510;0.018586;,
  0.122000;0.582812;-0.091412;,
  0.114967;0.632050;-0.208721;,
  0.086458;0.611544;-0.163737;,
  0.119852;0.636577;-0.187756;,
  0.082098;0.607317;-0.184576;,
  0.146084;0.644399;-0.148419;,
  0.150529;0.636205;-0.162331;,
  0.144617;0.645049;-0.159520;,
  0.155768;0.637893;-0.148513;,
  0.077873;0.601635;-0.122883;,
  0.129243;0.618568;-0.149707;,
  0.086465;0.588480;-0.156780;,
  0.114032;0.635756;-0.123591;,
  0.099264;0.574167;-0.162205;,
  0.102296;0.573385;-0.116809;,
  0.140690;0.608426;-0.116512;,
  0.140515;0.602908;-0.154627;,
  0.096581;0.752618;0.036377;,
  0.106456;0.752614;0.008150;,
  0.067762;0.767633;0.028517;,
  0.069691;0.763086;0.004258;,
  0.084375;0.683587;0.063963;,
  0.039397;0.787863;0.001781;,
  0.100210;0.736972;-0.014033;,
  0.076115;0.724881;-0.021239;,
  0.069506;0.744674;-0.017804;,
  0.092448;0.710856;-0.013940;,
  0.087439;0.726065;0.063224;,
  0.047568;0.720649;0.076778;,
  0.090425;0.729836;0.059831;,
  -0.010502;0.718917;0.074983;,
  -0.004820;0.772736;0.048943;,
  0.072047;0.766969;0.056347;,
  0.090425;0.729836;0.059831;,
  0.078803;0.705942;0.005594;,
  0.089598;0.718793;0.050506;,
  0.065789;0.691339;-0.006345;,
  0.087992;0.680636;0.032090;,
  0.082715;0.678078;-0.002665;,
  0.083466;0.714648;-0.023966;,
  0.092646;0.683038;0.048223;,
  0.114032;0.635756;-0.123591;,
  0.038523;0.815658;-0.007389;,
  0.028641;0.822988;0.012312;,
  -0.001217;0.799512;0.028619;,
  0.002450;0.827962;0.018638;,
  0.140515;0.602908;-0.154627;,
  0.114967;0.632050;-0.208721;,
  0.082098;0.607317;-0.184576;,
  0.133765;0.637656;-0.134242;,
  0.151699;0.620079;-0.140595;,
  0.133765;0.637656;-0.134242;,
  0.131491;0.634254;-0.151564;,
  0.139898;0.611934;-0.157635;,
  0.139898;0.611934;-0.157635;,
  0.146084;0.644399;-0.148419;,
  0.155768;0.637893;-0.148513;,
  0.150529;0.636205;-0.162331;,
  0.076117;0.067428;-0.208560;,
  0.053706;0.073936;-0.261853;,
  0.051203;0.086380;-0.246419;,
  0.082800;0.052007;-0.224943;,
  0.008722;0.025432;-0.114994;,
  0.013449;0.016011;-0.164357;,
  0.010652;-0.008965;-0.122503;,
  0.012517;0.038862;-0.153958;,
  0.024693;0.078296;-0.101683;,
  0.049774;0.024779;-0.107975;,
  0.048733;0.082159;-0.100591;,
  0.057213;0.010644;-0.155362;,
  0.045070;-0.011803;-0.117769;,
  0.058757;0.041838;-0.139452;,
  0.037075;0.084551;-0.153433;,
  0.056886;0.074377;-0.127013;,
  0.022357;0.080837;-0.243027;,
  0.017516;0.071643;-0.257968;,
  0.082800;0.052007;-0.224943;,
  0.017516;0.071643;-0.257968;,
  -0.003888;0.373380;-0.067850;,
  0.012153;0.282233;-0.101080;,
  -0.001148;0.212274;-0.107325;,
  0.008448;0.154224;-0.115889;,
  0.020299;0.070794;-0.136461;,
  0.020299;0.070794;-0.136461;,
  -0.008974;0.439727;0.032700;,
  0.049761;0.818328;-0.028133;,
  0.032240;0.806784;-0.044982;,
  0.041170;0.813240;-0.047129;,
  0.031150;0.808403;-0.023906;,
  0.042062;0.839155;-0.006110;,
  0.034146;0.850554;0.013637;,
  0.023332;0.955213;-0.050266;,
  0.003651;0.945352;-0.076687;,
  0.003651;0.959794;-0.050560;,
  0.037568;0.885129;-0.091908;,
  0.020609;0.883535;-0.098435;,
  0.033900;0.914012;-0.085986;,
  0.047049;0.833173;-0.052090;,
  0.055087;0.846188;-0.026573;,
  0.048193;0.830295;-0.020184;,
  0.056211;0.882433;-0.012122;,
  0.056687;0.890604;-0.035253;,
  0.047305;0.922218;-0.070243;,
  0.055971;0.926747;-0.044079;,
  0.052454;0.884064;-0.061364;,
  0.053604;0.887540;0.003673;,
  0.042768;0.897367;0.023274;,
  0.003651;0.899226;0.034328;,
  0.036507;0.942764;0.007393;,
  0.003651;0.945531;0.017432;,
  0.052928;0.861549;-0.058470;,
  0.037693;0.822448;-0.065084;,
  0.038493;0.854543;-0.081271;,
  0.023153;0.796988;-0.074747;,
  0.003651;0.792456;-0.062675;,
  0.003651;0.792752;-0.083814;,
  0.029409;0.934028;-0.078808;,
  0.043013;0.944990;-0.049022;,
  0.051652;0.938551;-0.011204;,
  0.038118;0.955134;-0.021388;,
  0.020885;0.961148;-0.015485;,
  0.003651;0.963573;-0.013350;,
  0.003651;0.859957;0.025834;,
  0.051652;0.938551;-0.011204;,
  0.038118;0.955134;-0.021388;,
  0.061344;0.848826;-0.027425;,
  0.066869;0.895715;-0.021403;,
  0.071929;0.877450;-0.011692;,
  0.059755;0.876747;-0.024943;,
  0.071929;0.877450;-0.011692;,
  0.061344;0.848826;-0.027425;,
  0.066869;0.895715;-0.021403;,
  0.056687;0.890604;-0.035253;,
  0.057193;0.865889;-0.039974;,
  0.055087;0.846188;-0.026573;,
  0.038205;0.876724;-0.083091;,
  0.057193;0.865889;-0.039974;,
  0.039397;0.787863;0.001781;,
  0.038523;0.815658;-0.007389;,
  0.069691;0.763086;0.004258;,
  0.042062;0.839155;-0.006110;,
  0.002217;0.766101;-0.031981;,
  0.001405;0.743195;-0.038358;,
  -0.014805;0.536922;-0.051218;,
  -0.002895;0.499950;0.093039;,
  -0.003160;0.465754;0.095717;,
  -0.008338;0.424411;0.068037;,
  0.004283;0.791099;-0.044441;,
  -0.008974;0.439727;0.032700;,
  0.020885;0.961148;-0.015485;,
  0.003651;0.963573;-0.013350;,
  0.023770;0.828042;-0.082431;,
  0.016233;0.850185;-0.091072;,
  0.016425;0.840544;-0.090593;,
  0.003651;0.934987;-0.088200;,
  0.003651;0.912243;-0.099605;,
  0.018526;0.875325;-0.088548;,
  -0.007853;0.595403;0.062012;,
  0.069691;0.763086;0.004258;,
  0.053706;0.073936;-0.261853;,
  0.015508;0.818952;-0.088495;,
  0.023175;0.821496;-0.081708;,
  0.015324;0.824008;-0.085251;,
  0.003651;0.839203;-0.095510;,
  0.003651;0.847036;-0.105478;,
  0.015071;0.827580;-0.090335;,
  0.003651;0.824271;-0.085788;,
  0.003651;0.817110;-0.091109;,
  0.003651;0.881940;-0.104962;,
  0.003651;0.872850;-0.100401;,
  0.089598;0.718793;0.050506;,
  0.003651;0.827393;-0.094066;,
  0.073193;0.709435;0.021938;,
  0.078803;0.705942;0.005594;,
  0.083466;0.714648;-0.023966;,
  0.053604;0.887540;0.003673;,
  0.038318;0.234478;-0.130860;,
  0.007952;0.154095;-0.125719;,
  -0.005114;0.230047;-0.120202;,
  0.035634;0.161377;-0.142691;,
  0.036440;0.299358;-0.140579;,
  -0.006230;0.289155;-0.125019;,
  0.041487;0.385022;-0.094737;,
  -0.009799;0.373183;-0.081990;,
  0.041258;0.467102;-0.044245;,
  -0.006739;0.455566;-0.048886;,
  0.027309;0.484385;-0.031558;,
  0.010416;0.082598;-0.133076;,
  0.037075;0.084551;-0.153433;,
  0.018513;0.146347;-0.050630;,
  0.014691;0.121946;-0.011510;,
  0.020544;0.078996;-0.067682;,
  0.010212;0.181490;0.010015;,
  0.004600;0.239392;0.025913;,
  0.011088;0.212083;-0.039379;,
  0.003820;0.289162;0.049109;,
  0.014140;0.258092;-0.033066;,
  0.008852;0.332323;0.012074;,
  -0.002984;0.362848;0.066312;,
  -0.002362;0.438504;0.093355;,
  0.073193;0.709435;0.021938;,
  -0.067326;0.757575;-0.033279;,
  -0.032212;0.749673;-0.032560;,
  -0.077137;0.738241;-0.037829;,
  -0.026765;0.778532;-0.015640;,
  -0.084596;0.725113;-0.039349;,
  -0.057097;0.686676;-0.055459;,
  -0.095017;0.690579;-0.026377;,
  -0.040098;0.719199;-0.050667;,
  -0.029902;0.799083;0.021540;,
  -0.082505;0.778056;0.040953;,
  -0.051640;0.779961;0.050194;,
  -0.072271;0.781332;0.011442;,
  -0.089664;0.546724;0.049226;,
  -0.047763;0.554859;0.063057;,
  -0.083204;0.555096;0.043803;,
  -0.046377;0.545507;0.070372;,
  -0.082793;0.548900;-0.012000;,
  -0.094056;0.524950;0.012129;,
  -0.057753;0.540205;-0.044152;,
  -0.082244;0.496836;-0.014255;,
  -0.054425;0.485570;-0.024506;,
  -0.005028;0.552121;0.059542;,
  -0.004530;0.540650;0.067241;,
  -0.060453;0.644746;0.069939;,
  -0.010341;0.682501;0.080589;,
  -0.066678;0.687358;0.073252;,
  -0.008612;0.643709;0.074117;,
  -0.068785;0.447017;-0.021409;,
  -0.103957;0.347000;0.016696;,
  -0.099647;0.448020;0.018642;,
  -0.069070;0.348608;-0.015486;,
  -0.063894;0.244512;-0.007654;,
  -0.088935;0.256348;0.035230;,
  -0.017845;0.451685;-0.005254;,
  -0.018427;0.357188;0.080834;,
  -0.019232;0.352130;0.005037;,
  -0.016257;0.440563;0.088994;,
  -0.032652;0.272819;0.063431;,
  -0.032814;0.256762;0.026623;,
  -0.098251;0.352723;0.080961;,
  -0.088671;0.436415;0.078305;,
  -0.073322;0.273270;0.066602;,
  -0.059917;0.081351;0.241464;,
  -0.015117;0.113088;0.266320;,
  -0.049747;0.116207;0.268782;,
  -0.015728;0.074659;0.236216;,
  -0.057293;0.205594;0.052253;,
  -0.075612;0.171004;0.129780;,
  -0.086826;0.223140;0.077452;,
  -0.048310;0.153810;0.104489;,
  -0.058609;0.117866;0.185150;,
  -0.041205;0.097823;0.163103;,
  -0.013042;0.210434;0.077210;,
  -0.013381;0.205556;0.145273;,
  -0.017371;0.170478;0.121029;,
  -0.013212;0.258284;0.105795;,
  -0.025051;0.141656;0.190519;,
  -0.022394;0.109004;0.185204;,
  -0.074875;0.201749;0.153016;,
  -0.085394;0.261078;0.109123;,
  -0.049322;0.144955;0.189191;,
  -0.099685;0.497432;0.022516;,
  -0.017845;0.451685;-0.005254;,
  -0.096675;0.501246;0.076922;,
  -0.044741;0.503194;0.096441;,
  -0.089684;0.450761;0.081275;,
  -0.042926;0.457748;0.098383;,
  -0.055192;0.597342;0.061736;,
  -0.092005;0.644904;0.052076;,
  -0.103169;0.650905;0.035226;,
  -0.082316;0.603093;-0.013147;,
  -0.088020;0.599393;0.037511;,
  -0.096445;0.656005;-0.018067;,
  -0.062281;0.653951;-0.053692;,
  -0.060748;0.599367;-0.043378;,
  -0.119763;0.712347;-0.038364;,
  -0.073024;0.708391;-0.011992;,
  -0.149097;0.672626;-0.027108;,
  -0.131318;0.626339;0.022812;,
  -0.171688;0.638541;-0.001140;,
  -0.099632;0.654668;0.001539;,
  -0.097449;0.723163;0.041833;,
  -0.122253;0.681367;0.057584;,
  -0.099632;0.654668;0.001539;,
  -0.151534;0.620657;0.059527;,
  -0.131318;0.626339;0.022812;,
  -0.106618;0.729430;0.044084;,
  -0.171708;0.699648;0.028884;,
  -0.142132;0.738133;0.018057;,
  -0.191834;0.632561;0.035622;,
  -0.135552;0.726928;-0.017525;,
  -0.163903;0.647794;-0.017077;,
  -0.101521;0.605440;-0.042145;,
  -0.133522;0.615450;-0.057081;,
  -0.114772;0.634392;0.009510;,
  -0.091698;0.581832;-0.072503;,
  -0.110648;0.585444;-0.090543;,
  -0.114772;0.634392;0.009510;,
  -0.133072;0.561771;-0.022872;,
  -0.101521;0.605440;-0.042145;,
  -0.142513;0.584971;0.037025;,
  -0.115948;0.551966;-0.064158;,
  -0.091698;0.581832;-0.072503;,
  -0.157556;0.569887;-0.034220;,
  -0.191313;0.598452;0.010566;,
  -0.126859;0.554220;-0.076902;,
  -0.013303;0.511951;-0.102561;,
  -0.069001;0.505624;-0.091864;,
  -0.055483;0.490036;-0.098602;,
  -0.026611;0.528119;-0.095825;,
  -0.025958;0.561839;-0.121170;,
  -0.031327;0.550153;-0.131897;,
  -0.030671;0.565003;-0.131362;,
  -0.024065;0.551073;-0.123681;,
  -0.094431;0.530473;-0.070679;,
  -0.055400;0.552968;-0.110876;,
  -0.063049;0.567800;-0.080374;,
  -0.079804;0.508294;-0.096947;,
  -0.084326;0.506489;-0.116297;,
  -0.114722;0.537142;-0.101908;,
  -0.082961;0.576922;-0.112437;,
  -0.061498;0.549933;-0.129587;,
  -0.103154;0.776003;0.010948;,
  -0.105103;0.777334;-0.018868;,
  -0.072271;0.781332;0.011442;,
  -0.068396;0.776996;-0.011952;,
  -0.102180;0.693066;0.054134;,
  -0.037576;0.792564;-0.005298;,
  -0.097312;0.759235;-0.039279;,
  -0.077137;0.738241;-0.037829;,
  -0.095282;0.730551;-0.036175;,
  -0.067326;0.757575;-0.033279;,
  -0.104225;0.740278;0.045272;,
  -0.106171;0.744637;0.041272;,
  -0.067290;0.727663;0.066214;,
  -0.010502;0.718917;0.074983;,
  -0.004820;0.772736;0.048943;,
  -0.082505;0.778056;0.040953;,
  -0.106171;0.744637;0.041272;,
  -0.087825;0.717994;-0.010471;,
  -0.073024;0.708391;-0.011992;,
  -0.105716;0.734242;0.031684;,
  -0.102818;0.690331;0.022037;,
  -0.094322;0.687073;-0.011992;,
  -0.084596;0.725113;-0.039349;,
  -0.108806;0.693273;0.037609;,
  -0.063049;0.567800;-0.080374;,
  -0.031649;0.818009;-0.010929;,
  -0.023272;0.824727;0.009693;,
  -0.001217;0.799512;0.028619;,
  0.002450;0.827962;0.018638;,
  -0.061498;0.549933;-0.129587;,
  -0.013303;0.511951;-0.102561;,
  -0.055483;0.490036;-0.098602;,
  -0.036533;0.569849;-0.106261;,
  -0.049822;0.569652;-0.128494;,
  -0.036533;0.569849;-0.106261;,
  -0.037889;0.552776;-0.111106;,
  -0.057448;0.548938;-0.125543;,
  -0.057448;0.548938;-0.125543;,
  -0.025958;0.561839;-0.121170;,
  -0.030671;0.565003;-0.131362;,
  -0.031327;0.550153;-0.131897;,
  -0.075456;0.035134;0.177948;,
  -0.050868;-0.016082;0.165417;,
  -0.081855;0.016705;0.190999;,
  -0.048677;0.000880;0.155084;,
  -0.012691;0.124953;0.233205;,
  -0.015728;0.074659;0.236216;,
  -0.014675;0.087892;0.214888;,
  -0.015117;0.113088;0.266320;,
  -0.025051;0.141656;0.190519;,
  -0.053987;0.130380;0.233604;,
  -0.049322;0.144955;0.189191;,
  -0.059917;0.081351;0.241464;,
  -0.061359;0.101017;0.212485;,
  -0.049747;0.116207;0.268782;,
  -0.041205;0.097823;0.163103;,
  -0.058609;0.117866;0.185150;,
  -0.020118;0.004561;0.161801;,
  -0.014916;-0.011244;0.169175;,
  -0.081855;0.016705;0.190999;,
  -0.014916;-0.011244;0.169175;,
  -0.019232;0.352130;0.005037;,
  -0.032814;0.256762;0.026623;,
  -0.013042;0.210434;0.077210;,
  -0.017371;0.170478;0.121029;,
  -0.022394;0.109004;0.185204;,
  -0.022394;0.109004;0.185204;,
  -0.042458;0.818327;-0.028133;,
  -0.024937;0.806784;-0.044982;,
  -0.023207;0.810223;-0.026648;,
  -0.033867;0.813240;-0.047129;,
  -0.034760;0.839155;-0.006110;,
  -0.026843;0.850554;0.013637;,
  -0.016030;0.955213;-0.050266;,
  0.003651;0.959794;-0.050560;,
  -0.030266;0.885129;-0.091908;,
  -0.026598;0.914012;-0.085986;,
  -0.013307;0.883534;-0.098435;,
  -0.039747;0.833173;-0.052089;,
  -0.047785;0.846188;-0.026573;,
  -0.040890;0.830295;-0.020184;,
  -0.048909;0.882433;-0.012122;,
  -0.049385;0.890604;-0.035253;,
  -0.040003;0.922218;-0.070242;,
  -0.045152;0.884063;-0.061364;,
  -0.048668;0.926747;-0.044079;,
  -0.046301;0.887540;0.003673;,
  -0.035465;0.897367;0.023274;,
  0.003651;0.899226;0.034328;,
  -0.029205;0.942764;0.007393;,
  0.003651;0.945531;0.017432;,
  -0.045626;0.861549;-0.058470;,
  -0.031191;0.854543;-0.081270;,
  -0.030390;0.822448;-0.065084;,
  -0.015851;0.796988;-0.074747;,
  -0.022107;0.934028;-0.078808;,
  -0.035710;0.944990;-0.049022;,
  -0.044350;0.938551;-0.011204;,
  -0.030816;0.955134;-0.021388;,
  0.003651;0.963573;-0.013350;,
  -0.013582;0.961148;-0.015485;,
  0.003651;0.859957;0.025834;,
  -0.044350;0.938551;-0.011204;,
  -0.030816;0.955134;-0.021388;,
  -0.054042;0.848826;-0.027425;,
  -0.059567;0.895715;-0.021403;,
  -0.052453;0.876747;-0.024943;,
  -0.064626;0.877449;-0.011692;,
  -0.064626;0.877449;-0.011692;,
  -0.054042;0.848826;-0.027425;,
  -0.059567;0.895715;-0.021403;,
  -0.049385;0.890604;-0.035253;,
  -0.049891;0.865889;-0.039974;,
  -0.047785;0.846188;-0.026573;,
  -0.030903;0.876724;-0.083091;,
  -0.049891;0.865889;-0.039974;,
  -0.037576;0.792564;-0.005298;,
  -0.031649;0.818009;-0.010929;,
  -0.068396;0.776996;-0.011952;,
  -0.034760;0.839155;-0.006110;,
  -0.002895;0.499950;0.093039;,
  -0.003160;0.465754;0.095717;,
  -0.008338;0.424411;0.068037;,
  -0.008974;0.439727;0.032700;,
  -0.013582;0.961148;-0.015485;,
  0.003651;0.963573;-0.013350;,
  -0.016468;0.828041;-0.082431;,
  -0.008931;0.850185;-0.091072;,
  -0.009123;0.840544;-0.090593;,
  -0.011223;0.875325;-0.088548;,
  -0.007853;0.595403;0.062012;,
  -0.068396;0.776996;-0.011952;,
  -0.050868;-0.016082;0.165417;,
  -0.015873;0.821496;-0.081708;,
  -0.008206;0.818952;-0.088495;,
  -0.008021;0.824008;-0.085251;,
  -0.007769;0.827580;-0.090335;,
  -0.105716;0.734242;0.031684;,
  -0.084958;0.721233;0.006953;,
  -0.087825;0.717994;-0.010471;,
  -0.084596;0.725113;-0.039349;,
  -0.046301;0.887540;0.003673;,
  -0.030537;0.202543;-0.018259;,
  -0.017568;0.144492;-0.068310;,
  -0.029605;0.137112;0.016086;,
  -0.022025;0.218427;-0.075774;,
  -0.039850;0.256659;-0.041441;,
  -0.026448;0.272269;-0.083346;,
  -0.026500;0.350434;-0.036202;,
  -0.019093;0.354813;-0.059726;,
  -0.021045;0.437869;-0.034099;,
  -0.013527;0.437061;-0.040833;,
  -0.014594;0.475434;-0.038434;,
  -0.054425;0.485570;-0.024506;,
  -0.015095;0.081030;-0.065337;,
  -0.024441;0.073890;0.042942;,
  -0.002136;0.156877;0.190950;,
  -0.074875;0.201749;0.153016;,
  -0.049308;0.144956;0.189190;,
  -0.012159;0.211343;0.148430;,
  -0.085394;0.261078;0.109123;,
  -0.019939;0.265036;0.120280;,
  -0.022861;0.285663;0.092310;,
  -0.073322;0.273270;0.066602;,
  -0.098251;0.352723;0.080961;,
  -0.015394;0.358307;0.098039;,
  -0.003160;0.465754;0.095717;,
  -0.042926;0.457748;0.098383;,
  -0.084958;0.721233;0.006953;,
  -0.068785;0.447017;-0.021409;,
  -0.069070;0.348608;-0.015486;,
  -0.063894;0.244512;-0.007654;,
  -0.057293;0.205594;0.052253;,
  -0.048310;0.153810;0.104489;,
  -0.041205;0.097823;0.163103;,
  0.087312;0.341247;-0.016288;,
  0.036585;0.444939;0.081028;,
  0.078123;0.420581;0.036537;,
  0.059467;0.271533;-0.064801;,
  0.077408;0.223216;-0.057053;,
  0.071566;0.152387;-0.079550;,
  0.048733;0.082158;-0.100591;,
  -0.088671;0.436416;0.078305;;
  916;
  3;0,1,2;,
  3;1,0,3;,
  3;4,5,6;,
  3;5,4,7;,
  3;8,9,10;,
  3;9,8,11;,
  3;12,13,14;,
  3;13,12,15;,
  3;16,12,17;,
  3;12,16,15;,
  3;18,19,20;,
  3;19,18,16;,
  3;6,21,22;,
  3;21,6,5;,
  3;14,23,24;,
  3;23,14,13;,
  3;25,26,27;,
  3;26,25,28;,
  3;29,30,31;,
  3;30,29,32;,
  3;30,33,31;,
  3;33,30,34;,
  3;35,36,37;,
  3;36,35,38;,
  3;38,39,36;,
  3;39,38,40;,
  3;37,41,42;,
  3;41,37,36;,
  3;36,43,41;,
  3;43,36,39;,
  3;42,30,32;,
  3;30,42,41;,
  3;41,34,30;,
  3;34,41,43;,
  3;44,45,46;,
  3;45,44,47;,
  3;48,49,50;,
  3;49,48,51;,
  3;50,52,53;,
  3;52,50,49;,
  3;54,55,56;,
  3;55,54,57;,
  3;57,58,55;,
  3;58,57,59;,
  3;56,60,61;,
  3;60,56,55;,
  3;55,62,60;,
  3;62,55,58;,
  3;61,49,51;,
  3;49,61,60;,
  3;60,52,49;,
  3;52,60,62;,
  3;32,19,63;,
  3;19,32,29;,
  3;64,65,66;,
  3;65,64,20;,
  3;14,67,12;,
  3;67,14,68;,
  3;68,69,67;,
  3;69,68,70;,
  3;70,42,69;,
  3;42,70,37;,
  3;48,34,51;,
  3;34,48,33;,
  3;51,43,61;,
  3;43,51,34;,
  3;43,56,61;,
  3;56,43,39;,
  3;39,54,56;,
  3;54,39,40;,
  3;12,63,17;,
  3;63,12,67;,
  3;67,32,63;,
  3;32,67,69;,
  3;69,42,32;,
  3;71,72,25;,
  3;73,74,75;,
  3;74,73,76;,
  3;74,77,75;,
  3;77,74,78;,
  3;79,78,80;,
  3;78,79,77;,
  3;81,82,83;,
  3;82,84,85;,
  3;84,82,86;,
  3;87,88,89;,
  3;88,90,89;,
  3;90,88,91;,
  3;92,93,94;,
  3;92,89,93;,
  3;92,87,89;,
  3;89,95,93;,
  3;95,89,90;,
  3;96,93,82;,
  3;93,86,82;,
  3;86,93,95;,
  3;97,98,99;,
  3;98,97,100;,
  3;100,101,98;,
  3;101,100,102;,
  3;103,104,105;,
  3;104,103,106;,
  3;106,107,104;,
  3;107,106,108;,
  3;105,109,110;,
  3;109,105,104;,
  3;104,111,109;,
  3;111,104,107;,
  3;110,100,97;,
  3;100,110,109;,
  3;109,102,100;,
  3;102,109,111;,
  3;112,113,114;,
  3;113,112,115;,
  3;116,117,118;,
  3;117,116,119;,
  3;120,121,122;,
  3;121,120,123;,
  3;120,124,125;,
  3;124,120,122;,
  3;126,124,127;,
  3;124,126,125;,
  3;95,97,86;,
  3;97,95,110;,
  3;86,99,84;,
  3;99,86,97;,
  3;90,103,105;,
  3;103,90,91;,
  3;105,95,90;,
  3;95,105,110;,
  3;128,96,129;,
  3;96,128,94;,
  3;129,130,128;,
  3;130,129,131;,
  3;72,28,25;,
  3;28,72,132;,
  3;10,133,8;,
  3;134,135,136;,
  3;135,134,137;,
  3;81,137,134;,
  3;138,11,139;,
  3;138,9,11;,
  3;138,140,9;,
  3;141,11,142;,
  3;11,141,139;,
  3;128,130,143;,
  3;94,144,92;,
  3;94,143,144;,
  3;94,128,143;,
  3;145,87,146;,
  3;87,145,147;,
  3;75,148,73;,
  3;148,75,149;,
  3;150,147,145;,
  3;7,149,75;,
  3;148,151,73;,
  3;102,152,101;,
  3;152,102,126;,
  3;102,125,126;,
  3;125,102,111;,
  3;111,120,125;,
  3;120,111,107;,
  3;120,108,123;,
  3;108,120,107;,
  3;8,153,154;,
  3;153,8,133;,
  3;154,155,8;,
  3;155,154,156;,
  3;122,114,113;,
  3;114,122,121;,
  3;121,112,114;,
  3;112,121,157;,
  3;158,124,159;,
  3;124,158,127;,
  3;159,122,113;,
  3;122,159,124;,
  3;126,160,152;,
  3;160,126,161;,
  3;162,121,123;,
  3;121,162,163;,
  3;121,164,157;,
  3;164,121,163;,
  3;165,126,127;,
  3;126,165,161;,
  3;161,166,160;,
  3;166,161,167;,
  3;162,118,163;,
  3;118,162,116;,
  3;163,117,164;,
  3;117,163,118;,
  3;165,167,161;,
  3;167,165,168;,
  3;169,170,171;,
  3;170,169,172;,
  3;173,174,175;,
  3;174,173,176;,
  3;177,178,179;,
  3;178,177,173;,
  3;180,178,181;,
  3;178,180,182;,
  3;183,169,171;,
  3;169,183,184;,
  3;174,185,186;,
  3;185,174,176;,
  3;46,187,44;,
  3;187,46,188;,
  3;180,169,182;,
  3;169,180,172;,
  3;20,29,65;,
  3;19,29,20;,
  3;29,31,189;,
  3;31,190,189;,
  3;190,31,33;,
  3;33,191,190;,
  3;191,33,48;,
  3;191,50,192;,
  3;50,191,48;,
  3;192,53,193;,
  3;53,192,50;,
  3;194,171,185;,
  3;171,194,183;,
  3;171,186,185;,
  3;186,171,170;,
  3;185,176,194;,
  3;194,173,177;,
  3;173,194,176;,
  3;178,175,181;,
  3;175,178,173;,
  3;179,182,184;,
  3;182,179,178;,
  3;182,169,184;,
  3;16,17,19;,
  3;17,63,19;,
  3;65,195,66;,
  3;196,197,198;,
  3;197,196,199;,
  3;200,154,153;,
  3;154,200,201;,
  3;202,203,204;,
  3;205,206,207;,
  3;196,208,209;,
  3;208,196,198;,
  3;210,209,211;,
  3;209,210,196;,
  3;212,213,214;,
  3;213,212,215;,
  3;212,214,211;,
  3;201,216,217;,
  3;216,201,200;,
  3;218,219,220;,
  3;219,218,217;,
  3;210,199,196;,
  3;213,205,207;,
  3;221,222,223;,
  3;198,197,224;,
  3;224,225,226;,
  3;225,224,197;,
  3;227,213,207;,
  3;228,229,214;,
  3;229,228,230;,
  3;220,231,232;,
  3;213,228,214;,
  3;156,201,233;,
  3;201,156,154;,
  3;233,217,218;,
  3;217,233,201;,
  3;219,217,234;,
  3;235,219,234;,
  3;236,237,238;,
  3;237,236,239;,
  3;209,240,211;,
  3;240,209,241;,
  3;211,242,212;,
  3;242,211,240;,
  3;243,239,244;,
  3;239,243,237;,
  3;244,236,245;,
  3;236,244,239;,
  3;246,221,223;,
  3;221,246,215;,
  3;221,212,247;,
  3;212,221,215;,
  3;199,248,2;,
  3;248,199,249;,
  3;133,10,250;,
  3;249,210,251;,
  3;210,249,199;,
  3;210,211,251;,
  3;252,1,253;,
  3;1,252,2;,
  3;20,254,18;,
  3;254,20,64;,
  3;24,68,14;,
  3;68,24,255;,
  3;68,256,70;,
  3;256,68,255;,
  3;256,37,70;,
  3;37,256,257;,
  3;258,2,252;,
  3;2,258,199;,
  3;257,259,37;,
  3;37,259,35;,
  3;260,204,261;,
  3;204,260,202;,
  3;262,263,223;,
  3;263,262,264;,
  3;197,258,225;,
  3;258,197,199;,
  3;265,203,227;,
  3;265,207,266;,
  3;207,265,227;,
  3;223,267,246;,
  3;267,223,263;,
  3;88,87,147;,
  3;83,82,85;,
  3;78,16,18;,
  3;16,78,74;,
  3;74,15,16;,
  3;15,74,76;,
  3;15,71,13;,
  3;71,15,76;,
  3;13,268,23;,
  3;268,13,71;,
  3;248,269,2;,
  3;2,269,0;,
  3;136,129,134;,
  3;129,136,131;,
  3;134,96,81;,
  3;96,134,129;,
  3;96,82,81;,
  3;93,96,94;,
  3;29,189,65;,
  3;205,215,246;,
  3;267,205,246;,
  3;205,267,206;,
  3;205,213,215;,
  3;187,188,270;,
  3;224,271,272;,
  3;222,221,208;,
  3;224,222,198;,
  3;272,273,262;,
  3;273,272,271;,
  3;263,274,275;,
  3;273,276,262;,
  3;277,271,278;,
  3;271,277,273;,
  3;222,272,262;,
  3;272,222,224;,
  3;222,208,198;,
  3;209,221,247;,
  3;221,209,208;,
  3;223,222,262;,
  3;266,206,279;,
  3;206,266,207;,
  3;206,280,279;,
  3;280,206,267;,
  3;280,263,275;,
  3;263,280,267;,
  3;264,262,276;,
  3;76,73,72;,
  3;138,281,140;,
  3;73,132,72;,
  3;132,73,151;,
  3;72,71,76;,
  3;271,226,278;,
  3;155,11,8;,
  3;276,277,282;,
  3;277,276,273;,
  3;274,276,282;,
