xof 0303txt 0032
template ColorRGBA {
 <35ff44e0-6c7c-11cf-8f52-0040333594a3>
 FLOAT red;
 FLOAT green;
 FLOAT blue;
 FLOAT alpha;
}

template ColorRGB {
 <d3e16e81-7835-11cf-8f52-0040333594a3>
 FLOAT red;
 FLOAT green;
 FLOAT blue;
}

template Material {
 <3d82ab4d-62da-11cf-ab39-0020af71e433>
 ColorRGBA faceColor;
 FLOAT power;
 ColorRGB specularColor;
 ColorRGB emissiveColor;
 [...]
}

template TextureFilename {
 <a42790e1-7810-11cf-8f52-0040333594a3>
 STRING filename;
}

template Frame {
 <3d82ab46-62da-11cf-ab39-0020af71e433>
 [...]
}

template Matrix4x4 {
 <f6f23f45-7686-11cf-8f52-0040333594a3>
 array FLOAT matrix[16];
}

template FrameTransformMatrix {
 <f6f23f41-7686-11cf-8f52-0040333594a3>
 Matrix4x4 frameMatrix;
}

template Vector {
 <3d82ab5e-62da-11cf-ab39-0020af71e433>
 FLOAT x;
 FLOAT y;
 FLOAT z;
}

template MeshFace {
 <3d82ab5f-62da-11cf-ab39-0020af71e433>
 DWORD nFaceVertexIndices;
 array DWORD faceVertexIndices[nFaceVertexIndices];
}

template Mesh {
 <3d82ab44-62da-11cf-ab39-0020af71e433>
 DWORD nVertices;
 array Vector vertices[nVertices];
 DWORD nFaces;
 array MeshFace faces[nFaces];
 [...]
}

template MeshMaterialList {
 <f6f23f42-7686-11cf-8f52-0040333594a3>
 DWORD nMaterials;
 DWORD nFaceIndexes;
 array DWORD faceIndexes[nFaceIndexes];
 [Material <3d82ab4d-62da-11cf-ab39-0020af71e433>]
}

template VertexElement {
 <f752461c-1e23-48f6-b9f8-8350850f336f>
 DWORD Type;
 DWORD Method;
 DWORD Usage;
 DWORD UsageIndex;
}

template DeclData {
 <bf22e553-292c-4781-9fea-62bd554bdd93>
 DWORD nElements;
 array VertexElement Elements[nElements];
 DWORD nDWords;
 array DWORD data[nDWords];
}

template XSkinMeshHeader {
 <3cf169ce-ff7c-44ab-93c0-f78f62d172e2>
 WORD nMaxSkinWeightsPerVertex;
 WORD nMaxSkinWeightsPerFace;
 WORD nBones;
}

template SkinWeights {
 <6f0d123b-bad2-4167-a0d0-80224f25fabb>
 STRING transformNodeName;
 DWORD nWeights;
 array DWORD vertexIndices[nWeights];
 array FLOAT weights[nWeights];
 Matrix4x4 matrixOffset;
}

template AnimTicksPerSecond {
 <9e415a43-7ba6-4a73-8743-b73d47e88476>
 DWORD AnimTicksPerSecond;
}

template Animation {
 <3d82ab4f-62da-11cf-ab39-0020af71e433>
 [...]
}

template AnimationSet {
 <3d82ab50-62da-11cf-ab39-0020af71e433>
 [Animation <3d82ab4f-62da-11cf-ab39-0020af71e433>]
}

template FloatKeys {
 <10dd46a9-775b-11cf-8f52-0040333594a3>
 DWORD nValues;
 array FLOAT values[nValues];
}

template TimedFloatKeys {
 <f406b180-7b3b-11cf-8f52-0040333594a3>
 DWORD time;
 FloatKeys tfkeys;
}

template AnimationKey {
 <10dd46a8-775b-11cf-8f52-0040333594a3>
 DWORD keyType;
 DWORD nKeys;
 array TimedFloatKeys keys[nKeys];
}


Material _03_-_Default {
 1.000000;1.000000;1.000000;1.000000;;
 9.999999;
 0.000000;0.000000;0.000000;;
 0.000000;0.000000;0.000000;;

 TextureFilename {
  "MaleBody_full.png";
 }
}

Frame Dummy01 {
 

 FrameTransformMatrix {
  1.000000,0.000000,0.000000,0.000000,0.000000,-0.000000,-1.000000,0.000000,0.000000,1.000000,-0.000000,0.000000,0.000000,0.000000,0.000000,1.000000;;
 }

 Frame Bip01 {
  

  FrameTransformMatrix {
   0.060559,0.992960,-0.101797,0.000000,0.000000,0.101985,0.994786,0.000000,0.998165,-0.060243,0.006176,0.000000,-0.007329,-0.020710,0.505041,1.000000;;
  }

  Frame Bip01_Pelvis {
   

   FrameTransformMatrix {
    -0.000000,1.000000,-0.000001,0.000000,-0.000001,0.000001,1.000000,0.000000,1.000000,0.000000,0.000001,0.000000,0.000000,0.000000,0.000000,1.000000;;
   }

   Frame Bip01_Spine {
    

    FrameTransformMatrix {
     0.998191,0.000037,-0.060115,0.000000,-0.002687,0.999028,-0.044004,0.000000,0.060055,0.044086,0.997221,0.000000,0.051628,-0.000004,-0.000085,1.000000;;
    }

    Frame Bip01_Spine1 {
     

     FrameTransformMatrix {
      0.999927,0.006423,-0.010210,0.000000,-0.006949,0.998603,-0.052373,0.000000,0.009860,0.052440,0.998576,0.000000,0.106479,-0.000004,-0.000085,1.000000;;
     }

     Frame Bip01_Neck {
      

      FrameTransformMatrix {
       0.800282,0.000002,0.599624,0.000000,-0.000002,1.000000,-0.000001,0.000000,-0.599624,-0.000001,0.800282,0.000000,0.130521,0.000000,0.004631,1.000000;;
      }

      Frame Bip01_Head {
       

       FrameTransformMatrix {
        0.984379,-0.067973,-0.162415,0.000000,0.090954,0.986172,0.138534,0.000000,0.150753,-0.151142,0.976949,0.000000,0.033674,0.000000,-0.000000,1.000000;;
       }

       Frame Bip01_HeadNub {
        

        FrameTransformMatrix {
         1.000000,0.000000,-0.000000,0.000000,0.000000,1.000000,0.000000,0.000000,-0.000000,-0.000000,1.000000,0.000000,0.169824,0.000000,0.000000,1.000000;;
        }
       }
      }

      Frame Bip01_L_Clavicle {
       

       FrameTransformMatrix {
        -0.273549,0.939693,0.205299,0.000000,0.751570,0.342019,-0.564062,0.000000,-0.600261,-0.000002,-0.799804,0.000000,-0.022016,0.015715,0.010710,1.000000;;
       }

       Frame Bip01_L_UpperArm {
        

        FrameTransformMatrix {
         0.605303,-0.688225,0.399943,0.000000,0.792570,0.567661,-0.222696,0.000000,-0.073767,0.451782,0.889074,0.000000,0.087086,0.000000,-0.000000,1.000000;;
        }

        Frame Bip01_L_Forearm {
         

         FrameTransformMatrix {
          0.791813,-0.000000,-0.610764,0.000000,0.000000,1.000000,-0.000000,0.000000,0.610764,-0.000000,0.791813,0.000000,0.137062,0.000000,0.000000,1.000000;;
         }

         Frame Bip01_L_Hand {
          

          FrameTransformMatrix {
           0.991245,-0.081563,0.103825,0.000000,-0.102256,0.023197,0.994488,0.000000,-0.083522,-0.996398,0.014653,0.000000,0.137062,0.000000,-0.000000,1.000000;;
          }

          Frame Bip01_L_Finger0 {
           

           FrameTransformMatrix {
            0.829256,-0.514255,0.218807,0.000000,0.558537,0.749101,-0.356210,0.000000,0.019274,0.417601,0.908427,0.000000,0.057681,-0.023605,-0.000272,1.000000;;
           }

           Frame Bip01_L_Finger0Nub {
            

            FrameTransformMatrix {
             1.000000,0.000000,0.000000,0.000000,0.000000,1.000000,-0.000000,0.000000,0.000000,-0.000000,1.000000,0.000000,0.029435,0.000000,0.000000,1.000000;;
            }
           }
          }

          Frame Bip01_L_Finger1 {
           

           FrameTransformMatrix {
            0.989590,-0.000115,0.143914,0.000000,0.000000,1.000000,0.000796,0.000000,-0.143914,-0.000788,0.989590,0.000000,0.084102,0.000000,0.000000,1.000000;;
           }

           Frame Bip01_L_Finger1Nub {
            

            FrameTransformMatrix {
             1.000000,-0.000000,-0.000000,0.000000,0.000000,1.000000,0.000000,0.000000,0.000000,-0.000000,1.000000,0.000000,0.047988,0.000000,0.000000,1.000000;;
            }
           }
          }
         }
        }
       }
      }

      Frame Bip01_R_Clavicle {
       

       FrameTransformMatrix {
        -0.233392,-0.956475,0.175166,0.000000,-0.764994,0.291813,0.574134,0.000000,-0.600261,-0.000002,-0.799804,0.000000,-0.022016,-0.015714,0.010710,1.000000;;
       }

       Frame Bip01_R_UpperArm {
        

        FrameTransformMatrix {
         0.631203,0.709712,-0.312877,0.000000,-0.751246,0.659748,-0.019042,0.000000,0.192905,0.247067,0.949603,0.000000,0.087086,0.000000,0.000000,1.000000;;
        }

        Frame Bip01_R_Forearm {
         

         FrameTransformMatrix {
          0.202130,0.000000,-0.979359,0.000000,0.000000,1.000000,0.000000,0.000000,0.979359,-0.000000,0.202130,0.000000,0.137062,0.000000,0.000000,1.000000;;
         }

         Frame Bip01_R_Hand {
          

          FrameTransformMatrix {
           0.952436,-0.301129,-0.046770,0.000000,-0.097463,-0.155589,-0.983002,0.000000,0.288733,0.940805,-0.177537,0.000000,0.137062,0.000000,0.000000,1.000000;;
          }

          Frame Bip01_R_Finger0 {
           

           FrameTransformMatrix {
            0.205925,0.890773,0.405116,0.000000,-0.978378,0.179260,0.103164,0.000000,0.019274,-0.417601,0.908427,0.000000,0.057681,0.023605,-0.000272,1.000000;;
           }

           Frame Bip01_R_Finger0Nub {
            

            FrameTransformMatrix {
             -1.000000,0.000000,0.000000,0.000000,0.000000,1.000000,0.000000,0.000000,0.000000,0.000000,-1.000000,0.000000,0.029435,0.000000,0.000000,1.000000;;
            }
           }
          }

          Frame Bip01_R_Finger1 {
           

           FrameTransformMatrix {
            0.816277,0.000460,0.577660,0.000000,-0.000000,1.000000,-0.000796,0.000000,-0.577660,0.000650,0.816277,0.000000,0.084102,0.000000,0.000000,1.000000;;
           }

           Frame Bip01_R_Finger1Nub {
            

            FrameTransformMatrix {
             -1.000000,-0.000000,0.000000,0.000000,-0.000000,1.000000,-0.000000,0.000000,0.000000,0.000000,-1.000000,0.000000,0.047988,0.000000,0.000000,1.000000;;
            }
           }
          }
         }
        }
       }
      }
     }

     Frame Bip01_BackPack {
      

      FrameTransformMatrix {
       0.190104,-0.000002,-0.981764,0.000000,0.000003,1.000000,-0.000002,0.000000,0.981764,-0.000002,0.190104,0.000000,0.063697,-0.000000,-0.088856,1.000000;;
      }

      Frame Bip01_BackPackNub {
       

       FrameTransformMatrix {
        0.000796,0.000003,1.000000,0.000000,-0.000000,-1.000000,0.000003,0.000000,1.000000,0.000000,-0.000796,0.000000,0.053240,0.000000,0.000000,1.000000;;
       }
      }
     }
    }

    Frame Bip01_L_Thigh {
     

     FrameTransformMatrix {
      -0.992444,0.043244,0.114822,0.000000,-0.048063,-0.998062,-0.039536,0.000000,0.112890,-0.044756,0.992599,0.000000,-0.051538,0.055310,-0.000581,1.000000;;
     }

     Frame Bip01_L_Calf {
      

      FrameTransformMatrix {
       0.970946,0.000000,-0.239300,0.000000,0.000000,1.000000,0.000000,0.000000,0.239300,0.000000,0.970946,0.000000,0.237500,-0.000000,-0.000000,1.000000;;
      }

      Frame Bip01_L_Foot {
       

       FrameTransformMatrix {
        0.984088,0.054342,0.169168,0.000000,-0.042823,0.996556,-0.071016,0.000000,-0.172445,0.062641,0.983025,0.000000,0.206841,0.000000,0.000000,1.000000;;
       }

       Frame Bip01_L_Toe0 {
        

        FrameTransformMatrix {
         -0.000000,-0.000001,1.000000,0.000000,0.000000,1.000000,0.000001,0.000000,-1.000000,0.000000,-0.000000,0.000000,0.065373,0.000000,0.066450,1.000000;;
        }

        Frame Bip01_L_Toe0Nub {
         

         FrameTransformMatrix {
          -1.000000,-0.000000,0.000000,0.000000,-0.000000,1.000000,-0.000000,0.000000,0.000000,-0.000000,-1.000000,0.000000,0.006735,0.000000,0.000000,1.000000;;
         }
        }
       }
      }
     }
    }

    Frame Bip01_R_Thigh {
     

     FrameTransformMatrix {
      -0.993979,-0.032013,0.104792,0.000000,0.027272,-0.998552,-0.046371,0.000000,0.106125,-0.043234,0.993413,0.000000,-0.051542,-0.055033,-0.005451,1.000000;;
     }

     Frame Bip01_R_Calf {
      

      FrameTransformMatrix {
       0.963870,0.000000,-0.266374,0.000000,0.000000,1.000000,-0.000000,0.000000,0.266374,0.000000,0.963870,0.000000,0.237500,0.000000,0.000000,1.000000;;
      }

      Frame Bip01_R_Foot {
       

       FrameTransformMatrix {
        0.978818,-0.021205,0.203630,0.000000,0.032759,0.998028,-0.053537,0.000000,-0.202093,0.059073,0.977583,0.000000,0.206841,0.000000,-0.000000,1.000000;;
       }

       Frame Bip01_R_Toe0 {
        

        FrameTransformMatrix {
         -0.000000,-0.000001,1.000000,0.000000,0.000000,1.000000,0.000001,0.000000,-1.000000,0.000000,-0.000000,0.000000,0.065373,0.000000,0.066450,1.000000;;
        }

        Frame Bip01_R_Toe0Nub {
         

         FrameTransformMatrix {
          1.000000,0.000000,0.000000,0.000000,-0.000000,1.000000,0.000000,0.000000,0.000000,0.000000,1.000000,0.000000,0.006735,0.000000,0.000000,1.000000;;
         }
        }
       }
      }
     }
    }
   }

   Frame Bip01_DressFront {
    

    FrameTransformMatrix {
     -0.993046,-0.000002,0.117724,0.000000,-0.000002,1.000000,-0.000001,0.000000,-0.117724,-0.000002,-0.993046,0.000000,-0.043985,0.001399,0.061087,1.000000;;
    }

    Frame Bip01_DressFront02 {
     

     FrameTransformMatrix {
      1.000000,0.000000,0.000000,0.000000,0.000000,1.000000,0.000000,0.000000,0.000000,-0.000000,1.000000,0.000000,0.183324,-0.000000,-0.000132,1.000000;;
     }

     Frame Bip01_DressFrontNub {
      

      FrameTransformMatrix {
       0.000796,0.000003,1.000000,0.000000,-0.000000,-1.000000,0.000003,0.000000,1.000000,-0.000000,-0.000796,0.000000,0.165302,0.000000,0.000000,1.000000;;
      }
     }
    }
   }

   Frame Bip01_DressBack {
    

    FrameTransformMatrix {
     -0.981833,-0.000002,0.189749,0.000000,-0.000002,1.000000,-0.000001,0.000000,-0.189749,-0.000002,-0.981833,0.000000,-0.047706,0.000000,-0.078282,1.000000;;
    }

    Frame Bip01_DressBack02 {
     

     FrameTransformMatrix {
      0.990815,0.000000,0.135222,0.000000,-0.000000,1.000000,-0.000000,0.000000,-0.135222,-0.000000,0.990815,0.000000,0.176173,0.000000,-0.000108,1.000000;;
     }

     Frame Bip01_DressBackNub {
      

      FrameTransformMatrix {
       0.000796,0.000003,1.000000,0.000000,-0.000000,-1.000000,0.000003,0.000000,1.000000,-0.000000,-0.000796,0.000000,0.136508,-0.000000,0.000000,1.000000;;
      }
     }
    }
   }
  }

  Frame Bip01_Prop1 {
   

   FrameTransformMatrix {
    0.012485,-0.332176,0.943135,0.000000,-0.218115,0.919591,0.326771,0.000000,-0.975843,-0.209791,-0.060972,0.000000,0.268202,0.161365,-0.126985,1.000000;;
   }
  }

  Frame Bip01_Prop2 {
   

   FrameTransformMatrix {
    0.096128,-0.957575,0.271678,0.000000,0.982958,0.048356,-0.177359,0.000000,0.156697,0.284097,0.945904,0.000000,-0.040837,-0.099882,0.160712,1.000000;;
   }
  }
 }
}

Frame Translation_Data {
 

 FrameTransformMatrix {
  1.000000,0.000000,0.000000,0.000000,0.000000,-0.000000,-1.000000,0.000000,0.000000,1.000000,-0.000000,0.000000,0.000000,-0.000000,0.000000,1.000000;;
 }
}

Frame Body {
 

 FrameTransformMatrix {
  1.000000,0.000000,0.000000,0.000000,0.000000,1.000000,0.000000,0.000000,0.000000,0.000000,1.000000,0.000000,0.000000,0.000000,0.000000,1.000000;;
 }

 Mesh Body {
  617;
  0.064041;0.763563;-0.008830;,
  0.030114;0.763271;-0.017188;,
  0.022270;0.792239;-0.001545;,
  0.071881;0.744403;-0.011525;,
  0.081480;0.734943;-0.011785;,
  0.053965;0.699085;-0.038372;,
  0.040519;0.732489;-0.033401;,
  0.085691;0.701386;-0.002243;,
  0.017336;0.812760;0.035389;,
  0.061585;0.786832;0.066940;,
  0.060205;0.786336;0.036407;,
  0.030230;0.791926;0.068380;,
  0.073528;0.558599;0.059069;,
  0.031513;0.567262;0.074668;,
  0.030806;0.556140;0.081233;,
  0.066612;0.568146;0.054803;,
  0.065209;0.564273;-0.001243;,
  0.076846;0.539248;0.020545;,
  0.039579;0.557023;-0.033312;,
  0.064095;0.513260;-0.007211;,
  0.036091;0.502418;-0.017483;,
  0.001642;0.697827;-0.053682;,
  0.000521;0.734226;-0.042488;,
  -0.011283;0.564856;0.071791;,
  -0.011129;0.551609;0.078908;,
  0.035313;0.659347;0.083159;,
  -0.018852;0.697777;0.086320;,
  -0.016812;0.660060;0.080381;,
  0.038151;0.699991;0.090235;,
  0.052613;0.466182;-0.019298;,
  0.097706;0.366014;0.003781;,
  0.061427;0.368794;-0.026739;,
  0.085068;0.464630;0.019462;,
  0.064283;0.273729;-0.034424;,
  0.090525;0.272612;0.011543;,
  0.002892;0.465199;-0.001579;,
  0.014526;0.360978;0.071521;,
  0.000723;0.450297;0.093859;,
  0.012410;0.365595;-0.004279;,
  0.034631;0.272780;0.047087;,
  0.034186;0.270207;0.004846;,
  0.094386;0.363106;0.068402;,
  0.076844;0.445755;0.077965;,
  0.075217;0.276366;0.049181;,
  0.088920;-0.001438;0.054149;,
  0.049355;-0.001522;0.099609;,
  0.044025;-0.001415;0.051082;,
  0.084211;-0.001545;0.099342;,
  0.065398;0.217451;-0.004362;,
  0.093161;0.146391;0.037137;,
  0.065683;0.144196;0.006792;,
  0.095046;0.220261;0.026102;,
  0.086386;0.067924;0.049835;,
  0.067637;0.066228;0.020481;,
  0.023048;0.201027;0.018902;,
  0.029353;0.156991;0.070646;,
  0.020928;0.222318;0.070369;,
  0.034724;0.143840;0.030243;,
  0.052578;0.079502;0.071035;,
  0.050120;0.059932;0.046016;,
  0.091352;0.157090;0.074123;,
  0.092539;0.231627;0.074154;,
  0.076620;0.084829;0.071427;,
  0.082624;0.511103;0.028987;,
  -0.004137;0.493309;-0.030973;,
  0.002892;0.465199;-0.001579;,
  -0.004985;0.460416;-0.013550;,
  0.081063;0.511413;0.083586;,
  0.029670;0.512241;0.104561;,
  0.076040;0.460132;0.083322;,
  0.029223;0.464653;0.102681;,
  0.033097;0.612571;0.074073;,
  0.069033;0.658129;0.069587;,
  0.082614;0.663439;0.054191;,
  0.065965;0.616099;0.001047;,
  0.083172;0.667686;0.000083;,
  0.067777;0.613389;0.052288;,
  0.053812;0.666005;-0.039980;,
  0.046550;0.612163;-0.030799;,
  0.000050;0.666553;-0.053578;,
  -0.001462;0.607155;-0.041121;,
  0.118521;0.708145;0.007315;,
  0.138258;0.669143;0.032893;,
  0.064891;0.703850;0.006295;,
  0.100152;0.612545;0.061125;,
  0.081204;0.650844;0.032779;,
  0.146584;0.626838;0.061412;,
  0.058396;0.719995;0.064682;,
  0.081204;0.650844;0.032779;,
  0.071956;0.678920;0.091870;,
  0.093740;0.629568;0.111387;,
  0.100152;0.612545;0.061125;,
  0.065102;0.726459;0.071137;,
  0.129027;0.697542;0.091926;,
  0.108870;0.735311;0.066623;,
  0.140051;0.643731;0.111758;,
  0.121403;0.723365;0.032932;,
  0.155663;0.610146;0.053692;,
  0.127288;0.535989;0.050639;,
  0.101549;0.590858;0.053632;,
  0.160912;0.550714;0.050593;,
  0.141327;0.497365;0.051921;,
  0.167120;0.500844;0.051622;,
  0.101549;0.590858;0.053632;,
  0.134513;0.539007;0.107319;,
  0.100406;0.592000;0.116736;,
  0.127288;0.535989;0.050639;,
  0.148433;0.498229;0.090908;,
  0.141327;0.497365;0.051921;,
  0.160199;0.550589;0.106946;,
  0.154209;0.611261;0.116880;,
  0.167323;0.499337;0.089390;,
  0.176872;0.368321;0.040580;,
  0.151411;0.390840;0.086420;,
  0.157465;0.378672;0.040225;,
  0.170561;0.380624;0.086229;,
  0.155052;0.415610;0.018698;,
  0.170434;0.411974;0.024232;,
  0.160187;0.408098;0.025256;,
  0.164398;0.418967;0.012575;,
  0.140032;0.463742;0.089947;,
  0.162360;0.438881;0.039662;,
  0.156823;0.430401;0.091457;,
  0.138457;0.464123;0.040253;,
  0.176211;0.425694;0.091243;,
  0.177123;0.471182;0.090541;,
  0.176302;0.472650;0.038586;,
  0.181727;0.434632;0.041496;,
  0.090536;0.771513;0.044045;,
  0.100329;0.772095;0.015805;,
  0.060205;0.786336;0.036407;,
  0.063024;0.781609;0.012898;,
  0.077058;0.703959;0.078441;,
  0.030993;0.805652;0.011208;,
  0.094891;0.755899;-0.006458;,
  0.071881;0.744403;-0.011525;,
  0.064041;0.763563;-0.008830;,
  0.089637;0.726757;-0.005706;,
  0.078348;0.748000;0.074856;,
  0.038552;0.738719;0.086722;,
  0.081248;0.752073;0.071598;,
  -0.019042;0.733249;0.081123;,
  -0.015169;0.787447;0.055544;,
  0.061585;0.786832;0.066940;,
  0.081248;0.752073;0.071598;,
  0.075104;0.725931;0.016652;,
  0.082154;0.740357;0.061911;,
  0.064891;0.703850;0.006295;,
  0.083837;0.701027;0.046958;,
  0.082001;0.697985;0.011767;,
  0.081480;0.734943;-0.011785;,
  0.086816;0.703774;0.063481;,
  0.138457;0.464123;0.040253;,
  0.030716;0.831075;-0.007355;,
  0.020175;0.843102;0.009446;,
  -0.011917;0.814872;0.035230;,
  -0.006207;0.849136;0.013581;,
  0.181727;0.434632;0.041496;,
  0.176872;0.368321;0.040580;,
  0.170561;0.380624;0.086229;,
  0.144289;0.431677;0.023618;,
  0.168494;0.437975;0.016879;,
  0.144289;0.431677;0.023618;,
  0.155002;0.423238;0.035056;,
  0.176695;0.434641;0.037314;,
  0.176695;0.434641;0.037314;,
  0.155052;0.415610;0.018698;,
  0.164398;0.418967;0.012575;,
  0.170434;0.411974;0.024232;,
  0.095162;0.020228;-0.022686;,
  0.064907;-0.001385;-0.067432;,
  0.063586;0.017194;-0.060195;,
  0.100721;-0.001397;-0.029922;,
  0.045608;0.031888;0.088978;,
  0.044025;-0.001415;0.051082;,
  0.049355;-0.001522;0.099609;,
  0.042654;0.023542;0.048549;,
  0.052578;0.079502;0.071035;,
  0.087148;0.034910;0.088447;,
  0.076620;0.084829;0.071427;,
  0.088920;-0.001438;0.054149;,
  0.084211;-0.001545;0.099342;,
  0.090071;0.033508;0.051677;,
  0.067637;0.066228;0.020481;,
  0.086386;0.067924;0.049835;,
  0.036094;0.014160;-0.049741;,
  0.029967;-0.001374;-0.056978;,
  0.100721;-0.001397;-0.029922;,
  0.029967;-0.001374;-0.056978;,
  0.012410;0.365595;-0.004279;,
  0.034186;0.270207;0.004846;,
  0.023048;0.201027;0.018902;,
  0.034724;0.143840;0.030243;,
  0.050120;0.059932;0.046016;,
  0.050120;0.059932;0.046016;,
  -0.008041;0.453109;0.037841;,
  0.042513;0.826231;-0.029982;,
  0.024686;0.809843;-0.041720;,
  0.033643;0.815068;-0.046021;,
  0.023951;0.819677;-0.021543;,
  0.035267;0.853420;-0.016332;,
  0.027695;0.870973;-0.001599;,
  0.016981;0.947642;-0.097311;,
  -0.003111;0.929594;-0.118601;,
  -0.002662;0.952088;-0.098981;,
  0.030098;0.867382;-0.112631;,
  0.013047;0.863863;-0.118071;,
  0.026751;0.896594;-0.116900;,
  0.039630;0.832035;-0.057544;,
  0.048096;0.852881;-0.038080;,
  0.041146;0.840212;-0.026586;,
  0.049710;0.891865;-0.036890;,
  0.049967;0.891640;-0.061425;,
  0.040421;0.909517;-0.105025;,
  0.049450;0.922602;-0.082060;,
  0.045354;0.876628;-0.083692;,
  0.047343;0.902091;-0.023768;,
  0.036835;0.918153;-0.008609;,
  -0.002123;0.924155;0.001489;,
  0.030766;0.955471;-0.038987;,
  -0.001938;0.961903;-0.030209;,
  0.045672;0.856451;-0.073285;,
  0.030021;0.817632;-0.066010;,
  0.030894;0.842258;-0.092193;,
  0.015146;0.790584;-0.066266;,
  -0.004242;0.790686;-0.053202;,
  -0.004503;0.783745;-0.073170;,
  0.022521;0.917911;-0.116952;,
  0.036587;0.938218;-0.092824;,
  0.045642;0.944975;-0.055158;,
  0.032124;0.957248;-0.070275;,
  0.015017;0.965127;-0.066631;,
  -0.002167;0.968347;-0.065301;,
  -0.002564;0.884349;0.006920;,
  0.045642;0.944975;-0.055158;,
  0.032124;0.957248;-0.070275;,
  0.054364;0.854993;-0.039837;,
  0.060364;0.901047;-0.050244;,
  0.065388;0.887136;-0.034922;,
  0.053045;0.882100;-0.047029;,
  0.065388;0.887136;-0.034922;,
  0.054364;0.854993;-0.039837;,
  0.060364;0.901047;-0.050244;,
  0.049967;0.891640;-0.061425;,
  0.050204;0.866794;-0.057423;,
  0.048096;0.852881;-0.038080;,
  0.030773;0.862486;-0.101479;,
  0.050204;0.866794;-0.057423;,
  0.030993;0.805652;0.011208;,
  0.030716;0.831075;-0.007355;,
  0.063024;0.781609;0.012898;,
  0.035267;0.853420;-0.016332;,
  -0.002457;0.781464;-0.024637;,
  -0.001348;0.758794;-0.031179;,
  -0.003494;0.554221;-0.039759;,
  -0.012266;0.509337;0.102069;,
  -0.012081;0.475038;0.102534;,
  -0.013298;0.448865;0.091866;,
  -0.002005;0.797238;-0.037465;,
  -0.008041;0.453109;0.037841;,
  0.015017;0.965127;-0.066631;,
  -0.002167;0.968347;-0.065301;,
  0.015932;0.817136;-0.084102;,
  0.008478;0.835089;-0.099720;,
  0.008593;0.826189;-0.095979;,
  -0.003343;0.915922;-0.125880;,
  -0.003679;0.890652;-0.128829;,
  0.011016;0.859549;-0.105957;,
  -0.014296;0.611649;0.070762;,
  0.063024;0.781609;0.012898;,
  0.064907;-0.001385;-0.067432;,
  0.007518;0.806625;-0.086623;,
  0.015290;0.811239;-0.081181;,
  0.007417;0.812486;-0.085300;,
  -0.004252;0.823406;-0.100030;,
  -0.004309;0.827364;-0.112073;,
  0.007132;0.814111;-0.091296;,
  -0.004258;0.812693;-0.085792;,
  -0.004386;0.804147;-0.088346;,
  -0.004005;0.860344;-0.123512;,
  -0.004025;0.853358;-0.116120;,
  0.082154;0.740357;0.061911;,
  -0.004335;0.812801;-0.094638;,
  0.068399;0.729279;0.032385;,
  0.075104;0.725931;0.016652;,
  0.081480;0.734943;-0.011785;,
  0.047343;0.902091;-0.023768;,
  0.065398;0.217451;-0.004362;,
  0.034194;0.142318;-0.016388;,
  0.022833;0.218854;-0.025054;,
  0.065683;0.144196;0.006792;,
  0.064283;0.273729;-0.034424;,
  0.024809;0.275561;-0.036025;,
  0.061427;0.368794;-0.026739;,
  0.010185;0.368344;-0.030694;,
  0.052613;0.466182;-0.019298;,
  0.004947;0.457103;-0.031216;,
  0.036091;0.502418;-0.017483;,
  0.036272;0.069723;-0.014004;,
  0.067637;0.066228;0.020481;,
  0.032002;0.151997;0.097756;,
  -0.006123;0.084965;0.118259;,
  0.036653;0.082371;0.105868;,
  -0.006865;0.158000;0.110310;,
  -0.006275;0.224266;0.094196;,
  0.024434;0.222263;0.084579;,
  -0.006149;0.286157;0.090830;,
  0.025557;0.271954;0.076886;,
  0.012457;0.360636;0.086338;,
  -0.010950;0.372673;0.095987;,
  -0.011990;0.447279;0.103858;,
  0.068399;0.729279;0.032385;,
  -0.070813;0.764971;-0.030224;,
  -0.035622;0.763059;-0.027594;,
  -0.077871;0.745496;-0.035278;,
  -0.033175;0.792060;-0.010321;,
  -0.085990;0.735851;-0.038128;,
  -0.052880;0.698627;-0.054019;,
  -0.093643;0.700615;-0.028505;,
  -0.040316;0.732227;-0.046197;,
  -0.040019;0.812575;0.026311;,
  -0.091868;0.785344;0.043417;,
  -0.062339;0.791626;0.053727;,
  -0.080984;0.786458;0.016693;,
  -0.092865;0.557570;0.049026;,
  -0.054096;0.566701;0.068744;,
  -0.086133;0.567145;0.044233;,
  -0.053092;0.555621;0.076170;,
  -0.076973;0.563341;-0.011082;,
  -0.091288;0.538208;0.010397;,
  -0.047078;0.556455;-0.039309;,
  -0.074995;0.512347;-0.015616;,
  -0.045805;0.501911;-0.022425;,
  -0.011283;0.564856;0.071791;,
  -0.011129;0.551609;0.078908;,
  -0.067878;0.658765;0.069598;,
  -0.018852;0.697777;0.086320;,
  -0.074596;0.699506;0.073724;,
  -0.016812;0.660060;0.080381;,
  -0.060887;0.465217;-0.025943;,
  -0.104952;0.363642;-0.007541;,
  -0.097706;0.462858;0.008629;,
  -0.065346;0.367489;-0.033464;,
  -0.064149;0.271819;-0.040603;,
  -0.095715;0.270590;0.001828;,
  -0.013482;0.465923;-0.002247;,
  -0.030492;0.361722;0.069821;,
  -0.019340;0.366043;-0.005201;,
  -0.023443;0.450147;0.092401;,
  -0.044570;0.273277;0.043792;,
  -0.038931;0.270003;0.002026;,
  -0.109409;0.361156;0.057029;,
  -0.096155;0.444476;0.067808;,
  -0.085205;0.275502;0.040904;,
  -0.091698;-0.001438;0.054148;,
  -0.052132;-0.001522;0.099608;,
  -0.086989;-0.001545;0.099341;,
  -0.046802;-0.001415;0.051081;,
  -0.067146;0.215889;-0.008954;,
  -0.097499;0.145290;0.031506;,
  -0.100331;0.218647;0.017621;,
  -0.066503;0.143072;0.004768;,
  -0.089653;0.067697;0.048500;,
  -0.068593;0.065782;0.020771;,
  -0.027428;0.201737;0.019797;,
  -0.038567;0.159222;0.071997;,
  -0.038607;0.144576;0.031752;,
  -0.032202;0.224761;0.070332;,
  -0.057898;0.080497;0.071980;,
  -0.052897;0.059932;0.046016;,
  -0.100504;0.157250;0.068025;,
  -0.104000;0.231659;0.065177;,
  -0.081983;0.085277;0.070343;,
  -0.097692;0.509987;0.018105;,
  -0.013482;0.465923;-0.002247;,
  -0.102713;0.510276;0.072495;,
  -0.054229;0.511721;0.099497;,
  -0.096620;0.458955;0.073044;,
  -0.052664;0.464415;0.097857;,
  -0.061215;0.611953;0.063260;,
  -0.096941;0.657194;0.047775;,
  -0.106129;0.662375;0.029387;,
  -0.076759;0.615164;-0.015317;,
  -0.090078;0.612354;0.034190;,
  -0.092737;0.666694;-0.023035;,
  -0.054022;0.665397;-0.054152;,
  -0.050610;0.611526;-0.041938;,
  -0.126102;0.737476;-0.048108;,
  -0.074767;0.725638;-0.037144;,
  -0.150244;0.695785;-0.063727;,
  -0.119323;0.632678;-0.064664;,
  -0.164443;0.650129;-0.068472;,
  -0.095007;0.672735;-0.060992;,
  -0.088275;0.696434;0.014591;,
  -0.106947;0.651083;0.000278;,
  -0.095007;0.672735;-0.060992;,
  -0.131891;0.601040;-0.033560;,
  -0.119323;0.632678;-0.064664;,
  -0.097108;0.697855;0.021547;,
  -0.162204;0.674406;-0.002275;,
  -0.137668;0.714956;0.012783;,
  -0.176924;0.618257;-0.037497;,
  -0.138003;0.731481;-0.021301;,
  -0.162022;0.663949;-0.080057;,
  -0.109801;0.646984;-0.137492;,
  -0.144297;0.659519;-0.136939;,
  -0.108036;0.644564;-0.076886;,
  -0.108844;0.645158;-0.179250;,
  -0.132348;0.652723;-0.184926;,
  -0.108036;0.644564;-0.076886;,
  -0.136433;0.596356;-0.136274;,
  -0.109801;0.646984;-0.137492;,
  -0.129018;0.585130;-0.073034;,
  -0.125932;0.609847;-0.182206;,
  -0.108844;0.645158;-0.179250;,
  -0.162790;0.606300;-0.135551;,
  -0.182676;0.604505;-0.076108;,
  -0.144347;0.617005;-0.186040;,
  -0.111509;0.679460;-0.304757;,
  -0.108430;0.628610;-0.279038;,
  -0.119190;0.632967;-0.297378;,
  -0.100524;0.675581;-0.286097;,
  -0.104605;0.694777;-0.232066;,
  -0.115992;0.699838;-0.243254;,
  -0.114003;0.700723;-0.228540;,
  -0.105308;0.697220;-0.242990;,
  -0.108876;0.615151;-0.220558;,
  -0.122980;0.671441;-0.237222;,
  -0.101712;0.663399;-0.210918;,
  -0.122604;0.621643;-0.254694;,
  -0.141329;0.625157;-0.260620;,
  -0.146319;0.618027;-0.215957;,
  -0.139744;0.668389;-0.204887;,
  -0.141959;0.672873;-0.243074;,
  -0.111865;0.775385;0.011909;,
  -0.112374;0.776289;-0.017946;,
  -0.080984;0.786458;0.016693;,
  -0.075952;0.783429;-0.009148;,
  -0.108513;0.703162;0.051265;,
  -0.045495;0.805405;-0.000900;,
  -0.101052;0.761009;-0.036864;,
  -0.077871;0.745496;-0.035278;,
  -0.096917;0.739265;-0.036172;,
  -0.070813;0.764971;-0.030224;,
  -0.110078;0.744000;0.044214;,
  -0.111886;0.747785;0.040083;,
  -0.075583;0.738350;0.068656;,
  -0.019042;0.733249;0.081123;,
  -0.015169;0.787447;0.055544;,
  -0.091868;0.785344;0.043417;,
  -0.111886;0.747785;0.040083;,
  -0.089240;0.726346;-0.009446;,
  -0.074767;0.725638;-0.037144;,
  -0.109931;0.737790;0.030345;,
  -0.105966;0.700212;0.019163;,
  -0.094102;0.697229;-0.014022;,
  -0.085990;0.735851;-0.038128;,
  -0.113573;0.702914;0.034135;,
  -0.101712;0.663399;-0.210918;,
  -0.039209;0.831340;-0.013131;,
  -0.031557;0.843298;0.005173;,
  -0.011917;0.814872;0.035230;,
  -0.006207;0.849136;0.013581;,
  -0.141959;0.672873;-0.243074;,
  -0.111509;0.679460;-0.304757;,
  -0.119190;0.632967;-0.297378;,
  -0.104208;0.677056;-0.222900;,
  -0.127726;0.687873;-0.221969;,
  -0.104208;0.677056;-0.222900;,
  -0.109386;0.679184;-0.239795;,
  -0.133909;0.679814;-0.241788;,
  -0.133909;0.679814;-0.241788;,
  -0.104605;0.694777;-0.232066;,
  -0.114003;0.700723;-0.228540;,
  -0.115992;0.699838;-0.243254;,
  -0.097939;0.020228;-0.022686;,
  -0.067684;-0.001385;-0.067432;,
  -0.103499;-0.001397;-0.029923;,
  -0.066363;0.017194;-0.060196;,
  -0.048386;0.031888;0.088978;,
  -0.046802;-0.001415;0.051081;,
  -0.045431;0.023542;0.048548;,
  -0.052132;-0.001522;0.099608;,
  -0.057898;0.080497;0.071980;,
  -0.089926;0.034910;0.088447;,
  -0.081983;0.085277;0.070343;,
  -0.091698;-0.001438;0.054148;,
  -0.092848;0.033508;0.051677;,
  -0.086989;-0.001545;0.099341;,
  -0.068593;0.065782;0.020771;,
  -0.089653;0.067697;0.048500;,
  -0.038871;0.014160;-0.049742;,
  -0.032745;-0.001374;-0.056979;,
  -0.103499;-0.001397;-0.029923;,
  -0.032745;-0.001374;-0.056979;,
  -0.019340;0.366043;-0.005201;,
  -0.038931;0.270003;0.002026;,
  -0.027428;0.201737;0.019797;,
  -0.038607;0.144576;0.031752;,
  -0.052897;0.059932;0.046016;,
  -0.052897;0.059932;0.046016;,
  -0.049696;0.827363;-0.029172;,
  -0.032485;0.810545;-0.041218;,
  -0.030216;0.819883;-0.026017;,
  -0.041386;0.815989;-0.045362;,
  -0.041546;0.854363;-0.015657;,
  -0.033287;0.871721;-0.001063;,
  -0.022376;0.948125;-0.096966;,
  -0.002662;0.952088;-0.098981;,
  -0.037728;0.868215;-0.112035;,
  -0.033740;0.897336;-0.116368;,
  -0.020866;0.864279;-0.117773;,
  -0.047156;0.833100;-0.056782;,
  -0.054764;0.854144;-0.037177;,
  -0.047927;0.841306;-0.025804;,
  -0.055399;0.893156;-0.035967;,
  -0.056093;0.892942;-0.060493;,
  -0.046877;0.910589;-0.104258;,
  -0.052241;0.877826;-0.082835;,
  -0.055178;0.923886;-0.081141;,
  -0.052551;0.903318;-0.022891;,
  -0.041388;0.919114;-0.007922;,
  -0.002123;0.924155;0.001489;,
  -0.034939;0.956278;-0.038410;,
  -0.001938;0.961903;-0.030209;,
  -0.052871;0.857661;-0.072420;,
  -0.038781;0.843114;-0.091581;,
  -0.038054;0.818468;-0.065412;,
  -0.023854;0.791063;-0.065924;,
  -0.028989;0.918544;-0.116500;,
  -0.042127;0.939184;-0.092132;,
  -0.050350;0.946154;-0.054315;,
  -0.036802;0.958095;-0.069669;,
  -0.002167;0.968347;-0.065301;,
  -0.019446;0.965551;-0.066328;,
  -0.002564;0.884349;0.006920;,
  -0.050350;0.946154;-0.054315;,
  -0.036802;0.958095;-0.069669;,
  -0.061008;0.856410;-0.038823;,
  -0.066058;0.902600;-0.049133;,
  -0.059150;0.883477;-0.046043;,
  -0.071151;0.888813;-0.033722;,
  -0.071151;0.888813;-0.033722;,
  -0.061008;0.856410;-0.038823;,
  -0.066058;0.902600;-0.049133;,
  -0.056093;0.892942;-0.060493;,
  -0.056869;0.868109;-0.056483;,
  -0.054764;0.854144;-0.037177;,
  -0.038327;0.863334;-0.100872;,
  -0.056869;0.868109;-0.056483;,
  -0.045495;0.805405;-0.000900;,
  -0.039209;0.831340;-0.013131;,
  -0.075952;0.783429;-0.009148;,
  -0.041546;0.854363;-0.015657;,
  -0.012266;0.509337;0.102069;,
  -0.012081;0.475038;0.102534;,
  -0.013298;0.448865;0.091866;,
  -0.008041;0.453109;0.037841;,
  -0.019446;0.965551;-0.066328;,
  -0.002167;0.968347;-0.065301;,
  -0.024301;0.817630;-0.083748;,
  -0.016684;0.835398;-0.099499;,
  -0.016952;0.826503;-0.095754;,
  -0.018730;0.859914;-0.105695;,
  -0.014296;0.611649;0.070762;,
  -0.075952;0.783429;-0.009148;,
  -0.067684;-0.001385;-0.067432;,
  -0.023753;0.811718;-0.080838;,
  -0.016193;0.806916;-0.086415;,
  -0.015925;0.812773;-0.085095;,
  -0.015705;0.814391;-0.091096;,
  -0.109931;0.737790;0.030345;,
  -0.087635;0.728862;0.007689;,
  -0.089240;0.726346;-0.009446;,
  -0.085990;0.735851;-0.038128;,
  -0.052551;0.903318;-0.022891;,
  -0.024989;0.218325;-0.026466;,
  -0.002196;0.142861;-0.023503;,
  -0.033096;0.141931;-0.018387;,
  -0.002599;0.220525;-0.025550;,
  -0.028313;0.275112;-0.038086;,
  -0.001270;0.275135;-0.033965;,
  -0.017420;0.368302;-0.031537;,
  -0.002598;0.365708;-0.030201;,
  -0.013073;0.457440;-0.031906;,
  -0.003546;0.451660;-0.031764;,
  -0.004137;0.493309;-0.030973;,
  -0.045805;0.501911;-0.022425;,
  -0.001617;0.076576;-0.025644;,
  -0.034535;0.069676;-0.014944;,
  -0.037824;0.081598;0.109083;,
  -0.100504;0.157250;0.068025;,
  -0.081969;0.085278;0.070345;,
  -0.039895;0.155895;0.096799;,
  -0.104000;0.231659;0.065177;,
  -0.041154;0.222694;0.085038;,
  -0.039480;0.274654;0.078223;,
  -0.085205;0.275502;0.040904;,
  -0.109409;0.361156;0.057029;,
  -0.030212;0.360574;0.087287;,
  -0.012081;0.475038;0.102534;,
  -0.052664;0.464415;0.097857;,
  -0.087635;0.728862;0.007689;,
  -0.060887;0.465217;-0.025943;,
  -0.065346;0.367489;-0.033464;,
  -0.064149;0.271819;-0.040603;,
  -0.067146;0.215889;-0.008954;,
  -0.066503;0.143072;0.004768;,
  -0.068593;0.065782;0.020771;,
  0.094386;0.363106;0.068402;,
  0.029223;0.464653;0.102681;,
  0.076844;0.445755;0.077965;,
  0.075217;0.276366;0.049181;,
  0.092539;0.231627;0.074154;,
  0.091352;0.157090;0.074123;,
  0.076620;0.084829;0.071427;,
  -0.096155;0.444477;0.067808;;
  916;
  3;0,1,2;,
  3;1,0,3;,
  3;4,5,6;,
  3;5,4,7;,
  3;8,9,10;,
  3;9,8,11;,
  3;12,13,14;,
  3;13,12,15;,
  3;16,12,17;,
  3;12,16,15;,
  3;18,19,20;,
  3;19,18,16;,
  3;6,21,22;,
  3;21,6,5;,
  3;14,23,24;,
  3;23,14,13;,
  3;25,26,27;,
  3;26,25,28;,
  3;29,30,31;,
  3;30,29,32;,
  3;30,33,31;,
  3;33,30,34;,
  3;35,36,37;,
  3;36,35,38;,
  3;38,39,36;,
  3;39,38,40;,
  3;37,41,42;,
  3;41,37,36;,
  3;36,43,41;,
  3;43,36,39;,
  3;42,30,32;,
  3;30,42,41;,
  3;41,34,30;,
  3;34,41,43;,
  3;44,45,46;,
  3;45,44,47;,
  3;48,49,50;,
  3;49,48,51;,
  3;50,52,53;,
  3;52,50,49;,
  3;54,55,56;,
  3;55,54,57;,
  3;57,58,55;,
  3;58,57,59;,
  3;56,60,61;,
  3;60,56,55;,
  3;55,62,60;,
  3;62,55,58;,
  3;61,49,51;,
  3;49,61,60;,
  3;60,52,49;,
  3;52,60,62;,
  3;32,19,63;,
  3;19,32,29;,
  3;64,65,66;,
  3;65,64,20;,
  3;14,67,12;,
  3;67,14,68;,
  3;68,69,67;,
  3;69,68,70;,
  3;70,42,69;,
  3;42,70,37;,
  3;48,34,51;,
  3;34,48,33;,
  3;51,43,61;,
  3;43,51,34;,
  3;43,56,61;,
  3;56,43,39;,
  3;39,54,56;,
  3;54,39,40;,
  3;12,63,17;,
  3;63,12,67;,
  3;67,32,63;,
  3;32,67,69;,
  3;69,42,32;,
  3;71,72,25;,
  3;73,74,75;,
  3;74,73,76;,
  3;74,77,75;,
  3;77,74,78;,
  3;79,78,80;,
  3;78,79,77;,
  3;81,82,83;,
  3;82,84,85;,
  3;84,82,86;,
  3;87,88,89;,
  3;88,90,89;,
  3;90,88,91;,
  3;92,93,94;,
  3;92,89,93;,
  3;92,87,89;,
  3;89,95,93;,
  3;95,89,90;,
  3;96,93,82;,
  3;93,86,82;,
  3;86,93,95;,
  3;97,98,99;,
  3;98,97,100;,
  3;100,101,98;,
  3;101,100,102;,
  3;103,104,105;,
  3;104,103,106;,
  3;106,107,104;,
  3;107,106,108;,
  3;105,109,110;,
  3;109,105,104;,
  3;104,111,109;,
  3;111,104,107;,
  3;110,100,97;,
  3;100,110,109;,
  3;109,102,100;,
  3;102,109,111;,
  3;112,113,114;,
  3;113,112,115;,
  3;116,117,118;,
  3;117,116,119;,
  3;120,121,122;,
  3;121,120,123;,
  3;120,124,125;,
  3;124,120,122;,
  3;126,124,127;,
  3;124,126,125;,
  3;95,97,86;,
  3;97,95,110;,
  3;86,99,84;,
  3;99,86,97;,
  3;90,103,105;,
  3;103,90,91;,
  3;105,95,90;,
  3;95,105,110;,
  3;128,96,129;,
  3;96,128,94;,
  3;129,130,128;,
  3;130,129,131;,
  3;72,28,25;,
  3;28,72,132;,
  3;10,133,8;,
  3;134,135,136;,
  3;135,134,137;,
  3;81,137,134;,
  3;138,11,139;,
  3;138,9,11;,
  3;138,140,9;,
  3;141,11,142;,
  3;11,141,139;,
  3;128,130,143;,
  3;94,144,92;,
  3;94,143,144;,
  3;94,128,143;,
  3;145,87,146;,
  3;87,145,147;,
  3;75,148,73;,
  3;148,75,149;,
  3;150,147,145;,
  3;7,149,75;,
  3;148,151,73;,
  3;102,152,101;,
  3;152,102,126;,
  3;102,125,126;,
  3;125,102,111;,
  3;111,120,125;,
  3;120,111,107;,
  3;120,108,123;,
  3;108,120,107;,
  3;8,153,154;,
  3;153,8,133;,
  3;154,155,8;,
  3;155,154,156;,
  3;122,114,113;,
  3;114,122,121;,
  3;121,112,114;,
  3;112,121,157;,
  3;158,124,159;,
  3;124,158,127;,
  3;159,122,113;,
  3;122,159,124;,
  3;126,160,152;,
  3;160,126,161;,
  3;162,121,123;,
  3;121,162,163;,
  3;121,164,157;,
  3;164,121,163;,
  3;165,126,127;,
  3;126,165,161;,
  3;161,166,160;,
  3;166,161,167;,
  3;162,118,163;,
  3;118,162,116;,
  3;163,117,164;,
  3;117,163,118;,
  3;165,167,161;,
  3;167,165,168;,
  3;169,170,171;,
  3;170,169,172;,
  3;173,174,175;,
  3;174,173,176;,
  3;177,178,179;,
  3;178,177,173;,
  3;180,178,181;,
  3;178,180,182;,
  3;183,169,171;,
  3;169,183,184;,
  3;174,185,186;,
  3;185,174,176;,
  3;46,187,44;,
  3;187,46,188;,
  3;180,169,182;,
  3;169,180,172;,
  3;20,29,65;,
  3;19,29,20;,
  3;29,31,189;,
  3;31,190,189;,
  3;190,31,33;,
  3;33,191,190;,
  3;191,33,48;,
  3;191,50,192;,
  3;50,191,48;,
  3;192,53,193;,
  3;53,192,50;,
  3;194,171,185;,
  3;171,194,183;,
  3;171,186,185;,
  3;186,171,170;,
  3;185,176,194;,
  3;194,173,177;,
  3;173,194,176;,
  3;178,175,181;,
  3;175,178,173;,
  3;179,182,184;,
  3;182,179,178;,
  3;182,169,184;,
  3;16,17,19;,
  3;17,63,19;,
  3;65,195,66;,
  3;196,197,198;,
  3;197,196,199;,
  3;200,154,153;,
  3;154,200,201;,
  3;202,203,204;,
  3;205,206,207;,
  3;196,208,209;,
  3;208,196,198;,
  3;210,209,211;,
  3;209,210,196;,
  3;212,213,214;,
  3;213,212,215;,
  3;212,214,211;,
  3;201,216,217;,
  3;216,201,200;,
  3;218,219,220;,
  3;219,218,217;,
  3;210,199,196;,
  3;213,205,207;,
  3;221,222,223;,
  3;198,197,224;,
  3;224,225,226;,
  3;225,224,197;,
  3;227,213,207;,
  3;228,229,214;,
  3;229,228,230;,
  3;220,231,232;,
  3;213,228,214;,
  3;156,201,233;,
  3;201,156,154;,
  3;233,217,218;,
  3;217,233,201;,
  3;219,217,234;,
  3;235,219,234;,
  3;236,237,238;,
  3;237,236,239;,
  3;209,240,211;,
  3;240,209,241;,
  3;211,242,212;,
  3;242,211,240;,
  3;243,239,244;,
  3;239,243,237;,
  3;244,236,245;,
  3;236,244,239;,
  3;246,221,223;,
  3;221,246,215;,
  3;221,212,247;,
  3;212,221,215;,
  3;199,248,2;,
  3;248,199,249;,
  3;133,10,250;,
  3;249,210,251;,
  3;210,249,199;,
  3;210,211,251;,
  3;252,1,253;,
  3;1,252,2;,
  3;20,254,18;,
  3;254,20,64;,
  3;24,68,14;,
  3;68,24,255;,
  3;68,256,70;,
  3;256,68,255;,
  3;256,37,70;,
  3;37,256,257;,
  3;258,2,252;,
  3;2,258,199;,
  3;257,259,37;,
  3;37,259,35;,
  3;260,204,261;,
  3;204,260,202;,
  3;262,263,223;,
  3;263,262,264;,
  3;197,258,225;,
  3;258,197,199;,
  3;265,203,227;,
  3;265,207,266;,
  3;207,265,227;,
  3;223,267,246;,
  3;267,223,263;,
  3;88,87,147;,
  3;83,82,85;,
  3;78,16,18;,
  3;16,78,74;,
  3;74,15,16;,
  3;15,74,76;,
  3;15,71,13;,
  3;71,15,76;,
  3;13,268,23;,
  3;268,13,71;,
  3;248,269,2;,
  3;2,269,0;,
  3;136,129,134;,
  3;129,136,131;,
  3;134,96,81;,
  3;96,134,129;,
  3;96,82,81;,
  3;93,96,94;,
  3;29,189,65;,
  3;205,215,246;,
  3;267,205,246;,
  3;205,267,206;,
  3;205,213,215;,
  3;187,188,270;,
  3;224,271,272;,
  3;222,221,208;,
  3;224,222,198;,
  3;272,273,262;,
  3;273,272,271;,
  3;263,274,275;,
  3;273,276,262;,
  3;277,271,278;,
  3;271,277,273;,
  3;222,272,262;,
  3;272,222,224;,
  3;222,208,198;,
  3;209,221,247;,
  3;221,209,208;,
  3;223,222,262;,
  3;266,206,279;,
  3;206,266,207;,
  3;206,280,279;,
  3;280,206,267;,
  3;280,263,275;,
  3;263,280,267;,
  3;264,262,276;,
  3;76,73,72;,
  3;138,281,140;,
  3;73,132,72;,
  3;132,73,151;,
  3;72,71,76;,
  3;271,226,278;,
  3;155,11,8;,
  3;276,277,282;,
  3;277,276,273;,
  3;274,276,282;,
