xof 0303txt 0032
template ColorRGBA {
 <35ff44e0-6c7c-11cf-8f52-0040333594a3>
 FLOAT red;
 FLOAT green;
 FLOAT blue;
 FLOAT alpha;
}

template ColorRGB {
 <d3e16e81-7835-11cf-8f52-0040333594a3>
 FLOAT red;
 FLOAT green;
 FLOAT blue;
}

template Material {
 <3d82ab4d-62da-11cf-ab39-0020af71e433>
 ColorRGBA faceColor;
 FLOAT power;
 ColorRGB specularColor;
 ColorRGB emissiveColor;
 [...]
}

template TextureFilename {
 <a42790e1-7810-11cf-8f52-0040333594a3>
 STRING filename;
}

template Frame {
 <3d82ab46-62da-11cf-ab39-0020af71e433>
 [...]
}

template Matrix4x4 {
 <f6f23f45-7686-11cf-8f52-0040333594a3>
 array FLOAT matrix[16];
}

template FrameTransformMatrix {
 <f6f23f41-7686-11cf-8f52-0040333594a3>
 Matrix4x4 frameMatrix;
}

template Vector {
 <3d82ab5e-62da-11cf-ab39-0020af71e433>
 FLOAT x;
 FLOAT y;
 FLOAT z;
}

template MeshFace {
 <3d82ab5f-62da-11cf-ab39-0020af71e433>
 DWORD nFaceVertexIndices;
 array DWORD faceVertexIndices[nFaceVertexIndices];
}

template Mesh {
 <3d82ab44-62da-11cf-ab39-0020af71e433>
 DWORD nVertices;
 array Vector vertices[nVertices];
 DWORD nFaces;
 array MeshFace faces[nFaces];
 [...]
}

template MeshMaterialList {
 <f6f23f42-7686-11cf-8f52-0040333594a3>
 DWORD nMaterials;
 DWORD nFaceIndexes;
 array DWORD faceIndexes[nFaceIndexes];
 [Material <3d82ab4d-62da-11cf-ab39-0020af71e433>]
}

template VertexElement {
 <f752461c-1e23-48f6-b9f8-8350850f336f>
 DWORD Type;
 DWORD Method;
 DWORD Usage;
 DWORD UsageIndex;
}

template DeclData {
 <bf22e553-292c-4781-9fea-62bd554bdd93>
 DWORD nElements;
 array VertexElement Elements[nElements];
 DWORD nDWords;
 array DWORD data[nDWords];
}

template XSkinMeshHeader {
 <3cf169ce-ff7c-44ab-93c0-f78f62d172e2>
 WORD nMaxSkinWeightsPerVertex;
 WORD nMaxSkinWeightsPerFace;
 WORD nBones;
}

template SkinWeights {
 <6f0d123b-bad2-4167-a0d0-80224f25fabb>
 STRING transformNodeName;
 DWORD nWeights;
 array DWORD vertexIndices[nWeights];
 array FLOAT weights[nWeights];
 Matrix4x4 matrixOffset;
}

template AnimTicksPerSecond {
 <9e415a43-7ba6-4a73-8743-b73d47e88476>
 DWORD AnimTicksPerSecond;
}

template Animation {
 <3d82ab4f-62da-11cf-ab39-0020af71e433>
 [...]
}

template AnimationSet {
 <3d82ab50-62da-11cf-ab39-0020af71e433>
 [Animation <3d82ab4f-62da-11cf-ab39-0020af71e433>]
}

template FloatKeys {
 <10dd46a9-775b-11cf-8f52-0040333594a3>
 DWORD nValues;
 array FLOAT values[nValues];
}

template TimedFloatKeys {
 <f406b180-7b3b-11cf-8f52-0040333594a3>
 DWORD time;
 FloatKeys tfkeys;
}

template AnimationKey {
 <10dd46a8-775b-11cf-8f52-0040333594a3>
 DWORD keyType;
 DWORD nKeys;
 array TimedFloatKeys keys[nKeys];
}


Material _02_-_Default {
 1.000000;1.000000;1.000000;1.000000;;
 9.999999;
 0.000000;0.000000;0.000000;;
 0.000000;0.000000;0.000000;;

 TextureFilename {
  "MaleBody_noTrans.png";
 }
}

Frame Dummy01 {
 

 FrameTransformMatrix {
  1.000000,0.000000,0.000000,0.000000,0.000000,-0.000000,-1.000000,0.000000,0.000000,1.000000,-0.000000,0.000000,0.000000,0.000000,0.000000,1.000000;;
 }

 Frame Bip01 {
  

  FrameTransformMatrix {
   -0.489721,0.856107,0.165090,0.000000,0.089573,-0.138946,0.986241,0.000000,0.867266,0.497771,-0.008639,0.000000,0.009533,-0.010862,0.491068,1.000000;;
  }

  Frame Bip01_Pelvis {
   

   FrameTransformMatrix {
    -0.000000,0.996195,-0.087157,0.000000,-0.000001,0.087157,0.996195,0.000000,1.000000,0.000000,0.000001,0.000000,0.000000,0.000000,0.000000,1.000000;;
   }

   Frame Bip01_Spine {
    

    FrameTransformMatrix {
     0.992530,0.043980,0.113798,0.000000,-0.063171,0.983249,0.170973,0.000000,-0.104372,-0.176885,0.978682,0.000000,0.051446,0.004515,-0.000083,1.000000;;
    }

    Frame Bip01_Spine1 {
     

     FrameTransformMatrix {
      0.933237,-0.051261,0.355586,0.000000,-0.022406,0.979537,0.200014,0.000000,-0.358562,-0.194628,0.912991,0.000000,0.106510,0.000017,-0.000077,1.000000;;
     }

     Frame Bip01_Neck {
      

      FrameTransformMatrix {
       0.986230,0.164755,0.014375,0.000000,-0.132893,0.841227,-0.524095,0.000000,-0.098440,0.514968,0.851538,0.000000,0.130507,-0.000014,0.004629,1.000000;;
      }

      Frame Bip01_Head {
       

       FrameTransformMatrix {
        0.969829,0.003128,-0.243767,0.000000,-0.072068,0.958906,-0.274419,0.000000,0.232891,0.283707,0.930200,0.000000,0.033674,0.000000,0.000000,1.000000;;
       }

       Frame Bip01_HeadNub {
        

        FrameTransformMatrix {
         1.000000,0.000000,0.000000,0.000000,0.000000,1.000000,0.000000,0.000000,-0.000000,0.000000,1.000000,0.000000,0.169824,0.000000,0.000000,1.000000;;
        }
       }
      }

      Frame Bip01_L_Clavicle {
       

       FrameTransformMatrix {
        -0.016580,0.862857,0.505177,0.000000,0.999684,0.023862,-0.007948,0.000000,-0.018913,0.504885,-0.862980,0.000000,-0.021172,0.018850,0.006523,1.000000;;
       }

       Frame Bip01_L_UpperArm {
        

        FrameTransformMatrix {
         0.517124,-0.703120,-0.488062,0.000000,0.854266,0.388662,0.345213,0.000000,-0.053035,-0.595453,0.801638,0.000000,0.087086,-0.000000,0.000000,1.000000;;
        }

        Frame Bip01_L_Forearm {
         

         FrameTransformMatrix {
          -0.275602,0.000000,-0.961272,0.000000,-0.000000,1.000000,-0.000000,0.000000,0.961272,0.000000,-0.275602,0.000000,0.137062,0.000000,0.000000,1.000000;;
         }

         Frame Bip01_L_Hand {
          

          FrameTransformMatrix {
           0.895609,-0.205678,0.394437,0.000000,-0.228475,-0.973486,0.011154,0.000000,0.381685,-0.100109,-0.918855,0.000000,0.137062,0.000000,0.000000,1.000000;;
          }

          Frame Bip01_L_Finger0 {
           

           FrameTransformMatrix {
            0.330705,-0.816856,0.472632,0.000000,0.892482,0.433495,0.124735,0.000000,-0.306775,0.380566,0.872388,0.000000,0.057681,-0.023605,-0.000272,1.000000;;
           }

           Frame Bip01_L_Finger0Nub {
            

            FrameTransformMatrix {
             1.000000,0.000000,0.000000,0.000000,-0.000000,1.000000,-0.000000,0.000000,-0.000000,-0.000000,1.000000,0.000000,0.029435,-0.000000,-0.000000,1.000000;;
            }
           }
          }

          Frame Bip01_L_Finger1 {
           

           FrameTransformMatrix {
            0.734090,-0.099616,0.671705,0.000000,-0.028412,0.983809,0.176953,0.000000,-0.678457,-0.148984,0.719375,0.000000,0.084102,-0.000000,0.000000,1.000000;;
           }

           Frame Bip01_L_Finger1Nub {
            

            FrameTransformMatrix {
             1.000000,0.000000,0.000000,0.000000,0.000000,1.000000,0.000000,0.000000,0.000000,0.000000,1.000000,0.000000,0.047988,0.000000,-0.000000,1.000000;;
            }
           }
          }
         }
        }
       }
      }

      Frame Bip01_R_Clavicle {
       

       FrameTransformMatrix {
        -0.048271,-0.987263,0.151601,0.000000,-0.991814,0.065339,0.109706,0.000000,-0.118214,-0.145064,-0.982335,0.000000,-0.026350,-0.007589,-0.009662,1.000000;;
       }

       Frame Bip01_R_UpperArm {
        

        FrameTransformMatrix {
         0.205032,0.022971,-0.978486,0.000000,-0.390711,0.918536,-0.060306,0.000000,0.897389,0.394670,0.197305,0.000000,0.087086,0.000000,0.000000,1.000000;;
        }

        Frame Bip01_R_Forearm {
         

         FrameTransformMatrix {
          0.495065,0.000000,-0.868856,0.000000,0.000000,1.000000,0.000000,0.000000,0.868856,0.000000,0.495065,0.000000,0.137062,-0.000000,-0.000000,1.000000;;
         }

         Frame Bip01_R_Hand {
          

          FrameTransformMatrix {
           0.846341,-0.082157,0.526267,0.000000,0.289244,-0.758771,-0.583614,0.000000,0.447264,0.646156,-0.618416,0.000000,0.137062,0.000000,0.000000,1.000000;;
          }

          Frame Bip01_R_Finger0 {
           

           FrameTransformMatrix {
            -0.119180,0.310912,0.942937,0.000000,-0.869176,0.426391,-0.250449,0.000000,-0.479928,-0.849426,0.219420,0.000000,0.057681,0.023605,-0.000272,1.000000;;
           }

           Frame Bip01_R_Finger0Nub {
            

            FrameTransformMatrix {
             -1.000000,0.000000,-0.000000,0.000000,0.000000,1.000000,-0.000000,0.000000,-0.000000,0.000000,-1.000000,0.000000,0.029435,0.000000,0.000000,1.000000;;
            }
           }
          }

          Frame Bip01_R_Finger1 {
           

           FrameTransformMatrix {
            0.077369,0.000794,0.997002,0.000000,0.000000,1.000000,-0.000796,0.000000,-0.997002,0.000062,0.077369,0.000000,0.084102,0.000000,0.000000,1.000000;;
           }

           Frame Bip01_R_Finger1Nub {
            

            FrameTransformMatrix {
             -1.000000,0.000000,-0.000000,0.000000,0.000000,1.000000,-0.000000,0.000000,-0.000000,0.000000,-1.000000,0.000000,0.047988,-0.000000,0.000000,1.000000;;
            }
           }
          }
         }
        }
       }
      }
     }

     Frame Bip01_BackPack {
      

      FrameTransformMatrix {
       0.068803,-0.000002,-0.997630,0.000000,0.000003,1.000000,-0.000002,0.000000,0.997630,-0.000003,0.068803,0.000000,0.063696,-0.000000,-0.088851,1.000000;;
      }

      Frame Bip01_BackPackNub {
       

       FrameTransformMatrix {
        0.000796,0.000003,1.000000,0.000000,-0.000000,-1.000000,0.000003,0.000000,1.000000,0.000000,-0.000796,0.000000,0.053240,0.000000,0.000000,1.000000;;
       }
      }
     }
    }

    Frame Bip01_L_Thigh {
     

     FrameTransformMatrix {
      -0.966301,0.218369,0.136295,0.000000,-0.130316,-0.871610,0.472561,0.000000,0.221989,0.438875,0.870695,0.000000,-0.048822,0.053125,-0.003519,1.000000;;
     }

     Frame Bip01_L_Calf {
      

      FrameTransformMatrix {
       0.952151,0.000000,-0.305627,0.000000,0.000000,1.000000,0.000000,0.000000,0.305627,-0.000000,0.952151,0.000000,0.237500,-0.000000,0.000000,1.000000;;
      }

      Frame Bip01_L_Foot {
       

       FrameTransformMatrix {
        0.995437,0.089107,0.034118,0.000000,-0.094944,0.960555,0.261383,0.000000,-0.009481,-0.263430,0.964632,0.000000,0.206841,0.000000,0.000000,1.000000;;
       }

       Frame Bip01_L_Toe0 {
        

        FrameTransformMatrix {
         -0.281151,0.092897,0.955157,0.000000,0.009529,0.995525,-0.094018,0.000000,-0.959616,-0.017332,-0.280778,0.000000,0.065373,0.000000,0.066450,1.000000;;
        }

        Frame Bip01_L_Toe0Nub {
         

         FrameTransformMatrix {
          -1.000000,0.000000,0.000000,0.000000,-0.000000,1.000000,-0.000000,0.000000,0.000000,-0.000000,-1.000000,0.000000,0.006735,0.000000,-0.000000,1.000000;;
         }
        }
       }
      }
     }
    }

    Frame Bip01_R_Thigh {
     

     FrameTransformMatrix {
      -0.968080,-0.196262,0.155891,0.000000,0.218827,-0.965097,0.143885,0.000000,0.122211,0.173406,0.977238,0.000000,-0.053679,-0.055476,0.016018,1.000000;;
     }

     Frame Bip01_R_Calf {
      

      FrameTransformMatrix {
       0.868533,-0.000000,-0.495632,0.000000,-0.000000,1.000000,0.000000,0.000000,0.495632,-0.000000,0.868533,0.000000,0.237500,0.000000,-0.000000,1.000000;;
      }

      Frame Bip01_R_Foot {
       

       FrameTransformMatrix {
        0.923645,-0.196318,0.329149,0.000000,0.231866,0.970075,-0.072057,0.000000,-0.305154,0.142874,0.941524,0.000000,0.206841,0.000000,-0.000000,1.000000;;
       }

       Frame Bip01_R_Toe0 {
        

        FrameTransformMatrix {
         0.793109,-0.384601,0.472293,0.000000,-0.009866,0.767206,0.641324,0.000000,-0.609000,-0.513300,0.604684,0.000000,0.065373,-0.000000,0.066450,1.000000;;
        }

        Frame Bip01_R_Toe0Nub {
         

         FrameTransformMatrix {
          1.000000,0.000000,0.000000,0.000000,-0.000000,1.000000,0.000000,0.000000,0.000000,0.000000,1.000000,0.000000,0.006735,-0.000000,0.000000,1.000000;;
         }
        }
       }
      }
     }
    }
   }

   Frame Bip01_DressFront {
    

    FrameTransformMatrix {
     -0.997354,-0.051360,-0.051450,0.000000,-0.051294,0.998680,-0.002606,0.000000,0.051516,0.000040,-0.998672,0.000000,-0.044009,0.001399,0.061087,1.000000;;
    }

    Frame Bip01_DressFront02 {
     

     FrameTransformMatrix {
      1.000000,-0.000000,0.000000,0.000000,0.000000,1.000000,-0.000000,0.000000,-0.000000,-0.000000,1.000000,0.000000,0.183324,0.000000,-0.000132,1.000000;;
     }

     Frame Bip01_DressFrontNub {
      

      FrameTransformMatrix {
       0.000796,0.000003,1.000000,0.000000,-0.000000,-1.000000,0.000003,0.000000,1.000000,-0.000000,-0.000796,0.000000,0.165302,-0.000000,0.000000,1.000000;;
      }
     }
    }
   }

   Frame Bip01_DressBack {
    

    FrameTransformMatrix {
     -0.996897,-0.075512,0.022223,0.000000,-0.074193,0.995718,0.055147,0.000000,-0.026292,0.053327,-0.998231,0.000000,-0.047729,-0.000007,-0.078279,1.000000;;
    }

    Frame Bip01_DressBack02 {
     

     FrameTransformMatrix {
      0.974078,0.000001,0.226213,0.000000,-0.000001,1.000000,-0.000000,0.000000,-0.226213,-0.000000,0.974078,0.000000,0.176183,-0.000000,-0.000106,1.000000;;
     }

     Frame Bip01_DressBackNub {
      

      FrameTransformMatrix {
       0.000796,0.000003,1.000000,0.000000,0.000000,-1.000000,0.000003,0.000000,1.000000,-0.000000,-0.000796,0.000000,0.136508,0.000000,0.000000,1.000000;;
      }
     }
    }
   }
  }

  Frame Bip01_Prop1 {
   

   FrameTransformMatrix {
    0.489721,-0.089574,-0.867266,0.000000,0.856107,-0.138946,0.497770,0.000000,-0.165090,-0.986241,0.008640,0.000000,0.288961,0.226994,0.053269,1.000000;;
   }
  }

  Frame Bip01_Prop2 {
   

   FrameTransformMatrix {
    -0.056610,-0.709518,-0.702410,0.000000,-0.081550,-0.697901,0.711536,0.000000,-0.995060,0.097562,-0.018353,0.000000,0.234133,0.161117,0.085301,1.000000;;
   }
  }
 }
}

Frame Translation_Data {
 

 FrameTransformMatrix {
  1.000000,0.000000,0.000000,0.000000,0.000000,-0.000000,-1.000000,0.000000,0.000000,1.000000,-0.000000,0.000000,0.000000,-0.000000,0.000000,1.000000;;
 }
}

Frame Body {
 

 FrameTransformMatrix {
  1.000000,0.000000,0.000000,0.000000,0.000000,1.000000,0.000000,0.000000,0.000000,0.000000,1.000000,0.000000,0.000000,0.000000,0.000000,1.000000;;
 }

 Mesh Body {
  617;
  0.009036;0.742983;-0.065017;,
  -0.014789;0.735117;-0.038264;,
  -0.012454;0.767815;-0.028485;,
  0.016721;0.723050;-0.071154;,
  0.022644;0.711104;-0.075942;,
  0.001741;0.672268;-0.056205;,
  -0.015388;0.700703;-0.049839;,
  0.047646;0.682019;-0.063839;,
  0.010431;0.797367;-0.008400;,
  0.065298;0.781489;-0.027934;,
  0.039780;0.777067;-0.038917;,
  0.048973;0.787761;-0.002124;,
  0.101832;0.539661;0.012666;,
  0.077289;0.542207;0.046557;,
  0.077666;0.527818;0.052643;,
  0.094529;0.550305;0.011179;,
  0.061026;0.558989;-0.032779;,
  0.082587;0.531338;-0.025148;,
  0.021339;0.557105;-0.044919;,
  0.055995;0.512319;-0.047475;,
  0.025361;0.502231;-0.043629;,
  -0.039141;0.668010;-0.020702;,
  -0.043627;0.700538;-0.020041;,
  0.040655;0.537112;0.068176;,
  0.040857;0.520406;0.072001;,
  0.095443;0.653298;0.033000;,
  0.061172;0.697764;0.069609;,
  0.061560;0.652855;0.072411;,
  0.095374;0.700498;0.024157;,
  0.049401;0.467026;-0.066384;,
  0.106948;0.369125;-0.078834;,
  0.063710;0.374245;-0.097799;,
  0.092569;0.460451;-0.041263;,
  0.069084;0.282366;-0.127480;,
  0.106586;0.275957;-0.090838;,
  0.009539;0.456711;-0.037647;,
  0.045379;0.341554;0.004725;,
  0.051883;0.420119;0.050811;,
  0.022747;0.361348;-0.065042;,
  0.062195;0.264107;-0.043228;,
  0.050710;0.268938;-0.083531;,
  0.121264;0.352708;-0.017835;,
  0.105226;0.428280;0.008369;,
  0.101623;0.271449;-0.050709;,
  0.129539;-0.000568;-0.077592;,
  0.086394;-0.003829;-0.035640;,
  0.085118;-0.002806;-0.084432;,
  0.121103;-0.002031;-0.032968;,
  0.081620;0.221363;-0.108616;,
  0.123619;0.148426;-0.087196;,
  0.089355;0.147675;-0.109693;,
  0.117969;0.222921;-0.086448;,
  0.124797;0.068645;-0.084131;,
  0.102295;0.068353;-0.110344;,
  0.047929;0.197700;-0.078460;,
  0.070260;0.147812;-0.037608;,
  0.058020;0.211367;-0.025374;,
  0.065687;0.140968;-0.079636;,
  0.094040;0.075198;-0.057535;,
  0.088296;0.058881;-0.087729;,
  0.130881;0.153685;-0.049709;,
  0.127410;0.227241;-0.038109;,
  0.117307;0.082430;-0.059906;,
  0.090044;0.502581;-0.028923;,
  -0.016327;0.493463;-0.035357;,
  0.009539;0.456711;-0.037647;,
  -0.009940;0.457231;-0.029640;,
  0.118095;0.488572;0.015804;,
  0.086226;0.479442;0.060335;,
  0.108228;0.440049;0.011880;,
  0.076546;0.435071;0.048504;,
  0.088898;0.600730;0.035320;,
  0.105716;0.651226;-0.001431;,
  0.101624;0.654928;-0.021284;,
  0.057972;0.605211;-0.035869;,
  0.060184;0.653292;-0.053418;,
  0.096269;0.602724;-0.004234;,
  0.011946;0.646953;-0.053598;,
  0.022229;0.600644;-0.042305;,
  -0.029235;0.650201;-0.021659;,
  -0.017005;0.594052;-0.013845;,
  0.055013;0.730888;-0.115453;,
  0.067484;0.688116;-0.139537;,
  0.013036;0.721830;-0.083025;,
  0.039897;0.625200;-0.121047;,
  0.017770;0.668201;-0.112669;,
  0.079149;0.640154;-0.145239;,
  0.046088;0.691187;-0.042032;,
  0.017770;0.668201;-0.112669;,
  0.054010;0.645054;-0.062506;,
  0.055759;0.593313;-0.108268;,
  0.039897;0.625200;-0.121047;,
  0.057137;0.692007;-0.039651;,
  0.103836;0.665237;-0.089222;,
  0.090702;0.706901;-0.065458;,
  0.094805;0.608050;-0.132614;,
  0.077062;0.723853;-0.096465;,
  0.076641;0.662636;-0.143157;,
  -0.000015;0.677022;-0.158342;,
  0.029403;0.647914;-0.113964;,
  0.031562;0.685409;-0.175073;,
  -0.017554;0.697859;-0.195379;,
  -0.005060;0.701047;-0.205823;,
  0.029403;0.647914;-0.113964;,
  0.005089;0.629377;-0.189611;,
  0.028895;0.591766;-0.142047;,
  -0.000015;0.677022;-0.158342;,
  -0.022055;0.669574;-0.203519;,
  -0.017554;0.697859;-0.195379;,
  0.029491;0.635977;-0.202062;,
  0.075872;0.606578;-0.170963;,
  -0.008499;0.669688;-0.222411;,
  -0.097991;0.729325;-0.293411;,
  -0.095305;0.717444;-0.237658;,
  -0.081092;0.734591;-0.280350;,
  -0.111685;0.712394;-0.250974;,
  -0.033090;0.731764;-0.274836;,
  -0.044545;0.724837;-0.284899;,
  -0.043542;0.733679;-0.278427;,
  -0.029736;0.724723;-0.283513;,
  -0.055389;0.702281;-0.201347;,
  -0.044325;0.707423;-0.260477;,
  -0.082224;0.694423;-0.226127;,
  -0.025579;0.722706;-0.235499;,
  -0.084940;0.678271;-0.237521;,
  -0.047991;0.667185;-0.213388;,
  -0.015928;0.687553;-0.248873;,
  -0.047894;0.690397;-0.270165;,
  0.060858;0.773919;-0.062234;,
  0.042483;0.766875;-0.084651;,
  0.039780;0.777067;-0.038917;,
  0.020154;0.767782;-0.054781;,
  0.106724;0.701642;-0.014706;,
  -0.000072;0.784056;-0.030729;,
  0.028481;0.745532;-0.089852;,
  0.016721;0.723050;-0.071154;,
  0.009036;0.742983;-0.065017;,
  0.034435;0.728349;-0.087521;,
  0.087882;0.743017;-0.033730;,
  0.081341;0.742180;0.008432;,
  0.085560;0.745597;-0.038510;,
  0.048809;0.736540;0.056267;,
  0.016412;0.780668;0.031569;,
  0.065298;0.781489;-0.027934;,
  0.085560;0.745597;-0.038510;,
  0.045581;0.711369;-0.056737;,
  0.081022;0.734695;-0.043418;,
  0.013036;0.721830;-0.083025;,
  0.085917;0.692129;-0.036498;,
  0.057414;0.681756;-0.053077;,
  0.022644;0.711104;-0.075942;,
  0.100222;0.698253;-0.030611;,
  -0.025579;0.722706;-0.235499;,
  0.005251;0.812560;-0.007717;,
  -0.000146;0.816810;0.014265;,
  -0.005712;0.799746;0.015760;,
  -0.024150;0.818038;0.026938;,
  -0.047894;0.690397;-0.270165;,
  -0.097991;0.729325;-0.293411;,
  -0.111685;0.712394;-0.250974;,
  -0.026672;0.724323;-0.257468;,
  -0.026643;0.706451;-0.276218;,
  -0.026672;0.724323;-0.257468;,
  -0.043516;0.722927;-0.263048;,
  -0.047983;0.700904;-0.273087;,
  -0.047983;0.700904;-0.273087;,
  -0.033090;0.731764;-0.274836;,
  -0.029736;0.724723;-0.283513;,
  -0.044545;0.724837;-0.284899;,
  0.140967;0.023275;-0.153174;,
  0.115746;0.001224;-0.200738;,
  0.112828;0.019525;-0.193266;,
  0.148267;0.002154;-0.160351;,
  0.081748;0.029592;-0.045873;,
  0.085118;-0.002806;-0.084432;,
  0.086394;-0.003829;-0.035640;,
  0.082618;0.022100;-0.086568;,
  0.094040;0.075198;-0.057535;,
  0.122965;0.034784;-0.042839;,
  0.117307;0.082430;-0.059906;,
  0.129539;-0.000568;-0.077592;,
  0.121103;-0.002031;-0.032968;,
  0.129004;0.034440;-0.079253;,
  0.102295;0.068353;-0.110344;,
  0.124797;0.068645;-0.084131;,
  0.084766;0.014809;-0.185230;,
  0.080108;-0.000841;-0.193269;,
  0.148267;0.002154;-0.160351;,
  0.080108;-0.000841;-0.193269;,
  0.022747;0.361348;-0.065042;,
  0.050710;0.268938;-0.083531;,
  0.047929;0.197700;-0.078460;,
  0.065687;0.140968;-0.079636;,
  0.088296;0.058881;-0.087729;,
  0.088296;0.058881;-0.087729;,
  0.014605;0.436598;0.011293;,
  0.014158;0.817266;-0.021394;,
  -0.002841;0.805339;-0.038509;,
  0.005362;0.812756;-0.040442;,
  -0.005097;0.806042;-0.022658;,
  0.005397;0.835630;0.002357;,
  -0.002789;0.844775;0.023138;,
  -0.025717;0.952231;-0.032373;,
  -0.045385;0.942453;-0.058835;,
  -0.045735;0.954919;-0.031712;,
  -0.006614;0.886995;-0.079573;,
  -0.023586;0.884258;-0.085671;,
  -0.012726;0.914896;-0.071392;,
  0.009168;0.833464;-0.044075;,
  0.016924;0.845324;-0.017917;,
  0.011786;0.828429;-0.012525;,
  0.015219;0.880381;-0.000832;,
  0.014053;0.890198;-0.023289;,
  0.000446;0.923196;-0.055502;,
  0.009641;0.926646;-0.029355;,
  0.009457;0.885171;-0.049673;,
  0.012750;0.884071;0.015375;,
  0.001799;0.891386;0.035984;,
  -0.036872;0.888700;0.048357;,
  -0.009258;0.936998;0.023753;,
  -0.041824;0.935885;0.034987;,
  0.012134;0.862655;-0.048490;,
  0.000363;0.822852;-0.057540;,
  -0.002443;0.855954;-0.071292;,
  -0.012101;0.796877;-0.068627;,
  -0.030624;0.789648;-0.056329;,
  -0.031455;0.791457;-0.077376;,
  -0.018784;0.933825;-0.062598;,
  -0.005137;0.943874;-0.032512;,
  0.005496;0.935596;0.004431;,
  -0.009900;0.951496;-0.004056;,
  -0.027382;0.955397;0.002813;,
  -0.044673;0.956003;0.005658;,
  -0.033541;0.850321;0.036947;,
  0.005496;0.935596;0.004431;,
  -0.009900;0.951496;-0.004056;,
  0.022871;0.848603;-0.018762;,
  0.024234;0.895253;-0.009418;,
  0.031336;0.876906;-0.001265;,
  0.018787;0.875994;-0.014147;,
  0.031336;0.876906;-0.001265;,
  0.022871;0.848603;-0.018762;,
  0.024234;0.895253;-0.009418;,
  0.014053;0.890198;-0.023289;,
  0.016677;0.866047;-0.029863;,
  0.016924;0.845324;-0.017917;,
  -0.004863;0.878079;-0.071435;,
  0.016677;0.866047;-0.029863;,
  -0.000072;0.784056;-0.030729;,
  0.005251;0.812560;-0.007717;,
  0.020154;0.767782;-0.054781;,
  0.005397;0.835630;0.002357;,
  -0.041695;0.751589;-0.017439;,
  -0.041229;0.727385;-0.017127;,
  -0.017590;0.552404;-0.026027;,
  0.049440;0.473639;0.079990;,
  0.047485;0.440547;0.071175;,
  0.028955;0.418944;0.052578;,
  -0.034110;0.787643;-0.038096;,
  0.014605;0.436598;0.011293;,
  -0.027382;0.955397;0.002813;,
  -0.044673;0.956003;0.005658;,
  -0.014669;0.828318;-0.073978;,
  -0.024557;0.850202;-0.080696;,
  -0.023451;0.840614;-0.080948;,
  -0.044858;0.932988;-0.071087;,
  -0.043175;0.911224;-0.084159;,
  -0.024520;0.875199;-0.076368;,
  0.054952;0.598141;0.068023;,
  0.020154;0.767782;-0.054781;,
  0.115746;0.001224;-0.200738;,
  -0.022274;0.818938;-0.080446;,
  -0.014625;0.821710;-0.073729;,
  -0.022805;0.823708;-0.076828;,
  -0.036222;0.838414;-0.085552;,
  -0.037330;0.846905;-0.094900;,
  -0.023581;0.827595;-0.081620;,
  -0.034463;0.822891;-0.076981;,
  -0.033999;0.816164;-0.082821;,
  -0.040558;0.881522;-0.091770;,
  -0.039539;0.872170;-0.087905;,
  0.081022;0.734695;-0.043418;,
  -0.035068;0.826585;-0.084998;,
  0.053703;0.718311;-0.043656;,
  0.045581;0.711369;-0.056737;,
  0.022644;0.711104;-0.075942;,
  0.012750;0.884071;0.015375;,
  0.081620;0.221363;-0.108616;,
  0.032081;0.145514;-0.105960;,
  0.017861;0.221774;-0.099282;,
  0.089355;0.147675;-0.109693;,
  0.069084;0.282366;-0.127480;,
  0.017371;0.280825;-0.104716;,
  0.063710;0.374245;-0.097799;,
  0.004235;0.370328;-0.077647;,
  0.049401;0.467027;-0.066384;,
  -0.002247;0.457187;-0.060438;,
  0.025361;0.502231;-0.043629;,
  0.035384;0.073315;-0.114076;,
  0.102295;0.068353;-0.110344;,
  0.079421;0.137475;-0.010604;,
  0.043920;0.058903;0.065241;,
  0.090033;0.068135;-0.014476;,
  0.039342;0.131638;0.058120;,
  0.030353;0.198007;0.044585;,
  0.065114;0.209707;-0.012681;,
  0.030103;0.257678;0.044006;,
  0.061389;0.257244;-0.012951;,
  0.047429;0.337969;0.019104;,
  0.034140;0.340456;0.052984;,
  0.046772;0.412960;0.068081;,
  0.053703;0.718311;-0.043656;,
  -0.080954;0.741894;0.013056;,
  -0.056709;0.733254;0.013396;,
  -0.086963;0.720908;0.024156;,
  -0.048525;0.766154;0.014047;,
  -0.083437;0.705698;0.056106;,
  -0.069684;0.668907;0.024243;,
  -0.072236;0.676378;0.071189;,
  -0.066937;0.698412;0.013687;,
  -0.027252;0.795601;0.035058;,
  -0.041532;0.776079;0.088122;,
  -0.010059;0.785137;0.070623;,
  -0.070127;0.771825;0.050478;,
  -0.043492;0.526767;0.093310;,
  0.004168;0.536172;0.090648;,
  -0.035934;0.539538;0.089849;,
  0.004391;0.521316;0.093305;,
  -0.060414;0.548966;0.040450;,
  -0.064257;0.518309;0.056339;,
  -0.052676;0.550996;-0.000288;,
  -0.066162;0.501525;0.019546;,
  -0.046164;0.495885;-0.003938;,
  0.040655;0.537112;0.068176;,
  0.040857;0.520406;0.072001;,
  0.022435;0.649645;0.106387;,
  0.061172;0.697764;0.069609;,
  0.020004;0.696951;0.109048;,
  0.061560;0.652855;0.072411;,
  -0.067673;0.454124;-0.001664;,
  -0.114580;0.358152;0.039423;,
  -0.079436;0.450648;0.047573;,
  -0.095976;0.358837;-0.004267;,
  -0.118484;0.261137;-0.011389;,
  -0.120384;0.264534;0.040665;,
  -0.017312;0.443454;-0.006605;,
  -0.011961;0.335303;0.061334;,
  -0.043382;0.346814;-0.006869;,
  0.030777;0.418246;0.062523;,
  -0.055078;0.258226;0.045355;,
  -0.074406;0.254694;0.008829;,
  -0.083123;0.348649;0.095239;,
  -0.048659;0.422008;0.093071;,
  -0.089272;0.267052;0.065782;,
  -0.098284;-0.001503;0.121538;,
  -0.038774;-0.001071;0.131045;,
  -0.065687;-0.001525;0.153192;,
  -0.065808;-0.000926;0.090394;,
  -0.107464;0.205124;0.026528;,
  -0.112864;0.146299;0.090190;,
  -0.118403;0.216777;0.066020;,
  -0.103749;0.135529;0.051699;,
  -0.101505;0.069994;0.115419;,
  -0.101695;0.063520;0.081378;,
  -0.059489;0.188041;0.029840;,
  -0.040618;0.154827;0.086384;,
  -0.065295;0.135553;0.057165;,
  -0.032081;0.217597;0.068336;,
  -0.061525;0.081166;0.113227;,
  -0.074337;0.060338;0.090875;,
  -0.093012;0.163008;0.118693;,
  -0.092526;0.235991;0.103511;,
  -0.081442;0.088343;0.125663;,
  -0.067440;0.488607;0.058469;,
  -0.017312;0.443454;-0.006605;,
  -0.042411;0.474330;0.104872;,
  0.012951;0.472941;0.100997;,
  -0.042796;0.431068;0.095138;,
  0.008235;0.430018;0.090886;,
  0.018242;0.596754;0.097723;,
  -0.011712;0.645351;0.116606;,
  -0.031914;0.648247;0.112945;,
  -0.048953;0.599194;0.058566;,
  -0.021992;0.596070;0.100214;,
  -0.064273;0.647065;0.071685;,
  -0.064347;0.643136;0.023091;,
  -0.050560;0.596548;0.021982;,
  -0.106398;0.759775;-0.004897;,
  -0.073354;0.719205;0.007665;,
  -0.129262;0.750089;-0.049036;,
  -0.118128;0.690719;-0.086785;,
  -0.148526;0.728546;-0.088437;,
  -0.091827;0.703308;-0.048754;,
  -0.118757;0.681501;0.022794;,
  -0.138816;0.665720;-0.021465;,
  -0.091827;0.703308;-0.048754;,
  -0.156126;0.658599;-0.080677;,
  -0.118128;0.690719;-0.086785;,
  -0.129145;0.683934;0.026613;,
  -0.176287;0.712621;-0.021444;,
  -0.153120;0.721549;0.021645;,
  -0.186478;0.696258;-0.082497;,
  -0.131465;0.749324;0.007696;,
  -0.138608;0.740778;-0.096740;,
  -0.083611;0.718741;-0.149688;,
  -0.107934;0.746163;-0.147725;,
  -0.101680;0.696775;-0.096087;,
  -0.071496;0.735333;-0.190092;,
  -0.086275;0.750000;-0.192842;,
  -0.101680;0.696775;-0.096087;,
  -0.128067;0.691369;-0.173105;,
  -0.083611;0.718741;-0.149688;,
  -0.145737;0.658683;-0.120681;,
  -0.094851;0.711276;-0.202378;,
  -0.071496;0.735333;-0.190092;,
  -0.146588;0.712520;-0.171180;,
  -0.182485;0.702435;-0.121236;,
  -0.110259;0.727040;-0.209057;,
  -0.041388;0.753779;-0.292670;,
  -0.069031;0.713107;-0.263715;,
  -0.059636;0.710753;-0.283140;,
  -0.050832;0.756706;-0.273019;,
  -0.055889;0.768218;-0.244798;,
  -0.055757;0.770572;-0.261378;,
  -0.058155;0.778778;-0.249207;,
  -0.051338;0.763705;-0.254003;,
  -0.064128;0.710711;-0.228048;,
  -0.081033;0.761088;-0.256711;,
  -0.062458;0.760398;-0.227328;,
  -0.074169;0.709272;-0.264005;,
  -0.092282;0.709564;-0.272368;,
  -0.101960;0.710268;-0.227912;,
  -0.101230;0.762218;-0.226269;,
  -0.099222;0.759333;-0.264622;,
  -0.106523;0.769374;0.046311;,
  -0.115692;0.765099;0.018296;,
  -0.070127;0.771825;0.050478;,
  -0.076649;0.765946;0.023667;,
  -0.017327;0.695805;0.125017;,
  -0.050662;0.781659;0.026735;,
  -0.110574;0.745844;0.002061;,
  -0.086963;0.720908;0.024156;,
  -0.101174;0.728054;0.012242;,
  -0.080954;0.741894;0.013056;,
  -0.041238;0.735347;0.110799;,
  -0.047844;0.737931;0.108382;,
  0.008556;0.738945;0.098127;,
  0.048809;0.736540;0.056267;,
  0.016412;0.780668;0.031569;,
  -0.041532;0.776079;0.088122;,
  -0.047844;0.737931;0.108382;,
  -0.067697;0.705875;0.067660;,
  -0.073354;0.719205;0.007665;,
  -0.057656;0.726992;0.100931;,
  -0.040963;0.686159;0.106412;,
  -0.060308;0.676217;0.079518;,
  -0.083437;0.705698;0.056106;,
  -0.033734;0.691949;0.120269;,
  -0.062458;0.760398;-0.227328;,
  -0.062960;0.806894;0.005366;,
  -0.050609;0.812618;0.023944;,
  -0.005712;0.799746;0.015760;,
  -0.024150;0.818038;0.026938;,
  -0.099222;0.759333;-0.264622;,
  -0.041388;0.753779;-0.292670;,
  -0.059636;0.710753;-0.283140;,
  -0.071476;0.762145;-0.233917;,
  -0.077884;0.781357;-0.250066;,
  -0.071476;0.762145;-0.233917;,
  -0.068130;0.756170;-0.250346;,
  -0.081873;0.767698;-0.267198;,
  -0.081873;0.767698;-0.267198;,
  -0.055889;0.768218;-0.244798;,
  -0.058155;0.778778;-0.249207;,
  -0.055757;0.770572;-0.261378;,
  -0.152562;0.020039;0.066750;,
  -0.157835;-0.001224;0.012855;,
  -0.161255;-0.001657;0.064602;,
  -0.152364;0.017374;0.017699;,
  -0.043047;0.032377;0.120735;,
  -0.065808;-0.000926;0.090394;,
  -0.066626;0.024044;0.087758;,
  -0.038774;-0.001071;0.131045;,
  -0.061525;0.081166;0.113227;,
  -0.075286;0.034885;0.146990;,
  -0.081442;0.088343;0.125663;,
  -0.098284;-0.001503;0.121538;,
  -0.101096;0.033425;0.120641;,
  -0.065687;-0.001525;0.153192;,
  -0.101695;0.063520;0.081378;,
  -0.101505;0.069994;0.115419;,
  -0.124537;0.014687;0.008067;,
  -0.124325;-0.000775;-0.001531;,
  -0.161255;-0.001657;0.064602;,
  -0.124325;-0.000775;-0.001531;,
  -0.043382;0.346814;-0.006869;,
  -0.074406;0.254694;0.008829;,
  -0.059489;0.188041;0.029840;,
  -0.065295;0.135553;0.057165;,
  -0.074337;0.060338;0.090875;,
  -0.074337;0.060338;0.090875;,
  -0.077594;0.808450;-0.018529;,
  -0.059728;0.799872;-0.036732;,
  -0.057936;0.801652;-0.012523;,
  -0.069295;0.805582;-0.038111;,
  -0.071036;0.828286;0.004743;,
  -0.063469;0.838944;0.025033;,
  -0.064879;0.948468;-0.031151;,
  -0.045735;0.954919;-0.031712;,
  -0.074104;0.880510;-0.077466;,
  -0.072917;0.909112;-0.069513;,
  -0.057331;0.881016;-0.084618;,
  -0.077188;0.825166;-0.041378;,
  -0.085427;0.835490;-0.014721;,
  -0.076846;0.819912;-0.009758;,
  -0.089369;0.870332;0.002434;,
  -0.091482;0.880057;-0.019993;,
  -0.086420;0.914850;-0.052790;,
  -0.087655;0.875839;-0.046640;,
  -0.094468;0.916642;-0.026104;,
  -0.086650;0.874520;0.018479;,
  -0.076038;0.883907;0.038415;,
  -0.036872;0.888700;0.048357;,
  -0.074637;0.930716;0.025795;,
  -0.041824;0.935885;0.034987;,
  -0.085921;0.853234;-0.045428;,
  -0.071774;0.849292;-0.069127;,
  -0.067375;0.816343;-0.055424;,
  -0.050907;0.793149;-0.067415;,
  -0.070039;0.928900;-0.060998;,
  -0.083461;0.936348;-0.030066;,
  -0.090021;0.926418;0.007413;,
  -0.078485;0.944906;-0.001914;,
  -0.044673;0.956003;0.005658;,
  -0.061674;0.952102;0.003884;,
  -0.033541;0.850321;0.036947;,
  -0.090021;0.926418;0.007413;,
  -0.078485;0.944906;-0.001914;,
  -0.091930;0.837572;-0.015177;,
  -0.101562;0.883165;-0.005490;,
  -0.092853;0.865267;-0.010661;,
  -0.104527;0.863851;0.002978;,
  -0.104527;0.863851;0.002978;,
  -0.091930;0.837572;-0.015177;,
  -0.101562;0.883165;-0.005490;,
  -0.091482;0.880057;-0.019993;,
  -0.089865;0.855809;-0.026536;,
  -0.085427;0.835490;-0.014721;,
  -0.073620;0.871472;-0.069288;,
  -0.089865;0.855809;-0.026536;,
  -0.050662;0.781659;0.026735;,
  -0.062960;0.806894;0.005366;,
  -0.076649;0.765946;0.023667;,
  -0.071036;0.828286;0.004743;,
  0.049440;0.473639;0.079990;,
  0.047485;0.440547;0.071175;,
  0.028955;0.418944;0.052578;,
  0.014605;0.436598;0.011293;,
  -0.061674;0.952102;0.003884;,
  -0.044673;0.956003;0.005658;,
  -0.054703;0.824471;-0.072728;,
  -0.049594;0.847796;-0.079914;,
  -0.048869;0.838171;-0.080154;,
  -0.054118;0.872355;-0.075444;,
  0.054952;0.598141;0.068023;,
  -0.076649;0.765946;0.023667;,
  -0.157835;-0.001224;0.012855;,
  -0.053474;0.817977;-0.072516;,
  -0.045868;0.816671;-0.079710;,
  -0.046031;0.821476;-0.076103;,
  -0.046306;0.825412;-0.080911;,
  -0.057656;0.726992;0.100931;,
  -0.054697;0.711356;0.077075;,
  -0.067697;0.705875;0.067660;,
  -0.083437;0.705698;0.056106;,
  -0.086650;0.874520;0.018479;,
  -0.062724;0.207612;-0.033030;,
  -0.022750;0.140356;-0.072347;,
  -0.068484;0.133256;-0.018112;,
  -0.022354;0.217452;-0.068837;,
  -0.070833;0.267282;-0.040859;,
  -0.025879;0.274378;-0.069471;,
  -0.045753;0.359301;-0.037287;,
  -0.020677;0.363775;-0.056226;,
  -0.030950;0.447263;-0.035821;,
  -0.018057;0.449211;-0.048174;,
  -0.016327;0.493463;-0.035357;,
  -0.046164;0.495885;-0.003938;,
  -0.024800;0.074830;-0.078760;,
  -0.071178;0.062420;-0.010879;,
  -0.018859;0.079372;0.125352;,
  -0.093012;0.163008;0.118693;,
  -0.081430;0.088342;0.125657;,
  -0.023304;0.151183;0.103391;,
  -0.092526;0.235991;0.103511;,
  -0.030788;0.218923;0.085577;,
  -0.031413;0.258637;0.070000;,
  -0.089272;0.267052;0.065782;,
  -0.083123;0.348649;0.095239;,
  -0.002376;0.332036;0.075610;,
  0.047485;0.440547;0.071175;,
  0.008235;0.430018;0.090886;,
  -0.054697;0.711356;0.077075;,
  -0.067673;0.454124;-0.001664;,
  -0.095976;0.358837;-0.004267;,
  -0.118484;0.261137;-0.011389;,
  -0.107464;0.205124;0.026528;,
  -0.103749;0.135529;0.051699;,
  -0.101695;0.063520;0.081378;,
  0.121264;0.352708;-0.017835;,
  0.076546;0.435071;0.048504;,
  0.105226;0.428280;0.008369;,
  0.101623;0.271449;-0.050709;,
  0.127410;0.227241;-0.038109;,
  0.130881;0.153685;-0.049709;,
  0.117307;0.082430;-0.059906;,
  -0.048659;0.422008;0.093071;;
  916;
  3;0,1,2;,
  3;1,0,3;,
  3;4,5,6;,
  3;5,4,7;,
  3;8,9,10;,
  3;9,8,11;,
  3;12,13,14;,
  3;13,12,15;,
  3;16,12,17;,
  3;12,16,15;,
  3;18,19,20;,
  3;19,18,16;,
  3;6,21,22;,
  3;21,6,5;,
  3;14,23,24;,
  3;23,14,13;,
  3;25,26,27;,
  3;26,25,28;,
  3;29,30,31;,
  3;30,29,32;,
  3;30,33,31;,
  3;33,30,34;,
  3;35,36,37;,
  3;36,35,38;,
  3;38,39,36;,
  3;39,38,40;,
  3;37,41,42;,
  3;41,37,36;,
  3;36,43,41;,
  3;43,36,39;,
  3;42,30,32;,
  3;30,42,41;,
  3;41,34,30;,
  3;34,41,43;,
  3;44,45,46;,
  3;45,44,47;,
  3;48,49,50;,
  3;49,48,51;,
  3;50,52,53;,
  3;52,50,49;,
  3;54,55,56;,
  3;55,54,57;,
  3;57,58,55;,
  3;58,57,59;,
  3;56,60,61;,
  3;60,56,55;,
  3;55,62,60;,
  3;62,55,58;,
  3;61,49,51;,
  3;49,61,60;,
  3;60,52,49;,
  3;52,60,62;,
  3;32,19,63;,
  3;19,32,29;,
  3;64,65,66;,
  3;65,64,20;,
  3;14,67,12;,
  3;67,14,68;,
  3;68,69,67;,
  3;69,68,70;,
  3;70,42,69;,
  3;42,70,37;,
  3;48,34,51;,
  3;34,48,33;,
  3;51,43,61;,
  3;43,51,34;,
  3;43,56,61;,
  3;56,43,39;,
  3;39,54,56;,
  3;54,39,40;,
  3;12,63,17;,
  3;63,12,67;,
  3;67,32,63;,
  3;32,67,69;,
  3;69,42,32;,
  3;71,72,25;,
  3;73,74,75;,
  3;74,73,76;,
  3;74,77,75;,
  3;77,74,78;,
  3;79,78,80;,
  3;78,79,77;,
  3;81,82,83;,
  3;82,84,85;,
  3;84,82,86;,
  3;87,88,89;,
  3;88,90,89;,
  3;90,88,91;,
  3;92,93,94;,
  3;92,89,93;,
  3;92,87,89;,
  3;89,95,93;,
  3;95,89,90;,
  3;96,93,82;,
  3;93,86,82;,
  3;86,93,95;,
  3;97,98,99;,
  3;98,97,100;,
  3;100,101,98;,
  3;101,100,102;,
  3;103,104,105;,
  3;104,103,106;,
  3;106,107,104;,
  3;107,106,108;,
  3;105,109,110;,
  3;109,105,104;,
  3;104,111,109;,
  3;111,104,107;,
  3;110,100,97;,
  3;100,110,109;,
  3;109,102,100;,
  3;102,109,111;,
  3;112,113,114;,
  3;113,112,115;,
  3;116,117,118;,
  3;117,116,119;,
  3;120,121,122;,
  3;121,120,123;,
  3;120,124,125;,
  3;124,120,122;,
  3;126,124,127;,
  3;124,126,125;,
  3;95,97,86;,
  3;97,95,110;,
  3;86,99,84;,
  3;99,86,97;,
  3;90,103,105;,
  3;103,90,91;,
  3;105,95,90;,
  3;95,105,110;,
  3;128,96,129;,
  3;96,128,94;,
  3;129,130,128;,
  3;130,129,131;,
  3;72,28,25;,
  3;28,72,132;,
  3;10,133,8;,
  3;134,135,136;,
  3;135,134,137;,
  3;81,137,134;,
  3;138,11,139;,
  3;138,9,11;,
  3;138,140,9;,
  3;141,11,142;,
  3;11,141,139;,
  3;128,130,143;,
  3;94,144,92;,
  3;94,143,144;,
  3;94,128,143;,
  3;145,87,146;,
  3;87,145,147;,
  3;75,148,73;,
  3;148,75,149;,
  3;150,147,145;,
  3;7,149,75;,
  3;148,151,73;,
  3;102,152,101;,
  3;152,102,126;,
  3;102,125,126;,
  3;125,102,111;,
  3;111,120,125;,
  3;120,111,107;,
  3;120,108,123;,
  3;108,120,107;,
  3;8,153,154;,
  3;153,8,133;,
  3;154,155,8;,
  3;155,154,156;,
  3;122,114,113;,
  3;114,122,121;,
  3;121,112,114;,
  3;112,121,157;,
  3;158,124,159;,
  3;124,158,127;,
  3;159,122,113;,
  3;122,159,124;,
  3;126,160,152;,
  3;160,126,161;,
  3;162,121,123;,
  3;121,162,163;,
  3;121,164,157;,
  3;164,121,163;,
  3;165,126,127;,
  3;126,165,161;,
  3;161,166,160;,
  3;166,161,167;,
  3;162,118,163;,
  3;118,162,116;,
  3;163,117,164;,
  3;117,163,118;,
  3;165,167,161;,
  3;167,165,168;,
  3;169,170,171;,
  3;170,169,172;,
  3;173,174,175;,
  3;174,173,176;,
  3;177,178,179;,
  3;178,177,173;,
  3;180,178,181;,
  3;178,180,182;,
  3;183,169,171;,
  3;169,183,184;,
  3;174,185,186;,
  3;185,174,176;,
  3;46,187,44;,
  3;187,46,188;,
  3;180,169,182;,
  3;169,180,172;,
  3;20,29,65;,
  3;19,29,20;,
  3;29,31,189;,
  3;31,190,189;,
  3;190,31,33;,
  3;33,191,190;,
  3;191,33,48;,
  3;191,50,192;,
  3;50,191,48;,
  3;192,53,193;,
  3;53,192,50;,
  3;194,171,185;,
  3;171,194,183;,
  3;171,186,185;,
  3;186,171,170;,
  3;185,176,194;,
  3;194,173,177;,
  3;173,194,176;,
  3;178,175,181;,
  3;175,178,173;,
  3;179,182,184;,
  3;182,179,178;,
  3;182,169,184;,
  3;16,17,19;,
  3;17,63,19;,
  3;65,195,66;,
  3;196,197,198;,
  3;197,196,199;,
  3;200,154,153;,
  3;154,200,201;,
  3;202,203,204;,
  3;205,206,207;,
  3;196,208,209;,
  3;208,196,198;,
  3;210,209,211;,
  3;209,210,196;,
  3;212,213,214;,
  3;213,212,215;,
  3;212,214,211;,
  3;201,216,217;,
  3;216,201,200;,
  3;218,219,220;,
  3;219,218,217;,
  3;210,199,196;,
  3;213,205,207;,
  3;221,222,223;,
  3;198,197,224;,
  3;224,225,226;,
  3;225,224,197;,
  3;227,213,207;,
  3;228,229,214;,
  3;229,228,230;,
  3;220,231,232;,
  3;213,228,214;,
  3;156,201,233;,
  3;201,156,154;,
  3;233,217,218;,
  3;217,233,201;,
  3;219,217,234;,
  3;235,219,234;,
  3;236,237,238;,
  3;237,236,239;,
  3;209,240,211;,
  3;240,209,241;,
  3;211,242,212;,
  3;242,211,240;,
  3;243,239,244;,
  3;239,243,237;,
  3;244,236,245;,
  3;236,244,239;,
  3;246,221,223;,
  3;221,246,215;,
  3;221,212,247;,
  3;212,221,215;,
  3;199,248,2;,
  3;248,199,249;,
  3;133,10,250;,
  3;249,210,251;,
  3;210,249,199;,
  3;210,211,251;,
  3;252,1,253;,
  3;1,252,2;,
  3;20,254,18;,
  3;254,20,64;,
  3;24,68,14;,
  3;68,24,255;,
  3;68,256,70;,
  3;256,68,255;,
  3;256,37,70;,
  3;37,256,257;,
  3;258,2,252;,
  3;2,258,199;,
  3;257,259,37;,
  3;37,259,35;,
  3;260,204,261;,
  3;204,260,202;,
  3;262,263,223;,
  3;263,262,264;,
  3;197,258,225;,
  3;258,197,199;,
  3;265,203,227;,
  3;265,207,266;,
  3;207,265,227;,
  3;223,267,246;,
  3;267,223,263;,
  3;88,87,147;,
  3;83,82,85;,
  3;78,16,18;,
  3;16,78,74;,
  3;74,15,16;,
  3;15,74,76;,
  3;15,71,13;,
  3;71,15,76;,
  3;13,268,23;,
  3;268,13,71;,
  3;248,269,2;,
  3;2,269,0;,
  3;136,129,134;,
  3;129,136,131;,
  3;134,96,81;,
  3;96,134,129;,
  3;96,82,81;,
  3;93,96,94;,
  3;29,189,65;,
  3;205,215,246;,
  3;267,205,246;,
  3;205,267,206;,
  3;205,213,215;,
  3;187,188,270;,
  3;224,271,272;,
  3;222,221,208;,
  3;224,222,198;,
  3;272,273,262;,
  3;273,272,271;,
  3;263,274,275;,
  3;273,276,262;,
  3;277,271,278;,
  3;271,277,273;,
  3;222,272,262;,
  3;272,222,224;,
  3;222,208,198;,
  3;209,221,247;,
  3;221,209,208;,
  3;223,222,262;,
  3;266,206,279;,
  3;206,266,207;,
  3;206,280,279;,
  3;280,206,267;,
  3;280,263,275;,
  3;263,280,267;,
  3;264,262,276;,
  3;76,73,72;,
  3;138,281,140;,
  3;73,132,72;,
  3;132,73,151;,
