xof 0303txt 0032
template ColorRGBA {
 <35ff44e0-6c7c-11cf-8f52-0040333594a3>
 FLOAT red;
 FLOAT green;
 FLOAT blue;
 FLOAT alpha;
}

template ColorRGB {
 <d3e16e81-7835-11cf-8f52-0040333594a3>
 FLOAT red;
 FLOAT green;
 FLOAT blue;
}

template Material {
 <3d82ab4d-62da-11cf-ab39-0020af71e433>
 ColorRGBA faceColor;
 FLOAT power;
 ColorRGB specularColor;
 ColorRGB emissiveColor;
 [...]
}

template TextureFilename {
 <a42790e1-7810-11cf-8f52-0040333594a3>
 STRING filename;
}

template Frame {
 <3d82ab46-62da-11cf-ab39-0020af71e433>
 [...]
}

template Matrix4x4 {
 <f6f23f45-7686-11cf-8f52-0040333594a3>
 array FLOAT matrix[16];
}

template FrameTransformMatrix {
 <f6f23f41-7686-11cf-8f52-0040333594a3>
 Matrix4x4 frameMatrix;
}

template Vector {
 <3d82ab5e-62da-11cf-ab39-0020af71e433>
 FLOAT x;
 FLOAT y;
 FLOAT z;
}

template MeshFace {
 <3d82ab5f-62da-11cf-ab39-0020af71e433>
 DWORD nFaceVertexIndices;
 array DWORD faceVertexIndices[nFaceVertexIndices];
}

template Mesh {
 <3d82ab44-62da-11cf-ab39-0020af71e433>
 DWORD nVertices;
 array Vector vertices[nVertices];
 DWORD nFaces;
 array MeshFace faces[nFaces];
 [...]
}

template MeshMaterialList {
 <f6f23f42-7686-11cf-8f52-0040333594a3>
 DWORD nMaterials;
 DWORD nFaceIndexes;
 array DWORD faceIndexes[nFaceIndexes];
 [Material <3d82ab4d-62da-11cf-ab39-0020af71e433>]
}

template VertexElement {
 <f752461c-1e23-48f6-b9f8-8350850f336f>
 DWORD Type;
 DWORD Method;
 DWORD Usage;
 DWORD UsageIndex;
}

template DeclData {
 <bf22e553-292c-4781-9fea-62bd554bdd93>
 DWORD nElements;
 array VertexElement Elements[nElements];
 DWORD nDWords;
 array DWORD data[nDWords];
}

template XSkinMeshHeader {
 <3cf169ce-ff7c-44ab-93c0-f78f62d172e2>
 WORD nMaxSkinWeightsPerVertex;
 WORD nMaxSkinWeightsPerFace;
 WORD nBones;
}

template SkinWeights {
 <6f0d123b-bad2-4167-a0d0-80224f25fabb>
 STRING transformNodeName;
 DWORD nWeights;
 array DWORD vertexIndices[nWeights];
 array FLOAT weights[nWeights];
 Matrix4x4 matrixOffset;
}

template AnimTicksPerSecond {
 <9e415a43-7ba6-4a73-8743-b73d47e88476>
 DWORD AnimTicksPerSecond;
}

template Animation {
 <3d82ab4f-62da-11cf-ab39-0020af71e433>
 [...]
}

template AnimationSet {
 <3d82ab50-62da-11cf-ab39-0020af71e433>
 [Animation <3d82ab4f-62da-11cf-ab39-0020af71e433>]
}

template FloatKeys {
 <10dd46a9-775b-11cf-8f52-0040333594a3>
 DWORD nValues;
 array FLOAT values[nValues];
}

template TimedFloatKeys {
 <f406b180-7b3b-11cf-8f52-0040333594a3>
 DWORD time;
 FloatKeys tfkeys;
}

template AnimationKey {
 <10dd46a8-775b-11cf-8f52-0040333594a3>
 DWORD keyType;
 DWORD nKeys;
 array TimedFloatKeys keys[nKeys];
}


Material _03_-_Default {
 1.000000;1.000000;1.000000;1.000000;;
 9.999999;
 0.000000;0.000000;0.000000;;
 0.000000;0.000000;0.000000;;

 TextureFilename {
  "MaleBody_full.png";
 }
}

Frame Dummy01 {
 

 FrameTransformMatrix {
  1.000000,0.000000,0.000000,0.000000,0.000000,-0.000000,-1.000000,0.000000,0.000000,1.000000,-0.000000,0.000000,0.000000,0.000000,0.000000,1.000000;;
 }

 Frame Bip01 {
  

  FrameTransformMatrix {
   -0.034683,0.999342,0.010664,0.000000,-0.008601,-0.010968,0.999903,0.000000,0.999361,0.034588,0.008976,0.000000,0.000000,-0.150989,0.315377,1.000000;;
  }

  Frame Bip01_Pelvis {
   

   FrameTransformMatrix {
    0.000000,1.000000,-0.000001,0.000000,-0.000001,0.000001,1.000000,0.000000,1.000000,-0.000000,0.000001,0.000000,0.000000,0.000000,0.000000,1.000000;;
   }

   Frame Bip01_Spine {
    

    FrameTransformMatrix {
     0.958554,0.000001,0.284913,0.000000,-0.000002,1.000000,0.000004,0.000000,-0.284913,-0.000004,0.958553,0.000000,0.051657,0.000000,-0.000081,1.000000;;
    }

    Frame Bip01_Spine1 {
     

     FrameTransformMatrix {
      0.991473,0.000000,0.130310,0.000000,-0.000000,1.000000,-0.000000,0.000000,-0.130310,-0.000000,0.991473,0.000000,0.106491,-0.000000,-0.000084,1.000000;;
     }

     Frame Bip01_Neck {
      

      FrameTransformMatrix {
       0.903366,0.000001,0.428870,0.000000,-0.000001,1.000000,-0.000000,0.000000,-0.428870,-0.000000,0.903366,0.000000,0.130516,0.000000,0.004628,1.000000;;
      }

      Frame Bip01_Head {
       

       FrameTransformMatrix {
        0.968422,-0.000001,-0.249317,0.000000,0.000001,1.000000,-0.000000,0.000000,0.249317,-0.000000,0.968422,0.000000,0.033674,0.000000,0.000000,1.000000;;
       }

       Frame Bip01_HeadNub {
        

        FrameTransformMatrix {
         1.000000,0.000000,-0.000000,0.000000,0.000000,1.000000,0.000000,0.000000,0.000000,0.000000,1.000000,0.000000,0.169824,0.000000,0.000000,1.000000;;
        }
       }
      }

      Frame Bip01_L_Clavicle {
       

       FrameTransformMatrix {
        -0.000000,1.000000,-0.000003,0.000000,0.903024,-0.000001,-0.429590,0.000000,-0.429590,-0.000003,-0.903024,0.000000,-0.023698,0.015715,0.006128,1.000000;;
       }

       Frame Bip01_L_UpperArm {
        

        FrameTransformMatrix {
         0.113566,-0.913892,-0.389749,0.000000,0.889482,0.268293,-0.369920,0.000000,0.442634,-0.304664,0.843359,0.000000,0.087086,0.000000,0.000000,1.000000;;
        }

        Frame Bip01_L_Forearm {
         

         FrameTransformMatrix {
          0.546421,0.000000,-0.837510,0.000000,0.000000,1.000000,-0.000000,0.000000,0.837510,0.000000,0.546421,0.000000,0.137062,0.000000,0.000000,1.000000;;
         }

         Frame Bip01_L_Hand {
          

          FrameTransformMatrix {
           0.801890,-0.537500,-0.260895,0.000000,0.554236,0.506106,0.660817,0.000000,-0.223149,-0.674500,0.703743,0.000000,0.137062,0.000000,-0.000000,1.000000;;
          }

          Frame Bip01_L_Finger0 {
           

           FrameTransformMatrix {
            0.829256,-0.514255,0.218807,0.000000,0.558537,0.749101,-0.356210,0.000000,0.019274,0.417601,0.908427,0.000000,0.057681,-0.023605,-0.000272,1.000000;;
           }

           Frame Bip01_L_Finger0Nub {
            

            FrameTransformMatrix {
             1.000000,0.000000,0.000000,0.000000,0.000000,1.000000,0.000000,0.000000,0.000000,-0.000000,1.000000,0.000000,0.029435,0.000000,-0.000000,1.000000;;
            }
           }
          }

          Frame Bip01_L_Finger1 {
           

           FrameTransformMatrix {
            0.989590,-0.000115,0.143914,0.000000,-0.000000,1.000000,0.000796,0.000000,-0.143914,-0.000788,0.989590,0.000000,0.084102,0.000000,0.000000,1.000000;;
           }

           Frame Bip01_L_Finger1Nub {
            

            FrameTransformMatrix {
             1.000000,0.000000,0.000000,0.000000,0.000000,1.000000,0.000000,0.000000,0.000000,0.000000,1.000000,0.000000,0.047988,0.000000,0.000000,1.000000;;
            }
           }
          }
         }
        }
       }
      }

      Frame Bip01_R_Clavicle {
       

       FrameTransformMatrix {
        -0.000000,-1.000000,0.000003,0.000000,-0.903024,0.000001,0.429590,0.000000,-0.429590,-0.000003,-0.903024,0.000000,-0.023698,-0.015714,0.006128,1.000000;;
       }

       Frame Bip01_R_UpperArm {
        

        FrameTransformMatrix {
         0.093667,0.857081,-0.506596,0.000000,-0.973222,0.186107,0.134921,0.000000,0.209919,0.480392,0.851562,0.000000,0.087086,-0.000000,0.000000,1.000000;;
        }

        Frame Bip01_R_Forearm {
         

         FrameTransformMatrix {
          0.690910,-0.000000,-0.722941,0.000000,0.000000,1.000000,-0.000000,0.000000,0.722941,0.000000,0.690910,0.000000,0.137062,0.000000,0.000000,1.000000;;
         }

         Frame Bip01_R_Hand {
          

          FrameTransformMatrix {
           0.971486,0.212704,0.104747,0.000000,-0.059279,0.645659,-0.761321,0.000000,-0.229567,0.733404,0.639858,0.000000,0.137062,-0.000000,-0.000000,1.000000;;
          }

          Frame Bip01_R_Finger0 {
           

           FrameTransformMatrix {
            0.367927,-0.161141,0.915786,0.000000,-0.558537,0.749101,0.356210,0.000000,-0.743416,-0.642559,0.185612,0.000000,0.057681,0.023605,-0.000272,1.000000;;
           }

           Frame Bip01_R_Finger0Nub {
            

            FrameTransformMatrix {
             -1.000000,0.000000,-0.000000,0.000000,0.000000,1.000000,0.000000,0.000000,0.000000,-0.000000,-1.000000,0.000000,0.029435,0.000000,-0.000000,1.000000;;
            }
           }
          }

          Frame Bip01_R_Finger1 {
           

           FrameTransformMatrix {
            0.287788,0.000763,0.957694,0.000000,0.000000,1.000000,-0.000796,0.000000,-0.957694,0.000229,0.287788,0.000000,0.084102,-0.000000,0.000000,1.000000;;
           }

           Frame Bip01_R_Finger1Nub {
            

            FrameTransformMatrix {
             -1.000000,0.000000,-0.000000,0.000000,0.000000,1.000000,0.000000,0.000000,-0.000000,0.000000,-1.000000,0.000000,0.047988,0.000000,0.000000,1.000000;;
            }
           }
          }
         }
        }
       }
      }
     }

     Frame Bip01_BackPack {
      

      FrameTransformMatrix {
       0.190104,-0.000002,-0.981764,0.000000,0.000003,1.000000,-0.000002,0.000000,0.981764,-0.000002,0.190104,0.000000,0.063697,-0.000000,-0.088856,1.000000;;
      }

      Frame Bip01_BackPackNub {
       

       FrameTransformMatrix {
        0.000796,0.000003,1.000000,0.000000,0.000000,-1.000000,0.000003,0.000000,1.000000,-0.000000,-0.000796,0.000000,0.053240,-0.000000,0.000000,1.000000;;
       }
      }
     }
    }

    Frame Bip01_L_Thigh {
     

     FrameTransformMatrix {
      0.049011,0.046907,0.997696,0.000000,-0.279477,-0.958351,0.058786,0.000000,0.958901,-0.281715,-0.033861,0.000000,-0.049493,0.055225,0.014796,1.000000;;
     }

     Frame Bip01_L_Calf {
      

      FrameTransformMatrix {
       0.106782,0.000000,-0.994282,0.000000,0.000000,1.000000,-0.000000,0.000000,0.994282,0.000000,0.106782,0.000000,0.237500,0.000000,0.000000,1.000000;;
      }

      Frame Bip01_L_Foot {
       

       FrameTransformMatrix {
        0.947628,0.293465,0.126016,0.000000,-0.297801,0.954483,0.016634,0.000000,-0.115398,-0.053290,0.991889,0.000000,0.206841,0.000000,-0.000000,1.000000;;
       }

       Frame Bip01_L_Toe0 {
        

        FrameTransformMatrix {
         -0.000000,0.000000,1.000000,0.000000,0.000000,1.000000,0.000000,0.000000,-1.000000,0.000000,-0.000000,0.000000,0.065373,-0.000000,0.066450,1.000000;;
        }

        Frame Bip01_L_Toe0Nub {
         

         FrameTransformMatrix {
          -1.000000,-0.000000,-0.000000,0.000000,0.000000,1.000000,-0.000000,0.000000,0.000000,-0.000000,-1.000000,0.000000,0.006735,0.000000,0.000000,1.000000;;
         }
        }
       }
      }
     }
    }

    Frame Bip01_R_Thigh {
     

     FrameTransformMatrix {
      0.035500,-0.145161,0.988771,0.000000,0.248916,-0.956929,-0.149424,0.000000,0.967874,0.251425,0.002162,0.000000,-0.049493,-0.055225,0.014796,1.000000;;
     }

     Frame Bip01_R_Calf {
      

      FrameTransformMatrix {
       -0.014339,-0.000000,-0.999897,0.000000,0.000000,1.000000,0.000000,0.000000,0.999897,0.000000,-0.014339,0.000000,0.237500,-0.000000,0.000000,1.000000;;
      }

      Frame Bip01_R_Foot {
       

       FrameTransformMatrix {
        0.928753,-0.271784,0.252092,0.000000,0.231103,0.956228,0.179498,0.000000,-0.289842,-0.108450,0.950910,0.000000,0.206841,0.000000,-0.000000,1.000000;;
       }

       Frame Bip01_R_Toe0 {
        

        FrameTransformMatrix {
         -0.000000,0.000000,1.000000,0.000000,0.000000,1.000000,0.000000,0.000000,-1.000000,0.000000,-0.000000,0.000000,0.065373,-0.000000,0.066450,1.000000;;
        }

        Frame Bip01_R_Toe0Nub {
         

         FrameTransformMatrix {
          1.000000,0.000000,0.000000,0.000000,0.000000,1.000000,0.000000,0.000000,0.000000,0.000000,1.000000,0.000000,0.006735,0.000000,0.000000,1.000000;;
         }
        }
       }
      }
     }
    }
   }

   Frame Bip01_DressFront {
    

    FrameTransformMatrix {
     -0.295593,-0.000002,0.955314,0.000000,-0.000004,1.000000,0.000001,0.000000,-0.955314,-0.000004,-0.295593,0.000000,-0.043862,0.001399,0.060985,1.000000;;
    }

    Frame Bip01_DressFront02 {
     

     FrameTransformMatrix {
      0.396226,0.000003,0.918153,0.000000,-0.000003,1.000000,-0.000002,0.000000,-0.918153,-0.000002,0.396226,0.000000,0.183445,-0.000000,-0.000052,1.000000;;
     }

     Frame Bip01_DressFrontNub {
      

      FrameTransformMatrix {
       0.000796,0.000003,1.000000,0.000000,0.000000,-1.000000,0.000003,0.000000,1.000000,-0.000000,-0.000796,0.000000,0.165302,0.000000,0.000000,1.000000;;
      }
     }
    }
   }

   Frame Bip01_DressBack {
    

    FrameTransformMatrix {
     -0.369104,-0.000002,0.929388,0.000000,-0.000004,1.000000,0.000000,0.000000,-0.929388,-0.000004,-0.369104,0.000000,-0.052606,0.000000,-0.080355,1.000000;;
    }

    Frame Bip01_DressBack02 {
     

     FrameTransformMatrix {
      0.767515,0.000002,0.641031,0.000000,-0.000002,1.000000,-0.000001,0.000000,-0.641031,-0.000001,0.767515,0.000000,0.176228,-0.000000,-0.000083,1.000000;;
     }

     Frame Bip01_DressBackNub {
      

      FrameTransformMatrix {
       0.000796,0.000003,1.000000,0.000000,0.000000,-1.000000,0.000003,0.000000,1.000000,0.000000,-0.000796,0.000000,0.136508,0.000000,0.000000,1.000000;;
      }
     }
    }
   }
  }

  Frame Bip01_Prop1 {
   

   FrameTransformMatrix {
    -0.853734,-0.312232,0.416712,0.000000,0.247478,0.460813,0.852294,0.000000,-0.458140,0.830760,-0.316141,0.000000,0.230909,-0.040331,-0.082632,1.000000;;
   }
  }

  Frame Bip01_Prop2 {
   

   FrameTransformMatrix {
    0.584037,-0.336958,-0.738485,0.000000,-0.277822,0.771847,-0.571897,0.000000,0.762703,0.539176,0.357173,0.000000,0.196407,-0.017242,0.012581,1.000000;;
   }
  }
 }
}

Frame Translation_Data {
 

 FrameTransformMatrix {
  1.000000,0.000000,0.000000,0.000000,0.000000,-0.000000,-1.000000,0.000000,0.000000,1.000000,-0.000000,0.000000,0.000000,-0.000000,0.000000,1.000000;;
 }
}

Frame Body {
 

 FrameTransformMatrix {
  1.000000,0.000000,0.000000,0.000000,0.000000,1.000000,0.000000,0.000000,0.000000,0.000000,1.000000,0.000000,0.000000,0.000000,0.000000,1.000000;;
 }

 Mesh Body {
  617;
  0.062873;0.563379;0.049510;,
  0.027792;0.550532;0.052915;,
  0.022454;0.583633;0.057876;,
  0.074341;0.543148;0.053029;,
  0.079540;0.526488;0.058836;,
  0.049178;0.484068;0.054258;,
  0.035572;0.515460;0.047609;,
  0.086665;0.496951;0.081417;,
  0.024078;0.616192;0.085295;,
  0.074674;0.603439;0.115146;,
  0.064814;0.601244;0.085430;,
  0.043201;0.608411;0.120410;,
  0.084212;0.365075;0.187266;,
  0.044317;0.375427;0.206305;,
  0.043800;0.359738;0.212973;,
  0.077175;0.377343;0.183175;,
  0.069979;0.375899;0.127995;,
  0.083813;0.350194;0.146671;,
  0.041169;0.369957;0.098764;,
  0.067598;0.329259;0.120642;,
  0.039570;0.317466;0.108790;,
  -0.004995;0.480058;0.049392;,
  -0.005441;0.515826;0.045807;,
  0.001449;0.372936;0.207781;,
  0.001829;0.355093;0.214149;,
  0.051705;0.486137;0.184133;,
  -0.000842;0.527917;0.181824;,
  -0.000218;0.487834;0.189455;,
  0.055942;0.528788;0.175081;,
  0.045756;0.331676;0.101732;,
  0.092486;0.307696;0.004624;,
  0.047776;0.323640;0.003115;,
  0.088204;0.312371;0.111677;,
  0.050436;0.286059;-0.103640;,
  0.086666;0.270946;-0.081593;,
  0.003500;0.311350;0.109143;,
  0.038740;0.218029;0.029203;,
  0.014939;0.252863;0.216421;,
  0.009897;0.286284;0.012449;,
  0.042434;0.237442;-0.055050;,
  0.031872;0.256255;-0.079993;,
  0.112301;0.248113;0.020516;,
  0.096439;0.260730;0.130091;,
  0.081074;0.250390;-0.056752;,
  0.138769;-0.000652;-0.047806;,
  0.099203;-0.000736;-0.002346;,
  0.093874;-0.000629;-0.050873;,
  0.134060;-0.000759;-0.002613;,
  0.073050;0.213404;-0.097490;,
  0.122010;0.150355;-0.063280;,
  0.092210;0.142193;-0.090224;,
  0.104810;0.222687;-0.070653;,
  0.136027;0.071096;-0.053308;,
  0.115473;0.066940;-0.081132;,
  0.039159;0.186696;-0.070242;,
  0.062324;0.144426;-0.021940;,
  0.038604;0.205740;-0.017861;,
  0.065478;0.133832;-0.063316;,
  0.102794;0.076681;-0.029130;,
  0.099968;0.060718;-0.055938;,
  0.122434;0.159510;-0.025840;,
  0.105813;0.232084;-0.022124;,
  0.125558;0.085773;-0.030471;,
  0.090339;0.321337;0.151308;,
  -0.001773;0.309539;0.098247;,
  0.003500;0.311350;0.109143;,
  -0.000991;0.274895;0.111862;,
  0.094001;0.315513;0.205495;,
  0.044847;0.313493;0.231219;,
  0.093692;0.266382;0.164898;,
  0.050298;0.257829;0.194013;,
  0.047854;0.435405;0.191879;,
  0.082847;0.479738;0.166559;,
  0.093715;0.479689;0.148463;,
  0.069787;0.420925;0.117126;,
  0.085549;0.467542;0.096551;,
  0.079022;0.430262;0.166101;,
  0.050177;0.455039;0.064206;,
  0.046010;0.410175;0.090606;,
  -0.004433;0.455185;0.059204;,
  -0.002949;0.404116;0.088811;,
  0.105543;0.542165;0.038783;,
  0.118969;0.493338;0.037998;,
  0.058219;0.547531;0.063829;,
  0.079430;0.440863;0.066245;,
  0.064237;0.486417;0.061374;,
  0.123752;0.445234;0.046891;,
  0.081812;0.538064;0.119198;,
  0.064237;0.486417;0.061374;,
  0.089934;0.487714;0.122230;,
  0.098923;0.427982;0.111310;,
  0.079430;0.440863;0.066245;,
  0.092337;0.539968;0.122944;,
  0.144769;0.494944;0.098894;,
  0.130670;0.542626;0.099751;,
  0.143121;0.432162;0.092015;,
  0.123581;0.544314;0.062578;,
  0.120395;0.442263;0.029474;,
  0.060148;0.396187;0.005787;,
  0.067446;0.436111;0.050896;,
  0.094366;0.401991;-0.006164;,
  0.055885;0.364034;-0.015704;,
  0.074933;0.365621;-0.034332;,
  0.067446;0.436111;0.050896;,
  0.086558;0.357703;0.038884;,
  0.088542;0.393232;0.092288;,
  0.060148;0.396187;0.005787;,
  0.076022;0.335702;-0.006199;,
  0.055885;0.364034;-0.015704;,
  0.112747;0.362607;0.029713;,
  0.141225;0.399421;0.071044;,
  0.087433;0.337870;-0.013314;,
  -0.046182;0.324697;-0.074792;,
  -0.008152;0.287537;-0.054067;,
  -0.040886;0.322848;-0.053522;,
  -0.013655;0.289812;-0.074940;,
  -0.021033;0.355987;-0.035048;,
  -0.018702;0.355054;-0.051606;,
  -0.023180;0.349017;-0.043569;,
  -0.019736;0.365742;-0.041314;,
  0.053301;0.312314;-0.021414;,
  0.010507;0.351094;-0.039019;,
  0.028733;0.302339;-0.047735;,
  0.028104;0.353376;-0.009119;,
  0.027912;0.307102;-0.067093;,
  0.066130;0.327722;-0.053499;,
  0.040829;0.371396;-0.041073;,
  0.011110;0.354342;-0.058655;,
  0.092059;0.604480;0.083469;,
  0.095568;0.595797;0.055075;,
  0.064814;0.601244;0.085430;,
  0.060391;0.590008;0.062229;,
  0.092144;0.526827;0.156323;,
  0.033149;0.600295;0.063234;,
  0.091953;0.571986;0.042351;,
  0.074341;0.543148;0.053029;,
  0.062873;0.563379;0.049510;,
  0.091815;0.553716;0.051786;,
  0.094660;0.567171;0.134038;,
  0.055719;0.565225;0.155265;,
  0.097022;0.569645;0.128780;,
  -0.001810;0.561075;0.162438;,
  -0.003700;0.601909;0.118440;,
  0.074674;0.603439;0.115146;,
  0.097022;0.569645;0.128780;,
  0.082223;0.531403;0.087745;,
  0.097283;0.559252;0.122377;,
  0.058219;0.547531;0.063829;,
  0.093397;0.513214;0.127172;,
  0.085524;0.498634;0.096094;,
  0.079540;0.526488;0.058836;,
  0.099157;0.521202;0.140962;,
  0.028104;0.353376;-0.009119;,
  0.028844;0.622636;0.046354;,
  0.020112;0.636850;0.062571;,
  -0.004855;0.619554;0.089646;,
  -0.005786;0.643363;0.068930;,
  0.011110;0.354342;-0.058655;,
  -0.046182;0.324697;-0.074792;,
  -0.013655;0.289812;-0.074940;,
  -0.006773;0.355172;-0.021112;,
  -0.000804;0.371794;-0.040061;,
  -0.006773;0.355172;-0.021112;,
  -0.006286;0.345638;-0.036134;,
  0.008145;0.356113;-0.053098;,
  0.008145;0.356113;-0.053098;,
  -0.021033;0.355987;-0.035048;,
  -0.019736;0.365742;-0.041314;,
  -0.018702;0.355054;-0.051606;,
  0.145010;0.021014;-0.124640;,
  0.114755;-0.000599;-0.169386;,
  0.113434;0.017980;-0.162150;,
  0.150570;-0.000611;-0.131877;,
  0.095457;0.032674;-0.012976;,
  0.093874;-0.000629;-0.050873;,
  0.099203;-0.000736;-0.002346;,
  0.092502;0.024328;-0.053406;,
  0.102794;0.076681;-0.029130;,
  0.136997;0.035696;-0.013507;,
  0.125558;0.085773;-0.030471;,
  0.138769;-0.000652;-0.047806;,
  0.134060;-0.000759;-0.002613;,
  0.139919;0.034294;-0.050277;,
  0.115473;0.066940;-0.081132;,
  0.136027;0.071096;-0.053308;,
  0.085942;0.014946;-0.151696;,
  0.079816;-0.000588;-0.158933;,
  0.150570;-0.000611;-0.131877;,
  0.079816;-0.000588;-0.158933;,
  0.009897;0.286284;0.012449;,
  0.031872;0.256255;-0.079993;,
  0.039159;0.186696;-0.070242;,
  0.065478;0.133832;-0.063316;,
  0.099968;0.060718;-0.055938;,
  0.099968;0.060718;-0.055938;,
  0.000868;0.261848;0.162162;,
  0.039168;0.616332;0.027672;,
  0.021454;0.598621;0.017839;,
  0.030173;0.603658;0.012874;,
  0.020620;0.609378;0.034660;,
  0.031610;0.644415;0.039175;,
  0.023986;0.662983;0.052576;,
  0.009041;0.731008;-0.048929;,
  -0.011133;0.710783;-0.068075;,
  -0.010739;0.734864;-0.050438;,
  0.023707;0.650045;-0.057784;,
  0.006615;0.645704;-0.062448;,
  0.019550;0.678709;-0.064405;,
  0.035460;0.619714;-0.000193;,
  0.043902;0.642316;0.017212;,
  0.037549;0.630517;0.029915;,
  0.044603;0.681286;0.015072;,
  0.044255;0.678987;-0.009354;,
  0.033195;0.692890;-0.054033;,
  0.042475;0.708069;-0.032502;,
  0.039452;0.662044;-0.030147;,
  0.042318;0.692534;0.027345;,
  0.031807;0.709588;0.041375;,
  -0.007021;0.715569;0.051975;,
  0.024083;0.744055;0.008138;,
  -0.008538;0.750488;0.017219;,
  0.040516;0.642834;-0.018091;,
  0.025994;0.604438;-0.007156;,
  0.025619;0.626768;-0.035333;,
  0.011774;0.577145;-0.004734;,
  -0.007280;0.577929;0.008792;,
  -0.007870;0.569316;-0.010506;,
  0.014806;0.699847;-0.066139;,
  0.028975;0.722431;-0.044192;,
  0.038800;0.732554;-0.007486;,
  0.024617;0.743202;-0.023214;,
  0.007422;0.750984;-0.019787;,
  -0.009797;0.753926;-0.018272;,
  -0.006365;0.676366;0.060748;,
  0.038800;0.732554;-0.007486;,
  0.024617;0.743202;-0.023214;,
  0.050072;0.644408;0.015116;,
  0.054697;0.689535;0.000711;,
  0.060435;0.677086;0.017009;,
  0.047920;0.670772;0.005706;,
  0.060435;0.677086;0.017009;,
  0.050072;0.644408;0.015116;,
  0.054697;0.689535;0.000711;,
  0.044255;0.678987;-0.009354;,
  0.045190;0.654581;-0.003283;,
  0.043902;0.642316;0.017212;,
  0.024777;0.646128;-0.046281;,
  0.045190;0.654581;-0.003283;,
  0.033149;0.600295;0.063234;,
  0.028844;0.622636;0.046354;,
  0.060391;0.590008;0.062229;,
  0.031610;0.644415;0.039175;,
  -0.005923;0.566559;0.045040;,
  -0.005628;0.542888;0.047408;,
  -0.002343;0.367224;0.096738;,
  0.002862;0.310483;0.232413;,
  0.003051;0.276352;0.229000;,
  0.011913;0.236091;0.160925;,
  -0.006782;0.584903;0.024986;,
  0.000868;0.261848;0.162162;,
  0.007422;0.750984;-0.019787;,
  -0.009797;0.753926;-0.018272;,
  0.011474;0.602100;-0.024756;,
  0.003201;0.618496;-0.041624;,
  0.003625;0.609950;-0.037151;,
  -0.011216;0.696541;-0.074169;,
  -0.011016;0.671111;-0.074970;,
  0.004992;0.642389;-0.049964;,
  0.000474;0.434887;0.195686;,
  0.060391;0.590008;0.062229;,
  0.114755;-0.000599;-0.169386;,
  0.003256;0.591231;-0.026156;,
  0.011047;0.596459;-0.021333;,
  0.003046;0.597180;-0.025329;,
  -0.009246;0.606553;-0.040607;,
  -0.009699;0.609473;-0.052935;,
  0.002573;0.598283;-0.031431;,
  -0.008639;0.597088;-0.025522;,
  -0.008624;0.588355;-0.027344;,
  -0.010477;0.641363;-0.067113;,
  -0.010144;0.635030;-0.059162;,
  0.097283;0.559252;0.122377;,
  -0.008939;0.596443;-0.034341;,
  0.078076;0.540096;0.103133;,
  0.082223;0.531403;0.087745;,
  0.079540;0.526488;0.058836;,
  0.042318;0.692534;0.027345;,
  0.073050;0.213404;-0.097490;,
  0.044797;0.109553;-0.095245;,
  0.023509;0.184020;-0.096795;,
  0.092210;0.142193;-0.090224;,
  0.050436;0.286060;-0.103640;,
  0.013158;0.256669;-0.087644;,
  0.047776;0.323640;0.003115;,
  0.002033;0.280817;0.007915;,
  0.045756;0.331676;0.101732;,
  -0.000702;0.307640;0.092662;,
  0.039570;0.317466;0.108790;,
  0.055818;0.038184;-0.098632;,
  0.115473;0.066940;-0.081132;,
  0.066593;0.132330;0.003920;,
  -0.005879;0.023832;-0.000085;,
  0.086940;0.066030;0.004467;,
  -0.005063;0.091499;0.018729;,
  -0.005069;0.157391;0.027148;,
  0.043804;0.206238;-0.004189;,
  -0.002159;0.205948;0.052845;,
  0.040864;0.221244;-0.036845;,
  0.042066;0.204031;0.033317;,
  -0.001584;0.213904;0.110448;,
  0.002757;0.253377;0.214556;,
  0.078076;0.540096;0.103133;,
  -0.074179;0.562149;0.054255;,
  -0.038720;0.549935;0.055217;,
  -0.085009;0.541717;0.058545;,
  -0.033646;0.583129;0.059818;,
  -0.089870;0.525240;0.064384;,
  -0.058766;0.483098;0.057994;,
  -0.094511;0.495324;0.087688;,
  -0.046217;0.514726;0.050439;,
  -0.033955;0.615671;0.087304;,
  -0.081656;0.601705;0.120830;,
  -0.050462;0.607570;0.123651;,
  -0.073894;0.599630;0.091131;,
  -0.082381;0.363579;0.193032;,
  -0.041457;0.374657;0.209274;,
  -0.075865;0.375969;0.188472;,
  -0.040199;0.358983;0.215880;,
  -0.072476;0.374620;0.132926;,
  -0.084522;0.348682;0.152497;,
  -0.045654;0.369177;0.101769;,
  -0.069763;0.328026;0.125416;,
  -0.042424;0.316729;0.111628;,
  0.001449;0.372936;0.207781;,
  0.001829;0.355093;0.214149;,
  -0.052345;0.485203;0.187734;,
  -0.000842;0.527917;0.181824;,
  -0.057963;0.527766;0.179024;,
  -0.000218;0.487834;0.189455;,
  -0.053587;0.330400;0.104259;,
  -0.116429;0.304109;0.017036;,
  -0.094056;0.310238;0.120851;,
  -0.073027;0.321010;0.007762;,
  -0.093622;0.279868;-0.096557;,
  -0.124557;0.266514;-0.068723;,
  -0.010996;0.311001;0.104743;,
  -0.057161;0.215952;0.032802;,
  -0.033234;0.284612;0.010786;,
  -0.009256;0.252645;0.217259;,
  -0.075150;0.236291;-0.050342;,
  -0.070012;0.252884;-0.076414;,
  -0.131817;0.244306;0.036585;,
  -0.099640;0.258471;0.140638;,
  -0.113825;0.248334;-0.045579;,
  -0.163187;-0.000652;-0.003408;,
  -0.123622;-0.000736;0.042052;,
  -0.158478;-0.000759;0.041785;,
  -0.118292;-0.000629;-0.006475;,
  -0.112150;0.207762;-0.079815;,
  -0.150679;0.148997;-0.028777;,
  -0.138160;0.220001;-0.048370;,
  -0.126651;0.137831;-0.060061;,
  -0.159746;0.071334;-0.007393;,
  -0.143015;0.065061;-0.037089;,
  -0.072431;0.185215;-0.057044;,
  -0.083678;0.149199;-0.000186;,
  -0.094722;0.133341;-0.038405;,
  -0.062033;0.210832;-0.008646;,
  -0.123755;0.079288;0.011524;,
  -0.124387;0.060718;-0.011541;,
  -0.143875;0.162876;0.006533;,
  -0.129689;0.235537;-0.002205;,
  -0.146709;0.087983;0.012378;,
  -0.090193;0.319715;0.157556;,
  -0.010996;0.311001;0.104743;,
  -0.089995;0.313861;0.211864;,
  -0.039152;0.312738;0.234126;,
  -0.092947;0.264454;0.173577;,
  -0.046847;0.256859;0.197909;,
  -0.047058;0.434553;0.195164;,
  -0.084508;0.478235;0.172351;,
  -0.096598;0.477979;0.155050;,
  -0.073844;0.419635;0.122097;,
  -0.079836;0.428836;0.171600;,
  -0.091824;0.465949;0.102690;,
  -0.058554;0.454062;0.067969;,
  -0.051768;0.409296;0.093990;,
  -0.125739;0.545576;0.046340;,
  -0.073118;0.550846;0.056285;,
  -0.137399;0.496498;0.041831;,
  -0.089416;0.442057;0.045749;,
  -0.137680;0.446102;0.042058;,
  -0.077933;0.490451;0.045969;,
  -0.077924;0.531705;0.113925;,
  -0.083311;0.480976;0.111137;,
  -0.077933;0.490451;0.045969;,
  -0.093601;0.424920;0.095113;,
  -0.089416;0.442057;0.045749;,
  -0.086794;0.532242;0.120957;,
  -0.142872;0.487314;0.107117;,
  -0.130519;0.535303;0.111303;,
  -0.141725;0.428805;0.091434;,
  -0.135472;0.542884;0.074522;,
  -0.140478;0.440227;0.024089;,
  -0.091624;0.393145;-0.017267;,
  -0.127843;0.399104;-0.017368;,
  -0.083453;0.433883;0.026957;,
  -0.092927;0.360094;-0.040793;,
  -0.118695;0.361977;-0.050033;,
  -0.083453;0.433883;0.026957;,
  -0.105795;0.355489;0.023416;,
  -0.091624;0.393145;-0.017267;,
  -0.089876;0.391742;0.073599;,
  -0.111130;0.335293;-0.019224;,
  -0.092927;0.360094;-0.040793;,
  -0.133523;0.360511;0.023306;,
  -0.146600;0.398085;0.070842;,
  -0.124085;0.335250;-0.024585;,
  -0.046367;0.270696;-0.088019;,
  -0.096581;0.278576;-0.062074;,
  -0.090149;0.260439;-0.072114;,
  -0.052449;0.289337;-0.078048;,
  -0.057779;0.303544;-0.068534;,
  -0.062255;0.295262;-0.082384;,
  -0.050948;0.303867;-0.077986;,
  -0.064074;0.294762;-0.071544;,
  -0.106144;0.306343;-0.034140;,
  -0.075834;0.321283;-0.084173;,
  -0.069809;0.334762;-0.052694;,
  -0.106608;0.283579;-0.063761;,
  -0.116880;0.284808;-0.080822;,
  -0.131928;0.320964;-0.057653;,
  -0.094803;0.351713;-0.077101;,
  -0.087706;0.321690;-0.100154;,
  -0.101661;0.602726;0.090205;,
  -0.106998;0.593979;0.062137;,
  -0.073894;0.599630;0.091131;,
  -0.071300;0.588825;0.066794;,
  -0.095333;0.525144;0.162812;,
  -0.044243;0.599600;0.065912;,
  -0.104317;0.570485;0.049500;,
  -0.085009;0.541717;0.058545;,
  -0.105520;0.553834;0.057555;,
  -0.074179;0.562149;0.054255;,
  -0.098788;0.564680;0.140094;,
  -0.101442;0.567037;0.135029;,
  -0.059763;0.564188;0.159262;,
  -0.001810;0.561075;0.162438;,
  -0.003700;0.601909;0.118440;,
  -0.081656;0.601705;0.120830;,
  -0.101442;0.567037;0.135029;,
  -0.090299;0.529922;0.093346;,
  -0.073118;0.550846;0.056285;,
  -0.102368;0.556911;0.128497;,
  -0.098355;0.511492;0.133809;,
  -0.092388;0.497036;0.102252;,
  -0.089870;0.525240;0.064384;,
  -0.103290;0.519383;0.147969;,
  -0.069809;0.334762;-0.052694;,
  -0.041516;0.622004;0.048789;,
  -0.031941;0.636383;0.064372;,
  -0.004855;0.619554;0.089646;,
  -0.005786;0.643363;0.068930;,
  -0.087706;0.321690;-0.100154;,
  -0.046367;0.270696;-0.088019;,
  -0.090149;0.260439;-0.072114;,
  -0.063196;0.322130;-0.063691;,
  -0.054638;0.320625;-0.088093;,
  -0.063196;0.322130;-0.063691;,
  -0.073972;0.310696;-0.072055;,
  -0.074485;0.314763;-0.096323;,
  -0.074485;0.314763;-0.096323;,
  -0.057779;0.303544;-0.068534;,
  -0.050948;0.303867;-0.077986;,
  -0.062255;0.295262;-0.082384;,
  -0.169429;0.021014;-0.080242;,
  -0.139174;-0.000599;-0.124989;,
  -0.174988;-0.000611;-0.087479;,
  -0.137853;0.017980;-0.117752;,
  -0.119875;0.032674;0.031421;,
  -0.118292;-0.000629;-0.006475;,
  -0.116921;0.024328;-0.009008;,
  -0.123622;-0.000736;0.042052;,
  -0.123755;0.079288;0.011524;,
  -0.161415;0.035696;0.030890;,
  -0.146709;0.087983;0.012378;,
  -0.163187;-0.000652;-0.003408;,
  -0.164337;0.034294;-0.005879;,
  -0.158478;-0.000759;0.041785;,
  -0.143015;0.065061;-0.037089;,
  -0.159746;0.071334;-0.007393;,
  -0.110361;0.014946;-0.107298;,
  -0.104234;-0.000588;-0.114535;,
  -0.174988;-0.000611;-0.087479;,
  -0.104234;-0.000588;-0.114535;,
  -0.033234;0.284612;0.010786;,
  -0.070012;0.252884;-0.076414;,
  -0.072431;0.185215;-0.057044;,
  -0.094722;0.133341;-0.038405;,
  -0.124387;0.060718;-0.011541;,
  -0.124387;0.060718;-0.011541;,
  -0.052992;0.615504;0.030862;,
  -0.035686;0.598108;0.019817;,
  -0.033884;0.608889;0.036547;,
  -0.044816;0.602984;0.015469;,
  -0.045163;0.643725;0.041832;,
  -0.036964;0.662436;0.054686;,
  -0.030295;0.730654;-0.047567;,
  -0.010739;0.734864;-0.050438;,
  -0.044083;0.649436;-0.055437;,
  -0.040909;0.678166;-0.062313;,
  -0.027280;0.645399;-0.061275;,
  -0.051281;0.618935;0.002809;,
  -0.058904;0.641392;0.020770;,
  -0.051477;0.629718;0.032996;,
  -0.060450;0.680343;0.018708;,
  -0.061750;0.678035;-0.005685;,
  -0.054057;0.692107;-0.051013;,
  -0.058092;0.661168;-0.026771;,
  -0.062097;0.707130;-0.028882;,
  -0.057524;0.691637;0.030801;,
  -0.046376;0.708886;0.044081;,
  -0.007021;0.715569;0.051975;,
  -0.041587;0.743465;0.010411;,
  -0.008538;0.750488;0.017219;,
  -0.057976;0.641950;-0.014682;,
  -0.044021;0.626143;-0.032922;,
  -0.042046;0.603827;-0.004801;,
  -0.027205;0.576795;-0.003385;,
  -0.036677;0.699385;-0.064357;,
  -0.049697;0.721724;-0.041469;,
  -0.057141;0.731692;-0.004166;,
  -0.044273;0.742583;-0.020829;,
  -0.009797;0.753926;-0.018272;,
  -0.027024;0.750675;-0.018595;,
  -0.006365;0.676366;0.060748;,
  -0.057141;0.731692;-0.004166;,
  -0.044273;0.742583;-0.020829;,
  -0.065240;0.643373;0.019107;,
  -0.071659;0.688400;0.005084;,
  -0.064217;0.669765;0.009587;,
  -0.076032;0.675861;0.021733;,
  -0.076032;0.675861;0.021733;,
  -0.065240;0.643373;0.019107;,
  -0.071659;0.688400;0.005084;,
  -0.061750;0.678035;-0.005685;,
  -0.061826;0.653620;0.000421;,
  -0.058904;0.641392;0.020770;,
  -0.044286;0.645508;-0.043891;,
  -0.061826;0.653620;0.000421;,
  -0.044243;0.599600;0.065912;,
  -0.041516;0.622004;0.048789;,
  -0.071300;0.588825;0.066794;,
  -0.045163;0.643725;0.041832;,
  0.002862;0.310483;0.232413;,
  0.003051;0.276352;0.229000;,
  0.011913;0.236091;0.160925;,
  0.000868;0.261848;0.162162;,
  -0.027024;0.750675;-0.018595;,
  -0.009797;0.753926;-0.018272;,
  -0.028738;0.601739;-0.023364;,
  -0.021947;0.618270;-0.040754;,
  -0.021907;0.609721;-0.036268;,
  -0.024738;0.642122;-0.048935;,
  0.000474;0.434887;0.195686;,
  -0.071300;0.588825;0.066794;,
  -0.139174;-0.000599;-0.124989;,
  -0.027975;0.596109;-0.019982;,
  -0.020443;0.591018;-0.025336;,
  -0.020284;0.596970;-0.024521;,
  -0.020253;0.598078;-0.030641;,
  -0.102368;0.556911;0.128497;,
  -0.084947;0.538546;0.108078;,
  -0.090299;0.529922;0.093346;,
  -0.089870;0.525240;0.064384;,
  -0.057524;0.691637;0.030801;,
  -0.051774;0.179803;-0.091800;,
  -0.010555;0.099283;-0.092893;,
  -0.067620;0.105637;-0.083462;,
  -0.011987;0.176213;-0.090024;,
  -0.044611;0.254146;-0.087548;,
  -0.010474;0.240398;-0.075959;,
  -0.021934;0.279910;0.005691;,
  -0.006444;0.260228;0.005005;,
  -0.007624;0.307387;0.089457;,
  -0.002532;0.288273;0.086270;,
  -0.001773;0.309539;0.098247;,
  -0.042424;0.316729;0.111628;,
  -0.009556;0.033874;-0.099200;,
  -0.077137;0.034849;-0.080531;,
  -0.088703;0.067927;0.036120;,
  -0.143875;0.162876;0.006533;,
  -0.146696;0.087982;0.012378;,
  -0.076529;0.139445;0.022625;,
  -0.129689;0.235537;-0.002205;,
  -0.068334;0.211739;0.007483;,
  -0.069717;0.221199;-0.029949;,
  -0.113825;0.248334;-0.045579;,
  -0.131817;0.244306;0.036585;,
  -0.059961;0.199318;0.037483;,
  0.003051;0.276352;0.229000;,
  -0.046847;0.256859;0.197909;,
  -0.084947;0.538546;0.108078;,
  -0.053587;0.330400;0.104259;,
  -0.073027;0.321010;0.007762;,
  -0.093622;0.279868;-0.096557;,
  -0.112150;0.207762;-0.079815;,
  -0.126651;0.137831;-0.060061;,
  -0.143015;0.065061;-0.037089;,
  0.112301;0.248113;0.020516;,
  0.050298;0.257829;0.194013;,
  0.096439;0.260730;0.130091;,
  0.081074;0.250390;-0.056752;,
  0.105813;0.232084;-0.022124;,
  0.122434;0.159510;-0.025840;,
  0.125558;0.085773;-0.030471;,
  -0.099640;0.258471;0.140638;;
  916;
  3;0,1,2;,
  3;1,0,3;,
  3;4,5,6;,
  3;5,4,7;,
  3;8,9,10;,
  3;9,8,11;,
  3;12,13,14;,
  3;13,12,15;,
  3;16,12,17;,
  3;12,16,15;,
  3;18,19,20;,
  3;19,18,16;,
  3;6,21,22;,
  3;21,6,5;,
  3;14,23,24;,
  3;23,14,13;,
  3;25,26,27;,
  3;26,25,28;,
  3;29,30,31;,
  3;30,29,32;,
  3;30,33,31;,
  3;33,30,34;,
  3;35,36,37;,
  3;36,35,38;,
  3;38,39,36;,
  3;39,38,40;,
  3;37,41,42;,
  3;41,37,36;,
  3;36,43,41;,
  3;43,36,39;,
  3;42,30,32;,
  3;30,42,41;,
  3;41,34,30;,
  3;34,41,43;,
  3;44,45,46;,
  3;45,44,47;,
  3;48,49,50;,
  3;49,48,51;,
  3;50,52,53;,
  3;52,50,49;,
  3;54,55,56;,
  3;55,54,57;,
  3;57,58,55;,
  3;58,57,59;,
  3;56,60,61;,
  3;60,56,55;,
  3;55,62,60;,
  3;62,55,58;,
  3;61,49,51;,
  3;49,61,60;,
  3;60,52,49;,
  3;52,60,62;,
  3;32,19,63;,
  3;19,32,29;,
  3;64,65,66;,
  3;65,64,20;,
  3;14,67,12;,
  3;67,14,68;,
  3;68,69,67;,
  3;69,68,70;,
  3;70,42,69;,
  3;42,70,37;,
  3;48,34,51;,
  3;34,48,33;,
  3;51,43,61;,
  3;43,51,34;,
  3;43,56,61;,
  3;56,43,39;,
  3;39,54,56;,
  3;54,39,40;,
  3;12,63,17;,
  3;63,12,67;,
  3;67,32,63;,
  3;32,67,69;,
  3;69,42,32;,
  3;71,72,25;,
  3;73,74,75;,
  3;74,73,76;,
  3;74,77,75;,
  3;77,74,78;,
  3;79,78,80;,
  3;78,79,77;,
  3;81,82,83;,
  3;82,84,85;,
  3;84,82,86;,
  3;87,88,89;,
  3;88,90,89;,
  3;90,88,91;,
  3;92,93,94;,
  3;92,89,93;,
  3;92,87,89;,
  3;89,95,93;,
  3;95,89,90;,
  3;96,93,82;,
  3;93,86,82;,
  3;86,93,95;,
  3;97,98,99;,
  3;98,97,100;,
  3;100,101,98;,
  3;101,100,102;,
  3;103,104,105;,
  3;104,103,106;,
  3;106,107,104;,
  3;107,106,108;,
  3;105,109,110;,
  3;109,105,104;,
  3;104,111,109;,
  3;111,104,107;,
  3;110,100,97;,
  3;100,110,109;,
  3;109,102,100;,
  3;102,109,111;,
  3;112,113,114;,
  3;113,112,115;,
  3;116,117,118;,
  3;117,116,119;,
  3;120,121,122;,
  3;121,120,123;,
  3;120,124,125;,
  3;124,120,122;,
  3;126,124,127;,
  3;124,126,125;,
  3;95,97,86;,
  3;97,95,110;,
  3;86,99,84;,
  3;99,86,97;,
  3;90,103,105;,
  3;103,90,91;,
  3;105,95,90;,
  3;95,105,110;,
  3;128,96,129;,
  3;96,128,94;,
  3;129,130,128;,
  3;130,129,131;,
  3;72,28,25;,
  3;28,72,132;,
  3;10,133,8;,
  3;134,135,136;,
  3;135,134,137;,
  3;81,137,134;,
  3;138,11,139;,
  3;138,9,11;,
  3;138,140,9;,
  3;141,11,142;,
  3;11,141,139;,
  3;128,130,143;,
  3;94,144,92;,
  3;94,143,144;,
  3;94,128,143;,
  3;145,87,146;,
  3;87,145,147;,
  3;75,148,73;,
  3;148,75,149;,
  3;150,147,145;,
  3;7,149,75;,
  3;148,151,73;,
  3;102,152,101;,
  3;152,102,126;,
  3;102,125,126;,
  3;125,102,111;,
  3;111,120,125;,
  3;120,111,107;,
  3;120,108,123;,
  3;108,120,107;,
  3;8,153,154;,
  3;153,8,133;,
  3;154,155,8;,
  3;155,154,156;,
  3;122,114,113;,
  3;114,122,121;,
  3;121,112,114;,
  3;112,121,157;,
  3;158,124,159;,
  3;124,158,127;,
  3;159,122,113;,
  3;122,159,124;,
  3;126,160,152;,
  3;160,126,161;,
  3;162,121,123;,
  3;121,162,163;,
  3;121,164,157;,
  3;164,121,163;,
  3;165,126,127;,
  3;126,165,161;,
  3;161,166,160;,
  3;166,161,167;,
  3;162,118,163;,
  3;118,162,116;,
  3;163,117,164;,
  3;117,163,118;,
  3;165,167,161;,
  3;167,165,168;,
  3;169,170,171;,
  3;170,169,172;,
  3;173,174,175;,
  3;174,173,176;,
  3;177,178,179;,
  3;178,177,173;,
  3;180,178,181;,
  3;178,180,182;,
  3;183,169,171;,
  3;169,183,184;,
  3;174,185,186;,
  3;185,174,176;,
  3;46,187,44;,
  3;187,46,188;,
  3;180,169,182;,
  3;169,180,172;,
  3;20,29,65;,
  3;19,29,20;,
  3;29,31,189;,
  3;31,190,189;,
  3;190,31,33;,
  3;33,191,190;,
  3;191,33,48;,
  3;191,50,192;,
  3;50,191,48;,
  3;192,53,193;,
  3;53,192,50;,
  3;194,171,185;,
  3;171,194,183;,
  3;171,186,185;,
  3;186,171,170;,
  3;185,176,194;,
  3;194,173,177;,
  3;173,194,176;,
  3;178,175,181;,
  3;175,178,173;,
  3;179,182,184;,
  3;182,179,178;,
  3;182,169,184;,
  3;16,17,19;,
  3;17,63,19;,
  3;65,195,66;,
  3;196,197,198;,
  3;197,196,199;,
  3;200,154,153;,
  3;154,200,201;,
  3;202,203,204;,
  3;205,206,207;,
  3;196,208,209;,
  3;208,196,198;,
  3;210,209,211;,
  3;209,210,196;,
  3;212,213,214;,
  3;213,212,215;,
  3;212,214,211;,
  3;201,216,217;,
  3;216,201,200;,
  3;218,219,220;,
  3;219,218,217;,
  3;210,199,196;,
  3;213,205,207;,
  3;221,222,223;,
  3;198,197,224;,
  3;224,225,226;,
  3;225,224,197;,
  3;227,213,207;,
  3;228,229,214;,
  3;229,228,230;,
  3;220,231,232;,
  3;213,228,214;,
  3;156,201,233;,
  3;201,156,154;,
  3;233,217,218;,
  3;217,233,201;,
  3;219,217,234;,
  3;235,219,234;,
  3;236,237,238;,
  3;237,236,239;,
  3;209,240,211;,
  3;240,209,241;,
  3;211,242,212;,
  3;242,211,240;,
  3;243,239,244;,
  3;239,243,237;,
  3;244,236,245;,
  3;236,244,239;,
  3;246,221,223;,
  3;221,246,215;,
  3;221,212,247;,
  3;212,221,215;,
  3;199,248,2;,
  3;248,199,249;,
  3;133,10,250;,
  3;249,210,251;,
  3;210,249,199;,
  3;210,211,251;,
  3;252,1,253;,
  3;1,252,2;,
  3;20,254,18;,
  3;254,20,64;,
  3;24,68,14;,
  3;68,24,255;,
  3;68,256,70;,
  3;256,68,255;,
  3;256,37,70;,
  3;37,256,257;,
  3;258,2,252;,
  3;2,258,199;,
  3;257,259,37;,
  3;37,259,35;,
  3;260,204,261;,
  3;204,260,202;,
  3;262,263,223;,
  3;263,262,264;,
  3;197,258,225;,
  3;258,197,199;,
  3;265,203,227;,
  3;265,207,266;,
  3;207,265,227;,
  3;223,267,246;,
  3;267,223,263;,
  3;88,87,147;,
  3;83,82,85;,
  3;78,16,18;,
  3;16,78,74;,
  3;74,15,16;,
  3;15,74,76;,
  3;15,71,13;,
  3;71,15,76;,
  3;13,268,23;,
  3;268,13,71;,
  3;248,269,2;,
  3;2,269,0;,
  3;136,129,134;,
  3;129,136,131;,
  3;134,96,81;,
  3;96,134,129;,
  3;96,82,81;,
  3;93,96,94;,
  3;29,189,65;,
  3;205,215,246;,
  3;267,205,246;,
  3;205,267,206;,
  3;205,213,215;,
  3;187,188,270;,
  3;224,271,272;,
  3;222,221,208;,
  3;224,222,198;,
  3;272,273,262;,
  3;273,272,271;,
  3;263,274,275;,
  3;273,276,262;,
  3;277,271,278;,
  3;271,277,273;,
  3;222,272,262;,
  3;272,222,224;,
  3;222,208,198;,
  3;209,221,247;,
  3;221,209,208;,
  3;223,222,262;,
  3;266,206,279;,
  3;206,266,207;,
  3;206,280,279;,
  3;280,206,267;,
  3;280,263,275;,
  3;263,280,267;,
  3;264,262,276;,
  3;76,73,72;,
  3;138,281,140;,
  3;73,132,72;,
  3;132,73,151;,
  3;72,71,76;,
  3;271,226,278;,
  3;155,11,8;,
  3;276,277,282;,
  3;277,276,273;,
  3;274,276,282;,
  3;276,274,264;,
  3;28,141,26;,
  3;141,28,139;,
