xof 0303txt 0032
template ColorRGBA {
 <35ff44e0-6c7c-11cf-8f52-0040333594a3>
 FLOAT red;
 FLOAT green;
 FLOAT blue;
 FLOAT alpha;
}

template ColorRGB {
 <d3e16e81-7835-11cf-8f52-0040333594a3>
 FLOAT red;
 FLOAT green;
 FLOAT blue;
}

template Material {
 <3d82ab4d-62da-11cf-ab39-0020af71e433>
 ColorRGBA faceColor;
 FLOAT power;
 ColorRGB specularColor;
 ColorRGB emissiveColor;
 [...]
}

template TextureFilename {
 <a42790e1-7810-11cf-8f52-0040333594a3>
 STRING filename;
}

template Frame {
 <3d82ab46-62da-11cf-ab39-0020af71e433>
 [...]
}

template Matrix4x4 {
 <f6f23f45-7686-11cf-8f52-0040333594a3>
 array FLOAT matrix[16];
}

template FrameTransformMatrix {
 <f6f23f41-7686-11cf-8f52-0040333594a3>
 Matrix4x4 frameMatrix;
}

template Vector {
 <3d82ab5e-62da-11cf-ab39-0020af71e433>
 FLOAT x;
 FLOAT y;
 FLOAT z;
}

template MeshFace {
 <3d82ab5f-62da-11cf-ab39-0020af71e433>
 DWORD nFaceVertexIndices;
 array DWORD faceVertexIndices[nFaceVertexIndices];
}

template Mesh {
 <3d82ab44-62da-11cf-ab39-0020af71e433>
 DWORD nVertices;
 array Vector vertices[nVertices];
 DWORD nFaces;
 array MeshFace faces[nFaces];
 [...]
}

template MeshMaterialList {
 <f6f23f42-7686-11cf-8f52-0040333594a3>
 DWORD nMaterials;
 DWORD nFaceIndexes;
 array DWORD faceIndexes[nFaceIndexes];
 [Material <3d82ab4d-62da-11cf-ab39-0020af71e433>]
}

template VertexElement {
 <f752461c-1e23-48f6-b9f8-8350850f336f>
 DWORD Type;
 DWORD Method;
 DWORD Usage;
 DWORD UsageIndex;
}

template DeclData {
 <bf22e553-292c-4781-9fea-62bd554bdd93>
 DWORD nElements;
 array VertexElement Elements[nElements];
 DWORD nDWords;
 array DWORD data[nDWords];
}

template XSkinMeshHeader {
 <3cf169ce-ff7c-44ab-93c0-f78f62d172e2>
 WORD nMaxSkinWeightsPerVertex;
 WORD nMaxSkinWeightsPerFace;
 WORD nBones;
}

template SkinWeights {
 <6f0d123b-bad2-4167-a0d0-80224f25fabb>
 STRING transformNodeName;
 DWORD nWeights;
 array DWORD vertexIndices[nWeights];
 array FLOAT weights[nWeights];
 Matrix4x4 matrixOffset;
}

template AnimTicksPerSecond {
 <9e415a43-7ba6-4a73-8743-b73d47e88476>
 DWORD AnimTicksPerSecond;
}

template Animation {
 <3d82ab4f-62da-11cf-ab39-0020af71e433>
 [...]
}

template AnimationSet {
 <3d82ab50-62da-11cf-ab39-0020af71e433>
 [Animation <3d82ab4f-62da-11cf-ab39-0020af71e433>]
}

template FloatKeys {
 <10dd46a9-775b-11cf-8f52-0040333594a3>
 DWORD nValues;
 array FLOAT values[nValues];
}

template TimedFloatKeys {
 <f406b180-7b3b-11cf-8f52-0040333594a3>
 DWORD time;
 FloatKeys tfkeys;
}

template AnimationKey {
 <10dd46a8-775b-11cf-8f52-0040333594a3>
 DWORD keyType;
 DWORD nKeys;
 array TimedFloatKeys keys[nKeys];
}


Material _03_-_Default {
 1.000000;1.000000;1.000000;1.000000;;
 9.999999;
 0.000000;0.000000;0.000000;;
 0.000000;0.000000;0.000000;;

 TextureFilename {
  "MaleBody_full.png";
 }
}

Frame Dummy01 {
 

 FrameTransformMatrix {
  1.000000,0.000000,0.000000,0.000000,0.000000,-0.000000,-1.000000,0.000000,0.000000,1.000000,-0.000000,0.000000,0.000000,0.000000,0.000000,1.000000;;
 }

 Frame Bip01 {
  

  FrameTransformMatrix {
   -0.000001,0.999453,-0.033072,0.000000,0.000004,0.033072,0.999453,0.000000,1.000000,0.000001,-0.000004,0.000000,0.027288,-0.035709,0.506777,1.000000;;
  }

  Frame Bip01_Pelvis {
   

   FrameTransformMatrix {
    0.000000,0.999450,-0.033173,0.000000,-0.000001,0.033173,0.999450,0.000000,1.000000,0.000000,0.000001,0.000000,0.000000,0.000000,0.000000,1.000000;;
   }

   Frame Bip01_Spine {
    

    FrameTransformMatrix {
     0.997641,0.033140,-0.060115,0.000000,-0.035247,0.998789,-0.034335,0.000000,0.058904,0.036373,0.997601,0.000000,0.051600,0.001710,-0.000085,1.000000;;
    }

    Frame Bip01_Spine1 {
     

     FrameTransformMatrix {
      0.998941,0.000064,0.046002,0.000000,0.003627,0.996776,-0.080154,0.000000,-0.045859,0.080236,0.995720,0.000000,0.106484,-0.000007,-0.000084,1.000000;;
     }

     Frame Bip01_Neck {
      

      FrameTransformMatrix {
       0.775933,0.000916,0.630815,0.000000,0.003301,0.999979,-0.005512,0.000000,-0.630807,0.006359,0.775914,0.000000,0.130521,-0.000000,0.004631,1.000000;;
      }

      Frame Bip01_Head {
       

       FrameTransformMatrix {
        0.999643,-0.026679,0.000992,0.000000,0.026697,0.999243,-0.028292,0.000000,-0.000236,0.028308,0.999599,0.000000,0.033674,0.000000,-0.000000,1.000000;;
       }

       Frame Bip01_HeadNub {
        

        FrameTransformMatrix {
         1.000000,-0.000000,0.000000,0.000000,0.000000,1.000000,-0.000000,0.000000,-0.000000,-0.000000,1.000000,0.000000,0.169824,-0.000000,0.000000,1.000000;;
        }
       }
      }

      Frame Bip01_L_Clavicle {
       

       FrameTransformMatrix {
        -0.264354,0.938543,0.221933,0.000000,0.728979,0.345119,-0.591170,0.000000,-0.631432,0.005506,-0.775411,0.000000,-0.021562,0.015661,0.011672,1.000000;;
       }

       Frame Bip01_L_UpperArm {
        

        FrameTransformMatrix {
         0.700633,-0.713520,-0.001773,0.000000,0.497845,0.490631,-0.715144,0.000000,0.511139,0.500171,0.698975,0.000000,0.087086,0.000000,-0.000000,1.000000;;
        }

        Frame Bip01_L_Forearm {
         

         FrameTransformMatrix {
          -0.143812,0.000000,-0.989605,0.000000,0.000000,1.000000,-0.000000,0.000000,0.989605,0.000000,-0.143812,0.000000,0.137062,0.000000,0.000000,1.000000;;
         }

         Frame Bip01_L_Hand {
          

          FrameTransformMatrix {
           0.869214,0.063743,0.490311,0.000000,-0.039429,-0.979561,0.197247,0.000000,0.492862,-0.190782,-0.848934,0.000000,0.137062,-0.000000,0.000000,1.000000;;
          }

          Frame Bip01_L_Finger0 {
           

           FrameTransformMatrix {
            0.337784,-0.456695,0.823002,0.000000,0.918172,0.352218,-0.181395,0.000000,-0.207034,0.816929,0.538298,0.000000,0.057681,-0.023605,-0.000272,1.000000;;
           }

           Frame Bip01_L_Finger0Nub {
            

            FrameTransformMatrix {
             1.000000,-0.000000,-0.000000,0.000000,0.000000,1.000000,-0.000000,0.000000,0.000000,0.000000,1.000000,0.000000,0.029435,-0.000000,0.000000,1.000000;;
            }
           }
          }

          Frame Bip01_L_Finger1 {
           

           FrameTransformMatrix {
            0.795732,-0.000482,0.605648,0.000000,0.000000,1.000000,0.000796,0.000000,-0.605648,-0.000634,0.795732,0.000000,0.084102,0.000000,0.000000,1.000000;;
           }

           Frame Bip01_L_Finger1Nub {
            

            FrameTransformMatrix {
             1.000000,-0.000000,0.000000,0.000000,0.000000,1.000000,-0.000000,0.000000,-0.000000,0.000000,1.000000,0.000000,0.047988,-0.000000,0.000000,1.000000;;
            }
           }
          }
         }
        }
       }
      }

      Frame Bip01_R_Clavicle {
       

       FrameTransformMatrix {
        -0.062819,-0.997034,-0.044464,0.000000,-0.774149,0.020561,0.632669,0.000000,-0.629879,0.074165,-0.773144,0.000000,-0.021590,-0.015768,0.011472,1.000000;;
       }

       Frame Bip01_R_UpperArm {
        

        FrameTransformMatrix {
         0.893725,0.441926,0.077183,0.000000,-0.432740,0.894607,-0.111423,0.000000,-0.118289,0.066182,0.990771,0.000000,0.087086,-0.000000,-0.000000,1.000000;;
        }

        Frame Bip01_R_Forearm {
         

         FrameTransformMatrix {
          -0.521536,0.000000,-0.853229,0.000000,0.000000,1.000000,0.000000,0.000000,0.853229,0.000000,-0.521536,0.000000,0.137062,0.000000,0.000000,1.000000;;
         }

         Frame Bip01_R_Hand {
          

          FrameTransformMatrix {
           0.918985,0.098252,-0.381855,0.000000,-0.394292,0.227379,-0.890411,0.000000,-0.000659,0.968837,0.247698,0.000000,0.137062,0.000000,-0.000000,1.000000;;
          }

          Frame Bip01_R_Finger0 {
           

           FrameTransformMatrix {
            0.344339,0.101276,0.933367,0.000000,-0.887143,0.360464,0.288174,0.000000,-0.307260,-0.927260,0.213968,0.000000,0.057681,0.023605,-0.000272,1.000000;;
           }

           Frame Bip01_R_Finger0Nub {
            

            FrameTransformMatrix {
             -1.000000,-0.000000,0.000000,0.000000,0.000000,1.000000,-0.000000,0.000000,0.000000,-0.000000,-1.000000,0.000000,0.029435,0.000000,0.000000,1.000000;;
            }
           }
          }

          Frame Bip01_R_Finger1 {
           

           FrameTransformMatrix {
            0.500453,0.000689,0.865763,0.000000,-0.000000,1.000000,-0.000796,0.000000,-0.865763,0.000398,0.500453,0.000000,0.084102,-0.000000,0.000000,1.000000;;
           }

           Frame Bip01_R_Finger1Nub {
            

            FrameTransformMatrix {
             -1.000000,0.000000,0.000000,0.000000,0.000000,1.000000,0.000000,0.000000,0.000000,-0.000000,-1.000000,0.000000,0.047988,0.000000,0.000000,1.000000;;
            }
           }
          }
         }
        }
       }
      }
     }

     Frame Bip01_BackPack {
      

      FrameTransformMatrix {
       0.190104,-0.000002,-0.981764,0.000000,0.000003,1.000000,-0.000002,0.000000,0.981764,-0.000002,0.190104,0.000000,0.063697,-0.000000,-0.088856,1.000000;;
      }

      Frame Bip01_BackPackNub {
       

       FrameTransformMatrix {
        0.000796,0.000003,1.000000,0.000000,0.000000,-1.000000,0.000003,0.000000,1.000000,-0.000000,-0.000796,0.000000,0.053240,-0.000000,-0.000000,1.000000;;
       }
      }
     }
    }

    Frame Bip01_L_Thigh {
     

     FrameTransformMatrix {
      -0.999593,-0.026829,0.009734,0.000000,0.026553,-0.999272,-0.027396,0.000000,0.010462,-0.027126,0.999577,0.000000,-0.049710,0.055267,-0.001008,1.000000;;
     }

     Frame Bip01_L_Calf {
      

      FrameTransformMatrix {
       0.992863,0.000000,-0.119263,0.000000,-0.000000,1.000000,0.000000,0.000000,0.119263,0.000000,0.992863,0.000000,0.237500,0.000000,0.000000,1.000000;;
      }

      Frame Bip01_L_Foot {
       

       FrameTransformMatrix {
        0.996283,-0.026764,0.081878,0.000000,0.027187,0.999622,-0.004061,0.000000,-0.081739,0.006272,0.996634,0.000000,0.206841,0.000000,0.000000,1.000000;;
       }

       Frame Bip01_L_Toe0 {
        

        FrameTransformMatrix {
         -0.000000,-0.000001,1.000000,0.000000,0.000000,1.000000,0.000001,0.000000,-1.000000,0.000000,-0.000000,0.000000,0.065373,0.000000,0.066450,1.000000;;
        }

        Frame Bip01_L_Toe0Nub {
         

         FrameTransformMatrix {
          -1.000000,0.000000,0.000000,0.000000,0.000000,1.000000,-0.000000,0.000000,0.000000,-0.000000,-1.000000,0.000000,0.006735,0.000000,0.000000,1.000000;;
         }
        }
       }
      }
     }
    }

    Frame Bip01_R_Thigh {
     

     FrameTransformMatrix {
      -0.994446,-0.080152,0.068216,0.000000,0.077890,-0.996340,-0.035202,0.000000,0.070788,-0.029693,0.997049,0.000000,-0.053370,-0.055050,-0.005026,1.000000;;
     }

     Frame Bip01_R_Calf {
      

      FrameTransformMatrix {
       0.970341,-0.000000,-0.241742,0.000000,-0.000000,1.000000,0.000000,0.000000,0.241742,0.000000,0.970341,0.000000,0.237500,0.000000,0.000000,1.000000;;
      }

      Frame Bip01_R_Foot {
       

       FrameTransformMatrix {
        0.986365,-0.077867,0.144982,0.000000,0.099885,0.983416,-0.151377,0.000000,-0.130791,0.163795,0.977786,0.000000,0.206841,-0.000000,0.000000,1.000000;;
       }

       Frame Bip01_R_Toe0 {
        

        FrameTransformMatrix {
         -0.000000,-0.167279,0.985909,0.000000,0.000000,0.985909,0.167279,0.000000,-1.000000,0.000000,0.000000,0.000000,0.065373,0.000000,0.066450,1.000000;;
        }

        Frame Bip01_R_Toe0Nub {
         

         FrameTransformMatrix {
          1.000000,-0.000000,0.000000,0.000000,-0.000000,1.000000,0.000000,0.000000,0.000000,0.000000,1.000000,0.000000,0.006735,0.000000,0.000000,1.000000;;
         }
        }
       }
      }
     }
    }
   }

   Frame Bip01_DressFront {
    

    FrameTransformMatrix {
     -0.998640,-0.038829,0.034801,0.000000,-0.038805,0.999246,0.001382,0.000000,-0.034828,0.000029,-0.999394,0.000000,-0.043997,0.001399,0.061087,1.000000;;
    }

    Frame Bip01_DressFront02 {
     

     FrameTransformMatrix {
      1.000000,0.000000,0.000000,0.000000,0.000000,1.000000,0.000000,0.000000,0.000000,-0.000000,1.000000,0.000000,0.183324,0.000000,-0.000132,1.000000;;
     }

     Frame Bip01_DressFrontNub {
      

      FrameTransformMatrix {
       0.000796,0.000003,1.000000,0.000000,0.000000,-1.000000,0.000003,0.000000,1.000000,-0.000000,-0.000796,0.000000,0.165302,-0.000000,0.000000,1.000000;;
      }
     }
    }
   }

   Frame Bip01_DressBack {
    

    FrameTransformMatrix {
     -0.983625,-0.104741,0.146666,0.000000,-0.103584,0.994500,0.015528,0.000000,-0.147486,0.000082,-0.989065,0.000000,-0.047712,0.000000,-0.078281,1.000000;;
    }

    Frame Bip01_DressBack02 {
     

     FrameTransformMatrix {
      0.990815,0.000000,0.135222,0.000000,-0.000000,1.000000,-0.000000,0.000000,-0.135222,-0.000000,0.990815,0.000000,0.176173,-0.000000,-0.000108,1.000000;;
     }

     Frame Bip01_DressBackNub {
      

      FrameTransformMatrix {
       0.000796,0.000003,1.000000,0.000000,-0.000000,-1.000000,0.000003,0.000000,1.000000,0.000000,-0.000796,0.000000,0.136508,0.000000,0.000000,1.000000;;
      }
     }
    }
   }
  }

  Frame Bip01_Prop1 {
   

   FrameTransformMatrix {
    0.625559,-0.243322,-0.741262,0.000000,0.300859,-0.801397,0.516960,0.000000,-0.719833,-0.546404,-0.428115,0.000000,0.153225,0.232035,-0.092144,1.000000;;
   }
  }

  Frame Bip01_Prop2 {
   

   FrameTransformMatrix {
    0.670153,-0.115595,-0.733167,0.000000,0.697598,0.435442,0.568987,0.000000,0.253480,-0.892764,0.372451,0.000000,0.143669,0.050522,-0.014967,1.000000;;
   }
  }
 }
}

Frame Translation_Data {
 

 FrameTransformMatrix {
  1.000000,0.000000,0.000000,0.000000,0.000000,-0.000000,-1.000000,0.000000,0.000000,1.000000,-0.000000,0.000000,0.000000,-0.000000,0.000000,1.000000;;
 }
}

Frame Body {
 

 FrameTransformMatrix {
  1.000000,0.000000,0.000000,0.000000,0.000000,1.000000,0.000000,0.000000,0.000000,0.000000,1.000000,0.000000,0.000000,0.000000,0.000000,1.000000;;
 }

 Mesh Body {
  617;
  0.098270;0.765777;0.015332;,
  0.064026;0.765614;0.008410;,
  0.056888;0.794381;0.024741;,
  0.105971;0.746645;0.012067;,
  0.114603;0.737511;0.012420;,
  0.086612;0.702247;-0.014362;,
  0.073696;0.735028;-0.008610;,
  0.120040;0.703632;0.020179;,
  0.053539;0.814517;0.062041;,
  0.100148;0.787829;0.091481;,
  0.097063;0.787831;0.061177;,
  0.067797;0.793200;0.094246;,
  0.108955;0.560131;0.072609;,
  0.068291;0.566158;0.091257;,
  0.067810;0.554864;0.097142;,
  0.102002;0.569236;0.069316;,
  0.097045;0.569105;0.013334;,
  0.110334;0.543518;0.032713;,
  0.069541;0.563402;-0.017472;,
  0.096704;0.518594;0.003941;,
  0.068246;0.508071;-0.005177;,
  0.033623;0.701396;-0.027132;,
  0.033352;0.736909;-0.015974;,
  0.025457;0.562904;0.090938;,
  0.025949;0.549198;0.097099;,
  0.074252;0.658427;0.106179;,
  0.019910;0.697879;0.113405;,
  0.022081;0.659277;0.106358;,
  0.077024;0.699965;0.114615;,
  0.082575;0.468744;-0.007497;,
  0.119667;0.365055;0.017348;,
  0.082048;0.369959;-0.011221;,
  0.116875;0.465614;0.029543;,
  0.076788;0.277100;-0.015756;,
  0.105374;0.272743;0.028719;,
  0.033073;0.471571;0.013875;,
  0.040362;0.368884;0.089659;,
  0.041441;0.447529;0.104280;,
  0.034297;0.371484;0.013977;,
  0.051744;0.276484;0.067530;,
  0.048739;0.275001;0.025219;,
  0.119821;0.364287;0.082114;,
  0.111375;0.447579;0.088242;,
  0.092541;0.276777;0.067355;,
  0.088921;-0.001438;0.054147;,
  0.049355;-0.001522;0.099607;,
  0.044025;-0.001415;0.051079;,
  0.084212;-0.001545;0.099340;,
  0.075067;0.221209;0.009695;,
  0.099226;0.144713;0.042971;,
  0.070064;0.147420;0.014284;,
  0.106446;0.218937;0.038423;,
  0.086696;0.066729;0.049312;,
  0.066859;0.067767;0.020708;,
  0.032852;0.205921;0.033955;,
  0.038378;0.156915;0.081118;,
  0.035228;0.222433;0.087138;,
  0.040487;0.147213;0.039458;,
  0.054382;0.078690;0.072538;,
  0.050120;0.059932;0.046014;,
  0.100280;0.152032;0.080800;,
  0.107456;0.225942;0.087354;,
  0.078635;0.082743;0.072234;,
  0.117390;0.515064;0.038825;,
  0.027500;0.498641;-0.016757;,
  0.033073;0.471571;0.013875;,
  0.028645;0.464644;-0.001622;,
  0.119297;0.511664;0.093308;,
  0.069338;0.509486;0.117417;,
  0.113026;0.461251;0.092264;,
  0.068120;0.465089;0.114002;,
  0.071262;0.611481;0.094453;,
  0.107140;0.657748;0.090739;,
  0.119857;0.663663;0.074876;,
  0.099548;0.618979;0.019983;,
  0.117408;0.670099;0.021178;,
  0.104516;0.613544;0.070693;,
  0.085860;0.670069;-0.017114;,
  0.078200;0.616708;-0.010708;,
  0.031090;0.671927;-0.027589;,
  0.029650;0.612149;-0.018288;,
  0.133057;0.713784;0.010471;,
  0.160079;0.670958;0.011303;,
  0.090896;0.709239;0.043599;,
  0.147146;0.619735;0.058166;,
  0.114327;0.652447;0.045275;,
  0.184064;0.632386;0.029389;,
  0.124736;0.714395;0.093998;,
  0.114327;0.652447;0.045275;,
  0.147824;0.669178;0.099713;,
  0.170956;0.606120;0.087808;,
  0.147146;0.619735;0.058166;,
  0.134675;0.719635;0.095473;,
  0.193587;0.688017;0.065734;,
  0.166283;0.729577;0.065199;,
  0.207775;0.618465;0.059033;,
  0.153189;0.724099;0.030079;,
  0.174810;0.647406;0.017753;,
  0.102953;0.619852;-0.002026;,
  0.129524;0.634295;0.050581;,
  0.133074;0.629079;-0.020868;,
  0.087804;0.608568;-0.043088;,
  0.101189;0.609668;-0.054216;,
  0.129524;0.634295;0.050581;,
  0.129807;0.569424;0.001095;,
  0.153197;0.577000;0.061294;,
  0.102953;0.619852;-0.002026;,
  0.093677;0.578899;-0.034530;,
  0.087804;0.608568;-0.043088;,
  0.152939;0.576906;-0.013153;,
  0.198178;0.590213;0.028659;,
  0.111551;0.575537;-0.049210;,
  0.050804;0.544500;-0.155780;,
  0.031757;0.553832;-0.102801;,
  0.053329;0.563381;-0.144779;,
  0.029602;0.535387;-0.114038;,
  0.079139;0.594219;-0.124204;,
  0.082120;0.580750;-0.133699;,
  0.073471;0.586378;-0.129878;,
  0.089280;0.593217;-0.129884;,
  0.055216;0.585433;-0.058935;,
  0.089672;0.572877;-0.106896;,
  0.047906;0.555331;-0.079822;,
  0.087647;0.604078;-0.091687;,
  0.056895;0.537527;-0.080393;,
  0.079590;0.558948;-0.047278;,
  0.114479;0.578290;-0.080605;,
  0.097502;0.554602;-0.105782;,
  0.127030;0.773033;0.067086;,
  0.135540;0.773976;0.038424;,
  0.097063;0.787831;0.061177;,
  0.098197;0.783552;0.037305;,
  0.115317;0.704201;0.101083;,
  0.066159;0.807648;0.037246;,
  0.127841;0.758371;0.015944;,
  0.105971;0.746645;0.012067;,
  0.098270;0.765777;0.015332;,
  0.117008;0.730839;0.019014;,
  0.119599;0.748375;0.099417;,
  0.076818;0.739762;0.111558;,
  0.122655;0.752397;0.095902;,
  0.019032;0.734405;0.108333;,
  0.021890;0.788916;0.083288;,
  0.100148;0.787829;0.091481;,
  0.122655;0.752397;0.095902;,
  0.110309;0.727922;0.040941;,
  0.122134;0.741077;0.086301;,
  0.090896;0.709239;0.043599;,
  0.120559;0.702053;0.069302;,
  0.117020;0.699891;0.034238;,
  0.114603;0.737511;0.012420;,
  0.124339;0.704383;0.085696;,
  0.087647;0.604078;-0.091687;,
  0.064347;0.834151;0.019464;,
  0.052952;0.847540;0.034481;,
  0.024308;0.816656;0.063129;,
  0.026275;0.853470;0.036910;,
  0.097502;0.554602;-0.105782;,
  0.050804;0.544500;-0.155780;,
  0.029602;0.535387;-0.114038;,
  0.082690;0.595814;-0.104632;,
  0.103057;0.586129;-0.117373;,
  0.082690;0.595814;-0.104632;,
  0.077065;0.580785;-0.112330;,
  0.095630;0.565155;-0.116425;,
  0.095630;0.565155;-0.116425;,
  0.079139;0.594219;-0.124204;,
  0.089280;0.593217;-0.129884;,
  0.082120;0.580750;-0.133699;,
  0.095162;0.020228;-0.022688;,
  0.064907;-0.001385;-0.067434;,
  0.063586;0.017194;-0.060197;,
  0.100722;-0.001397;-0.029924;,
  0.045609;0.031888;0.088976;,
  0.044025;-0.001415;0.051079;,
  0.049355;-0.001522;0.099607;,
  0.042654;0.023542;0.048547;,
  0.054382;0.078690;0.072538;,
  0.087149;0.034910;0.088445;,
  0.078635;0.082743;0.072234;,
  0.088921;-0.001438;0.054147;,
  0.084212;-0.001545;0.099340;,
  0.090071;0.033508;0.051675;,
  0.066859;0.067767;0.020708;,
  0.086696;0.066729;0.049312;,
  0.036094;0.014160;-0.049744;,
  0.029968;-0.001374;-0.056980;,
  0.100722;-0.001397;-0.029924;,
  0.029968;-0.001374;-0.056980;,
  0.034297;0.371484;0.013977;,
  0.048739;0.275001;0.025219;,
  0.032852;0.205921;0.033955;,
  0.040487;0.147213;0.039458;,
  0.050120;0.059932;0.046014;,
  0.050120;0.059932;0.046014;,
  0.029060;0.453816;0.049235;,
  0.077573;0.828069;0.001736;,
  0.062054;0.808815;-0.008874;,
  0.071357;0.813648;-0.012890;,
  0.058273;0.821354;0.006273;,
  0.067678;0.856865;0.008875;,
  0.057603;0.876389;0.018867;,
  0.057919;0.933277;-0.090301;,
  0.041533;0.910497;-0.110181;,
  0.038570;0.936226;-0.095335;,
  0.075481;0.852435;-0.088154;,
  0.059464;0.847016;-0.094996;,
  0.071866;0.880115;-0.098327;,
  0.078362;0.828496;-0.026563;,
  0.083407;0.853029;-0.010509;,
  0.075322;0.842338;0.002190;,
  0.083648;0.891587;-0.016593;,
  0.087310;0.886836;-0.040385;,
  0.083357;0.895763;-0.087464;,
  0.088711;0.913361;-0.066446;,
  0.086289;0.867724;-0.059780;,
  0.079174;0.903917;-0.006090;,
  0.066181;0.921893;0.004219;,
  0.026034;0.927461;0.007819;,
  0.063242;0.952537;-0.033259;,
  0.029456;0.958634;-0.030211;,
  0.085777;0.849875;-0.045757;,
  0.070464;0.812258;-0.033299;,
  0.074204;0.831617;-0.063365;,
  0.056601;0.784837;-0.030316;,
  0.035596;0.786267;-0.020152;,
  0.038317;0.775744;-0.038286;,
  0.067035;0.900782;-0.103004;,
  0.076993;0.925965;-0.081579;,
  0.080530;0.940080;-0.045047;,
  0.068869;0.948561;-0.063861;,
  0.051189;0.956004;-0.064051;,
  0.033896;0.958443;-0.065612;,
  0.026061;0.889389;0.020654;,
  0.080530;0.940080;-0.045047;,
  0.068869;0.948561;-0.063861;,
  0.089791;0.855128;-0.011805;,
  0.095765;0.898722;-0.029951;,
  0.099039;0.888194;-0.011731;,
  0.088653;0.880316;-0.024155;,
  0.099039;0.888194;-0.011731;,
  0.089791;0.855128;-0.011805;,
  0.095765;0.898722;-0.029951;,
  0.087310;0.886836;-0.040385;,
  0.087749;0.863215;-0.031712;,
  0.083407;0.853029;-0.010509;,
  0.074753;0.849735;-0.076281;,
  0.087749;0.863215;-0.031712;,
  0.066159;0.807648;0.037246;,
  0.064347;0.834151;0.019464;,
  0.098197;0.783552;0.037305;,
  0.067678;0.856865;0.008875;,
  0.031196;0.783883;0.002600;,
  0.031994;0.761335;-0.004291;,
  0.026207;0.559985;-0.021355;,
  0.027422;0.505453;0.117320;,
  0.028555;0.471223;0.115410;,
  0.023356;0.453433;0.106546;,
  0.033129;0.797149;-0.008314;,
  0.029060;0.453816;0.049235;,
  0.051189;0.956004;-0.064051;,
  0.033896;0.958443;-0.065612;,
  0.059040;0.807628;-0.052641;,
  0.053277;0.821928;-0.072239;,
  0.053145;0.813897;-0.066882;,
  0.042731;0.895722;-0.114680;,
  0.043579;0.870365;-0.112762;,
  0.055906;0.844913;-0.082651;,
  0.023772;0.610622;0.094028;,
  0.098197;0.783552;0.037305;,
  0.064907;-0.001385;-0.067434;,
  0.051382;0.796375;-0.054181;,
  0.058180;0.802347;-0.048756;,
  0.050919;0.802365;-0.054027;,
  0.041076;0.809694;-0.071966;,
  0.042568;0.811343;-0.084446;,
  0.051419;0.802832;-0.060208;,
  0.039424;0.801820;-0.056067;,
  0.039913;0.792955;-0.056935;,
  0.043446;0.841597;-0.101839;,
  0.042615;0.836111;-0.093315;,
  0.122134;0.741077;0.086301;,
  0.040571;0.800283;-0.064704;,
  0.105095;0.730967;0.058144;,
  0.110309;0.727922;0.040941;,
  0.114603;0.737511;0.012420;,
  0.079174;0.903917;-0.006090;,
  0.075067;0.221209;0.009695;,
  0.050825;0.149631;-0.004628;,
  0.042541;0.226840;-0.009719;,
  0.070064;0.147420;0.014284;,
  0.076788;0.277100;-0.015756;,
  0.045017;0.281122;-0.018766;,
  0.082048;0.369959;-0.011221;,
  0.035709;0.373894;-0.015124;,
  0.082575;0.468744;-0.007497;,
  0.035081;0.462638;-0.017583;,
  0.068246;0.508071;-0.005177;,
  0.049677;0.077013;-0.005080;,
  0.066859;0.067767;0.020708;,
  0.042684;0.148993;0.106548;,
  0.006439;0.080970;0.119619;,
  0.042187;0.078781;0.108597;,
  0.010558;0.154127;0.114568;,
  0.015012;0.220696;0.100947;,
  0.039480;0.220794;0.101047;,
  0.019998;0.282190;0.098293;,
  0.044302;0.275464;0.097876;,
  0.039123;0.369141;0.104570;,
  0.021067;0.371774;0.107871;,
  0.027574;0.443470;0.115608;,
  0.105095;0.730967;0.058144;,
  -0.039024;0.777184;0.001778;,
  -0.002092;0.765581;0.000793;,
  -0.049252;0.756923;-0.003646;,
  0.001123;0.794346;0.018304;,
  -0.053709;0.738329;-0.008322;,
  -0.020833;0.702228;-0.024821;,
  -0.060299;0.703599;0.002624;,
  -0.007608;0.734987;-0.017976;,
  -0.004147;0.814476;0.055376;,
  -0.053831;0.789779;0.074833;,
  -0.025310;0.793153;0.083520;,
  -0.039358;0.798523;0.049058;,
  -0.057653;0.554605;0.072792;,
  -0.017490;0.563899;0.090742;,
  -0.051050;0.565204;0.068397;,
  -0.016196;0.552078;0.097234;,
  -0.045422;0.565353;0.012479;,
  -0.058016;0.537934;0.032898;,
  -0.017289;0.561115;-0.017993;,
  -0.042603;0.514416;0.004160;,
  -0.013755;0.505351;-0.005086;,
  0.025457;0.562904;0.090938;,
  0.025949;0.549198;0.097099;,
  -0.029491;0.658451;0.098431;,
  0.019910;0.697879;0.113405;,
  -0.036354;0.699945;0.103577;,
  0.022081;0.659277;0.106358;,
  -0.030416;0.467252;-0.009185;,
  -0.079750;0.367436;0.008786;,
  -0.065278;0.464797;0.027518;,
  -0.041599;0.370068;-0.019374;,
  -0.046224;0.275282;-0.029757;,
  -0.075271;0.273719;0.014473;,
  0.017531;0.464302;0.011883;,
  -0.001056;0.358599;0.081326;,
  0.005848;0.365068;0.005948;,
  0.017244;0.446726;0.104307;,
  -0.021688;0.271624;0.053354;,
  -0.018698;0.270059;0.011172;,
  -0.080498;0.362818;0.073388;,
  -0.060605;0.443339;0.085562;,
  -0.062230;0.276178;0.053056;,
  -0.078559;-0.001438;0.056132;,
  -0.031947;-0.001522;0.094333;,
  -0.066357;-0.001545;0.099901;,
  -0.034810;-0.001415;0.045598;,
  -0.050521;0.218324;-0.001202;,
  -0.082459;0.147058;0.036795;,
  -0.081916;0.221183;0.027456;,
  -0.053224;0.144864;0.008139;,
  -0.077859;0.068085;0.049173;,
  -0.059672;0.066536;0.019568;,
  -0.010085;0.200319;0.024199;,
  -0.020604;0.155292;0.074382;,
  -0.023785;0.143200;0.033420;,
  -0.010636;0.220377;0.076200;,
  -0.043588;0.078791;0.069910;,
  -0.041666;0.059932;0.041624;,
  -0.082679;0.156866;0.074071;,
  -0.082104;0.231389;0.075832;,
  -0.067471;0.084503;0.070761;,
  -0.063158;0.509075;0.039024;,
  0.017531;0.464302;0.011883;,
  -0.064715;0.505561;0.093510;,
  -0.014669;0.506699;0.117509;,
  -0.059214;0.456283;0.090992;,
  -0.013410;0.460039;0.113143;,
  -0.023502;0.611211;0.089471;,
  -0.059723;0.657787;0.078277;,
  -0.069896;0.663707;0.060704;,
  -0.043858;0.618570;0.012444;,
  -0.054093;0.613092;0.062355;,
  -0.059442;0.670140;0.007969;,
  -0.022551;0.670095;-0.025211;,
  -0.019424;0.616429;-0.015841;,
  -0.110997;0.777767;0.000922;,
  -0.077080;0.736228;-0.003531;,
  -0.158325;0.760607;0.006445;,
  -0.172936;0.691229;0.022633;,
  -0.196519;0.733161;0.028321;,
  -0.131636;0.707931;-0.003698;,
  -0.080500;0.721816;0.055566;,
  -0.125515;0.698364;0.061390;,
  -0.131636;0.707931;-0.003698;,
  -0.189344;0.674314;0.044698;,
  -0.172936;0.691229;0.022633;,
  -0.082826;0.728449;0.064455;,
  -0.151984;0.751263;0.071629;,
  -0.105273;0.767292;0.065777;,
  -0.213076;0.716011;0.050155;,
  -0.111009;0.780485;0.030735;,
  -0.175900;0.749530;0.027947;,
  -0.131931;0.725215;-0.033609;,
  -0.152390;0.754901;-0.026714;,
  -0.144595;0.701871;0.020951;,
  -0.126317;0.734118;-0.071698;,
  -0.136581;0.758910;-0.073847;,
  -0.144595;0.701871;0.020951;,
  -0.182134;0.704352;-0.051450;,
  -0.131931;0.725215;-0.033609;,
  -0.195458;0.670473;0.002769;,
  -0.159013;0.726100;-0.090183;,
  -0.126317;0.734118;-0.071698;,
  -0.197621;0.727197;-0.045762;,
  -0.226368;0.717983;0.009764;,
  -0.166250;0.741721;-0.088932;,
  -0.041712;0.745336;-0.144686;,
  -0.098067;0.739094;-0.151163;,
  -0.084154;0.745719;-0.166450;,
  -0.055413;0.738664;-0.128822;,
  -0.073291;0.732771;-0.106589;,
  -0.062566;0.744642;-0.111540;,
  -0.065013;0.736561;-0.099295;,
  -0.068924;0.736885;-0.116066;,
  -0.132081;0.727058;-0.121337;,
  -0.085114;0.759178;-0.101150;,
  -0.099284;0.732250;-0.084330;,
  -0.112049;0.747806;-0.145087;,
  -0.112193;0.767496;-0.148308;,
  -0.144974;0.762382;-0.117167;,
  -0.111620;0.768477;-0.077765;,
  -0.086938;0.778507;-0.105576;,
  -0.070790;0.800684;0.049489;,
  -0.073913;0.803296;0.019898;,
  -0.039358;0.798523;0.049058;,
  -0.038268;0.796963;0.024044;,
  -0.071293;0.704167;0.082916;,
  -0.010770;0.807590;0.028352;,
  -0.068908;0.786444;-0.000699;,
  -0.049252;0.756923;-0.003646;,
  -0.074771;0.761852;-0.001745;,
  -0.039024;0.777184;0.001778;,
  -0.074479;0.747414;0.075740;,
  -0.076489;0.751885;0.071958;,
  -0.037979;0.739704;0.098332;,
  0.019032;0.734405;0.108333;,
  0.021890;0.788916;0.083288;,
  -0.053831;0.789779;0.074833;,
  -0.076489;0.751885;0.071958;,
  -0.058327;0.731738;0.020981;,
  -0.077080;0.736228;-0.003531;,
  -0.076547;0.743993;0.062395;,
  -0.070307;0.702019;0.050721;,
  -0.060069;0.699859;0.016998;,
  -0.053709;0.738329;-0.008322;,
  -0.077172;0.704347;0.066079;,
  -0.099284;0.732250;-0.084330;,
  -0.005505;0.832652;0.010890;,
  0.001275;0.846431;0.028138;,
  0.024308;0.816656;0.063129;,
  0.026275;0.853470;0.036910;,
  -0.086938;0.778507;-0.105576;,
  -0.041712;0.745336;-0.144686;,
  -0.084154;0.745719;-0.166450;,
  -0.091214;0.735821;-0.098361;,
  -0.072857;0.750223;-0.087110;,
  -0.091214;0.735821;-0.098361;,
  -0.084467;0.746185;-0.111162;,
  -0.074554;0.766742;-0.101949;,
  -0.074554;0.766742;-0.101949;,
  -0.073291;0.732771;-0.106589;,
  -0.065013;0.736561;-0.099295;,
  -0.062566;0.744642;-0.111540;,
  -0.097565;0.020228;-0.018575;,
  -0.075222;-0.001385;-0.067752;,
  -0.104257;-0.001397;-0.024780;,
  -0.072709;0.017194;-0.060838;,
  -0.030031;0.031888;0.083226;,
  -0.034810;-0.001415;0.045598;,
  -0.033881;0.023542;0.042872;,
  -0.031947;-0.001522;0.094333;,
  -0.043588;0.078791;0.069910;,
  -0.071075;0.034910;0.089651;,
  -0.067471;0.084503;0.070761;,
  -0.078559;-0.001438;0.056132;,
  -0.080106;0.033508;0.053888;,
  -0.066357;-0.001545;0.099901;,
  -0.059672;0.066536;0.019568;,
  -0.077859;0.068085;0.049173;,
  -0.043856;0.014160;-0.055131;,
  -0.039026;-0.001374;-0.063290;,
  -0.104257;-0.001397;-0.024780;,
  -0.039026;-0.001374;-0.063290;,
  0.005848;0.365068;0.005948;,
  -0.018698;0.270059;0.011172;,
  -0.010085;0.200319;0.024199;,
  -0.023785;0.143200;0.033420;,
  -0.041666;0.059932;0.041624;,
  -0.041666;0.059932;0.041624;,
  -0.013849;0.824145;-0.009708;,
  0.005371;0.806382;-0.015970;,
  0.004164;0.820192;-0.000368;,
  -0.003032;0.810455;-0.022202;,
  -0.008480;0.853596;-0.000659;,
  -0.002859;0.873794;0.011298;,
  0.018898;0.931602;-0.095186;,
  0.038570;0.936226;-0.095335;,
  0.008233;0.849548;-0.096572;,
  0.011891;0.877541;-0.105835;,
  0.025840;0.845573;-0.099205;,
  -0.007684;0.824803;-0.037335;,
  -0.018575;0.848652;-0.023275;,
  -0.012991;0.838547;-0.008866;,
  -0.020564;0.887114;-0.029638;,
  -0.017845;0.882323;-0.053548;,
  -0.003197;0.892048;-0.098299;,
  -0.010474;0.863571;-0.071893;,
  -0.015023;0.908908;-0.079432;,
  -0.019868;0.899666;-0.018488;,
  -0.011376;0.918563;-0.005490;,
  0.026034;0.927461;0.007819;,
  -0.001902;0.949741;-0.041414;,
  0.029456;0.958634;-0.030211;,
  -0.011925;0.845681;-0.057988;,
  0.005123;0.828652;-0.072013;,
  0.002970;0.809361;-0.041748;,
  0.017935;0.783177;-0.035157;,
  0.015964;0.898590;-0.109398;,
  -0.001049;0.922615;-0.091348;,
  -0.014643;0.935995;-0.056961;,
  0.000530;0.945628;-0.072416;,
  0.033896;0.958443;-0.065612;,
  0.017020;0.954538;-0.068328;,
  0.026061;0.889389;0.020654;,
  -0.014643;0.935995;-0.056961;,
  0.000530;0.945628;-0.072416;,
  -0.024598;0.850218;-0.026124;,
  -0.029579;0.893341;-0.045641;,
  -0.022585;0.875541;-0.038080;,
  -0.036335;0.882383;-0.028677;,
  -0.036335;0.882383;-0.028677;,
  -0.024598;0.850218;-0.026124;,
  -0.029579;0.893341;-0.045641;,
  -0.017845;0.882323;-0.053548;,
  -0.018410;0.858658;-0.045001;,
  -0.018575;0.848652;-0.023275;,
  0.006243;0.846794;-0.084857;,
  -0.018410;0.858658;-0.045001;,
  -0.010770;0.807590;0.028352;,
  -0.005505;0.832652;0.010890;,
  -0.038268;0.796963;0.024044;,
  -0.008480;0.853596;-0.000659;,
  0.027422;0.505453;0.117320;,
  0.028555;0.471223;0.115410;,
  0.023356;0.453433;0.106546;,
  0.029060;0.453816;0.049235;,
  0.017020;0.954538;-0.068328;,
  0.033896;0.958443;-0.065612;,
  0.019150;0.805915;-0.057634;,
  0.028330;0.820858;-0.075361;,
  0.027818;0.812810;-0.070053;,
  0.026414;0.843647;-0.086342;,
  0.023772;0.610622;0.094028;,
  -0.038268;0.796963;0.024044;,
  -0.075222;-0.001385;-0.067752;,
  0.019470;0.800685;-0.053602;,
  0.027873;0.795366;-0.057124;,
  0.027776;0.801372;-0.056924;,
  0.028776;0.801860;-0.063043;,
  -0.076547;0.743993;0.062395;,
  -0.055375;0.732754;0.037542;,
  -0.058327;0.731738;0.020981;,
  -0.053709;0.738329;-0.008322;,
  -0.019868;0.899666;-0.018488;,
  -0.001998;0.222030;-0.015484;,
  0.019219;0.149189;-0.010803;,
  -0.012231;0.145573;-0.008633;,
  0.021241;0.226901;-0.011429;,
  -0.005065;0.278297;-0.026297;,
  0.024558;0.279955;-0.019961;,
  0.009814;0.370789;-0.019132;,
  0.026183;0.370474;-0.016891;,
  0.017510;0.459688;-0.018565;,
  0.027730;0.456332;-0.019120;,
  0.027500;0.498641;-0.016757;,
  -0.013755;0.505351;-0.005086;,
  0.017493;0.082933;-0.014167;,
  -0.015949;0.073156;-0.006720;,
  -0.022523;0.076181;0.107434;,
  -0.082679;0.156866;0.074071;,
  -0.067458;0.084503;0.070762;,
  -0.020934;0.151068;0.099442;,
  -0.082104;0.231389;0.075832;,
  -0.018832;0.217877;0.091275;,
  -0.014524;0.271031;0.087476;,
  -0.062230;0.276178;0.053056;,
  -0.080498;0.362818;0.073388;,
  0.000195;0.356793;0.098694;,
  0.028555;0.471223;0.115410;,
  -0.013410;0.460039;0.113143;,
  -0.055375;0.732754;0.037542;,
  -0.030416;0.467252;-0.009185;,
  -0.041599;0.370068;-0.019374;,
  -0.046224;0.275282;-0.029757;,
  -0.050521;0.218324;-0.001202;,
  -0.053224;0.144864;0.008139;,
  -0.059672;0.066536;0.019568;,
  0.119821;0.364288;0.082114;,
  0.068120;0.465089;0.114002;,
  0.111375;0.447579;0.088242;,
  0.092541;0.276777;0.067355;,
  0.107456;0.225942;0.087354;,
  0.100280;0.152032;0.080800;,
  0.078635;0.082743;0.072234;,
  -0.060605;0.443339;0.085562;;
  916;
  3;0,1,2;,
  3;1,0,3;,
  3;4,5,6;,
  3;5,4,7;,
  3;8,9,10;,
  3;9,8,11;,
  3;12,13,14;,
  3;13,12,15;,
  3;16,12,17;,
  3;12,16,15;,
  3;18,19,20;,
  3;19,18,16;,
  3;6,21,22;,
  3;21,6,5;,
  3;14,23,24;,
  3;23,14,13;,
  3;25,26,27;,
  3;26,25,28;,
  3;29,30,31;,
  3;30,29,32;,
  3;30,33,31;,
  3;33,30,34;,
  3;35,36,37;,
  3;36,35,38;,
  3;38,39,36;,
  3;39,38,40;,
  3;37,41,42;,
  3;41,37,36;,
  3;36,43,41;,
  3;43,36,39;,
  3;42,30,32;,
  3;30,42,41;,
  3;41,34,30;,
  3;34,41,43;,
  3;44,45,46;,
  3;45,44,47;,
  3;48,49,50;,
  3;49,48,51;,
  3;50,52,53;,
  3;52,50,49;,
  3;54,55,56;,
  3;55,54,57;,
  3;57,58,55;,
  3;58,57,59;,
  3;56,60,61;,
  3;60,56,55;,
  3;55,62,60;,
  3;62,55,58;,
  3;61,49,51;,
  3;49,61,60;,
  3;60,52,49;,
  3;52,60,62;,
  3;32,19,63;,
  3;19,32,29;,
  3;64,65,66;,
  3;65,64,20;,
  3;14,67,12;,
  3;67,14,68;,
  3;68,69,67;,
  3;69,68,70;,
  3;70,42,69;,
  3;42,70,37;,
  3;48,34,51;,
  3;34,48,33;,
  3;51,43,61;,
  3;43,51,34;,
  3;43,56,61;,
  3;56,43,39;,
  3;39,54,56;,
  3;54,39,40;,
  3;12,63,17;,
  3;63,12,67;,
  3;67,32,63;,
  3;32,67,69;,
  3;69,42,32;,
  3;71,72,25;,
  3;73,74,75;,
  3;74,73,76;,
  3;74,77,75;,
  3;77,74,78;,
  3;79,78,80;,
  3;78,79,77;,
  3;81,82,83;,
  3;82,84,85;,
  3;84,82,86;,
  3;87,88,89;,
  3;88,90,89;,
  3;90,88,91;,
  3;92,93,94;,
  3;92,89,93;,
  3;92,87,89;,
  3;89,95,93;,
  3;95,89,90;,
  3;96,93,82;,
  3;93,86,82;,
  3;86,93,95;,
  3;97,98,99;,
  3;98,97,100;,
  3;100,101,98;,
  3;101,100,102;,
  3;103,104,105;,
  3;104,103,106;,
  3;106,107,104;,
  3;107,106,108;,
  3;105,109,110;,
  3;109,105,104;,
  3;104,111,109;,
  3;111,104,107;,
  3;110,100,97;,
  3;100,110,109;,
  3;109,102,100;,
  3;102,109,111;,
  3;112,113,114;,
  3;113,112,115;,
  3;116,117,118;,
  3;117,116,119;,
  3;120,121,122;,
  3;121,120,123;,
  3;120,124,125;,
  3;124,120,122;,
  3;126,124,127;,
  3;124,126,125;,
  3;95,97,86;,
  3;97,95,110;,
  3;86,99,84;,
  3;99,86,97;,
  3;90,103,105;,
  3;103,90,91;,
  3;105,95,90;,
  3;95,105,110;,
  3;128,96,129;,
  3;96,128,94;,
  3;129,130,128;,
  3;130,129,131;,
  3;72,28,25;,
  3;28,72,132;,
  3;10,133,8;,
  3;134,135,136;,
  3;135,134,137;,
  3;81,137,134;,
  3;138,11,139;,
  3;138,9,11;,
  3;138,140,9;,
  3;141,11,142;,
  3;11,141,139;,
  3;128,130,143;,
  3;94,144,92;,
  3;94,143,144;,
  3;94,128,143;,
  3;145,87,146;,
  3;87,145,147;,
  3;75,148,73;,
  3;148,75,149;,
  3;150,147,145;,
  3;7,149,75;,
  3;148,151,73;,
  3;102,152,101;,
  3;152,102,126;,
  3;102,125,126;,
  3;125,102,111;,
  3;111,120,125;,
  3;120,111,107;,
  3;120,108,123;,
  3;108,120,107;,
  3;8,153,154;,
  3;153,8,133;,
  3;154,155,8;,
  3;155,154,156;,
  3;122,114,113;,
  3;114,122,121;,
  3;121,112,114;,
  3;112,121,157;,
  3;158,124,159;,
  3;124,158,127;,
  3;159,122,113;,
  3;122,159,124;,
  3;126,160,152;,
  3;160,126,161;,
  3;162,121,123;,
  3;121,162,163;,
  3;121,164,157;,
  3;164,121,163;,
  3;165,126,127;,
  3;126,165,161;,
  3;161,166,160;,
  3;166,161,167;,
  3;162,118,163;,
  3;118,162,116;,
  3;163,117,164;,
  3;117,163,118;,
  3;165,167,161;,
  3;167,165,168;,
  3;169,170,171;,
  3;170,169,172;,
  3;173,174,175;,
  3;174,173,176;,
  3;177,178,179;,
  3;178,177,173;,
  3;180,178,181;,
  3;178,180,182;,
  3;183,169,171;,
  3;169,183,184;,
  3;174,185,186;,
  3;185,174,176;,
  3;46,187,44;,
  3;187,46,188;,
  3;180,169,182;,
  3;169,180,172;,
  3;20,29,65;,
  3;19,29,20;,
  3;29,31,189;,
  3;31,190,189;,
  3;190,31,33;,
  3;33,191,190;,
  3;191,33,48;,
  3;191,50,192;,
  3;50,191,48;,
  3;192,53,193;,
  3;53,192,50;,
  3;194,171,185;,
  3;171,194,183;,
  3;171,186,185;,
  3;186,171,170;,
  3;185,176,194;,
  3;194,173,177;,
  3;173,194,176;,
  3;178,175,181;,
  3;175,178,173;,
  3;179,182,184;,
  3;182,179,178;,
  3;182,169,184;,
  3;16,17,19;,
  3;17,63,19;,
  3;65,195,66;,
  3;196,197,198;,
  3;197,196,199;,
  3;200,154,153;,
  3;154,200,201;,
  3;202,203,204;,
  3;205,206,207;,
  3;196,208,209;,
  3;208,196,198;,
  3;210,209,211;,
  3;209,210,196;,
  3;212,213,214;,
  3;213,212,215;,
  3;212,214,211;,
  3;201,216,217;,
  3;216,201,200;,
  3;218,219,220;,
  3;219,218,217;,
  3;210,199,196;,
  3;213,205,207;,
  3;221,222,223;,
  3;198,197,224;,
  3;224,225,226;,
  3;225,224,197;,
  3;227,213,207;,
  3;228,229,214;,
  3;229,228,230;,
  3;220,231,232;,
  3;213,228,214;,
  3;156,201,233;,
  3;201,156,154;,
  3;233,217,218;,
  3;217,233,201;,
  3;219,217,234;,
  3;235,219,234;,
  3;236,237,238;,
  3;237,236,239;,
  3;209,240,211;,
  3;240,209,241;,
  3;211,242,212;,
  3;242,211,240;,
  3;243,239,244;,
  3;239,243,237;,
  3;244,236,245;,
  3;236,244,239;,
  3;246,221,223;,
  3;221,246,215;,
  3;221,212,247;,
  3;212,221,215;,
  3;199,248,2;,
  3;248,199,249;,
  3;133,10,250;,
  3;249,210,251;,
  3;210,249,199;,
  3;210,211,251;,
  3;252,1,253;,
  3;1,252,2;,
  3;20,254,18;,
  3;254,20,64;,
  3;24,68,14;,
  3;68,24,255;,
  3;68,256,70;,
  3;256,68,255;,
  3;256,37,70;,
  3;37,256,257;,
  3;258,2,252;,
  3;2,258,199;,
  3;257,259,37;,
  3;37,259,35;,
  3;260,204,261;,
  3;204,260,202;,
  3;262,263,223;,
  3;263,262,264;,
  3;197,258,225;,
  3;258,197,199;,
  3;265,203,227;,
  3;265,207,266;,
  3;207,265,227;,
  3;223,267,246;,
  3;267,223,263;,
  3;88,87,147;,
  3;83,82,85;,
  3;78,16,18;,
  3;16,78,74;,
  3;74,15,16;,
  3;15,74,76;,
  3;15,71,13;,
  3;71,15,76;,
  3;13,268,23;,
  3;268,13,71;,
  3;248,269,2;,
  3;2,269,0;,
  3;136,129,134;,
  3;129,136,131;,
  3;134,96,81;,
  3;96,134,129;,
  3;96,82,81;,
  3;93,96,94;,
  3;29,189,65;,
  3;205,215,246;,
  3;267,205,246;,
  3;205,267,206;,
  3;205,213,215;,
  3;187,188,270;,
  3;224,271,272;,
  3;222,221,208;,
  3;224,222,198;,
  3;272,273,262;,
  3;273,272,271;,
  3;263,274,275;,
  3;273,276,262;,
  3;277,271,278;,
  3;271,277,273;,
  3;222,272,262;,
  3;272,222,224;,
  3;222,208,198;,
  3;209,221,247;,
  3;221,209,208;,
  3;223,222,262;,
  3;266,206,279;,
  3;206,266,207;,
  3;206,280,279;,
  3;280,206,267;,
  3;280,263,275;,
  3;263,280,267;,
  3;264,262,276;,
  3;76,73,72;,
  3;138,281,140;,
  3;73,132,72;,
  3;132,73,151;,
  3;72,71,76;,
  3;271,226,278;,
  3;155,11,8;,
  3;276,277,282;,
  3;277,276,273;,
  3;274,276,282;,
  3;276,274,264;,
  3;28,141,26;,
  3;141,28,139;,
  3;139,132,138;,
  3;132,139,28;,
  3;132,281,138;,
  3;281,132,151;,
  3;281,148,283;,
