xof 0303txt 0032
template ColorRGBA {
 <35ff44e0-6c7c-11cf-8f52-0040333594a3>
 FLOAT red;
 FLOAT green;
 FLOAT blue;
 FLOAT alpha;
}

template ColorRGB {
 <d3e16e81-7835-11cf-8f52-0040333594a3>
 FLOAT red;
 FLOAT green;
 FLOAT blue;
}

template Material {
 <3d82ab4d-62da-11cf-ab39-0020af71e433>
 ColorRGBA faceColor;
 FLOAT power;
 ColorRGB specularColor;
 ColorRGB emissiveColor;
 [...]
}

template TextureFilename {
 <a42790e1-7810-11cf-8f52-0040333594a3>
 STRING filename;
}

template Frame {
 <3d82ab46-62da-11cf-ab39-0020af71e433>
 [...]
}

template Matrix4x4 {
 <f6f23f45-7686-11cf-8f52-0040333594a3>
 array FLOAT matrix[16];
}

template FrameTransformMatrix {
 <f6f23f41-7686-11cf-8f52-0040333594a3>
 Matrix4x4 frameMatrix;
}

template Vector {
 <3d82ab5e-62da-11cf-ab39-0020af71e433>
 FLOAT x;
 FLOAT y;
 FLOAT z;
}

template MeshFace {
 <3d82ab5f-62da-11cf-ab39-0020af71e433>
 DWORD nFaceVertexIndices;
 array DWORD faceVertexIndices[nFaceVertexIndices];
}

template Mesh {
 <3d82ab44-62da-11cf-ab39-0020af71e433>
 DWORD nVertices;
 array Vector vertices[nVertices];
 DWORD nFaces;
 array MeshFace faces[nFaces];
 [...]
}

template MeshMaterialList {
 <f6f23f42-7686-11cf-8f52-0040333594a3>
 DWORD nMaterials;
 DWORD nFaceIndexes;
 array DWORD faceIndexes[nFaceIndexes];
 [Material <3d82ab4d-62da-11cf-ab39-0020af71e433>]
}

template VertexElement {
 <f752461c-1e23-48f6-b9f8-8350850f336f>
 DWORD Type;
 DWORD Method;
 DWORD Usage;
 DWORD UsageIndex;
}

template DeclData {
 <bf22e553-292c-4781-9fea-62bd554bdd93>
 DWORD nElements;
 array VertexElement Elements[nElements];
 DWORD nDWords;
 array DWORD data[nDWords];
}

template XSkinMeshHeader {
 <3cf169ce-ff7c-44ab-93c0-f78f62d172e2>
 WORD nMaxSkinWeightsPerVertex;
 WORD nMaxSkinWeightsPerFace;
 WORD nBones;
}

template SkinWeights {
 <6f0d123b-bad2-4167-a0d0-80224f25fabb>
 STRING transformNodeName;
 DWORD nWeights;
 array DWORD vertexIndices[nWeights];
 array FLOAT weights[nWeights];
 Matrix4x4 matrixOffset;
}

template AnimTicksPerSecond {
 <9e415a43-7ba6-4a73-8743-b73d47e88476>
 DWORD AnimTicksPerSecond;
}

template Animation {
 <3d82ab4f-62da-11cf-ab39-0020af71e433>
 [...]
}

template AnimationSet {
 <3d82ab50-62da-11cf-ab39-0020af71e433>
 [Animation <3d82ab4f-62da-11cf-ab39-0020af71e433>]
}

template FloatKeys {
 <10dd46a9-775b-11cf-8f52-0040333594a3>
 DWORD nValues;
 array FLOAT values[nValues];
}

template TimedFloatKeys {
 <f406b180-7b3b-11cf-8f52-0040333594a3>
 DWORD time;
 FloatKeys tfkeys;
}

template AnimationKey {
 <10dd46a8-775b-11cf-8f52-0040333594a3>
 DWORD keyType;
 DWORD nKeys;
 array TimedFloatKeys keys[nKeys];
}


Material _03_-_Default {
 1.000000;1.000000;1.000000;1.000000;;
 9.999999;
 0.000000;0.000000;0.000000;;
 0.000000;0.000000;0.000000;;

 TextureFilename {
  "MaleBody_full.png";
 }
}

Frame Dummy01 {
 

 FrameTransformMatrix {
  1.000000,0.000000,0.000000,0.000000,0.000000,-0.000000,-1.000000,0.000000,0.000000,1.000000,-0.000000,0.000000,0.000000,0.000000,0.000000,1.000000;;
 }

 Frame Bip01 {
  

  FrameTransformMatrix {
   -0.000000,0.998670,-0.051559,0.000000,-0.000003,0.051559,0.998670,0.000000,1.000000,0.000000,0.000003,0.000000,-0.024556,-0.025116,0.503387,1.000000;;
  }

  Frame Bip01_Pelvis {
   

   FrameTransformMatrix {
    -0.000000,0.999721,0.023620,0.000000,-0.000001,-0.023620,0.999721,0.000000,1.000000,-0.000000,0.000001,0.000000,0.000000,0.000000,0.000000,1.000000;;
   }

   Frame Bip01_Spine {
    

    FrameTransformMatrix {
     0.999819,0.011077,-0.015463,0.000000,-0.011046,0.999937,0.002119,0.000000,0.015485,-0.001948,0.999878,0.000000,0.051618,-0.001219,-0.000085,1.000000;;
    }

    Frame Bip01_Spine1 {
     

     FrameTransformMatrix {
      0.997279,-0.066197,0.032443,0.000000,0.066515,0.997746,-0.008826,0.000000,-0.031786,0.010960,0.999435,0.000000,0.106483,-0.000001,-0.000085,1.000000;;
     }

     Frame Bip01_Neck {
      

      FrameTransformMatrix {
       0.792516,0.000002,0.609852,0.000000,-0.000002,1.000000,-0.000001,0.000000,-0.609852,-0.000001,0.792516,0.000000,0.130521,0.000000,0.004631,1.000000;;
      }

      Frame Bip01_Head {
       

       FrameTransformMatrix {
        0.944559,0.067090,-0.321414,0.000000,-0.106076,0.988762,-0.105347,0.000000,0.310734,0.133601,0.941061,0.000000,0.033674,0.000000,-0.000000,1.000000;;
       }

       Frame Bip01_HeadNub {
        

        FrameTransformMatrix {
         1.000000,0.000000,0.000000,0.000000,-0.000000,1.000000,0.000000,0.000000,0.000000,0.000000,1.000000,0.000000,0.169824,-0.000000,-0.000000,1.000000;;
        }
       }
      }

      Frame Bip01_L_Clavicle {
       

       FrameTransformMatrix {
        -0.354355,0.894334,0.273128,0.000000,0.708339,0.447400,-0.545976,0.000000,-0.610483,-0.000002,-0.792030,0.000000,-0.021877,0.015715,0.010991,1.000000;;
       }

       Frame Bip01_L_UpperArm {
        

        FrameTransformMatrix {
         0.699632,-0.701970,0.133236,0.000000,0.708715,0.658107,-0.254201,0.000000,0.090758,0.272273,0.957930,0.000000,0.087086,-0.000000,-0.000000,1.000000;;
        }

        Frame Bip01_L_Forearm {
         

         FrameTransformMatrix {
          0.014954,0.000000,-0.999888,0.000000,-0.000000,1.000000,0.000000,0.000000,0.999888,-0.000000,0.014954,0.000000,0.137062,0.000000,-0.000000,1.000000;;
         }

         Frame Bip01_L_Hand {
          

          FrameTransformMatrix {
           0.879400,0.010336,-0.475971,0.000000,0.319464,0.728448,0.606058,0.000000,0.352985,-0.685023,0.637295,0.000000,0.137062,0.000000,-0.000000,1.000000;;
          }

          Frame Bip01_L_Finger0 {
           

           FrameTransformMatrix {
            0.118769,-0.105041,0.987350,0.000000,0.694909,0.719063,-0.007093,0.000000,-0.709222,0.686961,0.158397,0.000000,0.057681,-0.023605,-0.000272,1.000000;;
           }

           Frame Bip01_L_Finger0Nub {
            

            FrameTransformMatrix {
             1.000000,0.000000,-0.000000,0.000000,-0.000000,1.000000,-0.000000,0.000000,-0.000000,0.000000,1.000000,0.000000,0.029435,0.000000,0.000000,1.000000;;
            }
           }
          }

          Frame Bip01_L_Finger1 {
           

           FrameTransformMatrix {
            0.239664,-0.006795,0.970832,0.000000,0.429848,0.897365,-0.099834,0.000000,-0.870512,0.441237,0.217987,0.000000,0.084102,-0.000000,-0.000000,1.000000;;
           }

           Frame Bip01_L_Finger1Nub {
            

            FrameTransformMatrix {
             1.000000,0.000000,0.000000,0.000000,0.000000,1.000000,0.000000,0.000000,-0.000000,0.000000,1.000000,0.000000,0.047988,0.000000,0.000000,1.000000;;
            }
           }
          }
         }
        }
       }
      }

      Frame Bip01_R_Clavicle {
       

       FrameTransformMatrix {
        -0.391120,-0.899401,0.195198,0.000000,-0.691066,0.427077,0.583123,0.000000,-0.607826,0.093177,-0.788584,0.000000,-0.021877,-0.015714,0.010991,1.000000;;
       }

       Frame Bip01_R_UpperArm {
        

        FrameTransformMatrix {
         0.625300,0.769295,0.131093,0.000000,-0.778885,0.604823,0.165912,0.000000,0.048347,-0.205851,0.977388,0.000000,0.087086,0.000000,0.000000,1.000000;;
        }

        Frame Bip01_R_Forearm {
         

         FrameTransformMatrix {
          0.930542,-0.000000,-0.366186,0.000000,0.000000,1.000000,0.000000,0.000000,0.366186,-0.000000,0.930542,0.000000,0.137062,-0.000000,0.000000,1.000000;;
         }

         Frame Bip01_R_Hand {
          

          FrameTransformMatrix {
           0.983935,0.178464,-0.004851,0.000000,-0.003656,-0.007025,-0.999969,0.000000,-0.178492,0.983921,-0.006260,0.000000,0.137062,0.000000,-0.000000,1.000000;;
          }

          Frame Bip01_R_Finger0 {
           

           FrameTransformMatrix {
            0.829256,0.514255,0.218807,0.000000,-0.558537,0.749101,0.356210,0.000000,0.019274,-0.417601,0.908427,0.000000,0.057681,0.023605,-0.000272,1.000000;;
           }

           Frame Bip01_R_Finger0Nub {
            

            FrameTransformMatrix {
             -1.000000,0.000000,0.000000,0.000000,-0.000000,1.000000,0.000000,0.000000,0.000000,0.000000,-1.000000,0.000000,0.029435,0.000000,0.000000,1.000000;;
            }
           }
          }

          Frame Bip01_R_Finger1 {
           

           FrameTransformMatrix {
            0.989590,0.000115,0.143914,0.000000,0.000000,1.000000,-0.000796,0.000000,-0.143914,0.000788,0.989590,0.000000,0.084102,0.000000,0.000000,1.000000;;
           }

           Frame Bip01_R_Finger1Nub {
            

            FrameTransformMatrix {
             -1.000000,-0.000000,-0.000000,0.000000,0.000000,1.000000,-0.000000,0.000000,-0.000000,0.000000,-1.000000,0.000000,0.047988,-0.000000,-0.000000,1.000000;;
            }
           }
          }
         }
        }
       }
      }
     }

     Frame Bip01_BackPack {
      

      FrameTransformMatrix {
       0.190104,-0.000002,-0.981764,0.000000,0.000003,1.000000,-0.000002,0.000000,0.981764,-0.000002,0.190104,0.000000,0.063697,-0.000000,-0.088856,1.000000;;
      }

      Frame Bip01_BackPackNub {
       

       FrameTransformMatrix {
        0.000796,0.000003,1.000000,0.000000,-0.000000,-1.000000,0.000003,0.000000,1.000000,-0.000000,-0.000796,0.000000,0.053240,0.000000,0.000000,1.000000;;
       }
      }
     }
    }

    Frame Bip01_L_Thigh {
     

     FrameTransformMatrix {
      -0.980642,0.148179,0.127999,0.000000,-0.148815,-0.988854,0.004629,0.000000,0.127258,-0.014509,0.991764,0.000000,-0.050984,0.057012,-0.000824,1.000000;;
     }

     Frame Bip01_L_Calf {
      

      FrameTransformMatrix {
       0.960944,0.000000,-0.276744,0.000000,0.000000,1.000000,0.000000,0.000000,0.276744,-0.000000,0.960944,0.000000,0.237500,-0.000000,0.000000,1.000000;;
      }

      Frame Bip01_L_Foot {
       

       FrameTransformMatrix {
        0.975959,0.114459,0.185482,0.000000,-0.152866,0.966069,0.208190,0.000000,-0.155359,-0.231539,0.960340,0.000000,0.206841,0.000000,0.000000,1.000000;;
       }

       Frame Bip01_L_Toe0 {
        

        FrameTransformMatrix {
         0.000001,0.232022,0.972710,0.000000,0.000001,0.972710,-0.232022,0.000000,-1.000000,0.000001,0.000001,0.000000,0.065373,-0.000000,0.066450,1.000000;;
        }

        Frame Bip01_L_Toe0Nub {
         

         FrameTransformMatrix {
          -1.000000,-0.000000,-0.000000,0.000000,-0.000000,1.000000,-0.000000,0.000000,0.000000,0.000000,-1.000000,0.000000,0.006735,0.000000,0.000000,1.000000;;
         }
        }
       }
      }
     }
    }

    Frame Bip01_R_Thigh {
     

     FrameTransformMatrix {
      -0.990829,0.047872,0.126355,0.000000,-0.049227,-0.998758,-0.007624,0.000000,0.125834,-0.013774,0.991956,0.000000,-0.052208,-0.053432,-0.000609,1.000000;;
     }

     Frame Bip01_R_Calf {
      

      FrameTransformMatrix {
       0.959502,0.000000,-0.281703,0.000000,-0.000000,1.000000,-0.000000,0.000000,0.281703,0.000000,0.959502,0.000000,0.237500,0.000000,0.000000,1.000000;;
      }

      Frame Bip01_R_Foot {
       

       FrameTransformMatrix {
        0.980941,0.014210,0.193784,0.000000,-0.015825,0.999852,0.006785,0.000000,-0.193659,-0.009722,0.981021,0.000000,0.206841,0.000000,0.000000,1.000000;;
       }

       Frame Bip01_R_Toe0 {
        

        FrameTransformMatrix {
         -0.000000,-0.000002,1.000000,0.000000,0.000001,1.000000,0.000002,0.000000,-1.000000,0.000001,-0.000000,0.000000,0.065373,0.000000,0.066450,1.000000;;
        }

        Frame Bip01_R_Toe0Nub {
         

         FrameTransformMatrix {
          1.000000,0.000000,0.000000,0.000000,0.000000,1.000000,0.000000,0.000000,0.000000,0.000000,1.000000,0.000000,0.006735,0.000000,0.000000,1.000000;;
         }
        }
       }
      }
     }
    }
   }

   Frame Bip01_DressFront {
    

    FrameTransformMatrix {
     -0.988095,0.027454,0.151376,0.000000,0.027134,0.999623,-0.004181,0.000000,-0.151434,-0.000023,-0.988467,0.000000,-0.043980,0.001399,0.061086,1.000000;;
    }

    Frame Bip01_DressFront02 {
     

     FrameTransformMatrix {
      0.983007,0.069334,0.169971,0.000000,-0.068330,0.997594,-0.011759,0.000000,-0.170377,-0.000055,0.985379,0.000000,0.183347,0.000000,-0.000130,1.000000;;
     }

     Frame Bip01_DressFrontNub {
      

      FrameTransformMatrix {
       0.000796,0.000003,1.000000,0.000000,0.000000,-1.000000,0.000003,0.000000,1.000000,-0.000000,-0.000796,0.000000,0.165302,-0.000000,0.000000,1.000000;;
      }
     }
    }
   }

   Frame Bip01_DressBack {
    

    FrameTransformMatrix {
     -0.987709,0.042078,0.150531,0.000000,0.041593,0.999114,-0.006374,0.000000,-0.150666,-0.000035,-0.988585,0.000000,-0.047711,0.000000,-0.078281,1.000000;;
    }

    Frame Bip01_DressBack02 {
     

     FrameTransformMatrix {
      0.988121,0.073687,0.134857,0.000000,-0.073018,0.997281,-0.009906,0.000000,-0.135220,-0.000059,0.990816,0.000000,0.176173,0.000000,-0.000108,1.000000;;
     }

     Frame Bip01_DressBackNub {
      

      FrameTransformMatrix {
       0.000796,0.000003,1.000000,0.000000,0.000000,-1.000000,0.000003,0.000000,1.000000,0.000000,-0.000796,0.000000,0.136508,0.000000,-0.000000,1.000000;;
      }
     }
    }
   }
  }

  Frame Bip01_Prop1 {
   

   FrameTransformMatrix {
    -0.233914,0.204783,0.950447,0.000000,0.969366,0.124458,0.211754,0.000000,-0.074927,0.970863,-0.227622,0.000000,-0.002327,-0.120407,-0.121927,1.000000;;
   }
  }

  Frame Bip01_Prop2 {
   

   FrameTransformMatrix {
    0.982673,0.184884,-0.013097,0.000000,-0.119017,0.575255,-0.809269,0.000000,-0.142087,0.796806,0.587292,0.000000,0.161629,0.083152,0.043581,1.000000;;
   }
  }
 }
}

Frame Translation_Data {
 

 FrameTransformMatrix {
  1.000000,0.000000,0.000000,0.000000,0.000000,-0.000000,-1.000000,0.000000,0.000000,1.000000,-0.000000,0.000000,0.000000,-0.000000,0.000000,1.000000;;
 }
}

Frame Body {
 

 FrameTransformMatrix {
  1.000000,0.000000,0.000000,0.000000,0.000000,1.000000,0.000000,0.000000,0.000000,0.000000,1.000000,0.000000,0.000000,0.000000,0.000000,1.000000;;
 }

 Mesh Body {
  617;
  0.043256;0.758845;-0.015202;,
  0.009446;0.761369;-0.018617;,
  0.003194;0.790765;-0.003061;,
  0.049968;0.740400;-0.018383;,
  0.061454;0.734563;-0.019816;,
  0.032904;0.696631;-0.039821;,
  0.018195;0.730191;-0.035050;,
  0.069268;0.700272;-0.008596;,
  0.003235;0.812692;0.033384;,
  0.052489;0.787596;0.059364;,
  0.047062;0.782658;0.030209;,
  0.021495;0.793512;0.064838;,
  0.059936;0.552701;0.061266;,
  0.019485;0.562061;0.079284;,
  0.018514;0.550232;0.085771;,
  0.053187;0.562776;0.057120;,
  0.047900;0.561388;0.001189;,
  0.060446;0.535300;0.021687;,
  0.019951;0.556299;-0.029326;,
  0.045200;0.511185;-0.006590;,
  0.016486;0.501599;-0.015667;,
  -0.021001;0.694454;-0.047603;,
  -0.022744;0.730642;-0.038089;,
  -0.023470;0.561043;0.079241;,
  -0.023602;0.546947;0.085710;,
  0.030792;0.658544;0.084713;,
  -0.021996;0.698326;0.093723;,
  -0.021258;0.659678;0.088579;,
  0.034959;0.701164;0.089554;,
  0.034178;0.464132;-0.019453;,
  0.087424;0.366421;-0.001224;,
  0.049105;0.367488;-0.029258;,
  0.069231;0.463076;0.017148;,
  0.057253;0.272200;-0.039149;,
  0.086410;0.272661;0.004964;,
  -0.013341;0.459662;0.001690;,
  0.009359;0.355111;0.071652;,
  -0.013916;0.444715;0.094808;,
  0.001962;0.360893;-0.003735;,
  0.033004;0.269434;0.043949;,
  0.030004;0.266856;0.001884;,
  0.088564;0.362201;0.063400;,
  0.065271;0.441953;0.075441;,
  0.073351;0.275463;0.043455;,
  0.096408;-0.001438;0.056306;,
  0.047374;-0.001522;0.091346;,
  0.053449;-0.001415;0.042906;,
  0.081341;-0.001545;0.099173;,
  0.063716;0.215829;-0.008409;,
  0.098222;0.147430;0.032499;,
  0.069107;0.142971;0.003984;,
  0.094965;0.221031;0.020078;,
  0.096364;0.068627;0.048540;,
  0.078952;0.065809;0.018690;,
  0.023951;0.197427;0.017754;,
  0.036080;0.154948;0.069761;,
  0.023729;0.219642;0.068873;,
  0.039731;0.141284;0.029337;,
  0.061472;0.079145;0.068137;,
  0.060553;0.059932;0.039393;,
  0.098056;0.158785;0.069333;,
  0.094745;0.233245;0.067986;,
  0.085119;0.085420;0.069354;,
  0.065865;0.506609;0.028343;,
  -0.024707;0.494280;-0.027191;,
  -0.013341;0.459662;0.001690;,
  -0.025522;0.460559;-0.011428;,
  0.067474;0.504118;0.082884;,
  0.017426;0.505224;0.106883;,
  0.063122;0.454854;0.080946;,
  0.017158;0.458072;0.103175;,
  0.025589;0.610227;0.077235;,
  0.062544;0.656830;0.067000;,
  0.074128;0.661780;0.049937;,
  0.050283;0.613096;0.001054;,
  0.067964;0.665213;-0.003800;,
  0.057668;0.610299;0.051718;,
  0.033839;0.663206;-0.039725;,
  0.027402;0.609630;-0.028371;,
  -0.020560;0.664581;-0.046354;,
  -0.021547;0.605704;-0.033221;,
  0.093812;0.704825;-0.015348;,
  0.117683;0.661467;-0.004613;,
  0.041519;0.700102;-0.003567;,
  0.085318;0.608426;0.028237;,
  0.061716;0.642833;0.005895;,
  0.131085;0.621388;0.018741;,
  0.050614;0.703042;0.056604;,
  0.061716;0.642833;0.005895;,
  0.068830;0.657225;0.069987;,
  0.094577;0.595367;0.068324;,
  0.085318;0.608426;0.028237;,
  0.058996;0.708038;0.062368;,
  0.124813;0.676186;0.059489;,
  0.100554;0.718275;0.048857;,
  0.140256;0.608039;0.058804;,
  0.103689;0.714135;0.011334;,
  0.128569;0.632455;0.002849;,
  0.075397;0.597473;-0.044719;,
  0.073683;0.618324;0.012240;,
  0.110482;0.607619;-0.048390;,
  0.073790;0.573319;-0.079733;,
  0.097350;0.583565;-0.090011;,
  0.073683;0.618324;0.012240;,
  0.099446;0.549888;-0.023955;,
  0.091640;0.564077;0.038860;,
  0.075397;0.597473;-0.044719;,
  0.097016;0.545882;-0.075495;,
  0.073790;0.573319;-0.079733;,
  0.126272;0.558092;-0.026622;,
  0.146178;0.578281;0.029520;,
  0.109106;0.550594;-0.078470;,
  0.026582;0.554072;-0.163909;,
  0.083106;0.548386;-0.169327;,
  0.040691;0.553236;-0.147053;,
  0.068791;0.549350;-0.185614;,
  0.034300;0.562929;-0.125246;,
  0.033935;0.567262;-0.141418;,
  0.037501;0.558903;-0.135214;,
  0.026179;0.570360;-0.129111;,
  0.089783;0.538543;-0.118466;,
  0.052744;0.584829;-0.129906;,
  0.087129;0.552219;-0.153133;,
  0.050432;0.564129;-0.102066;,
  0.095046;0.568685;-0.161151;,
  0.111794;0.569313;-0.118847;,
  0.071467;0.596745;-0.100867;,
  0.062414;0.600163;-0.138144;,
  0.077959;0.763541;0.033186;,
  0.083552;0.762612;0.003826;,
  0.047062;0.782658;0.030209;,
  0.046500;0.776730;0.005830;,
  0.071804;0.705129;0.072334;,
  0.013333;0.804890;0.007716;,
  0.073351;0.747005;-0.016845;,
  0.049968;0.740400;-0.018383;,
  0.043256;0.758845;-0.015202;,
  0.065099;0.720598;-0.015141;,
  0.071493;0.748966;0.066106;,
  0.033980;0.741307;0.083691;,
  0.073750;0.752673;0.062283;,
  -0.023624;0.734301;0.087008;,
  -0.025162;0.787477;0.059137;,
  0.052489;0.787596;0.059364;,
  0.073750;0.752673;0.062283;,
  0.058516;0.725214;0.009668;,
  0.072571;0.740126;0.052908;,
  0.041519;0.700102;-0.003567;,
  0.074219;0.701341;0.040331;,
  0.067592;0.697256;0.005871;,
  0.061454;0.734563;-0.019816;,
  0.079408;0.704594;0.056178;,
  0.050432;0.564129;-0.102066;,
  0.008402;0.828903;-0.006139;,
  -0.002373;0.840181;0.011062;,
  -0.025722;0.814130;0.037537;,
  -0.028914;0.845234;0.015582;,
  0.062414;0.600163;-0.138144;,
  0.026582;0.554072;-0.163909;,
  0.068791;0.549350;-0.185614;,
  0.045050;0.571779;-0.110951;,
  0.032114;0.588994;-0.125348;,
  0.045050;0.571779;-0.110951;,
  0.050863;0.569686;-0.127643;,
  0.047985;0.590207;-0.140923;,
  0.047985;0.590207;-0.140923;,
  0.034300;0.562929;-0.125246;,
  0.026179;0.570360;-0.129111;,
  0.033935;0.567262;-0.141418;,
  0.120306;0.020228;-0.016983;,
  0.101259;-0.001385;-0.067528;,
  0.098295;0.017194;-0.060795;,
  0.127393;-0.001397;-0.022732;,
  0.046196;0.031888;0.080136;,
  0.053449;-0.001415;0.042906;,
  0.047374;-0.001522;0.091346;,
  0.052703;0.023542;0.040124;,
  0.061472;0.079145;0.068137;,
  0.086726;0.034910;0.089258;,
  0.085119;0.085420;0.069354;,
  0.096408;-0.001438;0.056306;,
  0.081341;-0.001545;0.099173;,
  0.098100;0.033508;0.054169;,
  0.078952;0.065809;0.018690;,
  0.096364;0.068627;0.048540;,
  0.069128;0.014160;-0.057006;,
  0.064847;-0.001374;-0.065466;,
  0.127393;-0.001397;-0.022732;,
  0.064847;-0.001374;-0.065466;,
  0.001962;0.360893;-0.003735;,
  0.030004;0.266856;0.001884;,
  0.023951;0.197427;0.017754;,
  0.039731;0.141284;0.029337;,
  0.060553;0.059932;0.039393;,
  0.060553;0.059932;0.039393;,
  -0.025817;0.450671;0.039620;,
  0.021328;0.826033;-0.020146;,
  0.006491;0.810570;-0.036421;,
  0.015737;0.816562;-0.038573;,
  0.001873;0.817614;-0.020556;,
  0.010581;0.851157;-0.004934;,
  -0.000160;0.866579;0.010210;,
  0.000619;0.953654;-0.076803;,
  -0.014833;0.937599;-0.102997;,
  -0.018707;0.957612;-0.081188;,
  0.020189;0.876256;-0.098598;,
  0.004437;0.872842;-0.107139;,
  0.016051;0.905640;-0.100077;,
  0.022600;0.834965;-0.046984;,
  0.026739;0.853626;-0.024187;,
  0.018707;0.839461;-0.015484;,
  0.026106;0.892227;-0.018407;,
  0.030303;0.894920;-0.042432;,
  0.026948;0.917512;-0.084741;,
  0.031485;0.928075;-0.059286;,
  0.030107;0.882509;-0.066689;,
  0.021137;0.900741;-0.004799;,
  0.007513;0.914535;0.010111;,
  -0.032819;0.918000;0.014239;,
  0.004453;0.954968;-0.016498;,
  -0.029525;0.959225;-0.012582;,
  0.029805;0.861262;-0.058688;,
  0.015237;0.821356;-0.058473;,
  0.019009;0.848927;-0.081241;,
  0.002025;0.794050;-0.064198;,
  -0.019185;0.791958;-0.054587;,
  -0.015880;0.787429;-0.074972;,
  0.010778;0.926661;-0.098450;,
  0.019718;0.944421;-0.070217;,
  0.022255;0.946963;-0.031058;,
  0.010713;0.960485;-0.046736;,
  -0.007144;0.967305;-0.045113;,
  -0.024464;0.969771;-0.046290;,
  -0.032048;0.877839;0.015050;,
  0.022255;0.946963;-0.031058;,
  0.010713;0.960485;-0.046736;,
  0.033089;0.856139;-0.024637;,
  0.038270;0.903276;-0.028709;,
  0.041491;0.887821;-0.014416;,
  0.031528;0.883848;-0.028880;,
  0.041491;0.887821;-0.014416;,
  0.033089;0.856139;-0.024637;,
  0.038270;0.903276;-0.028709;,
  0.030303;0.894920;-0.042432;,
  0.031191;0.869797;-0.041242;,
  0.026739;0.853626;-0.024187;,
  0.019322;0.870097;-0.088104;,
  0.031191;0.869797;-0.041242;,
  0.013333;0.804890;0.007716;,
  0.008402;0.828903;-0.006139;,
  0.046500;0.776730;0.005830;,
  0.010581;0.851157;-0.004934;,
  -0.024380;0.778482;-0.021755;,
  -0.023610;0.755605;-0.027550;,
  -0.023532;0.555048;-0.032925;,
  -0.024651;0.503573;0.106737;,
  -0.025458;0.469304;0.105462;,
  -0.024476;0.441858;0.094854;,
  -0.023510;0.794685;-0.036810;,
  -0.025817;0.450671;0.039620;,
  -0.007144;0.967305;-0.045113;,
  -0.024464;0.969771;-0.046290;,
  0.004274;0.822540;-0.078585;,
  -0.001507;0.841960;-0.093120;,
  -0.001529;0.832688;-0.090426;,
  -0.013182;0.924886;-0.111693;,
  -0.011723;0.900146;-0.117456;,
  0.000719;0.867057;-0.096084;,
  -0.021889;0.610357;0.079268;,
  0.046500;0.776730;0.005830;,
  0.101259;-0.001385;-0.067528;,
  -0.003068;0.812128;-0.083618;,
  0.003480;0.816320;-0.076487;,
  -0.003685;0.817785;-0.081684;,
  -0.013396;0.829980;-0.096829;,
  -0.011729;0.835333;-0.108198;,
  -0.003090;0.820098;-0.087426;,
  -0.015126;0.817660;-0.084072;,
  -0.014396;0.809477;-0.087549;,
  -0.011316;0.869428;-0.115680;,
  -0.012156;0.861618;-0.109219;,
  0.072571;0.740126;0.052908;,
  -0.013789;0.818813;-0.092742;,
  0.054594;0.728984;0.026391;,
  0.058516;0.725214;0.009668;,
  0.061454;0.734563;-0.019816;,
  0.021137;0.900741;-0.004799;,
  0.063716;0.215829;-0.008409;,
  0.028882;0.144240;-0.018982;,
  0.012192;0.219429;-0.030918;,
  0.069107;0.142971;0.003984;,
  0.057253;0.272200;-0.039149;,
  0.011096;0.273762;-0.043652;,
  0.049105;0.367488;-0.029258;,
  -0.006449;0.365924;-0.033099;,
  0.034178;0.464132;-0.019453;,
  -0.014724;0.454443;-0.029078;,
  0.016486;0.501599;-0.015667;,
  0.035707;0.072074;-0.012937;,
  0.078952;0.065809;0.018690;,
  0.039787;0.150704;0.096526;,
  0.001138;0.081534;0.116244;,
  0.049293;0.081679;0.105358;,
  -0.005423;0.154365;0.108902;,
  -0.010594;0.220719;0.093205;,
  0.028101;0.220096;0.082833;,
  -0.016564;0.282191;0.090489;,
  0.025920;0.268106;0.074208;,
  0.008299;0.354388;0.086561;,
  -0.021127;0.367485;0.097315;,
  -0.025350;0.441512;0.106104;,
  0.054594;0.728984;0.026391;,
  -0.092536;0.755390;-0.012863;,
  -0.057074;0.759232;-0.019022;,
  -0.098097;0.736382;-0.016690;,
  -0.052912;0.788963;-0.003403;,
  -0.107594;0.729367;-0.020790;,
  -0.075049;0.694751;-0.040327;,
  -0.111924;0.697117;-0.009445;,
  -0.063603;0.727563;-0.035549;,
  -0.054803;0.810827;0.033030;,
  -0.101971;0.782825;0.059301;,
  -0.072177;0.790503;0.064267;,
  -0.095407;0.779029;0.033065;,
  -0.106716;0.556633;0.061063;,
  -0.066315;0.564277;0.079206;,
  -0.099898;0.566729;0.056981;,
  -0.065516;0.552214;0.085669;,
  -0.094598;0.565068;0.001060;,
  -0.107950;0.539273;0.021482;,
  -0.066898;0.558542;-0.029405;,
  -0.094079;0.514204;-0.006741;,
  -0.065537;0.503534;-0.015766;,
  -0.023470;0.561043;0.079241;,
  -0.023602;0.546947;0.085710;,
  -0.073265;0.658681;0.084413;,
  -0.021996;0.698326;0.093723;,
  -0.078957;0.699180;0.089020;,
  -0.021258;0.659678;0.088579;,
  -0.080332;0.466572;-0.019533;,
  -0.118902;0.362795;-0.000626;,
  -0.114568;0.462304;0.017359;,
  -0.081342;0.368719;-0.029080;,
  -0.077275;0.273055;-0.038805;,
  -0.105774;0.269962;0.005619;,
  -0.030937;0.468224;0.001109;,
  -0.039251;0.361777;0.071399;,
  -0.033470;0.368296;-0.004069;,
  -0.038120;0.445286;0.094778;,
  -0.051981;0.273800;0.044003;,
  -0.049126;0.271442;0.001925;,
  -0.118794;0.358606;0.064009;,
  -0.108944;0.442310;0.075583;,
  -0.092771;0.274590;0.043944;,
  -0.091696;-0.001438;0.054149;,
  -0.052131;-0.001522;0.099609;,
  -0.086987;-0.001545;0.099342;,
  -0.046801;-0.001415;0.051081;,
  -0.076103;0.216427;-0.007683;,
  -0.101084;0.144463;0.034025;,
  -0.107454;0.217779;0.021132;,
  -0.071944;0.143574;0.005203;,
  -0.089460;0.067281;0.049254;,
  -0.069638;0.066023;0.020575;,
  -0.034023;0.203484;0.018127;,
  -0.040031;0.160182;0.070522;,
  -0.042326;0.145865;0.030225;,
  -0.036114;0.225919;0.069108;,
  -0.057020;0.080683;0.071394;,
  -0.052896;0.059932;0.046016;,
  -0.101986;0.156016;0.070787;,
  -0.108296;0.230273;0.068961;,
  -0.081250;0.084899;0.070884;,
  -0.114732;0.510870;0.028123;,
  -0.030937;0.468224;0.001109;,
  -0.116589;0.508461;0.082660;,
  -0.066603;0.507206;0.106781;,
  -0.110267;0.456772;0.080936;,
  -0.065219;0.460940;0.103033;,
  -0.069331;0.611706;0.077086;,
  -0.104823;0.657049;0.066517;,
  -0.116199;0.662029;0.049388;,
  -0.093360;0.615333;0.000829;,
  -0.101204;0.612773;0.051470;,
  -0.109421;0.665446;-0.004312;,
  -0.074900;0.663349;-0.040039;,
  -0.070383;0.611152;-0.028524;,
  -0.141929;0.698885;-0.005988;,
  -0.088199;0.700280;-0.003391;,
  -0.158421;0.652758;0.006866;,
  -0.116275;0.590826;0.021975;,
  -0.163891;0.600517;0.021864;,
  -0.099707;0.640815;0.007030;,
  -0.087075;0.700906;0.057521;,
  -0.097295;0.652968;0.071930;,
  -0.099707;0.640815;0.007030;,
  -0.113584;0.601637;0.075396;,
  -0.116275;0.590826;0.021975;,
  -0.094860;0.704738;0.064811;,
  -0.156060;0.665234;0.071791;,
  -0.139024;0.710147;0.058922;,
  -0.161061;0.611249;0.075347;,
  -0.148073;0.706404;0.022330;,
  -0.172193;0.579193;0.015012;,
  -0.137610;0.507682;0.013034;,
  -0.172355;0.519505;0.012425;,
  -0.116645;0.564557;0.015815;,
  -0.148551;0.469067;0.014671;,
  -0.174391;0.469328;0.013910;,
  -0.116645;0.564557;0.015815;,
  -0.145814;0.510566;0.069587;,
  -0.137610;0.507682;0.013034;,
  -0.116484;0.565983;0.078728;,
  -0.156137;0.468193;0.053517;,
  -0.148551;0.469067;0.014671;,
  -0.172381;0.519927;0.068781;,
  -0.171733;0.580584;0.078079;,
  -0.174937;0.467913;0.051663;,
  -0.158990;0.339310;-0.008178;,
  -0.138649;0.362101;0.040025;,
  -0.155461;0.348458;0.038501;,
  -0.141948;0.353183;-0.007179;,
  -0.146586;0.391674;-0.025362;,
  -0.161009;0.384672;-0.020526;,
  -0.156365;0.393709;-0.031389;,
  -0.150213;0.382760;-0.019602;,
  -0.141598;0.435217;0.050121;,
  -0.158385;0.411137;-0.002638;,
  -0.139815;0.440342;0.000698;,
  -0.151637;0.399274;0.048343;,
  -0.169748;0.390971;0.047268;,
  -0.179431;0.435316;0.050488;,
  -0.178583;0.441559;-0.001110;,
  -0.176576;0.403102;-0.001633;,
  -0.124201;0.759351;0.039803;,
  -0.132079;0.758137;0.010989;,
  -0.095407;0.779029;0.033065;,
  -0.095577;0.773332;0.008963;,
  -0.115689;0.701865;0.071455;,
  -0.064067;0.802404;0.007244;,
  -0.123187;0.742850;-0.010324;,
  -0.098097;0.736382;-0.016690;,
  -0.114493;0.717349;-0.009695;,
  -0.092536;0.755390;-0.012863;,
  -0.118362;0.743089;0.065126;,
  -0.120717;0.746658;0.061428;,
  -0.081514;0.737597;0.082987;,
  -0.023624;0.734301;0.087008;,
  -0.025162;0.787477;0.059137;,
  -0.101971;0.782825;0.059301;,
  -0.120717;0.746658;0.061428;,
  -0.104476;0.720400;0.009453;,
  -0.088199;0.700280;-0.003391;,
  -0.118585;0.734477;0.052642;,
  -0.117551;0.698001;0.039433;,
  -0.110335;0.694157;0.005038;,
  -0.107594;0.729367;-0.020790;,
  -0.123057;0.701068;0.055230;,
  -0.139815;0.440342;0.000698;,
  -0.061591;0.826961;-0.011293;,
  -0.054154;0.838744;0.007250;,
  -0.025722;0.814130;0.037537;,
  -0.028914;0.845234;0.015582;,
  -0.176576;0.403102;-0.001633;,
  -0.158990;0.339310;-0.008178;,
  -0.155461;0.348458;0.038501;,
  -0.139162;0.409002;-0.018818;,
  -0.164085;0.411114;-0.025551;,
  -0.139162;0.409002;-0.018818;,
  -0.148113;0.397674;-0.008409;,
  -0.171615;0.404451;-0.005679;,
  -0.171615;0.404451;-0.005679;,
  -0.146586;0.391674;-0.025362;,
  -0.156365;0.393709;-0.031389;,
  -0.161009;0.384672;-0.020526;,
  -0.097938;0.020227;-0.022686;,
  -0.067683;-0.001386;-0.067432;,
  -0.103497;-0.001397;-0.029922;,
  -0.066362;0.017194;-0.060195;,
  -0.048384;0.031888;0.088978;,
  -0.046801;-0.001415;0.051081;,
  -0.045430;0.023542;0.048549;,
  -0.052131;-0.001522;0.099609;,
  -0.057020;0.080683;0.071394;,
  -0.089924;0.034910;0.088447;,
  -0.081250;0.084899;0.070884;,
  -0.091696;-0.001438;0.054149;,
  -0.092846;0.033507;0.051677;,
  -0.086987;-0.001545;0.099342;,
  -0.069638;0.066023;0.020575;,
  -0.089460;0.067281;0.049254;,
  -0.038870;0.014160;-0.049742;,
  -0.032743;-0.001374;-0.056978;,
  -0.103497;-0.001397;-0.029922;,
  -0.032743;-0.001374;-0.056978;,
  -0.033470;0.368296;-0.004069;,
  -0.049126;0.271442;0.001925;,
  -0.034023;0.203484;0.018127;,
  -0.042326;0.145865;0.030225;,
  -0.052896;0.059932;0.046016;,
  -0.052896;0.059932;0.046016;,
  -0.069751;0.823997;-0.034459;,
  -0.049979;0.809307;-0.045295;,
  -0.052346;0.816109;-0.024548;,
  -0.058372;0.814906;-0.050220;,
  -0.065291;0.849461;-0.016858;,
  -0.060395;0.865232;0.000743;,
  -0.038256;0.952785;-0.082913;,
  -0.018707;0.957612;-0.081188;,
  -0.046806;0.874758;-0.109126;,
  -0.043699;0.904305;-0.109467;,
  -0.029061;0.872093;-0.112403;,
  -0.063122;0.833048;-0.060455;,
  -0.074861;0.851355;-0.040154;,
  -0.069274;0.837494;-0.029311;,
  -0.077714;0.889906;-0.034723;,
  -0.074457;0.892578;-0.058895;,
  -0.059280;0.915585;-0.098292;,
  -0.066292;0.880354;-0.081838;,
  -0.071860;0.925765;-0.075527;,
  -0.077533;0.898535;-0.020306;,
  -0.069752;0.912808;-0.002032;,
  -0.032819;0.918000;0.014239;,
  -0.060447;0.953518;-0.026698;,
  -0.029525;0.959225;-0.012582;,
  -0.067531;0.859086;-0.073985;,
  -0.049813;0.847389;-0.092057;,
  -0.052005;0.819853;-0.069041;,
  -0.036497;0.793189;-0.070252;,
  -0.040101;0.925524;-0.106446;,
  -0.058032;0.942683;-0.082436;,
  -0.072561;0.944843;-0.045959;,
  -0.057369;0.958964;-0.057435;,
  -0.024464;0.969771;-0.046290;,
  -0.041185;0.966544;-0.050462;,
  -0.032048;0.877839;0.015050;,
  -0.072561;0.944843;-0.045959;,
  -0.057369;0.958964;-0.057435;,
  -0.080870;0.853591;-0.042547;,
  -0.086603;0.900485;-0.048333;,
  -0.079293;0.881371;-0.046296;,
  -0.093375;0.884806;-0.035610;,
  -0.093375;0.884806;-0.035610;,
  -0.080870;0.853591;-0.042547;,
  -0.086603;0.900485;-0.048333;,
  -0.074457;0.892578;-0.058895;,
  -0.074570;0.867432;-0.057863;,
  -0.074861;0.851355;-0.040154;,
  -0.048931;0.868572;-0.098830;,
  -0.074570;0.867432;-0.057863;,
  -0.064067;0.802404;0.007244;,
  -0.061591;0.826961;-0.011293;,
  -0.095577;0.773332;0.008963;,
  -0.065291;0.849461;-0.016858;,
  -0.024651;0.503573;0.106737;,
  -0.025458;0.469304;0.105462;,
  -0.024476;0.441858;0.094854;,
  -0.025817;0.450671;0.039620;,
  -0.041185;0.966544;-0.050462;,
  -0.024464;0.969771;-0.046290;,
  -0.035466;0.821652;-0.084830;,
  -0.026360;0.841404;-0.097025;,
  -0.026761;0.832124;-0.094392;,
  -0.028663;0.866400;-0.100701;,
  -0.021889;0.610357;0.079268;,
  -0.095577;0.773332;0.008963;,
  -0.067683;-0.001386;-0.067432;,
  -0.035084;0.815458;-0.082547;,
  -0.026489;0.811604;-0.087299;,
  -0.026741;0.817269;-0.085307;,
  -0.025648;0.819594;-0.090971;,
  -0.118585;0.734477;0.052642;,
  -0.100581;0.724491;0.025854;,
  -0.104476;0.720400;0.009453;,
  -0.107594;0.729367;-0.020790;,
  -0.077533;0.898535;-0.020306;,
  -0.039263;0.220567;-0.030965;,
  -0.011391;0.144818;-0.025272;,
  -0.042910;0.144062;-0.019468;,
  -0.016622;0.222200;-0.031759;,
  -0.045519;0.277439;-0.043631;,
  -0.019721;0.277112;-0.043484;,
  -0.036113;0.370433;-0.033138;,
  -0.022167;0.366115;-0.034105;,
  -0.033528;0.459492;-0.029246;,
  -0.024380;0.451971;-0.030043;,
  -0.024707;0.494280;-0.027191;,
  -0.065537;0.503534;-0.015766;,
  -0.006921;0.078549;-0.023630;,
  -0.040413;0.071831;-0.013178;,
  -0.033680;0.081364;0.106854;,
  -0.101986;0.156016;0.070787;,
  -0.081237;0.084900;0.070885;,
  -0.039584;0.155627;0.095518;,
  -0.108296;0.230273;0.068961;,
  -0.043953;0.223414;0.084371;,
  -0.044579;0.274804;0.077997;,
  -0.092771;0.274590;0.043944;,
  -0.118794;0.358606;0.064009;,
  -0.037724;0.360223;0.088769;,
  -0.025458;0.469304;0.105462;,
  -0.065219;0.460940;0.103033;,
  -0.100581;0.724491;0.025854;,
  -0.080332;0.466572;-0.019533;,
  -0.081342;0.368719;-0.029080;,
  -0.077275;0.273055;-0.038805;,
  -0.076103;0.216427;-0.007683;,
  -0.071944;0.143574;0.005203;,
  -0.069638;0.066023;0.020575;,
  0.088564;0.362201;0.063400;,
  0.017158;0.458072;0.103175;,
  0.065271;0.441953;0.075441;,
  0.073351;0.275463;0.043455;,
  0.094745;0.233245;0.067986;,
  0.098056;0.158785;0.069333;,
  0.085119;0.085420;0.069354;,
  -0.108944;0.442310;0.075583;;
  916;
  3;0,1,2;,
  3;1,0,3;,
  3;4,5,6;,
  3;5,4,7;,
  3;8,9,10;,
  3;9,8,11;,
  3;12,13,14;,
  3;13,12,15;,
  3;16,12,17;,
  3;12,16,15;,
  3;18,19,20;,
  3;19,18,16;,
  3;6,21,22;,
  3;21,6,5;,
  3;14,23,24;,
  3;23,14,13;,
  3;25,26,27;,
  3;26,25,28;,
  3;29,30,31;,
  3;30,29,32;,
  3;30,33,31;,
  3;33,30,34;,
  3;35,36,37;,
  3;36,35,38;,
  3;38,39,36;,
  3;39,38,40;,
  3;37,41,42;,
  3;41,37,36;,
  3;36,43,41;,
  3;43,36,39;,
  3;42,30,32;,
  3;30,42,41;,
  3;41,34,30;,
  3;34,41,43;,
  3;44,45,46;,
  3;45,44,47;,
  3;48,49,50;,
  3;49,48,51;,
  3;50,52,53;,
  3;52,50,49;,
  3;54,55,56;,
  3;55,54,57;,
  3;57,58,55;,
  3;58,57,59;,
  3;56,60,61;,
  3;60,56,55;,
  3;55,62,60;,
  3;62,55,58;,
  3;61,49,51;,
  3;49,61,60;,
  3;60,52,49;,
  3;52,60,62;,
  3;32,19,63;,
  3;19,32,29;,
  3;64,65,66;,
  3;65,64,20;,
  3;14,67,12;,
  3;67,14,68;,
  3;68,69,67;,
  3;69,68,70;,
  3;70,42,69;,
  3;42,70,37;,
  3;48,34,51;,
  3;34,48,33;,
  3;51,43,61;,
  3;43,51,34;,
  3;43,56,61;,
  3;56,43,39;,
  3;39,54,56;,
  3;54,39,40;,
  3;12,63,17;,
  3;63,12,67;,
  3;67,32,63;,
  3;32,67,69;,
  3;69,42,32;,
  3;71,72,25;,
  3;73,74,75;,
  3;74,73,76;,
  3;74,77,75;,
  3;77,74,78;,
  3;79,78,80;,
  3;78,79,77;,
  3;81,82,83;,
  3;82,84,85;,
  3;84,82,86;,
  3;87,88,89;,
  3;88,90,89;,
  3;90,88,91;,
  3;92,93,94;,
  3;92,89,93;,
  3;92,87,89;,
  3;89,95,93;,
  3;95,89,90;,
  3;96,93,82;,
  3;93,86,82;,
  3;86,93,95;,
  3;97,98,99;,
  3;98,97,100;,
  3;100,101,98;,
  3;101,100,102;,
  3;103,104,105;,
  3;104,103,106;,
  3;106,107,104;,
  3;107,106,108;,
  3;105,109,110;,
  3;109,105,104;,
  3;104,111,109;,
  3;111,104,107;,
  3;110,100,97;,
  3;100,110,109;,
  3;109,102,100;,
  3;102,109,111;,
  3;112,113,114;,
  3;113,112,115;,
  3;116,117,118;,
  3;117,116,119;,
  3;120,121,122;,
  3;121,120,123;,
  3;120,124,125;,
  3;124,120,122;,
  3;126,124,127;,
  3;124,126,125;,
  3;95,97,86;,
  3;97,95,110;,
  3;86,99,84;,
  3;99,86,97;,
  3;90,103,105;,
  3;103,90,91;,
  3;105,95,90;,
  3;95,105,110;,
  3;128,96,129;,
  3;96,128,94;,
  3;129,130,128;,
  3;130,129,131;,
  3;72,28,25;,
  3;28,72,132;,
  3;10,133,8;,
  3;134,135,136;,
  3;135,134,137;,
  3;81,137,134;,
  3;138,11,139;,
  3;138,9,11;,
  3;138,140,9;,
  3;141,11,142;,
  3;11,141,139;,
  3;128,130,143;,
  3;94,144,92;,
  3;94,143,144;,
  3;94,128,143;,
  3;145,87,146;,
  3;87,145,147;,
  3;75,148,73;,
  3;148,75,149;,
  3;150,147,145;,
  3;7,149,75;,
  3;148,151,73;,
  3;102,152,101;,
  3;152,102,126;,
  3;102,125,126;,
  3;125,102,111;,
  3;111,120,125;,
  3;120,111,107;,
  3;120,108,123;,
  3;108,120,107;,
  3;8,153,154;,
  3;153,8,133;,
  3;154,155,8;,
  3;155,154,156;,
  3;122,114,113;,
  3;114,122,121;,
  3;121,112,114;,
  3;112,121,157;,
  3;158,124,159;,
  3;124,158,127;,
  3;159,122,113;,
  3;122,159,124;,
  3;126,160,152;,
  3;160,126,161;,
  3;162,121,123;,
  3;121,162,163;,
  3;121,164,157;,
  3;164,121,163;,
  3;165,126,127;,
  3;126,165,161;,
  3;161,166,160;,
  3;166,161,167;,
  3;162,118,163;,
  3;118,162,116;,
  3;163,117,164;,
  3;117,163,118;,
  3;165,167,161;,
  3;167,165,168;,
  3;169,170,171;,
  3;170,169,172;,
  3;173,174,175;,
  3;174,173,176;,
  3;177,178,179;,
  3;178,177,173;,
  3;180,178,181;,
  3;178,180,182;,
  3;183,169,171;,
  3;169,183,184;,
  3;174,185,186;,
  3;185,174,176;,
  3;46,187,44;,
  3;187,46,188;,
  3;180,169,182;,
  3;169,180,172;,
  3;20,29,65;,
  3;19,29,20;,
  3;29,31,189;,
  3;31,190,189;,
  3;190,31,33;,
  3;33,191,190;,
  3;191,33,48;,
  3;191,50,192;,
  3;50,191,48;,
  3;192,53,193;,
  3;53,192,50;,
  3;194,171,185;,
  3;171,194,183;,
  3;171,186,185;,
  3;186,171,170;,
  3;185,176,194;,
  3;194,173,177;,
  3;173,194,176;,
  3;178,175,181;,
  3;175,178,173;,
  3;179,182,184;,
  3;182,179,178;,
  3;182,169,184;,
  3;16,17,19;,
  3;17,63,19;,
  3;65,195,66;,
  3;196,197,198;,
  3;197,196,199;,
  3;200,154,153;,
  3;154,200,201;,
  3;202,203,204;,
  3;205,206,207;,
  3;196,208,209;,
  3;208,196,198;,
  3;210,209,211;,
  3;209,210,196;,
  3;212,213,214;,
  3;213,212,215;,
  3;212,214,211;,
  3;201,216,217;,
  3;216,201,200;,
  3;218,219,220;,
  3;219,218,217;,
  3;210,199,196;,
  3;213,205,207;,
  3;221,222,223;,
  3;198,197,224;,
  3;224,225,226;,
  3;225,224,197;,
  3;227,213,207;,
  3;228,229,214;,
  3;229,228,230;,
  3;220,231,232;,
  3;213,228,214;,
  3;156,201,233;,
  3;201,156,154;,
  3;233,217,218;,
  3;217,233,201;,
  3;219,217,234;,
  3;235,219,234;,
  3;236,237,238;,
  3;237,236,239;,
  3;209,240,211;,
  3;240,209,241;,
  3;211,242,212;,
  3;242,211,240;,
  3;243,239,244;,
  3;239,243,237;,
  3;244,236,245;,
  3;236,244,239;,
  3;246,221,223;,
  3;221,246,215;,
  3;221,212,247;,
  3;212,221,215;,
  3;199,248,2;,
  3;248,199,249;,
  3;133,10,250;,
  3;249,210,251;,
  3;210,249,199;,
  3;210,211,251;,
  3;252,1,253;,
  3;1,252,2;,
  3;20,254,18;,
  3;254,20,64;,
  3;24,68,14;,
  3;68,24,255;,
  3;68,256,70;,
  3;256,68,255;,
  3;256,37,70;,
  3;37,256,257;,
  3;258,2,252;,
  3;2,258,199;,
  3;257,259,37;,
  3;37,259,35;,
  3;260,204,261;,
  3;204,260,202;,
  3;262,263,223;,
  3;263,262,264;,
  3;197,258,225;,
  3;258,197,199;,
  3;265,203,227;,
  3;265,207,266;,
  3;207,265,227;,
  3;223,267,246;,
  3;267,223,263;,
  3;88,87,147;,
  3;83,82,85;,
  3;78,16,18;,
  3;16,78,74;,
  3;74,15,16;,
  3;15,74,76;,
  3;15,71,13;,
  3;71,15,76;,
  3;13,268,23;,
  3;268,13,71;,
  3;248,269,2;,
  3;2,269,0;,
  3;136,129,134;,
  3;129,136,131;,
  3;134,96,81;,
  3;96,134,129;,
  3;96,82,81;,
  3;93,96,94;,
  3;29,189,65;,
  3;205,215,246;,
  3;267,205,246;,
  3;205,267,206;,
  3;205,213,215;,
  3;187,188,270;,
  3;224,271,272;,
  3;222,221,208;,
  3;224,222,198;,
  3;272,273,262;,
  3;273,272,271;,
  3;263,274,275;,
  3;273,276,262;,
  3;277,271,278;,
  3;271,277,273;,
  3;222,272,262;,
  3;272,222,224;,
  3;222,208,198;,
  3;209,221,247;,
  3;221,209,208;,
  3;223,222,262;,
  3;266,206,279;,
  3;206,266,207;,
  3;206,280,279;,
  3;280,206,267;,
  3;280,263,275;,
  3;263,280,267;,
  3;264,262,276;,
  3;76,73,72;,
  3;138,281,140;,
  3;73,132,72;,
  3;132,73,151;,
  3;72,71,76;,
  3;271,226,278;,
  3;155,11,8;,
  3;276,277,282;,
  3;277,276,273;,
  3;274,276,282;,
