xof 0303txt 0032
template ColorRGBA {
 <35ff44e0-6c7c-11cf-8f52-0040333594a3>
 FLOAT red;
 FLOAT green;
 FLOAT blue;
 FLOAT alpha;
}

template ColorRGB {
 <d3e16e81-7835-11cf-8f52-0040333594a3>
 FLOAT red;
 FLOAT green;
 FLOAT blue;
}

template Material {
 <3d82ab4d-62da-11cf-ab39-0020af71e433>
 ColorRGBA faceColor;
 FLOAT power;
 ColorRGB specularColor;
 ColorRGB emissiveColor;
 [...]
}

template TextureFilename {
 <a42790e1-7810-11cf-8f52-0040333594a3>
 STRING filename;
}

template Frame {
 <3d82ab46-62da-11cf-ab39-0020af71e433>
 [...]
}

template Matrix4x4 {
 <f6f23f45-7686-11cf-8f52-0040333594a3>
 array FLOAT matrix[16];
}

template FrameTransformMatrix {
 <f6f23f41-7686-11cf-8f52-0040333594a3>
 Matrix4x4 frameMatrix;
}

template Vector {
 <3d82ab5e-62da-11cf-ab39-0020af71e433>
 FLOAT x;
 FLOAT y;
 FLOAT z;
}

template MeshFace {
 <3d82ab5f-62da-11cf-ab39-0020af71e433>
 DWORD nFaceVertexIndices;
 array DWORD faceVertexIndices[nFaceVertexIndices];
}

template Mesh {
 <3d82ab44-62da-11cf-ab39-0020af71e433>
 DWORD nVertices;
 array Vector vertices[nVertices];
 DWORD nFaces;
 array MeshFace faces[nFaces];
 [...]
}

template MeshMaterialList {
 <f6f23f42-7686-11cf-8f52-0040333594a3>
 DWORD nMaterials;
 DWORD nFaceIndexes;
 array DWORD faceIndexes[nFaceIndexes];
 [Material <3d82ab4d-62da-11cf-ab39-0020af71e433>]
}

template VertexElement {
 <f752461c-1e23-48f6-b9f8-8350850f336f>
 DWORD Type;
 DWORD Method;
 DWORD Usage;
 DWORD UsageIndex;
}

template DeclData {
 <bf22e553-292c-4781-9fea-62bd554bdd93>
 DWORD nElements;
 array VertexElement Elements[nElements];
 DWORD nDWords;
 array DWORD data[nDWords];
}

template XSkinMeshHeader {
 <3cf169ce-ff7c-44ab-93c0-f78f62d172e2>
 WORD nMaxSkinWeightsPerVertex;
 WORD nMaxSkinWeightsPerFace;
 WORD nBones;
}

template SkinWeights {
 <6f0d123b-bad2-4167-a0d0-80224f25fabb>
 STRING transformNodeName;
 DWORD nWeights;
 array DWORD vertexIndices[nWeights];
 array FLOAT weights[nWeights];
 Matrix4x4 matrixOffset;
}

template AnimTicksPerSecond {
 <9e415a43-7ba6-4a73-8743-b73d47e88476>
 DWORD AnimTicksPerSecond;
}

template Animation {
 <3d82ab4f-62da-11cf-ab39-0020af71e433>
 [...]
}

template AnimationSet {
 <3d82ab50-62da-11cf-ab39-0020af71e433>
 [Animation <3d82ab4f-62da-11cf-ab39-0020af71e433>]
}

template FloatKeys {
 <10dd46a9-775b-11cf-8f52-0040333594a3>
 DWORD nValues;
 array FLOAT values[nValues];
}

template TimedFloatKeys {
 <f406b180-7b3b-11cf-8f52-0040333594a3>
 DWORD time;
 FloatKeys tfkeys;
}

template AnimationKey {
 <10dd46a8-775b-11cf-8f52-0040333594a3>
 DWORD keyType;
 DWORD nKeys;
 array TimedFloatKeys keys[nKeys];
}


Material _03_-_Default {
 1.000000;1.000000;1.000000;1.000000;;
 9.999999;
 0.000000;0.000000;0.000000;;
 0.000000;0.000000;0.000000;;

 TextureFilename {
  "MaleBody_full.png";
 }
}

Frame Dummy01 {
 

 FrameTransformMatrix {
  1.000000,0.000000,0.000000,0.000000,0.000000,-0.000000,-1.000000,0.000000,0.000000,1.000000,-0.000000,0.000000,0.000000,0.000000,0.000000,1.000000;;
 }

 Frame Bip01 {
  

  FrameTransformMatrix {
   0.087708,0.303488,-0.948790,0.000000,-0.034237,0.952816,0.301611,0.000000,0.995558,0.006030,0.093961,0.000000,0.003000,-0.012097,0.035045,1.000000;;
  }

  Frame Bip01_Pelvis {
   

   FrameTransformMatrix {
    0.159757,0.986151,-0.044546,0.000000,-0.095158,0.060300,0.993634,0.000000,0.982559,-0.154501,0.103473,0.000000,0.000000,0.000000,0.000000,1.000000;;
   }

   Frame Bip01_Spine {
    

    FrameTransformMatrix {
     0.982010,0.024330,0.187257,0.000000,-0.022750,0.999685,-0.010582,0.000000,-0.187455,0.006132,0.982254,0.000000,0.050934,0.003113,-0.008061,1.000000;;
    }

    Frame Bip01_Spine1 {
     

     FrameTransformMatrix {
      0.999128,0.041429,-0.005284,0.000000,-0.039858,0.983641,0.175674,0.000000,0.012476,-0.175310,0.984434,0.000000,0.106479,0.000015,-0.000083,1.000000;;
     }

     Frame Bip01_Neck {
      

      FrameTransformMatrix {
       0.983966,-0.000000,-0.178355,0.000000,0.000000,1.000000,-0.000000,0.000000,0.178355,-0.000000,0.983966,0.000000,0.130500,0.000000,0.004626,1.000000;;
      }

      Frame Bip01_Head {
       

       FrameTransformMatrix {
        0.980576,-0.068942,0.183622,0.000000,0.155648,0.843172,-0.514620,0.000000,-0.119346,0.533205,0.837525,0.000000,0.033674,0.000000,0.000000,1.000000;;
       }

       Frame Bip01_HeadNub {
        

        FrameTransformMatrix {
         1.000000,0.000000,0.000000,0.000000,-0.000000,1.000000,-0.000000,0.000000,0.000000,0.000000,1.000000,0.000000,0.169824,0.000000,0.000000,1.000000;;
        }
       }
      }

      Frame Bip01_L_Clavicle {
       

       FrameTransformMatrix {
        0.154725,0.981528,0.112526,0.000000,0.971984,-0.171631,0.160589,0.000000,0.176936,0.084527,-0.980586,0.000000,-0.022810,0.015714,-0.008836,1.000000;;
       }

       Frame Bip01_L_UpperArm {
        

        FrameTransformMatrix {
         0.976168,0.176385,-0.126433,0.000000,0.128015,0.002430,0.991769,0.000000,0.175240,-0.984318,-0.020208,0.000000,0.087086,0.000000,-0.000000,1.000000;;
        }

        Frame Bip01_L_Forearm {
         

         FrameTransformMatrix {
          0.226592,-0.000000,-0.973990,0.000000,-0.000000,1.000000,0.000000,0.000000,0.973990,-0.000000,0.226592,0.000000,0.137062,0.000000,0.000000,1.000000;;
         }

         Frame Bip01_L_Hand {
          

          FrameTransformMatrix {
           0.991178,0.072473,-0.110966,0.000000,0.109674,0.021573,0.993733,0.000000,0.074412,-0.997137,0.013434,0.000000,0.137062,0.000000,-0.000000,1.000000;;
          }

          Frame Bip01_L_Finger0 {
           

           FrameTransformMatrix {
            0.528196,-0.799977,0.284687,0.000000,0.848526,0.484704,-0.212291,0.000000,0.031838,0.353696,0.934819,0.000000,0.057681,-0.023605,-0.000272,1.000000;;
           }

           Frame Bip01_L_Finger0Nub {
            

            FrameTransformMatrix {
             1.000000,-0.000000,0.000000,0.000000,-0.000000,1.000000,0.000000,0.000000,0.000000,-0.000000,1.000000,0.000000,0.029435,0.000000,0.000000,1.000000;;
            }
           }
          }

          Frame Bip01_L_Finger1 {
           

           FrameTransformMatrix {
            0.994511,-0.000083,0.104627,0.000000,-0.000000,1.000000,0.000796,0.000000,-0.104627,-0.000792,0.994511,0.000000,0.084102,0.000000,-0.000000,1.000000;;
           }

           Frame Bip01_L_Finger1Nub {
            

            FrameTransformMatrix {
             1.000000,0.000000,0.000000,0.000000,-0.000000,1.000000,-0.000000,0.000000,0.000000,0.000000,1.000000,0.000000,0.047988,0.000000,0.000000,1.000000;;
            }
           }
          }
         }
        }
       }
      }

      Frame Bip01_R_Clavicle {
       

       FrameTransformMatrix {
        -0.119515,-0.969637,0.213356,0.000000,-0.977691,0.077556,-0.195204,0.000000,0.172730,-0.231926,-0.957274,0.000000,-0.022810,-0.015715,-0.008835,1.000000;;
       }

       Frame Bip01_R_UpperArm {
        

        FrameTransformMatrix {
         0.964045,-0.186030,0.189764,0.000000,-0.165700,0.137456,0.976550,0.000000,-0.207751,-0.972882,0.101688,0.000000,0.087086,0.000000,0.000000,1.000000;;
        }

        Frame Bip01_R_Forearm {
         

         FrameTransformMatrix {
          -0.208086,0.000000,-0.978111,0.000000,0.000000,1.000000,0.000000,0.000000,0.978111,-0.000000,-0.208086,0.000000,0.137062,0.000000,0.000000,1.000000;;
         }

         Frame Bip01_R_Hand {
          

          FrameTransformMatrix {
           0.999425,0.033807,0.002508,0.000000,0.004330,-0.053942,-0.998535,0.000000,-0.033622,0.997972,-0.054058,0.000000,0.137062,-0.000000,0.000000,1.000000;;
          }

          Frame Bip01_R_Finger0 {
           

           FrameTransformMatrix {
            0.675535,0.675268,0.296085,0.000000,-0.737076,0.607967,0.295119,0.000000,0.019274,-0.417601,0.908427,0.000000,0.057681,0.023605,-0.000272,1.000000;;
           }

           Frame Bip01_R_Finger0Nub {
            

            FrameTransformMatrix {
             -1.000000,0.000000,-0.000000,0.000000,-0.000000,1.000000,0.000000,0.000000,-0.000000,0.000000,-1.000000,0.000000,0.029435,0.000000,0.000000,1.000000;;
            }
           }
          }

          Frame Bip01_R_Finger1 {
           

           FrameTransformMatrix {
            0.989590,0.000115,0.143914,0.000000,-0.000000,1.000000,-0.000796,0.000000,-0.143914,0.000788,0.989590,0.000000,0.084102,0.000000,0.000000,1.000000;;
           }

           Frame Bip01_R_Finger1Nub {
            

            FrameTransformMatrix {
             -1.000000,0.000000,0.000000,0.000000,-0.000000,1.000000,0.000000,0.000000,-0.000000,-0.000000,-1.000000,0.000000,0.047988,0.000000,-0.000000,1.000000;;
            }
           }
          }
         }
        }
       }
      }
     }

     Frame Bip01_BackPack {
      

      FrameTransformMatrix {
       0.060437,-0.160275,-0.985220,0.000000,-0.155939,0.973390,-0.167916,0.000000,0.985916,0.163783,0.033835,0.000000,0.051872,-0.000007,-0.088319,1.000000;;
      }

      Frame Bip01_BackPackNub {
       

       FrameTransformMatrix {
        0.000796,0.000003,1.000000,0.000000,-0.000000,-1.000000,0.000003,0.000000,1.000000,0.000000,-0.000796,0.000000,0.053240,0.000000,0.000000,1.000000;;
       }
      }
     }
    }

    Frame Bip01_L_Thigh {
     

     FrameTransformMatrix {
      -0.829265,0.505613,0.238065,0.000000,0.094833,-0.292497,0.951552,0.000000,0.550750,0.811666,0.194609,0.000000,-0.047241,0.053169,0.017785,1.000000;;
     }

     Frame Bip01_L_Calf {
      

      FrameTransformMatrix {
       0.393536,0.000000,-0.919309,0.000000,-0.000000,1.000000,0.000000,0.000000,0.919309,0.000000,0.393536,0.000000,0.237500,0.000000,0.000000,1.000000;;
      }

      Frame Bip01_L_Foot {
       

       FrameTransformMatrix {
        0.845286,-0.123200,0.519916,0.000000,0.081684,0.991412,0.102125,0.000000,-0.528033,-0.043856,0.848091,0.000000,0.206841,0.000000,0.000000,1.000000;;
       }

       Frame Bip01_L_Toe0 {
        

        FrameTransformMatrix {
         -0.995620,0.011948,0.092731,0.000000,-0.007788,0.977758,-0.209593,0.000000,-0.093172,-0.209398,-0.973382,0.000000,0.065373,0.000000,0.066450,1.000000;;
        }

        Frame Bip01_L_Toe0Nub {
         

         FrameTransformMatrix {
          -1.000000,0.000000,0.000000,0.000000,-0.000000,1.000000,0.000000,0.000000,-0.000000,-0.000000,-1.000000,0.000000,0.006735,0.000000,0.000000,1.000000;;
         }
        }
       }
      }
     }
    }

    Frame Bip01_R_Thigh {
     

     FrameTransformMatrix {
      -0.994120,-0.085820,0.066030,0.000000,0.077980,-0.990493,-0.113329,0.000000,0.075128,-0.107514,0.991361,0.000000,-0.049928,-0.057247,0.017108,1.000000;;
     }

     Frame Bip01_R_Calf {
      

      FrameTransformMatrix {
       0.978715,0.000000,-0.205227,0.000000,-0.000000,1.000000,0.000000,0.000000,0.205227,-0.000000,0.978714,0.000000,0.237500,0.000000,-0.000000,1.000000;;
      }

      Frame Bip01_R_Foot {
       

       FrameTransformMatrix {
        0.989809,-0.043454,-0.135609,0.000000,0.040112,0.998823,-0.027282,0.000000,0.136635,0.021564,0.990387,0.000000,0.206841,0.000000,0.000000,1.000000;;
       }

       Frame Bip01_R_Toe0 {
        

        FrameTransformMatrix {
         -0.999536,0.010590,-0.028556,0.000000,0.009797,0.999566,0.027793,0.000000,0.028838,0.027500,-0.999206,0.000000,0.065373,0.000000,0.066450,1.000000;;
        }

        Frame Bip01_R_Toe0Nub {
         

         FrameTransformMatrix {
          1.000000,0.000000,0.000000,0.000000,-0.000000,1.000000,0.000000,0.000000,-0.000000,-0.000000,1.000000,0.000000,0.006735,0.000000,0.000000,1.000000;;
         }
        }
       }
      }
     }
    }
   }

   Frame Bip01_DressFront {
    

    FrameTransformMatrix {
     -0.946170,0.318792,-0.055982,0.000000,0.302011,0.931756,0.201546,0.000000,0.116413,0.173789,-0.977878,0.000000,-0.040654,0.023972,0.064897,1.000000;;
    }

    Frame Bip01_DressFront02 {
     

     FrameTransformMatrix {
      0.825489,-0.554564,0.105011,0.000000,0.541023,0.830467,0.132731,0.000000,-0.160816,-0.052755,0.985574,0.000000,0.183346,0.000007,-0.000130,1.000000;;
     }

     Frame Bip01_DressFrontNub {
      

      FrameTransformMatrix {
       0.000796,0.000003,1.000000,0.000000,0.000000,-1.000000,0.000003,0.000000,1.000000,-0.000000,-0.000796,0.000000,0.165302,0.000000,-0.000000,1.000000;;
      }
     }
    }
   }

   Frame Bip01_DressBack {
    

    FrameTransformMatrix {
     -0.954551,0.070446,0.289602,0.000000,0.197555,0.877100,0.437799,0.000000,-0.223169,0.475114,-0.851154,0.000000,-0.047701,-0.000067,-0.078300,1.000000;;
    }

    Frame Bip01_DressBack02 {
     

     FrameTransformMatrix {
      0.765153,-0.552327,0.330871,0.000000,0.622749,0.765359,-0.162510,0.000000,-0.163477,0.330395,0.929578,0.000000,0.176176,-0.000036,-0.000101,1.000000;;
     }

     Frame Bip01_DressBackNub {
      

      FrameTransformMatrix {
       0.000796,0.000003,1.000000,0.000000,-0.000000,-1.000000,0.000003,0.000000,1.000000,0.000000,-0.000796,0.000000,0.136508,0.000000,0.000000,1.000000;;
      }
     }
    }
   }
  }

  Frame Bip01_Prop1 {
   

   FrameTransformMatrix {
    -0.453973,-0.890775,-0.020686,0.000000,-0.047961,0.001247,0.998849,0.000000,-0.889724,0.454443,-0.043288,0.000000,0.020858,0.059270,-0.232619,1.000000;;
   }
  }

  Frame Bip01_Prop2 {
   

   FrameTransformMatrix {
    0.151780,0.986230,-0.065671,0.000000,-0.259133,-0.024412,-0.965533,0.000000,-0.953841,0.163566,0.251860,0.000000,0.222553,0.487031,0.215305,1.000000;;
   }
  }
 }
}

Frame Translation_Data {
 

 FrameTransformMatrix {
  1.000000,0.000000,0.000000,0.000000,0.000000,-0.000000,-1.000000,0.000000,0.000000,1.000000,-0.000000,0.000000,0.000000,-0.000000,0.000000,1.000000;;
 }
}

Frame Body {
 

 FrameTransformMatrix {
  1.000000,0.000000,0.000000,0.000000,0.000000,1.000000,0.000000,0.000000,0.000000,0.000000,1.000000,0.000000,0.000000,0.000000,0.000000,1.000000;;
 }

 Mesh Body {
  617;
  0.071814;0.015773;-0.259987;,
  0.038934;0.014866;-0.242832;,
  0.034180;0.031600;-0.272151;,
  0.084517;0.012158;-0.239160;,
  0.089580;0.014279;-0.216507;,
  0.059592;-0.006645;-0.178520;,
  0.046096;-0.002727;-0.211883;,
  0.093806;0.027052;-0.179533;,
  0.034470;0.069583;-0.290557;,
  0.081247;0.092527;-0.265165;,
  0.068805;0.062491;-0.275886;,
  0.050523;0.100003;-0.270405;,
  0.073904;0.096312;-0.033691;,
  0.030473;0.108657;-0.038716;,
  0.029023;0.110899;-0.023922;,
  0.067618;0.094374;-0.044862;,
  0.073381;0.039229;-0.052253;,
  0.083601;0.055142;-0.024715;,
  0.052413;0.003335;-0.050655;,
  0.076788;0.024175;-0.006323;,
  0.051010;0.003947;0.003221;,
  0.006428;-0.018144;-0.178924;,
  0.005389;-0.006874;-0.215234;,
  -0.011393;0.099608;-0.035353;,
  -0.011794;0.101588;-0.018286;,
  0.044395;0.118225;-0.138722;,
  -0.003832;0.122642;-0.178007;,
  -0.007536;0.115872;-0.140362;,
  0.053185;0.122472;-0.178542;,
  0.106157;0.032329;0.025476;,
  0.149799;0.072578;0.124326;,
  0.168647;0.033966;0.104095;,
  0.090492;0.069548;0.045648;,
  0.222628;0.020904;0.199439;,
  0.187649;0.052627;0.207754;,
  0.090862;-0.006663;0.028914;,
  0.079926;-0.002482;0.156209;,
  0.005870;0.093234;0.082938;,
  0.142612;-0.012220;0.114412;,
  0.149407;0.002334;0.205884;,
  0.185320;-0.003937;0.203611;,
  0.095003;0.075992;0.158692;,
  0.059687;0.078812;0.086422;,
  0.153230;0.042931;0.207006;,
  0.061727;0.046757;0.445479;,
  0.014474;0.009383;0.447030;,
  0.062688;0.001873;0.448553;,
  0.016373;0.044112;0.444717;,
  0.177552;0.021310;0.259884;,
  0.114507;0.050389;0.312060;,
  0.137729;0.018193;0.322297;,
  0.154736;0.055706;0.249327;,
  0.069304;0.039899;0.377206;,
  0.094561;0.017655;0.385615;,
  0.144628;-0.017682;0.260171;,
  0.080656;-0.006087;0.280895;,
  0.106411;-0.009748;0.220381;,
  0.112558;-0.008415;0.309373;,
  0.049536;0.009428;0.358725;,
  0.069449;0.003526;0.387089;,
  0.085139;0.055481;0.287620;,
  0.115534;0.061986;0.219863;,
  0.052870;0.033349;0.355025;,
  0.090418;0.057294;0.004366;,
  0.013661;-0.016941;0.010429;,
  0.090862;-0.006663;0.028914;,
  0.013149;-0.008258;0.046631;,
  0.081884;0.109561;0.017741;,
  0.028326;0.122559;0.024412;,
  0.064412;0.088948;0.072023;,
  0.026863;0.085877;0.073244;,
  0.038014;0.111534;-0.091397;,
  0.077843;0.104426;-0.137031;,
  0.091288;0.089003;-0.142230;,
  0.074057;0.040738;-0.097067;,
  0.091404;0.035097;-0.146910;,
  0.073537;0.091612;-0.092790;,
  0.061786;-0.004606;-0.146070;,
  0.056197;0.008079;-0.094177;,
  0.011055;-0.017368;-0.147638;,
  0.008884;-0.004630;-0.089633;,
  0.125844;0.057441;-0.299818;,
  0.174775;0.055110;-0.312674;,
  0.106167;0.007655;-0.294351;,
  0.209615;-0.005805;-0.317093;,
  0.162682;-0.003491;-0.315775;,
  0.220717;0.041425;-0.316069;,
  0.134643;-0.002192;-0.241398;,
  0.162682;-0.003491;-0.315775;,
  0.183450;-0.011193;-0.253527;,
  0.240739;-0.015966;-0.284109;,
  0.209615;-0.005805;-0.317093;,
  0.137989;0.005262;-0.233545;,
  0.195317;0.047562;-0.250243;,
  0.147143;0.048976;-0.237985;,
  0.251993;0.031072;-0.283217;,
  0.135801;0.061516;-0.271882;,
  0.209271;0.048105;-0.328359;,
  0.199170;0.000328;-0.391041;,
  0.194944;-0.007466;-0.331013;,
  0.207978;0.035708;-0.386788;,
  0.204637;0.000941;-0.431461;,
  0.210967;0.025988;-0.435756;,
  0.194944;-0.007466;-0.331013;,
  0.255718;-0.006374;-0.385443;,
  0.255407;-0.023993;-0.323266;,
  0.199170;0.000328;-0.391041;,
  0.243986;-0.002268;-0.431924;,
  0.204637;0.000941;-0.431461;,
  0.262119;0.020839;-0.381906;,
  0.269556;0.031294;-0.320552;,
  0.247392;0.016202;-0.434553;,
  0.180709;0.023729;-0.560727;,
  0.221767;-0.011328;-0.542236;,
  0.177237;0.006012;-0.548159;,
  0.224678;0.006300;-0.554561;,
  0.158290;0.012070;-0.494889;,
  0.163174;0.023966;-0.505617;,
  0.160255;0.013360;-0.505856;,
  0.156620;0.023318;-0.492280;,
  0.235447;-0.015273;-0.468667;,
  0.188585;0.016667;-0.489378;,
  0.235056;-0.003532;-0.504133;,
  0.187782;-0.003388;-0.460987;,
  0.238776;0.014511;-0.511795;,
  0.246456;0.020902;-0.467403;,
  0.197018;0.034242;-0.458461;,
  0.194332;0.034193;-0.496880;,
  0.097636;0.060651;-0.291159;,
  0.100033;0.031244;-0.294337;,
  0.068805;0.062491;-0.275886;,
  0.067535;0.037222;-0.280422;,
  0.091116;0.107977;-0.181513;,
  0.044853;0.043945;-0.284471;,
  0.096860;0.013505;-0.276711;,
  0.084517;0.012158;-0.239160;,
  0.071814;0.015773;-0.259987;,
  0.102989;0.020818;-0.264979;,
  0.102063;0.090888;-0.223998;,
  0.058934;0.116789;-0.216701;,
  0.105018;0.086698;-0.228353;,
  0.000918;0.118188;-0.213469;,
  0.003765;0.092744;-0.267795;,
  0.081247;0.092527;-0.265165;,
  0.105018;0.086698;-0.228353;,
  0.091582;0.040222;-0.211994;,
  0.106647;0.077433;-0.223964;,
  0.106167;0.007655;-0.294351;,
  0.095509;0.076144;-0.178716;,
  0.091064;0.041237;-0.176094;,
  0.089580;0.014279;-0.216507;,
  0.099733;0.092390;-0.181204;,
  0.187782;-0.003388;-0.460987;,
  0.035775;0.066314;-0.310952;,
  0.021416;0.082978;-0.309108;,
  0.005345;0.073058;-0.293498;,
  -0.004898;0.083684;-0.309697;,
  0.194332;0.034193;-0.496880;,
  0.180709;0.023729;-0.560727;,
  0.224678;0.006300;-0.554561;,
  0.169579;0.003643;-0.480755;,
  0.171357;0.029482;-0.480388;,
  0.169579;0.003643;-0.480755;,
  0.175875;0.008431;-0.496699;,
  0.187447;0.030134;-0.495772;,
  0.187447;0.030134;-0.495772;,
  0.158290;0.012070;-0.494889;,
  0.156620;0.023318;-0.492280;,
  0.163174;0.023966;-0.505617;,
  0.139249;0.048028;0.425464;,
  0.182019;0.017332;0.450227;,
  0.175159;0.015072;0.431595;,
  0.146237;0.054720;0.446848;,
  0.025687;0.002886;0.414237;,
  0.062688;0.001873;0.448553;,
  0.014474;0.009383;0.447030;,
  0.065730;-0.001314;0.423820;,
  0.049536;0.009428;0.358725;,
  0.028231;0.044056;0.408445;,
  0.052870;0.033349;0.355025;,
  0.061727;0.046757;0.445479;,
  0.016373;0.044112;0.444717;,
  0.065056;0.045404;0.410611;,
  0.094561;0.017655;0.385615;,
  0.069304;0.039899;0.377206;,
  0.163362;-0.011648;0.436195;,
  0.169943;-0.017019;0.452290;,
  0.146237;0.054720;0.446848;,
  0.169943;-0.017019;0.452290;,
  0.142612;-0.012220;0.114412;,
  0.185320;-0.003937;0.203611;,
  0.144628;-0.017682;0.260171;,
  0.112558;-0.008415;0.309373;,
  0.069449;0.003526;0.387089;,
  0.069449;0.003526;0.387089;,
  0.004135;0.038882;0.066641;,
  0.048058;0.064743;-0.320983;,
  0.044288;0.039853;-0.311473;,
  0.052038;0.043792;-0.318576;,
  0.033315;0.048127;-0.310718;,
  0.026993;0.080688;-0.337718;,
  0.008177;0.093646;-0.345501;,
  0.021293;0.046211;-0.458337;,
  0.020790;0.012433;-0.451899;,
  0.004626;0.035395;-0.462030;,
  0.064694;0.012634;-0.396390;,
  0.054473;-0.002419;-0.395093;,
  0.054802;0.018486;-0.423788;,
  0.057131;0.045134;-0.339282;,
  0.048121;0.071961;-0.348458;,
  0.040899;0.071649;-0.331467;,
  0.036579;0.088282;-0.381987;,
  0.048665;0.070437;-0.393714;,
  0.056197;0.039802;-0.429998;,
  0.048409;0.066615;-0.430728;,
  0.060336;0.045944;-0.391187;,
  0.025106;0.100316;-0.384422;,
  0.004155;0.111347;-0.390547;,
  -0.034464;0.098635;-0.388905;,
  0.002041;0.099602;-0.437557;,
  -0.030962;0.089670;-0.437248;,
  0.061950;0.046204;-0.368541;,
  0.057884;0.028082;-0.330334;,
  0.063433;0.018646;-0.364582;,
  0.054365;0.009292;-0.306095;,
  0.032187;0.007759;-0.298857;,
  0.043769;-0.009553;-0.302479;,
  0.044647;0.023968;-0.442204;,
  0.038144;0.057208;-0.448929;,
  0.025299;0.092409;-0.437002;,
  0.017645;0.078203;-0.454365;,
  -0.000585;0.073998;-0.458604;,
  -0.016297;0.066323;-0.459895;,
  -0.024890;0.087512;-0.351504;,
  0.025299;0.092409;-0.437002;,
  0.017645;0.078203;-0.454365;,
  0.053428;0.075057;-0.351473;,
  0.048825;0.088061;-0.397025;,
  0.049948;0.096940;-0.377701;,
  0.047264;0.079153;-0.378555;,
  0.049948;0.096940;-0.377701;,
  0.053428;0.075057;-0.351473;,
  0.048825;0.088061;-0.397025;,
  0.048665;0.070437;-0.393714;,
  0.054765;0.064234;-0.370098;,
  0.048121;0.071961;-0.348458;,
  0.061424;0.019336;-0.386737;,
  0.054765;0.064234;-0.370098;,
  0.044853;0.043945;-0.284471;,
  0.035775;0.066314;-0.310952;,
  0.067535;0.037222;-0.280422;,
  0.026993;0.080688;-0.337718;,
  0.006470;0.011404;-0.263265;,
  0.005858;0.004767;-0.239714;,
  0.010738;-0.009281;-0.047609;,
  -0.012596;0.113480;0.028432;,
  -0.009815;0.105693;0.061723;,
  0.009764;0.031142;0.085525;,
  0.014514;0.018176;-0.302143;,
  0.004135;0.038882;0.066641;,
  -0.000585;0.073998;-0.458604;,
  -0.016297;0.066323;-0.459895;,
  0.055219;0.006618;-0.337967;,
  0.050977;-0.002363;-0.360839;,
  0.052076;-0.002883;-0.351262;,
  0.028412;0.001892;-0.443488;,
  0.037522;-0.009871;-0.422847;,
  0.048343;0.003653;-0.385344;,
  -0.009023;0.105929;-0.090705;,
  0.067535;0.037222;-0.280422;,
  0.182019;0.017332;0.450227;,
  0.052863;-0.003960;-0.329590;,
  0.055148;0.006185;-0.331370;,
  0.050296;-0.000868;-0.334058;,
  0.044395;-0.014237;-0.350147;,
  0.048895;-0.021586;-0.359445;,
  0.052436;-0.004803;-0.338372;,
  0.040917;-0.007839;-0.333884;,
  0.044735;-0.012962;-0.327658;,
  0.044251;-0.017471;-0.393797;,
  0.042880;-0.014691;-0.384110;,
  0.106647;0.077433;-0.223964;,
  0.045076;-0.014301;-0.338269;,
  0.087001;0.054309;-0.213320;,
  0.091582;0.040222;-0.211994;,
  0.089580;0.014279;-0.216507;,
  0.025106;0.100316;-0.384422;,
  0.177552;0.021310;0.259884;,
  0.139957;-0.008917;0.337519;,
  0.162646;-0.017840;0.266115;,
  0.137729;0.018193;0.322297;,
  0.222628;0.020904;0.199439;,
  0.188008;-0.021143;0.187361;,
  0.168647;0.033966;0.104095;,
  0.134685;-0.018355;0.104426;,
  0.106156;0.032329;0.025476;,
  0.092200;-0.013726;0.026719;,
  0.051010;0.003947;0.003221;,
  0.116544;-0.008504;0.405167;,
  0.094561;0.017655;0.385615;,
  0.053970;0.000380;0.285936;,
  -0.009542;0.068802;0.419678;,
  0.021332;0.001346;0.347607;,
  0.006162;0.060544;0.349443;,
  0.017798;0.048005;0.285872;,
  0.093951;-0.003957;0.215339;,
  0.021765;0.049878;0.234542;,
  0.122985;-0.002702;0.207544;,
  0.066986;-0.002937;0.163711;,
  0.017467;0.056032;0.153720;,
  -0.005170;0.098790;0.088090;,
  0.087001;0.054309;-0.213320;,
  -0.057308;0.006517;-0.255724;,
  -0.027537;0.012523;-0.245219;,
  -0.068526;0.002609;-0.235975;,
  -0.021885;0.029623;-0.274164;,
  -0.080994;0.009503;-0.218087;,
  -0.047789;-0.014573;-0.181292;,
  -0.086426;0.013746;-0.184185;,
  -0.035643;-0.005609;-0.214817;,
  -0.023526;0.067539;-0.292639;,
  -0.073463;0.085643;-0.272500;,
  -0.043081;0.096704;-0.273766;,
  -0.061585;0.049356;-0.277089;,
  -0.089263;0.062667;-0.027929;,
  -0.053521;0.091215;-0.036162;,
  -0.082247;0.063252;-0.040306;,
  -0.053249;0.093934;-0.021017;,
  -0.066119;0.010260;-0.048013;,
  -0.081273;0.021145;-0.018892;,
  -0.032609;-0.014321;-0.048070;,
  -0.059964;-0.008043;-0.000387;,
  -0.029297;-0.012612;0.006057;,
  -0.011393;0.099608;-0.035353;,
  -0.011794;0.101588;-0.018286;,
  -0.058505;0.105522;-0.140043;,
  -0.003832;0.122642;-0.178007;,
  -0.060127;0.114106;-0.181467;,
  -0.007536;0.115872;-0.140362;,
  -0.048053;-0.020679;0.052288;,
  -0.099952;0.000286;0.153206;,
  -0.086965;0.011765;0.054550;,
  -0.059230;-0.024123;0.152020;,
  -0.062728;-0.029188;0.246579;,
  -0.096016;0.012036;0.246412;,
  -0.003482;0.007044;0.055718;,
  -0.028726;0.080560;0.157202;,
  -0.014486;0.005964;0.155200;,
  -0.017827;0.088348;0.083775;,
  -0.046549;0.056130;0.246479;,
  -0.039387;0.014504;0.249854;,
  -0.107013;0.064667;0.153965;,
  -0.089328;0.068430;0.076656;,
  -0.086871;0.051625;0.242197;,
  -0.107532;0.074770;0.513935;,
  -0.070438;0.120719;0.501903;,
  -0.105183;0.118182;0.500726;,
  -0.062604;0.074788;0.516474;,
  -0.069599;0.000243;0.302027;,
  -0.104912;0.036458;0.372625;,
  -0.103729;0.025528;0.298725;,
  -0.072933;0.010943;0.375275;,
  -0.101423;0.049938;0.450584;,
  -0.079229;0.023861;0.455590;,
  -0.031853;0.029984;0.319204;,
  -0.047186;0.079873;0.363164;,
  -0.046181;0.039086;0.376188;,
  -0.037714;0.081194;0.297993;,
  -0.070196;0.074024;0.437654;,
  -0.065074;0.051425;0.459252;,
  -0.108921;0.073288;0.361988;,
  -0.108826;0.073393;0.287442;,
  -0.093915;0.070685;0.431906;,
  -0.086401;0.020834;0.010611;,
  -0.003482;0.007044;0.055718;,
  -0.098329;0.072401;0.024105;,
  -0.053946;0.105594;0.027317;,
  -0.089632;0.069612;0.067371;,
  -0.048491;0.097625;0.067031;,
  -0.055403;0.096221;-0.091362;,
  -0.087663;0.083995;-0.139156;,
  -0.096922;0.065769;-0.144646;,
  -0.067311;0.017565;-0.097013;,
  -0.082819;0.065982;-0.092730;,
  -0.084009;0.013443;-0.149162;,
  -0.045744;-0.017881;-0.147450;,
  -0.040040;-0.007696;-0.094140;,
  -0.123147;-0.006374;-0.221184;,
  -0.117126;0.046667;-0.214404;,
  -0.171564;-0.016816;-0.231755;,
  -0.218457;0.034277;-0.246221;,
  -0.215405;-0.013491;-0.253924;,
  -0.178093;0.041630;-0.220294;,
  -0.121983;0.058959;-0.273878;,
  -0.171770;0.055083;-0.284672;,
  -0.178093;0.041630;-0.220294;,
  -0.238802;0.041484;-0.278912;,
  -0.218457;0.034277;-0.246221;,
  -0.119558;0.052395;-0.282792;,
  -0.164926;-0.003432;-0.296202;,
  -0.117663;0.007628;-0.285391;,
  -0.236023;-0.006165;-0.286474;,
  -0.118844;-0.007719;-0.250779;,
  -0.196602;-0.017831;-0.243597;,
  -0.199786;0.021732;-0.174761;,
  -0.198789;-0.013771;-0.184031;,
  -0.197688;0.038622;-0.233005;,
  -0.204392;0.013576;-0.135035;,
  -0.204340;-0.012205;-0.134207;,
  -0.197688;0.038622;-0.233005;,
  -0.256053;0.013920;-0.181617;,
  -0.199786;0.021732;-0.174761;,
  -0.259981;0.039530;-0.241323;,
  -0.243399;0.007148;-0.136937;,
  -0.204392;0.013576;-0.135035;,
  -0.254925;-0.013252;-0.188997;,
  -0.258707;-0.016595;-0.251860;,
  -0.242084;-0.012156;-0.135781;,
  -0.191308;-0.007330;-0.003622;,
  -0.236104;0.018164;-0.028121;,
  -0.236812;0.000418;-0.015642;,
  -0.190044;0.010618;-0.016277;,
  -0.166294;0.009525;-0.060248;,
  -0.170868;-0.004295;-0.051970;,
  -0.161108;-0.000660;-0.062590;,
  -0.170969;0.006606;-0.050480;,
  -0.241016;0.020852;-0.101777;,
  -0.191524;-0.001545;-0.075431;,
  -0.191352;0.019118;-0.103393;,
  -0.242607;0.008349;-0.066606;,
  -0.243466;-0.010300;-0.059565;,
  -0.244134;-0.016748;-0.104604;,
  -0.192293;-0.019507;-0.107253;,
  -0.194438;-0.020095;-0.068805;,
  -0.095621;0.040670;-0.277912;,
  -0.092177;0.011047;-0.279820;,
  -0.061585;0.049356;-0.277089;,
  -0.058986;0.026703;-0.275398;,
  -0.095383;0.094208;-0.186327;,
  -0.032490;0.041218;-0.287248;,
  -0.081943;-0.007585;-0.259793;,
  -0.068526;0.002609;-0.235975;,
  -0.091196;0.002114;-0.226242;,
  -0.057308;0.006517;-0.255724;,
  -0.096056;0.090670;-0.237017;,
  -0.098140;0.086071;-0.242036;,
  -0.056476;0.112721;-0.220845;,
  0.000918;0.118188;-0.213469;,
  0.003765;0.092744;-0.267795;,
  -0.073463;0.085643;-0.272500;,
  -0.098140;0.086071;-0.242036;,
  -0.082666;0.034898;-0.212761;,
  -0.117126;0.046667;-0.214404;,
  -0.100184;0.075316;-0.231865;,
  -0.095244;0.062061;-0.183640;,
  -0.085920;0.028170;-0.180663;,
  -0.080994;0.009503;-0.218087;,
  -0.101658;0.077522;-0.186402;,
  -0.191352;0.019118;-0.103393;,
  -0.029070;0.047149;-0.310935;,
  -0.026556;0.068800;-0.309096;,
  0.005345;0.073058;-0.293498;,
  -0.004898;0.083684;-0.309697;,
  -0.194438;-0.020095;-0.068805;,
  -0.191308;-0.007330;-0.003622;,
  -0.236812;0.000418;-0.015642;,
  -0.174741;0.016589;-0.076891;,
  -0.169643;-0.008746;-0.078664;,
  -0.174741;0.016589;-0.076891;,
  -0.183961;0.008726;-0.063854;,
  -0.188786;-0.014842;-0.069054;,
  -0.188786;-0.014842;-0.069054;,
  -0.166294;0.009525;-0.060248;,
  -0.161108;-0.000660;-0.062590;,
  -0.170868;-0.004295;-0.051970;,
  -0.108595;-0.005271;0.515966;,
  -0.077287;-0.039541;0.551039;,
  -0.114943;-0.006141;0.538546;,
  -0.075332;-0.038049;0.531208;,
  -0.064329;0.100957;0.473347;,
  -0.062604;0.074788;0.516474;,
  -0.059745;0.065087;0.493477;,
  -0.070438;0.120719;0.501903;,
  -0.070196;0.074024;0.437654;,
  -0.105559;0.096830;0.469100;,
  -0.093915;0.070685;0.431906;,
  -0.107532;0.074770;0.513935;,
  -0.106645;0.062009;0.481301;,
  -0.105183;0.118182;0.500726;,
  -0.079229;0.023861;0.455590;,
  -0.101423;0.049938;0.450584;,
  -0.048624;-0.025385;0.531991;,
  -0.042987;-0.027287;0.549190;,
  -0.114943;-0.006141;0.538546;,
  -0.042987;-0.027287;0.549190;,
  -0.014486;0.005964;0.155200;,
  -0.039387;0.014504;0.249854;,
  -0.031853;0.029984;0.319204;,
  -0.046181;0.039086;0.376188;,
  -0.065074;0.051425;0.459252;,
  -0.065074;0.051425;0.459252;,
  -0.028117;0.012926;-0.316893;,
  -0.002942;0.007726;-0.308937;,
  -0.016916;0.033281;-0.310705;,
  -0.009945;0.001630;-0.315248;,
  -0.036464;0.037523;-0.334311;,
  -0.042201;0.059377;-0.342796;,
  -0.011220;0.024094;-0.456591;,
  0.004626;0.035395;-0.462030;,
  0.008662;-0.025481;-0.393381;,
  0.004829;-0.015507;-0.421105;,
  0.026457;-0.021476;-0.393589;,
  -0.014565;-0.003635;-0.335433;,
  -0.036854;0.014159;-0.343895;,
  -0.032686;0.021594;-0.327516;,
  -0.050253;0.029217;-0.377325;,
  -0.038953;0.010836;-0.389009;,
  -0.015922;-0.009255;-0.426126;,
  -0.020289;-0.008899;-0.386858;,
  -0.038025;0.007820;-0.426087;,
  -0.057418;0.044181;-0.379991;,
  -0.060467;0.067390;-0.387078;,
  -0.034464;0.098635;-0.388905;,
  -0.052239;0.062680;-0.434642;,
  -0.030962;0.089670;-0.437248;,
  -0.019459;-0.009172;-0.364170;,
  0.005872;-0.020508;-0.361491;,
  0.001646;-0.010173;-0.327314;,
  0.022147;-0.012624;-0.304365;,
  0.002094;-0.004978;-0.439919;,
  -0.026883;0.012975;-0.445438;,
  -0.054001;0.038466;-0.432744;,
  -0.039296;0.039470;-0.451308;,
  -0.016297;0.066323;-0.459895;,
  -0.029056;0.054632;-0.457075;,
  -0.024890;0.087512;-0.351504;,
  -0.054001;0.038466;-0.432744;,
  -0.039296;0.039470;-0.451308;,
  -0.041884;0.010224;-0.346355;,
  -0.055614;0.017018;-0.391417;,
  -0.045423;0.016105;-0.373578;,
  -0.062850;0.020211;-0.371644;,
  -0.062850;0.020211;-0.371644;,
  -0.041884;0.010224;-0.346355;,
  -0.055614;0.017018;-0.391417;,
  -0.038953;0.010836;-0.389009;,
  -0.033689;0.004065;-0.365349;,
  -0.036854;0.014159;-0.343895;,
  0.004340;-0.019494;-0.383672;,
  -0.033689;0.004065;-0.365349;,
  -0.032490;0.041218;-0.287248;,
  -0.029070;0.047149;-0.310935;,
  -0.058986;0.026703;-0.275398;,
  -0.036464;0.037523;-0.334311;,
  -0.012596;0.113480;0.028432;,
  -0.009815;0.105693;0.061723;,
  0.009764;0.031142;0.085525;,
  0.004135;0.038882;0.066641;,
  -0.029056;0.054632;-0.457075;,
  -0.016297;0.066323;-0.459895;,
  0.021982;-0.015991;-0.336183;,
  0.030190;-0.016503;-0.359723;,
  0.030973;-0.017238;-0.350128;,
  0.023770;-0.013062;-0.384025;,
  -0.009023;0.105929;-0.090705;,
  -0.058986;0.026703;-0.275398;,
  -0.077287;-0.039541;0.551039;,
  0.022894;-0.015756;-0.329638;,
  0.033275;-0.017285;-0.328538;,
  0.031012;-0.013985;-0.333023;,
  0.033569;-0.017637;-0.337359;,
  -0.100184;0.075316;-0.231865;,
  -0.080184;0.053022;-0.215723;,
  -0.082666;0.034898;-0.212761;,
  -0.080994;0.009503;-0.218087;,
  -0.057418;0.044181;-0.379991;,
  0.022161;-0.016572;0.277746;,
  0.084360;-0.019632;0.340553;,
  0.003287;-0.007385;0.351664;,
  0.102498;-0.022408;0.266170;,
  0.019821;-0.027270;0.236659;,
  0.105537;-0.028401;0.209451;,
  0.019937;-0.021961;0.143980;,
  0.077161;-0.023287;0.126726;,
  0.013446;-0.023507;0.056035;,
  0.049447;-0.022908;0.046522;,
  0.013661;-0.016941;0.010429;,
  -0.029297;-0.012612;0.006057;,
  0.069982;-0.020431;0.404621;,
  -0.008187;-0.002453;0.422557;,
  -0.050199;0.112827;0.439365;,
  -0.108921;0.073288;0.361988;,
  -0.093901;0.070687;0.431906;,
  -0.047048;0.102646;0.364985;,
  -0.108826;0.073393;0.287442;,
  -0.047375;0.095423;0.300206;,
  -0.042809;0.090836;0.245604;,
  -0.086871;0.051625;0.242197;,
  -0.107013;0.064667;0.153965;,
  -0.029179;0.098043;0.157960;,
  -0.009815;0.105693;0.061723;,
  -0.048491;0.097625;0.067031;,
  -0.080184;0.053022;-0.215723;,
  -0.048053;-0.020679;0.052287;,
  -0.059230;-0.024123;0.152020;,
  -0.062728;-0.029188;0.246579;,
  -0.069599;0.000243;0.302027;,
  -0.072933;0.010943;0.375275;,
  -0.079229;0.023861;0.455590;,
  0.095003;0.075992;0.158692;,
  0.026863;0.085877;0.073244;,
  0.059687;0.078812;0.086422;,
  0.153230;0.042931;0.207006;,
  0.115534;0.061986;0.219863;,
  0.085139;0.055481;0.287620;,
  0.052870;0.033349;0.355025;,
  -0.089328;0.068430;0.076656;;
  916;
  3;0,1,2;,
  3;1,0,3;,
  3;4,5,6;,
  3;5,4,7;,
  3;8,9,10;,
  3;9,8,11;,
  3;12,13,14;,
  3;13,12,15;,
  3;16,12,17;,
  3;12,16,15;,
  3;18,19,20;,
  3;19,18,16;,
  3;6,21,22;,
  3;21,6,5;,
  3;14,23,24;,
  3;23,14,13;,
  3;25,26,27;,
  3;26,25,28;,
  3;29,30,31;,
  3;30,29,32;,
  3;30,33,31;,
  3;33,30,34;,
  3;35,36,37;,
  3;36,35,38;,
  3;38,39,36;,
  3;39,38,40;,
  3;37,41,42;,
  3;41,37,36;,
  3;36,43,41;,
  3;43,36,39;,
  3;42,30,32;,
  3;30,42,41;,
  3;41,34,30;,
  3;34,41,43;,
  3;44,45,46;,
  3;45,44,47;,
  3;48,49,50;,
  3;49,48,51;,
  3;50,52,53;,
  3;52,50,49;,
  3;54,55,56;,
  3;55,54,57;,
  3;57,58,55;,
  3;58,57,59;,
  3;56,60,61;,
  3;60,56,55;,
  3;55,62,60;,
  3;62,55,58;,
  3;61,49,51;,
  3;49,61,60;,
  3;60,52,49;,
  3;52,60,62;,
  3;32,19,63;,
  3;19,32,29;,
  3;64,65,66;,
  3;65,64,20;,
  3;14,67,12;,
  3;67,14,68;,
  3;68,69,67;,
  3;69,68,70;,
  3;70,42,69;,
  3;42,70,37;,
  3;48,34,51;,
  3;34,48,33;,
  3;51,43,61;,
  3;43,51,34;,
  3;43,56,61;,
  3;56,43,39;,
  3;39,54,56;,
  3;54,39,40;,
  3;12,63,17;,
  3;63,12,67;,
  3;67,32,63;,
  3;32,67,69;,
  3;69,42,32;,
  3;71,72,25;,
  3;73,74,75;,
  3;74,73,76;,
  3;74,77,75;,
  3;77,74,78;,
  3;79,78,80;,
  3;78,79,77;,
  3;81,82,83;,
  3;82,84,85;,
  3;84,82,86;,
  3;87,88,89;,
  3;88,90,89;,
  3;90,88,91;,
  3;92,93,94;,
  3;92,89,93;,
  3;92,87,89;,
  3;89,95,93;,
  3;95,89,90;,
  3;96,93,82;,
  3;93,86,82;,
  3;86,93,95;,
  3;97,98,99;,
  3;98,97,100;,
  3;100,101,98;,
  3;101,100,102;,
  3;103,104,105;,
  3;104,103,106;,
  3;106,107,104;,
  3;107,106,108;,
  3;105,109,110;,
  3;109,105,104;,
  3;104,111,109;,
  3;111,104,107;,
  3;110,100,97;,
  3;100,110,109;,
  3;109,102,100;,
  3;102,109,111;,
  3;112,113,114;,
  3;113,112,115;,
  3;116,117,118;,
  3;117,116,119;,
  3;120,121,122;,
  3;121,120,123;,
  3;120,124,125;,
  3;124,120,122;,
  3;126,124,127;,
  3;124,126,125;,
  3;95,97,86;,
  3;97,95,110;,
  3;86,99,84;,
  3;99,86,97;,
  3;90,103,105;,
  3;103,90,91;,
  3;105,95,90;,
  3;95,105,110;,
  3;128,96,129;,
  3;96,128,94;,
  3;129,130,128;,
  3;130,129,131;,
  3;72,28,25;,
  3;28,72,132;,
  3;10,133,8;,
  3;134,135,136;,
  3;135,134,137;,
  3;81,137,134;,
  3;138,11,139;,
  3;138,9,11;,
  3;138,140,9;,
  3;141,11,142;,
  3;11,141,139;,
  3;128,130,143;,
  3;94,144,92;,
  3;94,143,144;,
  3;94,128,143;,
  3;145,87,146;,
  3;87,145,147;,
  3;75,148,73;,
  3;148,75,149;,
  3;150,147,145;,
  3;7,149,75;,
  3;148,151,73;,
  3;102,152,101;,
  3;152,102,126;,
  3;102,125,126;,
  3;125,102,111;,
  3;111,120,125;,
  3;120,111,107;,
  3;120,108,123;,
  3;108,120,107;,
  3;8,153,154;,
  3;153,8,133;,
  3;154,155,8;,
  3;155,154,156;,
  3;122,114,113;,
  3;114,122,121;,
  3;121,112,114;,
  3;112,121,157;,
  3;158,124,159;,
  3;124,158,127;,
  3;159,122,113;,
  3;122,159,124;,
  3;126,160,152;,
  3;160,126,161;,
  3;162,121,123;,
  3;121,162,163;,
  3;121,164,157;,
  3;164,121,163;,
  3;165,126,127;,
  3;126,165,161;,
  3;161,166,160;,
  3;166,161,167;,
  3;162,118,163;,
  3;118,162,116;,
  3;163,117,164;,
  3;117,163,118;,
  3;165,167,161;,
  3;167,165,168;,
  3;169,170,171;,
  3;170,169,172;,
  3;173,174,175;,
  3;174,173,176;,
  3;177,178,179;,
  3;178,177,173;,
  3;180,178,181;,
  3;178,180,182;,
  3;183,169,171;,
  3;169,183,184;,
  3;174,185,186;,
  3;185,174,176;,
  3;46,187,44;,
  3;187,46,188;,
  3;180,169,182;,
  3;169,180,172;,
  3;20,29,65;,
  3;19,29,20;,
  3;29,31,189;,
  3;31,190,189;,
  3;190,31,33;,
  3;33,191,190;,
  3;191,33,48;,
  3;191,50,192;,
  3;50,191,48;,
  3;192,53,193;,
  3;53,192,50;,
  3;194,171,185;,
  3;171,194,183;,
  3;171,186,185;,
  3;186,171,170;,
  3;185,176,194;,
  3;194,173,177;,
  3;173,194,176;,
  3;178,175,181;,
  3;175,178,173;,
  3;179,182,184;,
  3;182,179,178;,
  3;182,169,184;,
  3;16,17,19;,
  3;17,63,19;,
  3;65,195,66;,
  3;196,197,198;,
  3;197,196,199;,
  3;200,154,153;,
  3;154,200,201;,
  3;202,203,204;,
  3;205,206,207;,
  3;196,208,209;,
  3;208,196,198;,
  3;210,209,211;,
  3;209,210,196;,
  3;212,213,214;,
  3;213,212,215;,
  3;212,214,211;,
  3;201,216,217;,
  3;216,201,200;,
  3;218,219,220;,
  3;219,218,217;,
  3;210,199,196;,
  3;213,205,207;,
  3;221,222,223;,
  3;198,197,224;,
  3;224,225,226;,
  3;225,224,197;,
  3;227,213,207;,
  3;228,229,214;,
  3;229,228,230;,
  3;220,231,232;,
  3;213,228,214;,
  3;156,201,233;,
  3;201,156,154;,
  3;233,217,218;,
  3;217,233,201;,
  3;219,217,234;,
  3;235,219,234;,
  3;236,237,238;,
  3;237,236,239;,
  3;209,240,211;,
  3;240,209,241;,
  3;211,242,212;,
  3;242,211,240;,
  3;243,239,244;,
  3;239,243,237;,
  3;244,236,245;,
  3;236,244,239;,
  3;246,221,223;,
  3;221,246,215;,
  3;221,212,247;,
  3;212,221,215;,
  3;199,248,2;,
  3;248,199,249;,
  3;133,10,250;,
  3;249,210,251;,
  3;210,249,199;,
  3;210,211,251;,
  3;252,1,253;,
  3;1,252,2;,
  3;20,254,18;,
  3;254,20,64;,
  3;24,68,14;,
  3;68,24,255;,
  3;68,256,70;,
  3;256,68,255;,
  3;256,37,70;,
  3;37,256,257;,
  3;258,2,252;,
  3;2,258,199;,
  3;257,259,37;,
  3;37,259,35;,
  3;260,204,261;,
  3;204,260,202;,
  3;262,263,223;,
  3;263,262,264;,
  3;197,258,225;,
  3;258,197,199;,
  3;265,203,227;,
  3;265,207,266;,
  3;207,265,227;,
  3;223,267,246;,
  3;267,223,263;,
  3;88,87,147;,
  3;83,82,85;,
  3;78,16,18;,
  3;16,78,74;,
  3;74,15,16;,
  3;15,74,76;,
  3;15,71,13;,
  3;71,15,76;,
  3;13,268,23;,
  3;268,13,71;,
  3;248,269,2;,
  3;2,269,0;,
  3;136,129,134;,
  3;129,136,131;,
  3;134,96,81;,
  3;96,134,129;,
  3;96,82,81;,
  3;93,96,94;,
  3;29,189,65;,
  3;205,215,246;,
  3;267,205,246;,
  3;205,267,206;,
  3;205,213,215;,
  3;187,188,270;,
  3;224,271,272;,
  3;222,221,208;,
  3;224,222,198;,
  3;272,273,262;,
  3;273,272,271;,
  3;263,274,275;,
  3;273,276,262;,
  3;277,271,278;,
  3;271,277,273;,
  3;222,272,262;,
  3;272,222,224;,
  3;222,208,198;,
  3;209,221,247;,
  3;221,209,208;,
  3;223,222,262;,
  3;266,206,279;,
  3;206,266,207;,
  3;206,280,279;,
  3;280,206,267;,
  3;280,263,275;,
  3;263,280,267;,
  3;264,262,276;,
  3;76,73,72;,
  3;138,281,140;,
