xof 0303txt 0032
template ColorRGBA {
 <35ff44e0-6c7c-11cf-8f52-0040333594a3>
 FLOAT red;
 FLOAT green;
 FLOAT blue;
 FLOAT alpha;
}

template ColorRGB {
 <d3e16e81-7835-11cf-8f52-0040333594a3>
 FLOAT red;
 FLOAT green;
 FLOAT blue;
}

template Material {
 <3d82ab4d-62da-11cf-ab39-0020af71e433>
 ColorRGBA faceColor;
 FLOAT power;
 ColorRGB specularColor;
 ColorRGB emissiveColor;
 [...]
}

template TextureFilename {
 <a42790e1-7810-11cf-8f52-0040333594a3>
 STRING filename;
}

template Frame {
 <3d82ab46-62da-11cf-ab39-0020af71e433>
 [...]
}

template Matrix4x4 {
 <f6f23f45-7686-11cf-8f52-0040333594a3>
 array FLOAT matrix[16];
}

template FrameTransformMatrix {
 <f6f23f41-7686-11cf-8f52-0040333594a3>
 Matrix4x4 frameMatrix;
}

template Vector {
 <3d82ab5e-62da-11cf-ab39-0020af71e433>
 FLOAT x;
 FLOAT y;
 FLOAT z;
}

template MeshFace {
 <3d82ab5f-62da-11cf-ab39-0020af71e433>
 DWORD nFaceVertexIndices;
 array DWORD faceVertexIndices[nFaceVertexIndices];
}

template Mesh {
 <3d82ab44-62da-11cf-ab39-0020af71e433>
 DWORD nVertices;
 array Vector vertices[nVertices];
 DWORD nFaces;
 array MeshFace faces[nFaces];
 [...]
}

template MeshMaterialList {
 <f6f23f42-7686-11cf-8f52-0040333594a3>
 DWORD nMaterials;
 DWORD nFaceIndexes;
 array DWORD faceIndexes[nFaceIndexes];
 [Material <3d82ab4d-62da-11cf-ab39-0020af71e433>]
}

template VertexElement {
 <f752461c-1e23-48f6-b9f8-8350850f336f>
 DWORD Type;
 DWORD Method;
 DWORD Usage;
 DWORD UsageIndex;
}

template DeclData {
 <bf22e553-292c-4781-9fea-62bd554bdd93>
 DWORD nElements;
 array VertexElement Elements[nElements];
 DWORD nDWords;
 array DWORD data[nDWords];
}

template XSkinMeshHeader {
 <3cf169ce-ff7c-44ab-93c0-f78f62d172e2>
 WORD nMaxSkinWeightsPerVertex;
 WORD nMaxSkinWeightsPerFace;
 WORD nBones;
}

template SkinWeights {
 <6f0d123b-bad2-4167-a0d0-80224f25fabb>
 STRING transformNodeName;
 DWORD nWeights;
 array DWORD vertexIndices[nWeights];
 array FLOAT weights[nWeights];
 Matrix4x4 matrixOffset;
}

template AnimTicksPerSecond {
 <9e415a43-7ba6-4a73-8743-b73d47e88476>
 DWORD AnimTicksPerSecond;
}

template Animation {
 <3d82ab4f-62da-11cf-ab39-0020af71e433>
 [...]
}

template AnimationSet {
 <3d82ab50-62da-11cf-ab39-0020af71e433>
 [Animation <3d82ab4f-62da-11cf-ab39-0020af71e433>]
}

template FloatKeys {
 <10dd46a9-775b-11cf-8f52-0040333594a3>
 DWORD nValues;
 array FLOAT values[nValues];
}

template TimedFloatKeys {
 <f406b180-7b3b-11cf-8f52-0040333594a3>
 DWORD time;
 FloatKeys tfkeys;
}

template AnimationKey {
 <10dd46a8-775b-11cf-8f52-0040333594a3>
 DWORD keyType;
 DWORD nKeys;
 array TimedFloatKeys keys[nKeys];
}


Material _03_-_Default {
 1.000000;1.000000;1.000000;1.000000;;
 9.999999;
 0.000000;0.000000;0.000000;;
 0.000000;0.000000;0.000000;;

 TextureFilename {
  "MaleBody_full.png";
 }
}

Frame Dummy01 {
 

 FrameTransformMatrix {
  1.000000,0.000000,0.000000,0.000000,0.000000,-0.000000,-1.000000,0.000000,0.000000,1.000000,-0.000000,0.000000,0.000000,0.000000,0.000000,1.000000;;
 }

 Frame Bip01 {
  

  FrameTransformMatrix {
   0.000001,0.564317,-0.825558,0.000000,0.000001,0.825558,0.564317,0.000000,1.000000,-0.000002,-0.000000,0.000000,0.017906,-0.039963,0.492568,1.000000;;
  }

  Frame Bip01_Pelvis {
   

   FrameTransformMatrix {
    0.000000,1.000000,-0.000001,0.000000,-0.000001,0.000001,1.000000,0.000000,1.000000,0.000000,0.000001,0.000000,0.000000,0.000000,0.000000,1.000000;;
   }

   Frame Bip01_Spine {
    

    FrameTransformMatrix {
     0.993022,0.000001,0.117927,0.000000,-0.000002,1.000000,0.000004,0.000000,-0.117927,-0.000004,0.993022,0.000000,0.051643,0.000000,-0.000084,1.000000;;
    }

    Frame Bip01_Spine1 {
     

     FrameTransformMatrix {
      0.985143,0.000000,0.171737,0.000000,-0.000000,1.000000,-0.000000,0.000000,-0.171737,-0.000000,0.985143,0.000000,0.106494,0.000000,-0.000084,1.000000;;
     }

     Frame Bip01_Neck {
      

      FrameTransformMatrix {
       0.926721,0.000001,0.375749,0.000000,-0.000001,1.000000,-0.000000,0.000000,-0.375749,-0.000000,0.926721,0.000000,0.130515,0.000000,0.004627,1.000000;;
      }

      Frame Bip01_Head {
       

       FrameTransformMatrix {
        0.971692,-0.000001,-0.236253,0.000000,0.000001,1.000000,-0.000000,0.000000,0.236253,-0.000000,0.971692,0.000000,0.033674,0.000000,0.000000,1.000000;;
       }

       Frame Bip01_HeadNub {
        

        FrameTransformMatrix {
         1.000000,-0.000000,0.000000,0.000000,0.000000,1.000000,0.000000,0.000000,0.000000,0.000000,1.000000,0.000000,0.169824,0.000000,0.000000,1.000000;;
        }
       }
      }

      Frame Bip01_L_Clavicle {
       

       FrameTransformMatrix {
        -0.288621,0.956453,-0.043540,0.000000,0.882221,0.248002,-0.400227,0.000000,-0.372001,-0.153926,-0.915381,0.000000,-0.024012,0.015715,0.004743,1.000000;;
       }

       Frame Bip01_L_UpperArm {
        

        FrameTransformMatrix {
         0.565517,-0.599826,-0.566039,0.000000,-0.031240,0.670254,-0.741474,0.000000,0.824145,0.436999,0.360301,0.000000,0.087086,0.000000,-0.000000,1.000000;;
        }

        Frame Bip01_L_Forearm {
         

         FrameTransformMatrix {
          0.631110,0.000000,-0.775693,0.000000,0.000000,1.000000,0.000000,0.000000,0.775693,0.000000,0.631110,0.000000,0.137062,0.000000,-0.000000,1.000000;;
         }

         Frame Bip01_L_Hand {
          

          FrameTransformMatrix {
           0.646058,0.559782,-0.518896,0.000000,0.096957,0.614124,0.783231,0.000000,0.757105,-0.556323,0.342485,0.000000,0.137062,0.000000,-0.000000,1.000000;;
          }

          Frame Bip01_L_Finger0 {
           

           FrameTransformMatrix {
            0.709917,-0.575864,0.405461,0.000000,0.697118,0.656490,-0.288183,0.000000,-0.100227,0.487240,0.867498,0.000000,0.057681,-0.023605,-0.000272,1.000000;;
           }

           Frame Bip01_L_Finger0Nub {
            

            FrameTransformMatrix {
             1.000000,0.000000,-0.000000,0.000000,-0.000000,1.000000,0.000000,0.000000,-0.000000,0.000000,1.000000,0.000000,0.029435,0.000000,0.000000,1.000000;;
            }
           }
          }

          Frame Bip01_L_Finger1 {
           

           FrameTransformMatrix {
            0.826034,-0.000449,0.563620,0.000000,0.000000,1.000000,0.000796,0.000000,-0.563620,-0.000658,0.826034,0.000000,0.084102,0.000000,-0.000000,1.000000;;
           }

           Frame Bip01_L_Finger1Nub {
            

            FrameTransformMatrix {
             1.000000,0.000000,0.000000,0.000000,0.000000,1.000000,0.000000,0.000000,-0.000000,0.000000,1.000000,0.000000,0.047988,0.000000,0.000000,1.000000;;
            }
           }
          }
         }
        }
       }
      }

      Frame Bip01_R_Clavicle {
       

       FrameTransformMatrix {
        -0.419675,-0.907253,-0.027660,0.000000,-0.829282,0.370863,0.418034,0.000000,-0.369005,0.198377,-0.908010,0.000000,-0.024012,-0.015714,0.004743,1.000000;;
       }

       Frame Bip01_R_UpperArm {
        

        FrameTransformMatrix {
         0.646818,0.677098,-0.350949,0.000000,-0.322907,0.660035,0.678295,0.000000,0.690911,-0.325410,0.645562,0.000000,0.087086,0.000000,0.000000,1.000000;;
        }

        Frame Bip01_R_Forearm {
         

         FrameTransformMatrix {
          0.451964,0.000000,-0.892036,0.000000,0.000000,1.000000,0.000000,0.000000,0.892036,-0.000000,0.451964,0.000000,0.137062,-0.000000,-0.000000,1.000000;;
         }

         Frame Bip01_R_Hand {
          

          FrameTransformMatrix {
           0.872646,-0.366668,-0.322558,0.000000,0.060414,0.736482,-0.673754,0.000000,0.484602,0.568461,0.664840,0.000000,0.137062,-0.000000,0.000000,1.000000;;
          }

          Frame Bip01_R_Finger0 {
           

           FrameTransformMatrix {
            0.829256,0.514255,0.218807,0.000000,-0.558537,0.749101,0.356210,0.000000,0.019274,-0.417601,0.908427,0.000000,0.057681,0.023605,-0.000272,1.000000;;
           }

           Frame Bip01_R_Finger0Nub {
            

            FrameTransformMatrix {
             -1.000000,-0.000000,0.000000,0.000000,-0.000000,1.000000,0.000000,0.000000,0.000000,-0.000000,-1.000000,0.000000,0.029435,0.000000,-0.000000,1.000000;;
            }
           }
          }

          Frame Bip01_R_Finger1 {
           

           FrameTransformMatrix {
            0.915517,0.000320,0.402278,0.000000,0.000000,1.000000,-0.000796,0.000000,-0.402278,0.000729,0.915517,0.000000,0.084102,0.000000,0.000000,1.000000;;
           }

           Frame Bip01_R_Finger1Nub {
            

            FrameTransformMatrix {
             -1.000000,-0.000000,0.000000,0.000000,-0.000000,1.000000,0.000000,0.000000,0.000000,0.000000,-1.000000,0.000000,0.047988,-0.000000,0.000000,1.000000;;
            }
           }
          }
         }
        }
       }
      }
     }

     Frame Bip01_BackPack {
      

      FrameTransformMatrix {
       0.190104,-0.000002,-0.981764,0.000000,0.000003,1.000000,-0.000002,0.000000,0.981764,-0.000002,0.190104,0.000000,0.063697,-0.000000,-0.088856,1.000000;;
      }

      Frame Bip01_BackPackNub {
       

       FrameTransformMatrix {
        0.000796,0.000003,1.000000,0.000000,0.000000,-1.000000,0.000003,0.000000,1.000000,-0.000000,-0.000796,0.000000,0.053240,0.000000,0.000000,1.000000;;
       }
      }
     }
    }

    Frame Bip01_L_Thigh {
     

     FrameTransformMatrix {
      -0.117194,0.093376,0.988710,0.000000,0.116573,-0.987394,0.107069,0.000000,0.986244,0.127805,0.104832,0.000000,-0.051273,0.055225,0.006174,1.000000;;
     }

     Frame Bip01_L_Calf {
      

      FrameTransformMatrix {
       0.909213,0.000000,-0.416331,0.000000,0.000000,1.000000,0.000000,0.000000,0.416331,-0.000000,0.909213,0.000000,0.237500,-0.000000,-0.000000,1.000000;;
      }

      Frame Bip01_L_Foot {
       

       FrameTransformMatrix {
        0.997551,0.040923,0.056724,0.000000,-0.041660,0.999061,0.011880,0.000000,-0.056184,-0.014214,0.998319,0.000000,0.206841,-0.000000,0.000000,1.000000;;
       }

       Frame Bip01_L_Toe0 {
        

        FrameTransformMatrix {
         -0.000001,0.167069,0.985945,0.000000,0.000001,0.985945,-0.167069,0.000000,-1.000000,0.000001,-0.000001,0.000000,0.065373,-0.000000,0.066450,1.000000;;
        }

        Frame Bip01_L_Toe0Nub {
         

         FrameTransformMatrix {
          -1.000000,0.000000,-0.000000,0.000000,0.000000,1.000000,-0.000000,0.000000,0.000000,0.000000,-1.000000,0.000000,0.006735,-0.000000,0.000000,1.000000;;
         }
        }
       }
      }
     }
    }

    Frame Bip01_R_Thigh {
     

     FrameTransformMatrix {
      -0.232649,-0.079709,0.969289,0.000000,-0.051661,-0.994216,-0.094158,0.000000,0.971188,-0.071980,0.227186,0.000000,-0.051273,-0.055225,0.006174,1.000000;;
     }

     Frame Bip01_R_Calf {
      

      FrameTransformMatrix {
       0.855901,0.000000,-0.517140,0.000000,0.000000,1.000000,0.000000,0.000000,0.517140,-0.000000,0.855901,0.000000,0.237500,0.000000,-0.000000,1.000000;;
      }

      Frame Bip01_R_Foot {
       

       FrameTransformMatrix {
        0.955940,-0.059539,0.287461,0.000000,0.077507,0.995659,-0.051524,0.000000,-0.283145,0.071534,0.956406,0.000000,0.206841,0.000000,0.000000,1.000000;;
       }

       Frame Bip01_R_Toe0 {
        

        FrameTransformMatrix {
         -0.000000,-0.160693,0.987004,0.000000,0.000001,0.987004,0.160693,0.000000,-1.000000,0.000001,-0.000000,0.000000,0.065373,0.000000,0.066450,1.000000;;
        }

        Frame Bip01_R_Toe0Nub {
         

         FrameTransformMatrix {
          1.000000,-0.000000,0.000000,0.000000,-0.000000,1.000000,0.000000,0.000000,0.000000,0.000000,1.000000,0.000000,0.006735,0.000000,0.000000,1.000000;;
         }
        }
       }
      }
     }
    }
   }

   Frame Bip01_DressFront {
    

    FrameTransformMatrix {
     -0.206964,-0.000002,0.978348,0.000000,-0.000004,1.000000,0.000001,0.000000,-0.978348,-0.000004,-0.206964,0.000000,0.006972,0.001399,0.085264,1.000000;;
    }

    Frame Bip01_DressFront02 {
     

     FrameTransformMatrix {
      0.830366,0.000002,0.557219,0.000000,-0.000002,1.000000,-0.000000,0.000000,-0.557219,-0.000000,0.830366,0.000000,0.183398,0.000000,-0.000109,1.000000;;
     }

     Frame Bip01_DressFrontNub {
      

      FrameTransformMatrix {
       0.000796,0.000003,1.000000,0.000000,-0.000000,-1.000000,0.000003,0.000000,1.000000,-0.000000,-0.000796,0.000000,0.165302,0.000000,0.000000,1.000000;;
      }
     }
    }
   }

   Frame Bip01_DressBack {
    

    FrameTransformMatrix {
     -0.450319,-0.000002,0.892868,0.000000,-0.000004,1.000000,0.000000,0.000000,-0.892868,-0.000003,-0.450319,0.000000,-0.047607,0.000000,-0.078356,1.000000;;
    }

    Frame Bip01_DressBack02 {
     

     FrameTransformMatrix {
      0.988399,0.000000,0.151878,0.000000,-0.000000,1.000000,-0.000000,0.000000,-0.151878,-0.000000,0.988399,0.000000,0.176175,0.000000,-0.000107,1.000000;;
     }

     Frame Bip01_DressBackNub {
      

      FrameTransformMatrix {
       0.000796,0.000003,1.000000,0.000000,0.000000,-1.000000,0.000003,0.000000,1.000000,-0.000000,-0.000796,0.000000,0.136508,0.000000,0.000000,1.000000;;
      }
     }
    }
   }
  }

  Frame Bip01_Prop1 {
   

   FrameTransformMatrix {
    -0.457533,-0.889136,-0.010034,0.000000,-0.201355,0.092609,0.975130,0.000000,-0.866094,0.448175,-0.221404,0.000000,0.182933,-0.020221,-0.087802,1.000000;;
   }
  }

  Frame Bip01_Prop2 {
   

   FrameTransformMatrix {
    0.879907,0.028224,-0.474307,0.000000,-0.473732,0.129072,-0.871159,0.000000,0.036632,0.991234,0.126942,0.000000,0.200030,-0.012115,0.083758,1.000000;;
   }
  }
 }
}

Frame Translation_Data {
 

 FrameTransformMatrix {
  1.000000,0.000000,0.000000,0.000000,0.000000,-0.000000,-1.000000,0.000000,0.000000,1.000000,-0.000000,0.000000,0.000000,-0.000000,0.000000,1.000000;;
 }
}

Frame Body {
 

 FrameTransformMatrix {
  1.000000,0.000000,0.000000,0.000000,0.000000,1.000000,0.000000,0.000000,0.000000,0.000000,1.000000,0.000000,0.000000,0.000000,0.000000,1.000000;;
 }

 Mesh Body {
  617;
  0.088962;0.581912;-0.203538;,
  0.051184;0.572688;-0.202901;,
  0.045974;0.598091;-0.224752;,
  0.097084;0.571070;-0.186526;,
  0.101958;0.563234;-0.176382;,
  0.071912;0.530994;-0.151578;,
  0.058827;0.545783;-0.179740;,
  0.108552;0.560530;-0.142081;,
  0.046941;0.640205;-0.231076;,
  0.096154;0.655578;-0.198812;,
  0.087215;0.633332;-0.209408;,
  0.064767;0.661890;-0.201697;,
  0.101255;0.552329;0.021015;,
  0.060820;0.572467;0.023803;,
  0.059932;0.569771;0.038639;,
  0.094474;0.555429;0.009574;,
  0.089179;0.509279;-0.021816;,
  0.102127;0.510311;0.010852;,
  0.061345;0.481214;-0.034900;,
  0.087902;0.476620;0.013944;,
  0.058929;0.459593;0.015865;,
  0.017906;0.523633;-0.153416;,
  0.017906;0.543841;-0.182409;,
  0.017906;0.571224;0.025521;,
  0.017906;0.567171;0.042035;,
  0.069964;0.628829;-0.066343;,
  0.017906;0.654184;-0.101247;,
  0.017906;0.632878;-0.065573;,
  0.074895;0.650863;-0.104682;,
  0.080952;0.463261;-0.000641;,
  0.128558;0.365858;-0.016585;,
  0.094494;0.377286;-0.047641;,
  0.111651;0.457906;0.033761;,
  0.101032;0.285365;-0.083579;,
  0.123684;0.274473;-0.037472;,
  0.031417;0.461446;0.000231;,
  0.040923;0.340329;0.039995;,
  0.030011;0.512586;0.128649;,
  0.044111;0.367197;-0.030993;,
  0.065254;0.266897;-0.007793;,
  0.068092;0.273480;-0.049008;,
  0.120699;0.343894;0.043840;,
  0.101996;0.443958;0.084814;,
  0.105477;0.269986;-0.001712;,
  0.118198;-0.001511;-0.017731;,
  0.071594;-0.001595;0.020480;,
  0.074446;-0.001488;-0.028256;,
  0.106005;-0.001618;0.026040;,
  0.100225;0.221873;-0.061799;,
  0.124622;0.146391;-0.026446;,
  0.099836;0.147824;-0.059070;,
  0.127162;0.221024;-0.028803;,
  0.116876;0.067287;-0.023066;,
  0.101566;0.067902;-0.054355;,
  0.056111;0.203163;-0.044239;,
  0.058154;0.153492;0.002505;,
  0.049537;0.218477;0.008949;,
  0.066994;0.144989;-0.038528;,
  0.080836;0.077420;-0.004974;,
  0.081302;0.059859;-0.032232;,
  0.119630;0.152826;0.011228;,
  0.120531;0.226868;0.019841;,
  0.104676;0.082566;-0.001516;,
  0.108229;0.498291;0.037594;,
  0.017906;0.445443;0.015503;,
  0.031417;0.461446;0.000231;,
  0.017906;0.437536;0.051885;,
  0.109963;0.540184;0.072601;,
  0.059932;0.559275;0.087244;,
  0.102486;0.477199;0.095924;,
  0.056655;0.497269;0.111156;,
  0.065392;0.599658;-0.024805;,
  0.101637;0.612189;-0.072483;,
  0.113123;0.599033;-0.084259;,
  0.089767;0.534655;-0.063403;,
  0.106649;0.552465;-0.110366;,
  0.097386;0.577609;-0.037298;,
  0.072306;0.519547;-0.123899;,
  0.066826;0.507207;-0.073853;,
  0.017906;0.515144;-0.129485;,
  0.017906;0.500840;-0.071999;,
  0.108808;0.563490;-0.176054;,
  0.136869;0.526908;-0.155094;,
  0.090264;0.596328;-0.137668;,
  0.148175;0.520021;-0.084184;,
  0.117191;0.552179;-0.104457;,
  0.164364;0.498633;-0.124674;,
  0.144327;0.622904;-0.128569;,
  0.117191;0.552179;-0.104457;,
  0.171784;0.589287;-0.101619;,
  0.194808;0.540507;-0.074988;,
  0.148175;0.520021;-0.084184;,
  0.152996;0.624198;-0.135752;,
  0.191433;0.564226;-0.152508;,
  0.163419;0.600257;-0.172257;,
  0.211029;0.519082;-0.115260;,
  0.134893;0.577123;-0.181526;,
  0.154213;0.483125;-0.124897;,
  0.123359;0.449260;-0.059974;,
  0.134548;0.506621;-0.076301;,
  0.136260;0.436640;-0.091938;,
  0.119100;0.408902;-0.040022;,
  0.125156;0.397264;-0.063386;,
  0.134548;0.506621;-0.076301;,
  0.178470;0.445349;-0.045094;,
  0.193004;0.507294;-0.052267;,
  0.123359;0.449260;-0.059974;,
  0.155884;0.399466;-0.036329;,
  0.119100;0.408902;-0.040022;,
  0.188106;0.435955;-0.069852;,
  0.212604;0.484008;-0.100629;,
  0.159460;0.394131;-0.049259;,
  0.048300;0.310241;-0.077833;,
  0.102609;0.309970;-0.060304;,
  0.055898;0.321664;-0.060638;,
  0.094642;0.298965;-0.077232;,
  0.053985;0.361298;-0.055123;,
  0.054703;0.357484;-0.071414;,
  0.054235;0.352249;-0.061747;,
  0.050168;0.368934;-0.063073;,
  0.136473;0.355587;-0.039396;,
  0.083008;0.368493;-0.064298;,
  0.121399;0.332280;-0.064403;,
  0.094845;0.382367;-0.034696;,
  0.120479;0.333530;-0.084295;,
  0.144377;0.370629;-0.073200;,
  0.101505;0.399693;-0.068801;,
  0.084050;0.368999;-0.084176;,
  0.115790;0.638348;-0.197359;,
  0.125190;0.612022;-0.207886;,
  0.087215;0.633332;-0.209408;,
  0.087826;0.609430;-0.213760;,
  0.111704;0.636296;-0.114574;,
  0.056627;0.613339;-0.233417;,
  0.118783;0.586202;-0.199789;,
  0.097084;0.571070;-0.186526;,
  0.088962;0.581912;-0.203538;,
  0.108068;0.583260;-0.171655;,
  0.119236;0.646641;-0.158619;,
  0.075684;0.659988;-0.145895;,
  0.121976;0.644346;-0.163822;,
  0.017906;0.661501;-0.139753;,
  0.017906;0.655185;-0.199477;,
  0.096154;0.655578;-0.198812;,
  0.121976;0.644346;-0.163822;,
  0.102414;0.588787;-0.158364;,
  0.119798;0.633505;-0.156515;,
  0.090264;0.596328;-0.137668;,
  0.113843;0.605561;-0.123697;,
  0.106918;0.572566;-0.133647;,
  0.101958;0.563234;-0.176382;,
  0.119194;0.621252;-0.120348;,
  0.094845;0.382367;-0.034696;,
  0.053109;0.617394;-0.261001;,
  0.043949;0.638764;-0.260199;,
  0.017961;0.645109;-0.231607;,
  0.017906;0.647380;-0.261244;,
  0.084050;0.368999;-0.084176;,
  0.048300;0.310241;-0.077833;,
  0.094642;0.298965;-0.077232;,
  0.068542;0.369711;-0.044374;,
  0.064502;0.382287;-0.066656;,
  0.068542;0.369711;-0.044374;,
  0.071575;0.357930;-0.057366;,
  0.077999;0.369010;-0.078382;,
  0.077999;0.369010;-0.078382;,
  0.053985;0.361298;-0.055123;,
  0.050168;0.368934;-0.063073;,
  0.054703;0.357484;-0.071414;,
  0.137188;0.020155;-0.092443;,
  0.114835;-0.001458;-0.141615;,
  0.112323;0.017121;-0.134700;,
  0.143879;-0.001470;-0.098649;,
  0.069676;0.031815;0.009373;,
  0.074446;-0.001488;-0.028256;,
  0.071594;-0.001595;0.020480;,
  0.073517;0.023469;-0.030982;,
  0.080836;0.077420;-0.004974;,
  0.110721;0.034837;0.015789;,
  0.104676;0.082566;-0.001516;,
  0.118198;-0.001511;-0.017731;,
  0.106005;-0.001618;0.026040;,
  0.119745;0.033435;-0.019975;,
  0.101566;0.067902;-0.054355;,
  0.116876;0.067287;-0.023066;,
  0.083471;0.014087;-0.128987;,
  0.078639;-0.001447;-0.137145;,
  0.143879;-0.001470;-0.098649;,
  0.078639;-0.001447;-0.137145;,
  0.044111;0.367197;-0.030993;,
  0.068092;0.273480;-0.049008;,
  0.056111;0.203163;-0.044239;,
  0.066994;0.144989;-0.038528;,
  0.081302;0.059859;-0.032232;,
  0.081302;0.059859;-0.032232;,
  0.017906;0.472142;0.090695;,
  0.064016;0.599692;-0.269118;,
  0.046495;0.580019;-0.263632;,
  0.055425;0.580071;-0.270435;,
  0.045175;0.599620;-0.259862;,
  0.056317;0.627260;-0.281721;,
  0.048401;0.649629;-0.286135;,
  0.037587;0.622933;-0.405819;,
  0.017906;0.594743;-0.405016;,
  0.017906;0.624133;-0.410250;,
  0.051823;0.560896;-0.352930;,
  0.034865;0.554204;-0.353528;,
  0.048155;0.575825;-0.378355;,
  0.061304;0.581811;-0.290902;,
  0.069342;0.610162;-0.294983;,
  0.062448;0.611079;-0.277879;,
  0.070466;0.635540;-0.324622;,
  0.070942;0.616285;-0.339823;,
  0.061560;0.593374;-0.381040;,
  0.070226;0.619599;-0.376881;,
  0.066709;0.589461;-0.342062;,
  0.067859;0.652138;-0.324358;,
  0.057023;0.673862;-0.327331;,
  0.017906;0.684925;-0.325522;,
  0.050762;0.673486;-0.375425;,
  0.017906;0.683881;-0.374803;,
  0.067183;0.584932;-0.319818;,
  0.051948;0.566050;-0.284946;,
  0.052748;0.561090;-0.320548;,
  0.037408;0.548686;-0.263968;,
  0.017906;0.558648;-0.255782;,
  0.017906;0.538736;-0.262886;,
  0.043664;0.589080;-0.394983;,
  0.057268;0.620809;-0.395743;,
  0.065908;0.654524;-0.377440;,
  0.052373;0.650239;-0.396423;,
  0.035140;0.657767;-0.400209;,
  0.017906;0.660570;-0.401815;,
  0.017906;0.664208;-0.291098;,
  0.065908;0.654524;-0.377440;,
  0.052373;0.650239;-0.396423;,
  0.075599;0.610208;-0.297755;,
  0.081124;0.631043;-0.340190;,
  0.086184;0.634338;-0.319767;,
  0.074010;0.621570;-0.323380;,
  0.086184;0.634338;-0.319767;,
  0.075599;0.610208;-0.297755;,
  0.081124;0.631043;-0.340190;,
  0.070942;0.616285;-0.339823;,
  0.071448;0.603838;-0.317956;,
  0.069342;0.610162;-0.294983;,
  0.052460;0.566528;-0.342129;,
  0.071448;0.603838;-0.317956;,
  0.056627;0.613339;-0.233417;,
  0.053109;0.617394;-0.261001;,
  0.087826;0.609430;-0.213760;,
  0.056317;0.627260;-0.281721;,
  0.017906;0.576616;-0.221212;,
  0.017906;0.562840;-0.201748;,
  0.017906;0.476950;-0.035056;,
  0.017906;0.557598;0.089289;,
  0.017906;0.535807;0.115780;,
  0.012439;0.459219;0.098182;,
  0.017906;0.575133;-0.249850;,
  0.017906;0.472142;0.090695;,
  0.035140;0.657767;-0.400209;,
  0.017906;0.660570;-0.401815;,
  0.038025;0.551437;-0.295840;,
  0.030488;0.550407;-0.319587;,
  0.030680;0.547748;-0.310308;,
  0.017906;0.580501;-0.398922;,
  0.017906;0.562364;-0.381077;,
  0.032781;0.560911;-0.342566;,
  0.017906;0.601211;-0.023284;,
  0.087826;0.609430;-0.213760;,
  0.114835;-0.001458;-0.141615;,
  0.029763;0.542763;-0.289195;,
  0.037430;0.550008;-0.289411;,
  0.029579;0.547466;-0.292933;,
  0.017906;0.542661;-0.310626;,
  0.017906;0.535756;-0.321257;,
  0.029326;0.543807;-0.297955;,
  0.017906;0.547042;-0.293354;,
  0.017906;0.539695;-0.288295;,
  0.017906;0.547511;-0.354126;,
  0.017906;0.548893;-0.344050;,
  0.119798;0.633505;-0.156515;,
  0.017906;0.540215;-0.298982;,
  0.099407;0.606247;-0.154654;,
  0.102414;0.588787;-0.158364;,
  0.101958;0.563234;-0.176382;,
  0.067859;0.652138;-0.324358;,
  0.100225;0.221873;-0.061799;,
  0.063008;0.142250;-0.061024;,
  0.052149;0.217988;-0.073363;,
  0.099836;0.147824;-0.059070;,
  0.101032;0.285365;-0.083579;,
  0.055356;0.276756;-0.085954;,
  0.094494;0.377286;-0.047641;,
  0.038901;0.363327;-0.050513;,
  0.080952;0.463261;-0.000641;,
  0.032185;0.447367;-0.022052;,
  0.058929;0.459593;0.015865;,
  0.064708;0.070232;-0.055168;,
  0.101566;0.067902;-0.054355;,
  0.058797;0.152726;0.036145;,
  0.020848;0.129549;0.110313;,
  0.063044;0.082625;0.037126;,
  0.020280;0.202542;0.103597;,
  0.020301;0.267433;0.087861;,
  0.051821;0.216786;0.023306;,
  0.020886;0.338279;0.093895;,
  0.053926;0.259953;0.019986;,
  0.037808;0.335593;0.053844;,
  0.017091;0.405093;0.097386;,
  0.017906;0.512108;0.123232;,
  0.099407;0.606247;-0.154654;,
  -0.052836;0.581949;-0.198629;,
  -0.015372;0.572688;-0.202901;,
  -0.059529;0.570854;-0.182389;,
  -0.010162;0.598091;-0.224752;,
  -0.065958;0.562548;-0.176738;,
  -0.036100;0.530994;-0.151578;,
  -0.072740;0.560530;-0.142081;,
  -0.023015;0.545784;-0.179740;,
  -0.011129;0.640205;-0.231076;,
  -0.059503;0.655845;-0.197131;,
  -0.028955;0.661890;-0.201697;,
  -0.051380;0.633533;-0.203750;,
  -0.065444;0.552329;0.021015;,
  -0.025009;0.572467;0.023803;,
  -0.058663;0.555429;0.009574;,
  -0.024121;0.569771;0.038639;,
  -0.053368;0.509279;-0.021816;,
  -0.066316;0.510311;0.010852;,
  -0.025534;0.481214;-0.034900;,
  -0.051943;0.476328;0.013597;,
  -0.023117;0.459593;0.015865;,
  0.017906;0.571224;0.025521;,
  0.017906;0.567171;0.042035;,
  -0.034152;0.628829;-0.066343;,
  0.017906;0.654184;-0.101247;,
  -0.039083;0.650863;-0.104682;,
  0.017906;0.632878;-0.065573;,
  -0.042789;0.458138;0.001524;,
  -0.090335;0.359913;-0.003821;,
  -0.075297;0.456628;0.035709;,
  -0.054462;0.367452;-0.034017;,
  -0.059719;0.269686;-0.058701;,
  -0.084946;0.266731;-0.013214;,
  0.006377;0.456815;0.006803;,
  -0.006280;0.341465;0.060424;,
  -0.005193;0.359461;-0.013376;,
  0.005800;0.512586;0.128649;,
  -0.028299;0.264736;0.020039;,
  -0.028802;0.264161;-0.021316;,
  -0.086118;0.345493;0.059184;,
  -0.067783;0.447003;0.090006;,
  -0.068789;0.268521;0.023296;,
  -0.079087;-0.001512;0.056086;,
  -0.032731;-0.001596;0.094598;,
  -0.067177;-0.001619;0.099935;,
  -0.035268;-0.001489;0.045845;,
  -0.060037;0.210435;-0.023492;,
  -0.085961;0.144885;0.027240;,
  -0.088667;0.216864;0.007396;,
  -0.059501;0.139076;-0.003530;,
  -0.077967;0.068343;0.049937;,
  -0.061526;0.064293;0.019498;,
  -0.016833;0.197043;0.000141;,
  -0.021134;0.159605;0.057030;,
  -0.027772;0.141634;0.018727;,
  -0.013122;0.224432;0.048544;,
  -0.042671;0.081534;0.067341;,
  -0.042097;0.059858;0.041824;,
  -0.082980;0.160001;0.062572;,
  -0.084622;0.233987;0.053600;,
  -0.066627;0.086875;0.069187;,
  -0.072418;0.498291;0.037593;,
  0.006377;0.456815;0.006803;,
  -0.074151;0.540185;0.072601;,
  -0.024121;0.559275;0.087244;,
  -0.067748;0.479295;0.098614;,
  -0.021970;0.499455;0.114214;,
  -0.029580;0.599658;-0.024805;,
  -0.065825;0.612189;-0.072483;,
  -0.077312;0.599033;-0.084259;,
  -0.053955;0.534655;-0.063403;,
  -0.061574;0.577609;-0.037298;,
  -0.070837;0.552466;-0.110367;,
  -0.036495;0.519547;-0.123899;,
  -0.031014;0.507207;-0.073853;,
  -0.082894;0.562608;-0.162476;,
  -0.042970;0.588489;-0.137339;,
  -0.109524;0.535632;-0.128890;,
  -0.094952;0.534807;-0.059410;,
  -0.130481;0.518802;-0.088372;,
  -0.065946;0.553886;-0.092042;,
  -0.080105;0.629549;-0.111904;,
  -0.103110;0.605208;-0.073322;,
  -0.065946;0.553886;-0.092042;,
  -0.126579;0.562911;-0.033561;,
  -0.094952;0.534807;-0.059410;,
  -0.090167;0.633332;-0.115492;,
  -0.146701;0.587147;-0.110435;,
  -0.119798;0.613604;-0.142827;,
  -0.162058;0.546838;-0.062288;,
  -0.104368;0.583239;-0.159402;,
  -0.123037;0.504496;-0.095633;,
  -0.070475;0.462537;-0.053319;,
  -0.098237;0.453916;-0.075732;,
  -0.080213;0.521868;-0.061506;,
  -0.064069;0.421193;-0.036858;,
  -0.080315;0.411299;-0.056486;,
  -0.080213;0.521868;-0.061506;,
  -0.112436;0.463533;-0.014432;,
  -0.070475;0.462537;-0.053319;,
  -0.120348;0.527347;-0.012969;,
  -0.096546;0.416898;-0.019239;,
  -0.064069;0.421193;-0.036858;,
  -0.133576;0.457194;-0.031953;,
  -0.162940;0.510157;-0.046958;,
  -0.104511;0.411154;-0.028359;,
  -0.025547;0.300108;-0.069109;,
  -0.072820;0.312887;-0.039806;,
  -0.071834;0.300502;-0.057604;,
  -0.026023;0.312804;-0.051152;,
  -0.014613;0.350785;-0.054964;,
  -0.021796;0.347426;-0.069714;,
  -0.011554;0.356841;-0.064454;,
  -0.019734;0.342292;-0.060202;,
  -0.092015;0.373543;-0.021652;,
  -0.042127;0.367439;-0.055106;,
  -0.044971;0.388502;-0.027590;,
  -0.087574;0.343375;-0.043239;,
  -0.089818;0.341161;-0.062941;,
  -0.101738;0.384600;-0.056503;,
  -0.053006;0.401346;-0.063342;,
  -0.046423;0.365047;-0.074401;,
  -0.078882;0.638420;-0.185088;,
  -0.089822;0.612348;-0.194812;,
  -0.051380;0.633533;-0.203750;,
  -0.052830;0.609682;-0.207639;,
  -0.075892;0.636296;-0.114574;,
  -0.020814;0.613339;-0.233417;,
  -0.083205;0.585987;-0.188355;,
  -0.059529;0.570854;-0.182389;,
  -0.070288;0.579899;-0.163779;,
  -0.052836;0.581949;-0.198629;,
  -0.080425;0.647255;-0.157049;,
  -0.082997;0.645104;-0.161873;,
  -0.039872;0.659988;-0.145895;,
  0.017906;0.661501;-0.139753;,
  0.017906;0.655185;-0.199477;,
  -0.059503;0.655845;-0.197131;,
  -0.082997;0.645104;-0.161873;,
  -0.064470;0.588168;-0.157137;,
  -0.042970;0.588489;-0.137339;,
  -0.080084;0.633705;-0.153953;,
  -0.078031;0.605561;-0.123698;,
  -0.071107;0.572566;-0.133647;,
  -0.065958;0.562548;-0.176738;,
  -0.083382;0.621252;-0.120348;,
  -0.044971;0.388502;-0.027590;,
  -0.017297;0.617394;-0.261001;,
  -0.008137;0.638765;-0.260199;,
  0.017961;0.645109;-0.231607;,
  0.017906;0.647380;-0.261244;,
  -0.046423;0.365047;-0.074401;,
  -0.025547;0.300108;-0.069109;,
  -0.071834;0.300502;-0.057604;,
  -0.021563;0.363343;-0.041100;,
  -0.021584;0.374045;-0.064689;,
  -0.021563;0.363343;-0.041100;,
  -0.032103;0.353148;-0.051187;,
  -0.041515;0.365732;-0.070129;,
  -0.041515;0.365732;-0.070129;,
  -0.014613;0.350785;-0.054964;,
  -0.011554;0.356841;-0.064454;,
  -0.021796;0.347426;-0.069714;,
  -0.097594;0.020153;-0.018747;,
  -0.074923;-0.001460;-0.067773;,
  -0.104244;-0.001471;-0.024996;,
  -0.072456;0.017120;-0.060843;,
  -0.030741;0.031814;0.083503;,
  -0.035268;-0.001489;0.045845;,
  -0.034322;0.023468;0.043124;,
  -0.032731;-0.001596;0.094598;,
  -0.042671;0.081534;0.067341;,
  -0.071826;0.034836;0.089654;,
  -0.066627;0.086875;0.069187;,
  -0.079087;-0.001512;0.056086;,
  -0.080619;0.033433;0.053832;,
  -0.067177;-0.001619;0.099935;,
  -0.061526;0.064293;0.019498;,
  -0.077967;0.068343;0.049937;,
  -0.043641;0.014086;-0.054943;,
  -0.038757;-0.001448;-0.063070;,
  -0.104244;-0.001471;-0.024996;,
  -0.038757;-0.001448;-0.063070;,
  -0.005193;0.359461;-0.013376;,
  -0.028802;0.264161;-0.021316;,
  -0.016833;0.197043;0.000141;,
  -0.027772;0.141634;0.018727;,
  -0.042097;0.059858;0.041824;,
  -0.042097;0.059858;0.041824;,
  -0.028204;0.599693;-0.269118;,
  -0.010682;0.580019;-0.263632;,
  -0.009363;0.599620;-0.259863;,
  -0.019613;0.580071;-0.270435;,
  -0.020505;0.627260;-0.281721;,
  -0.012588;0.649629;-0.286135;,
  -0.001774;0.622933;-0.405819;,
  0.017906;0.624133;-0.410250;,
  -0.016011;0.560896;-0.352930;,
  -0.012343;0.575825;-0.378355;,
  0.000948;0.554204;-0.353528;,
  -0.025492;0.581811;-0.290902;,
  -0.033530;0.610162;-0.294983;,
  -0.026635;0.611079;-0.277879;,
  -0.034654;0.635540;-0.324622;,
  -0.035130;0.616285;-0.339823;,
  -0.025748;0.593374;-0.381040;,
  -0.030897;0.589461;-0.342062;,
  -0.034413;0.619599;-0.376881;,
  -0.032046;0.652138;-0.324358;,
  -0.021210;0.673862;-0.327331;,
  0.017906;0.684925;-0.325522;,
  -0.014950;0.673486;-0.375425;,
  0.017906;0.683881;-0.374803;,
  -0.031371;0.584932;-0.319818;,
  -0.016936;0.561090;-0.320548;,
  -0.016135;0.566050;-0.284946;,
  -0.001596;0.548686;-0.263969;,
  -0.007852;0.589080;-0.394983;,
  -0.021455;0.620809;-0.395743;,
  -0.030095;0.654524;-0.377440;,
  -0.016561;0.650239;-0.396423;,
  0.017906;0.660570;-0.401815;,
  0.000673;0.657767;-0.400209;,
  0.017906;0.664208;-0.291098;,
  -0.030095;0.654524;-0.377440;,
  -0.016561;0.650239;-0.396423;,
  -0.039787;0.610208;-0.297755;,
  -0.045312;0.631043;-0.340190;,
  -0.038198;0.621570;-0.323380;,
  -0.050371;0.634339;-0.319767;,
  -0.050371;0.634339;-0.319767;,
  -0.039787;0.610208;-0.297755;,
  -0.045312;0.631043;-0.340190;,
  -0.035130;0.616285;-0.339823;,
  -0.035636;0.603838;-0.317956;,
  -0.033530;0.610162;-0.294983;,
  -0.016648;0.566528;-0.342129;,
  -0.035636;0.603838;-0.317956;,
  -0.020814;0.613339;-0.233417;,
  -0.017297;0.617394;-0.261001;,
  -0.052830;0.609682;-0.207639;,
  -0.020505;0.627260;-0.281721;,
  0.017906;0.557598;0.089289;,
  0.017906;0.535807;0.115780;,
  0.012439;0.459219;0.098182;,
  0.017906;0.472142;0.090695;,
  0.000673;0.657767;-0.400209;,
  0.017906;0.660570;-0.401815;,
  -0.002213;0.551437;-0.295840;,
  0.005324;0.550407;-0.319587;,
  0.005132;0.547748;-0.310308;,
  0.003032;0.560911;-0.342566;,
  0.017906;0.601211;-0.023284;,
  -0.052830;0.609682;-0.207639;,
  -0.074923;-0.001460;-0.067773;,
  -0.001618;0.550008;-0.289411;,
  0.006049;0.542763;-0.289195;,
  0.006234;0.547466;-0.292933;,
  0.006486;0.543807;-0.297955;,
  -0.080084;0.633705;-0.153953;,
  -0.060825;0.605544;-0.153839;,
  -0.064470;0.588168;-0.157137;,
  -0.065958;0.562548;-0.176738;,
  -0.032046;0.652138;-0.324358;,
  -0.012953;0.208725;-0.053736;,
  0.018731;0.137509;-0.052812;,
  -0.021293;0.134461;-0.033463;,
  0.018877;0.214085;-0.064594;,
  -0.017342;0.267213;-0.070468;,
  0.019007;0.269325;-0.076506;,
  -0.002371;0.356477;-0.041009;,
  0.018704;0.349774;-0.044748;,
  0.005013;0.442391;-0.018534;,
  0.018448;0.431510;-0.018166;,
  0.017906;0.445443;0.015503;,
  -0.023117;0.459593;0.015865;,
  0.018662;0.071650;-0.046597;,
  -0.023444;0.063401;-0.019049;,
  -0.016385;0.091438;0.101834;,
  -0.082980;0.160001;0.062572;,
  -0.066613;0.086876;0.069187;,
  -0.018163;0.164595;0.084262;,
  -0.084622;0.233987;0.053600;,
  -0.019777;0.224003;0.064550;,
  -0.018289;0.263993;0.052601;,
  -0.068789;0.268521;0.023296;,
  -0.086118;0.345493;0.059184;,
  -0.003696;0.337056;0.077167;,
  0.017906;0.535807;0.115780;,
  -0.021970;0.499456;0.114214;,
  -0.060825;0.605544;-0.153839;,
  -0.042789;0.458138;0.001524;,
  -0.054462;0.367452;-0.034017;,
  -0.059719;0.269686;-0.058701;,
  -0.060037;0.210435;-0.023492;,
  -0.059501;0.139076;-0.003530;,
  -0.061526;0.064293;0.019498;,
  0.120699;0.343894;0.043840;,
  0.056655;0.497269;0.111156;,
  0.101996;0.443958;0.084814;,
  0.105477;0.269986;-0.001712;,
  0.120531;0.226868;0.019841;,
  0.119630;0.152826;0.011228;,
  0.104676;0.082566;-0.001516;,
  -0.067783;0.447003;0.090006;;
  916;
  3;0,1,2;,
  3;1,0,3;,
  3;4,5,6;,
  3;5,4,7;,
  3;8,9,10;,
  3;9,8,11;,
  3;12,13,14;,
  3;13,12,15;,
  3;16,12,17;,
  3;12,16,15;,
  3;18,19,20;,
  3;19,18,16;,
  3;6,21,22;,
  3;21,6,5;,
  3;14,23,24;,
  3;23,14,13;,
  3;25,26,27;,
  3;26,25,28;,
  3;29,30,31;,
  3;30,29,32;,
  3;30,33,31;,
  3;33,30,34;,
  3;35,36,37;,
  3;36,35,38;,
  3;38,39,36;,
  3;39,38,40;,
  3;37,41,42;,
  3;41,37,36;,
  3;36,43,41;,
  3;43,36,39;,
  3;42,30,32;,
  3;30,42,41;,
  3;41,34,30;,
  3;34,41,43;,
  3;44,45,46;,
  3;45,44,47;,
  3;48,49,50;,
  3;49,48,51;,
  3;50,52,53;,
  3;52,50,49;,
  3;54,55,56;,
  3;55,54,57;,
  3;57,58,55;,
  3;58,57,59;,
  3;56,60,61;,
  3;60,56,55;,
  3;55,62,60;,
  3;62,55,58;,
  3;61,49,51;,
  3;49,61,60;,
  3;60,52,49;,
  3;52,60,62;,
  3;32,19,63;,
  3;19,32,29;,
  3;64,65,66;,
  3;65,64,20;,
  3;14,67,12;,
  3;67,14,68;,
  3;68,69,67;,
  3;69,68,70;,
  3;70,42,69;,
  3;42,70,37;,
  3;48,34,51;,
  3;34,48,33;,
  3;51,43,61;,
  3;43,51,34;,
  3;43,56,61;,
  3;56,43,39;,
  3;39,54,56;,
  3;54,39,40;,
  3;12,63,17;,
  3;63,12,67;,
  3;67,32,63;,
  3;32,67,69;,
  3;69,42,32;,
  3;71,72,25;,
  3;73,74,75;,
  3;74,73,76;,
  3;74,77,75;,
  3;77,74,78;,
  3;79,78,80;,
  3;78,79,77;,
  3;81,82,83;,
  3;82,84,85;,
  3;84,82,86;,
  3;87,88,89;,
  3;88,90,89;,
  3;90,88,91;,
  3;92,93,94;,
  3;92,89,93;,
  3;92,87,89;,
  3;89,95,93;,
  3;95,89,90;,
  3;96,93,82;,
  3;93,86,82;,
  3;86,93,95;,
  3;97,98,99;,
  3;98,97,100;,
  3;100,101,98;,
  3;101,100,102;,
  3;103,104,105;,
  3;104,103,106;,
  3;106,107,104;,
  3;107,106,108;,
  3;105,109,110;,
  3;109,105,104;,
  3;104,111,109;,
  3;111,104,107;,
  3;110,100,97;,
  3;100,110,109;,
  3;109,102,100;,
  3;102,109,111;,
  3;112,113,114;,
  3;113,112,115;,
  3;116,117,118;,
  3;117,116,119;,
  3;120,121,122;,
  3;121,120,123;,
  3;120,124,125;,
  3;124,120,122;,
  3;126,124,127;,
  3;124,126,125;,
  3;95,97,86;,
  3;97,95,110;,
  3;86,99,84;,
  3;99,86,97;,
  3;90,103,105;,
  3;103,90,91;,
  3;105,95,90;,
  3;95,105,110;,
  3;128,96,129;,
  3;96,128,94;,
  3;129,130,128;,
  3;130,129,131;,
  3;72,28,25;,
  3;28,72,132;,
  3;10,133,8;,
  3;134,135,136;,
  3;135,134,137;,
  3;81,137,134;,
  3;138,11,139;,
  3;138,9,11;,
  3;138,140,9;,
  3;141,11,142;,
  3;11,141,139;,
  3;128,130,143;,
  3;94,144,92;,
  3;94,143,144;,
  3;94,128,143;,
  3;145,87,146;,
  3;87,145,147;,
  3;75,148,73;,
  3;148,75,149;,
  3;150,147,145;,
  3;7,149,75;,
  3;148,151,73;,
  3;102,152,101;,
  3;152,102,126;,
  3;102,125,126;,
  3;125,102,111;,
  3;111,120,125;,
  3;120,111,107;,
  3;120,108,123;,
  3;108,120,107;,
  3;8,153,154;,
  3;153,8,133;,
  3;154,155,8;,
  3;155,154,156;,
  3;122,114,113;,
  3;114,122,121;,
  3;121,112,114;,
  3;112,121,157;,
  3;158,124,159;,
  3;124,158,127;,
  3;159,122,113;,
  3;122,159,124;,
  3;126,160,152;,
  3;160,126,161;,
  3;162,121,123;,
  3;121,162,163;,
  3;121,164,157;,
  3;164,121,163;,
  3;165,126,127;,
  3;126,165,161;,
  3;161,166,160;,
  3;166,161,167;,
  3;162,118,163;,
  3;118,162,116;,
  3;163,117,164;,
  3;117,163,118;,
  3;165,167,161;,
  3;167,165,168;,
  3;169,170,171;,
  3;170,169,172;,
  3;173,174,175;,
  3;174,173,176;,
  3;177,178,179;,
  3;178,177,173;,
  3;180,178,181;,
  3;178,180,182;,
  3;183,169,171;,
  3;169,183,184;,
  3;174,185,186;,
  3;185,174,176;,
  3;46,187,44;,
  3;187,46,188;,
  3;180,169,182;,
  3;169,180,172;,
  3;20,29,65;,
  3;19,29,20;,
  3;29,31,189;,
  3;31,190,189;,
  3;190,31,33;,
  3;33,191,190;,
  3;191,33,48;,
  3;191,50,192;,
  3;50,191,48;,
  3;192,53,193;,
  3;53,192,50;,
  3;194,171,185;,
  3;171,194,183;,
  3;171,186,185;,
  3;186,171,170;,
  3;185,176,194;,
  3;194,173,177;,
  3;173,194,176;,
  3;178,175,181;,
  3;175,178,173;,
  3;179,182,184;,
  3;182,179,178;,
  3;182,169,184;,
  3;16,17,19;,
  3;17,63,19;,
  3;65,195,66;,
  3;196,197,198;,
  3;197,196,199;,
  3;200,154,153;,
  3;154,200,201;,
  3;202,203,204;,
  3;205,206,207;,
  3;196,208,209;,
  3;208,196,198;,
  3;210,209,211;,
  3;209,210,196;,
  3;212,213,214;,
  3;213,212,215;,
  3;212,214,211;,
  3;201,216,217;,
  3;216,201,200;,
  3;218,219,220;,
  3;219,218,217;,
  3;210,199,196;,
  3;213,205,207;,
  3;221,222,223;,
  3;198,197,224;,
  3;224,225,226;,
  3;225,224,197;,
  3;227,213,207;,
  3;228,229,214;,
  3;229,228,230;,
  3;220,231,232;,
  3;213,228,214;,
  3;156,201,233;,
  3;201,156,154;,
  3;233,217,218;,
  3;217,233,201;,
  3;219,217,234;,
  3;235,219,234;,
  3;236,237,238;,
  3;237,236,239;,
  3;209,240,211;,
  3;240,209,241;,
  3;211,242,212;,
  3;242,211,240;,
  3;243,239,244;,
  3;239,243,237;,
  3;244,236,245;,
  3;236,244,239;,
  3;246,221,223;,
  3;221,246,215;,
  3;221,212,247;,
  3;212,221,215;,
  3;199,248,2;,
  3;248,199,249;,
  3;133,10,250;,
  3;249,210,251;,
  3;210,249,199;,
  3;210,211,251;,
  3;252,1,253;,
  3;1,252,2;,
  3;20,254,18;,
  3;254,20,64;,
  3;24,68,14;,
  3;68,24,255;,
  3;68,256,70;,
  3;256,68,255;,
  3;256,37,70;,
  3;37,256,257;,
  3;258,2,252;,
  3;2,258,199;,
  3;257,259,37;,
  3;37,259,35;,
  3;260,204,261;,
  3;204,260,202;,
  3;262,263,223;,
  3;263,262,264;,
  3;197,258,225;,
  3;258,197,199;,
  3;265,203,227;,
  3;265,207,266;,
  3;207,265,227;,
  3;223,267,246;,
  3;267,223,263;,
  3;88,87,147;,
  3;83,82,85;,
  3;78,16,18;,
  3;16,78,74;,
  3;74,15,16;,
  3;15,74,76;,
  3;15,71,13;,
  3;71,15,76;,
  3;13,268,23;,
  3;268,13,71;,
  3;248,269,2;,
  3;2,269,0;,
  3;136,129,134;,
  3;129,136,131;,
  3;134,96,81;,
  3;96,134,129;,
  3;96,82,81;,
  3;93,96,94;,
  3;29,189,65;,
  3;205,215,246;,
  3;267,205,246;,
  3;205,267,206;,
  3;205,213,215;,
  3;187,188,270;,
  3;224,271,272;,
  3;222,221,208;,
  3;224,222,198;,
  3;272,273,262;,
  3;273,272,271;,
  3;263,274,275;,
  3;273,276,262;,
  3;277,271,278;,
  3;271,277,273;,
  3;222,272,262;,
  3;272,222,224;,
  3;222,208,198;,
  3;209,221,247;,
  3;221,209,208;,
  3;223,222,262;,
  3;266,206,279;,
  3;206,266,207;,
  3;206,280,279;,
  3;280,206,267;,
  3;280,263,275;,
  3;263,280,267;,
  3;264,262,276;,
  3;76,73,72;,
  3;138,281,140;,
  3;73,132,72;,
  3;132,73,151;,
  3;72,71,76;,
  3;271,226,278;,
