xof 0303txt 0032
template ColorRGBA {
 <35ff44e0-6c7c-11cf-8f52-0040333594a3>
 FLOAT red;
 FLOAT green;
 FLOAT blue;
 FLOAT alpha;
}

template ColorRGB {
 <d3e16e81-7835-11cf-8f52-0040333594a3>
 FLOAT red;
 FLOAT green;
 FLOAT blue;
}

template Material {
 <3d82ab4d-62da-11cf-ab39-0020af71e433>
 ColorRGBA faceColor;
 FLOAT power;
 ColorRGB specularColor;
 ColorRGB emissiveColor;
 [...]
}

template TextureFilename {
 <a42790e1-7810-11cf-8f52-0040333594a3>
 STRING filename;
}

template Frame {
 <3d82ab46-62da-11cf-ab39-0020af71e433>
 [...]
}

template Matrix4x4 {
 <f6f23f45-7686-11cf-8f52-0040333594a3>
 array FLOAT matrix[16];
}

template FrameTransformMatrix {
 <f6f23f41-7686-11cf-8f52-0040333594a3>
 Matrix4x4 frameMatrix;
}

template Vector {
 <3d82ab5e-62da-11cf-ab39-0020af71e433>
 FLOAT x;
 FLOAT y;
 FLOAT z;
}

template MeshFace {
 <3d82ab5f-62da-11cf-ab39-0020af71e433>
 DWORD nFaceVertexIndices;
 array DWORD faceVertexIndices[nFaceVertexIndices];
}

template Mesh {
 <3d82ab44-62da-11cf-ab39-0020af71e433>
 DWORD nVertices;
 array Vector vertices[nVertices];
 DWORD nFaces;
 array MeshFace faces[nFaces];
 [...]
}

template MeshMaterialList {
 <f6f23f42-7686-11cf-8f52-0040333594a3>
 DWORD nMaterials;
 DWORD nFaceIndexes;
 array DWORD faceIndexes[nFaceIndexes];
 [Material <3d82ab4d-62da-11cf-ab39-0020af71e433>]
}

template VertexElement {
 <f752461c-1e23-48f6-b9f8-8350850f336f>
 DWORD Type;
 DWORD Method;
 DWORD Usage;
 DWORD UsageIndex;
}

template DeclData {
 <bf22e553-292c-4781-9fea-62bd554bdd93>
 DWORD nElements;
 array VertexElement Elements[nElements];
 DWORD nDWords;
 array DWORD data[nDWords];
}

template XSkinMeshHeader {
 <3cf169ce-ff7c-44ab-93c0-f78f62d172e2>
 WORD nMaxSkinWeightsPerVertex;
 WORD nMaxSkinWeightsPerFace;
 WORD nBones;
}

template SkinWeights {
 <6f0d123b-bad2-4167-a0d0-80224f25fabb>
 STRING transformNodeName;
 DWORD nWeights;
 array DWORD vertexIndices[nWeights];
 array FLOAT weights[nWeights];
 Matrix4x4 matrixOffset;
}

template AnimTicksPerSecond {
 <9e415a43-7ba6-4a73-8743-b73d47e88476>
 DWORD AnimTicksPerSecond;
}

template Animation {
 <3d82ab4f-62da-11cf-ab39-0020af71e433>
 [...]
}

template AnimationSet {
 <3d82ab50-62da-11cf-ab39-0020af71e433>
 [Animation <3d82ab4f-62da-11cf-ab39-0020af71e433>]
}

template FloatKeys {
 <10dd46a9-775b-11cf-8f52-0040333594a3>
 DWORD nValues;
 array FLOAT values[nValues];
}

template TimedFloatKeys {
 <f406b180-7b3b-11cf-8f52-0040333594a3>
 DWORD time;
 FloatKeys tfkeys;
}

template AnimationKey {
 <10dd46a8-775b-11cf-8f52-0040333594a3>
 DWORD keyType;
 DWORD nKeys;
 array TimedFloatKeys keys[nKeys];
}


Material _03_-_Default {
 1.000000;1.000000;1.000000;1.000000;;
 9.999999;
 0.000000;0.000000;0.000000;;
 0.000000;0.000000;0.000000;;

 TextureFilename {
  "MaleBody_full.png";
 }
}

Frame Dummy01 {
 

 FrameTransformMatrix {
  1.000000,0.000000,0.000000,0.000000,0.000000,-0.000000,-1.000000,0.000000,0.000000,1.000000,-0.000000,0.000000,0.000000,0.000000,0.000000,1.000000;;
 }

 Frame Bip01 {
  

  FrameTransformMatrix {
   0.000001,0.965926,-0.258819,0.000000,-0.000000,0.258819,0.965926,0.000000,1.000000,-0.000001,0.000000,0.000000,0.000000,0.030000,0.540000,1.000000;;
  }

  Frame Bip01_Pelvis {
   

   FrameTransformMatrix {
    -0.000000,1.000000,-0.000001,0.000000,0.063244,0.000001,0.997998,0.000000,0.997998,-0.000000,-0.063244,0.000000,0.000000,0.000000,0.000000,1.000000;;
   }

   Frame Bip01_Spine {
    

    FrameTransformMatrix {
     1.000000,0.000052,0.000795,0.000000,-0.000001,0.997998,-0.063241,0.000000,-0.000796,0.063241,0.997998,0.000000,0.051633,-0.000005,-0.000085,1.000000;;
    }

    Frame Bip01_Spine1 {
     

     FrameTransformMatrix {
      0.945755,-0.083334,0.314011,0.000000,0.246060,0.814856,-0.524847,0.000000,-0.212136,0.573643,0.791159,0.000000,0.106498,-0.000049,-0.000067,1.000000;;
     }

     Frame Bip01_Neck {
      

      FrameTransformMatrix {
       1.000000,0.000000,-0.000000,0.000000,-0.000000,1.000000,0.000000,0.000000,0.000000,0.000000,1.000000,0.000000,0.130505,0.000000,0.004625,1.000000;;
      }

      Frame Bip01_Head {
       

       FrameTransformMatrix {
        0.945504,0.246478,-0.212767,0.000000,-0.083334,0.814856,0.573643,0.000000,0.314765,-0.524651,0.790989,0.000000,0.033674,0.000000,-0.000000,1.000000;;
       }

       Frame Bip01_HeadNub {
        

        FrameTransformMatrix {
         1.000000,0.000000,0.000000,0.000000,-0.000000,1.000000,-0.000000,0.000000,0.000000,0.000000,1.000000,0.000000,0.169824,0.000000,0.000000,1.000000;;
        }
       }
      }

      Frame Bip01_L_Clavicle {
       

       FrameTransformMatrix {
        -0.000000,1.000000,-0.000003,0.000000,1.000000,0.000000,-0.000796,0.000000,-0.000796,-0.000003,-1.000000,0.000000,-0.024025,0.015714,-0.004625,1.000000;;
       }

       Frame Bip01_L_UpperArm {
        

        FrameTransformMatrix {
         0.399346,-0.833022,0.382879,0.000000,0.847789,0.176578,-0.500074,0.000000,0.348965,0.524303,0.776743,0.000000,0.087086,0.000000,0.000000,1.000000;;
        }

        Frame Bip01_L_Forearm {
         

         FrameTransformMatrix {
          -0.238445,0.000000,-0.971156,0.000000,0.000000,1.000000,0.000000,0.000000,0.971156,-0.000000,-0.238445,0.000000,0.137062,-0.000000,0.000000,1.000000;;
         }

         Frame Bip01_L_Hand {
          

          FrameTransformMatrix {
           0.830301,0.000000,-0.557315,0.000000,0.557315,0.000796,0.830301,0.000000,0.000444,-1.000000,0.000661,0.000000,0.137062,0.000000,0.000000,1.000000;;
          }

          Frame Bip01_L_Finger0 {
           

           FrameTransformMatrix {
            0.690342,-0.181727,0.700288,0.000000,0.558537,0.749101,-0.356210,0.000000,-0.459853,0.637043,0.618637,0.000000,0.057681,-0.023605,-0.000272,1.000000;;
           }

           Frame Bip01_L_Finger0Nub {
            

            FrameTransformMatrix {
             1.000000,-0.000000,-0.000000,0.000000,-0.000000,1.000000,0.000000,0.000000,0.000000,0.000000,1.000000,0.000000,0.029435,0.000000,0.000000,1.000000;;
            }
           }
          }

          Frame Bip01_L_Finger1 {
           

           FrameTransformMatrix {
            0.728079,-0.000546,0.685493,0.000000,0.000000,1.000000,0.000796,0.000000,-0.685493,-0.000580,0.728079,0.000000,0.084102,0.000000,-0.000000,1.000000;;
           }

           Frame Bip01_L_Finger1Nub {
            

            FrameTransformMatrix {
             1.000000,0.000000,0.000000,0.000000,-0.000000,1.000000,-0.000000,0.000000,0.000000,-0.000000,1.000000,0.000000,0.047988,0.000000,0.000000,1.000000;;
            }
           }
          }
         }
        }
       }
      }

      Frame Bip01_R_Clavicle {
       

       FrameTransformMatrix {
        -0.000246,-0.951120,-0.308822,0.000000,-1.000000,0.000000,0.000796,0.000000,-0.000757,0.308822,-0.951120,0.000000,-0.024025,-0.015714,-0.004625,1.000000;;
       }

       Frame Bip01_R_UpperArm {
        

        FrameTransformMatrix {
         0.372018,0.869776,-0.324180,0.000000,-0.884325,0.438241,0.160979,0.000000,0.282085,0.226793,0.932198,0.000000,0.087086,0.000000,0.000000,1.000000;;
        }

        Frame Bip01_R_Forearm {
         

         FrameTransformMatrix {
          -0.592546,0.000000,-0.805537,0.000000,-0.000000,1.000000,-0.000000,0.000000,0.805537,-0.000000,-0.592546,0.000000,0.137062,0.000000,-0.000000,1.000000;;
         }

         Frame Bip01_R_Hand {
          

          FrameTransformMatrix {
           0.856378,0.308824,-0.413817,0.000000,-0.435305,0.000757,-0.900283,0.000000,-0.277716,0.951119,0.135081,0.000000,0.137062,0.000000,0.000000,1.000000;;
          }

          Frame Bip01_R_Finger0 {
           

           FrameTransformMatrix {
            0.417774,-0.116941,0.900994,0.000000,-0.558537,0.749101,0.356210,0.000000,-0.716591,-0.652053,0.247639,0.000000,0.057681,0.023605,-0.000272,1.000000;;
           }

           Frame Bip01_R_Finger0Nub {
            

            FrameTransformMatrix {
             -1.000000,0.000000,0.000000,0.000000,-0.000000,1.000000,0.000000,0.000000,0.000000,0.000000,-1.000000,0.000000,0.029435,0.000000,0.000000,1.000000;;
            }
           }
          }

          Frame Bip01_R_Finger1 {
           

           FrameTransformMatrix {
            0.352436,0.000745,0.935835,0.000000,0.000000,1.000000,-0.000796,0.000000,-0.935836,0.000281,0.352436,0.000000,0.084102,-0.000000,0.000000,1.000000;;
           }

           Frame Bip01_R_Finger1Nub {
            

            FrameTransformMatrix {
             -1.000000,0.000000,0.000000,0.000000,-0.000000,1.000000,0.000000,0.000000,-0.000000,0.000000,-1.000000,0.000000,0.047988,0.000000,0.000000,1.000000;;
            }
           }
          }
         }
        }
       }
      }
     }

     Frame Bip01_BackPack {
      

      FrameTransformMatrix {
       -0.194819,-0.162967,-0.967206,0.000000,-0.086008,0.985140,-0.148665,0.000000,0.977061,0.054224,-0.205941,0.000000,0.035864,0.002817,-0.087814,1.000000;;
      }

      Frame Bip01_BackPackNub {
       

       FrameTransformMatrix {
        0.000796,0.000003,1.000000,0.000000,-0.000000,-1.000000,0.000003,0.000000,1.000000,0.000000,-0.000796,0.000000,0.053240,0.000000,0.000000,1.000000;;
       }
      }
     }
    }

    Frame Bip01_L_Thigh {
     

     FrameTransformMatrix {
      -0.701026,0.001363,0.713135,0.000000,-0.001058,-0.999999,0.000871,0.000000,0.713135,-0.000144,0.701027,0.000000,-0.051631,0.055115,0.003618,1.000000;;
     }

     Frame Bip01_L_Calf {
      

      FrameTransformMatrix {
       0.979644,0.000000,-0.200745,0.000000,-0.000000,1.000000,0.000000,0.000000,0.200745,0.000000,0.979644,0.000000,0.237500,0.000000,0.000000,1.000000;;
      }

      Frame Bip01_L_Foot {
       

       FrameTransformMatrix {
        0.981172,0.001361,0.193131,0.000000,-0.023207,0.993561,0.110896,0.000000,-0.191736,-0.113290,0.974886,0.000000,0.206841,0.000000,-0.000000,1.000000;;
       }

       Frame Bip01_L_Toe0 {
        

        FrameTransformMatrix {
         -0.000000,0.000001,1.000000,0.000000,-0.000000,1.000000,-0.000001,0.000000,-1.000000,-0.000000,-0.000000,0.000000,0.065373,0.000000,0.066450,1.000000;;
        }

        Frame Bip01_L_Toe0Nub {
         

         FrameTransformMatrix {
          -1.000000,0.000000,0.000000,0.000000,-0.000000,1.000000,-0.000000,0.000000,-0.000000,-0.000000,-1.000000,0.000000,0.006735,-0.000000,0.000000,1.000000;;
         }
        }
       }
      }
     }
    }

    Frame Bip01_R_Thigh {
     

     FrameTransformMatrix {
      -0.996816,-0.000000,0.079738,0.000000,0.000000,-1.000000,0.000003,0.000000,0.079738,0.000003,0.996816,0.000000,-0.051636,-0.055115,-0.003367,1.000000;;
     }

     Frame Bip01_R_Calf {
      

      FrameTransformMatrix {
       0.161776,0.000000,-0.986827,0.000000,0.000000,1.000000,-0.000000,0.000000,0.986827,-0.000000,0.161776,0.000000,0.237500,-0.000000,-0.000000,1.000000;;
      }

      Frame Bip01_R_Foot {
       

       FrameTransformMatrix {
        0.955836,0.000000,-0.293901,0.000000,-0.000000,1.000000,0.000001,0.000000,0.293901,-0.000000,0.955836,0.000000,0.206841,0.000000,-0.000000,1.000000;;
       }

       Frame Bip01_R_Toe0 {
        

        FrameTransformMatrix {
         -0.000000,-0.000000,1.000000,0.000000,0.000001,1.000000,0.000000,0.000000,-1.000000,0.000001,-0.000000,0.000000,0.065373,0.000000,0.066450,1.000000;;
        }

        Frame Bip01_R_Toe0Nub {
         

         FrameTransformMatrix {
          1.000000,0.000000,0.000000,0.000000,0.000000,1.000000,0.000000,0.000000,0.000000,0.000000,1.000000,0.000000,0.006735,0.000000,0.000000,1.000000;;
         }
        }
       }
      }
     }
    }
   }

   Frame Bip01_DressFront {
    

    FrameTransformMatrix {
     -0.676291,-0.085649,0.731638,0.000000,0.214263,0.927403,0.306620,0.000000,-0.704785,0.364127,-0.608843,0.000000,-0.004466,-0.021145,0.092771,1.000000;;
    }

    Frame Bip01_DressFront02 {
     

     FrameTransformMatrix {
      0.884054,-0.048771,0.464833,0.000000,0.039282,0.998775,0.030082,0.000000,-0.465730,-0.008335,0.884887,0.000000,0.183386,0.000001,-0.000117,1.000000;;
     }

     Frame Bip01_DressFrontNub {
      

      FrameTransformMatrix {
       0.000796,0.000003,1.000000,0.000000,0.000000,-1.000000,0.000003,0.000000,1.000000,-0.000000,-0.000796,0.000000,0.165302,0.000000,0.000000,1.000000;;
      }
     }
    }
   }

   Frame Bip01_DressBack {
    

    FrameTransformMatrix {
     -0.886022,0.038029,0.462080,0.000000,0.191625,0.937561,0.290274,0.000000,-0.422190,0.345735,-0.837988,0.000000,-0.047673,-0.000048,-0.078302,1.000000;;
    }

    Frame Bip01_DressBack02 {
     

     FrameTransformMatrix {
      0.936852,0.174932,-0.302833,0.000000,-0.166408,0.984581,0.053939,0.000000,0.307600,-0.000139,0.951516,0.000000,0.176125,0.000000,-0.000103,1.000000;;
     }

     Frame Bip01_DressBackNub {
      

      FrameTransformMatrix {
       0.000796,0.000003,1.000000,0.000000,0.000000,-1.000000,0.000003,0.000000,1.000000,-0.000000,-0.000796,0.000000,0.136508,-0.000000,0.000000,1.000000;;
      }
     }
    }
   }
  }

  Frame Bip01_Prop1 {
   

   FrameTransformMatrix {
    0.241971,0.418247,-0.875511,0.000000,0.113544,0.883919,0.453645,0.000000,0.963617,-0.209178,0.166394,0.000000,0.123211,0.187176,-0.060712,1.000000;;
   }
  }

  Frame Bip01_Prop2 {
   

   FrameTransformMatrix {
    0.986990,-0.103964,0.122644,0.000000,0.135372,0.948906,-0.285047,0.000000,-0.086743,0.297941,0.950635,0.000000,0.061031,0.095187,0.102264,1.000000;;
   }
  }
 }
}

Frame Translation_Data {
 

 FrameTransformMatrix {
  1.000000,0.000000,0.000000,0.000000,0.000000,-0.000000,-1.000000,0.000000,0.000000,1.000000,-0.000000,0.000000,0.000000,0.000000,0.000000,1.000000;;
 }
}

Frame Body {
 

 FrameTransformMatrix {
  1.000000,0.000000,0.000000,0.000000,0.000000,1.000000,0.000000,0.000000,0.000000,0.000000,1.000000,0.000000,0.000000,0.000000,0.000000,1.000000;;
 }

 Mesh Body {
  617;
  0.062278;0.801610;-0.122595;,
  0.036254;0.776918;-0.133547;,
  0.019533;0.806029;-0.139119;,
  0.075628;0.787135;-0.109744;,
  0.082043;0.772316;-0.098130;,
  0.069684;0.719864;-0.113415;,
  0.055668;0.746992;-0.126747;,
  0.086939;0.743171;-0.077606;,
  -0.003210;0.837066;-0.121295;,
  0.025561;0.846235;-0.071381;,
  0.034319;0.838524;-0.102551;,
  -0.003800;0.838607;-0.081267;,
  0.085627;0.596302;-0.010616;,
  0.045739;0.609361;0.008201;,
  0.045926;0.598720;0.016595;,
  0.078224;0.605776;-0.015433;,
  0.070107;0.592532;-0.069414;,
  0.083940;0.571047;-0.045672;,
  0.040760;0.580774;-0.096569;,
  0.067785;0.543104;-0.066075;,
  0.038359;0.530026;-0.072190;,
  0.026934;0.700607;-0.137468;,
  0.023688;0.732225;-0.147832;,
  0.002887;0.607844;0.010745;,
  0.003969;0.595224;0.020045;,
  0.028351;0.718699;-0.002565;,
  -0.036424;0.749425;-0.027877;,
  -0.020087;0.711079;-0.011064;,
  0.014167;0.766243;-0.012477;,
  0.055062;0.518081;-0.084910;,
  0.096205;0.422448;-0.117218;,
  0.058281;0.439256;-0.140343;,
  0.090136;0.503475;-0.054000;,
  0.055609;0.358214;-0.189211;,
  0.084586;0.335506;-0.151096;,
  0.006629;0.515441;-0.070477;,
  0.017285;0.389352;-0.052339;,
  0.016291;0.497189;0.049463;,
  0.010668;0.427332;-0.117800;,
  0.031119;0.320244;-0.115041;,
  0.027889;0.337485;-0.153618;,
  0.096792;0.391089;-0.060547;,
  0.085987;0.471055;-0.003749;,
  0.071890;0.321725;-0.114793;,
  0.072766;0.074549;-0.243085;,
  0.028310;0.054130;-0.207887;,
  0.028506;0.078633;-0.250112;,
  0.062973;0.052271;-0.204713;,
  0.055623;0.295152;-0.189345;,
  0.082132;0.212449;-0.189277;,
  0.052727;0.225567;-0.214652;,
  0.087232;0.282479;-0.163746;,
  0.071611;0.137407;-0.214192;,
  0.052757;0.150778;-0.240252;,
  0.014007;0.270257;-0.173448;,
  0.021204;0.206665;-0.149768;,
  0.016251;0.264202;-0.118086;,
  0.023325;0.214482;-0.191822;,
  0.038351;0.138211;-0.189454;,
  0.035135;0.133932;-0.223200;,
  0.083217;0.204069;-0.151669;,
  0.088351;0.269373;-0.116087;,
  0.062511;0.141954;-0.187004;,
  0.090357;0.544406;-0.033594;,
  -0.003333;0.520203;-0.079152;,
  0.006629;0.515441;-0.070477;,
  -0.002448;0.490498;-0.056725;,
  0.095524;0.553333;0.020046;,
  0.047113;0.559086;0.046601;,
  0.087653;0.491631;0.013437;,
  0.043754;0.499410;0.040127;,
  0.037100;0.664983;0.002053;,
  0.062289;0.718042;-0.010065;,
  0.077452;0.719863;-0.023775;,
  0.071647;0.651141;-0.064990;,
  0.086935;0.706529;-0.071990;,
  0.071317;0.662216;-0.017582;,
  0.066179;0.688071;-0.109267;,
  0.054318;0.637822;-0.093044;,
  0.011233;0.678957;-0.130213;,
  0.008630;0.627350;-0.101553;,
  0.106957;0.787441;-0.074427;,
  0.121777;0.772275;-0.028435;,
  0.054317;0.778066;-0.080496;,
  0.075081;0.753630;0.021645;,
  0.065558;0.751679;-0.026140;,
  0.121433;0.767802;0.020788;,
  0.037766;0.823980;-0.044030;,
  0.065558;0.751679;-0.026140;,
  0.046216;0.807438;0.003564;,
  0.067665;0.768802;0.056334;,
  0.075081;0.753630;0.021645;,
  0.043263;0.833599;-0.041643;,
  0.102462;0.828265;0.001038;,
  0.087177;0.842544;-0.044079;,
  0.113942;0.782692;0.055634;,
  0.105368;0.814776;-0.062324;,
  0.124244;0.770414;-0.001141;,
  0.090682;0.706792;-0.034898;,
  0.069271;0.753851;-0.003133;,
  0.125019;0.719534;-0.032446;,
  0.102014;0.673238;-0.050553;,
  0.127856;0.675294;-0.055126;,
  0.069271;0.753851;-0.003133;,
  0.104422;0.682500;0.015052;,
  0.074952;0.726376;0.053076;,
  0.090682;0.706792;-0.034898;,
  0.114132;0.649929;-0.023521;,
  0.102014;0.673238;-0.050553;,
  0.130638;0.692688;0.016787;,
  0.129583;0.742953;0.054892;,
  0.132304;0.655097;-0.024117;,
  0.090721;0.636133;-0.161882;,
  0.097339;0.608578;-0.112347;,
  0.083777;0.643660;-0.142414;,
  0.104076;0.601631;-0.131777;,
  0.086229;0.663821;-0.122685;,
  0.099127;0.659290;-0.132357;,
  0.090494;0.654588;-0.127416;,
  0.091264;0.671639;-0.129730;,
  0.101673;0.627128;-0.060029;,
  0.111304;0.666062;-0.105157;,
  0.113062;0.614654;-0.093354;,
  0.092065;0.672862;-0.077006;,
  0.131176;0.614880;-0.101716;,
  0.139061;0.632882;-0.060676;,
  0.129988;0.681179;-0.077621;,
  0.129805;0.664576;-0.112371;,
  0.055706;0.851701;-0.088793;,
  0.075910;0.843901;-0.109415;,
  0.034319;0.838524;-0.102551;,
  0.045751;0.825873;-0.118738;,
  0.053155;0.774316;-0.014891;,
  0.020176;0.825478;-0.132668;,
  0.087100;0.818541;-0.116475;,
  0.075628;0.787135;-0.109744;,
  0.062278;0.801610;-0.122595;,
  0.088497;0.795594;-0.098554;,
  0.041790;0.823061;-0.038146;,
  0.000884;0.804200;-0.036202;,
  0.045583;0.826465;-0.042148;,
  -0.047645;0.779471;-0.056493;,
  -0.038363;0.815289;-0.103797;,
  0.025561;0.846235;-0.071381;,
  0.045583;0.826465;-0.042148;,
  0.067433;0.779837;-0.073724;,
  0.052395;0.815609;-0.044231;,
  0.054317;0.778066;-0.080496;,
  0.069572;0.761286;-0.037700;,
  0.079322;0.744715;-0.065482;,
  0.082043;0.772316;-0.098130;,
  0.066839;0.770712;-0.024762;,
  0.092065;0.672862;-0.077006;,
  0.015997;0.843904;-0.146671;,
  0.001189;0.849333;-0.130964;,
  -0.029627;0.829624;-0.131964;,
  -0.024954;0.848135;-0.130702;,
  0.129805;0.664576;-0.112371;,
  0.090721;0.636133;-0.161882;,
  0.104076;0.601631;-0.131777;,
  0.087373;0.670253;-0.103829;,
  0.104306;0.682404;-0.119211;,
  0.087373;0.670253;-0.103829;,
  0.098005;0.657628;-0.110490;,
  0.119940;0.666700;-0.116993;,
  0.119940;0.666700;-0.116993;,
  0.086229;0.663821;-0.122685;,
  0.091264;0.671639;-0.129730;,
  0.099127;0.659290;-0.132357;,
  0.087661;0.131129;-0.297753;,
  0.062664;0.136353;-0.350027;,
  0.060533;0.148923;-0.334640;,
  0.094004;0.115682;-0.314248;,
  0.025791;0.088557;-0.200697;,
  0.028506;0.078633;-0.250112;,
  0.028310;0.054130;-0.207887;,
  0.027430;0.101582;-0.239947;,
  0.038351;0.138211;-0.189454;,
  0.067124;0.089088;-0.195572;,
  0.062511;0.141954;-0.187004;,
  0.072766;0.074549;-0.243085;,
  0.062973;0.052271;-0.204713;,
  0.074188;0.105975;-0.227626;,
  0.052757;0.150778;-0.240252;,
  0.071611;0.137407;-0.214192;,
  0.032034;0.142658;-0.329856;,
  0.026766;0.133146;-0.344450;,
  0.094004;0.115682;-0.314248;,
  0.026766;0.133146;-0.344450;,
  0.010668;0.427332;-0.117800;,
  0.027889;0.337485;-0.153618;,
  0.014007;0.270257;-0.173448;,
  0.023325;0.214482;-0.191822;,
  0.035135;0.133932;-0.223200;,
  0.035135;0.133932;-0.223200;,
  0.000744;0.491450;-0.004833;,
  0.035033;0.837403;-0.173299;,
  0.017512;0.824310;-0.188975;,
  0.026442;0.830533;-0.191726;,
  0.014475;0.834596;-0.162699;,
  0.027334;0.860230;-0.153356;,
  0.019417;0.873454;-0.134783;,
  0.008604;0.971564;-0.208345;,
  -0.011077;0.959236;-0.233709;,
  -0.011077;0.976096;-0.209074;,
  0.022840;0.897839;-0.243136;,
  0.005881;0.895631;-0.249482;,
  0.019172;0.927154;-0.239987;,
  0.032321;0.849904;-0.198559;,
  0.040359;0.865285;-0.174395;,
  0.033464;0.850072;-0.166524;,
  0.041483;0.902740;-0.163455;,
  0.041959;0.908675;-0.187258;,
  0.032577;0.936820;-0.225095;,
  0.041242;0.943815;-0.199481;,
  0.037726;0.899682;-0.212629;,
  0.038876;0.909326;-0.148217;,
  0.028039;0.920971;-0.129640;,
  -0.011077;0.923873;-0.118812;,
  0.021779;0.964653;-0.149764;,
  -0.011077;0.968362;-0.140034;,
  0.038200;0.877544;-0.207608;,
  0.022964;0.837992;-0.210475;,
  0.023765;0.868402;-0.229639;,
  0.008425;0.811729;-0.217673;,
  -0.011077;0.808364;-0.205225;,
  -0.011077;0.806649;-0.226297;,
  0.014681;0.947762;-0.234745;,
  0.028284;0.961506;-0.206136;,
  0.036924;0.958691;-0.167877;,
  0.023390;0.974231;-0.179591;,
  0.006156;0.980779;-0.174287;,
  -0.011077;0.983395;-0.172392;,
  -0.011077;0.883974;-0.123535;,
  0.036924;0.958691;-0.167877;,
  0.023390;0.974231;-0.179591;,
  0.046616;0.867831;-0.175494;,
  0.052141;0.915079;-0.173957;,
  0.057200;0.897820;-0.162553;,
  0.045027;0.895861;-0.175678;,
  0.057200;0.897820;-0.162553;,
  0.046616;0.867831;-0.175494;,
  0.052141;0.915079;-0.173957;,
  0.041959;0.908675;-0.187258;,
  0.042465;0.883623;-0.189609;,
  0.040359;0.865285;-0.174395;,
  0.023477;0.890310;-0.233560;,
  0.042465;0.883623;-0.189609;,
  0.020176;0.825478;-0.132668;,
  0.015997;0.843904;-0.146671;,
  0.045751;0.825873;-0.118738;,
  0.027334;0.860230;-0.153356;,
  0.008621;0.779590;-0.160093;,
  0.014659;0.757368;-0.152446;,
  -0.002797;0.578272;-0.097416;,
  0.005156;0.557170;0.049628;,
  0.004964;0.523382;0.055541;,
  -0.001673;0.476857;0.023230;,
  -0.001693;0.810954;-0.184904;,
  0.000744;0.491450;-0.004833;,
  0.006156;0.980779;-0.174287;,
  -0.011077;0.983395;-0.172392;,
  0.009042;0.841911;-0.228275;,
  0.001505;0.863132;-0.238981;,
  0.001697;0.853581;-0.237589;,
  -0.011077;0.947824;-0.244185;,
  -0.011077;0.924098;-0.253376;,
  0.003797;0.888398;-0.238860;,
  -0.008311;0.660229;-0.001255;,
  0.045751;0.825873;-0.118738;,
  0.062664;0.136353;-0.350027;,
  0.000780;0.832286;-0.233447;,
  0.008447;0.835463;-0.226933;,
  0.000595;0.837627;-0.230698;,
  -0.011077;0.851778;-0.242356;,
  -0.011077;0.858628;-0.253023;,
  0.000343;0.840700;-0.236100;,
  -0.011077;0.837838;-0.231258;,
  -0.011077;0.830204;-0.235874;,
  -0.011077;0.893423;-0.255828;,
  -0.011077;0.884808;-0.250424;,
  0.052395;0.815609;-0.044231;,
  -0.011077;0.840159;-0.239796;,
  0.053484;0.787322;-0.065170;,
  0.067433;0.779837;-0.073724;,
  0.082043;0.772316;-0.098130;,
  0.038876;0.909326;-0.148217;,
  0.055623;0.295152;-0.189345;,
  0.007206;0.233937;-0.228227;,
  -0.003866;0.308379;-0.210856;,
  0.052727;0.225567;-0.214652;,
  0.055609;0.358214;-0.189211;,
  -0.000314;0.362436;-0.203531;,
  0.058281;0.439256;-0.140343;,
  -0.005688;0.440249;-0.151520;,
  0.055062;0.518081;-0.084910;,
  -0.003513;0.517864;-0.108134;,
  0.038359;0.530026;-0.072190;,
  0.007993;0.164709;-0.247476;,
  0.052757;0.150778;-0.240252;,
  0.028145;0.194429;-0.123226;,
  0.021938;0.199590;-0.026211;,
  0.030329;0.130075;-0.150837;,
  0.017731;0.251284;-0.012159;,
  0.012286;0.302688;-0.002667;,
  0.020633;0.257263;-0.105968;,
  0.012165;0.345690;0.018460;,
  0.023900;0.305853;-0.088309;,
  0.016134;0.382478;-0.039097;,
  0.004113;0.418302;0.032295;,
  0.005925;0.496036;0.055800;,
  0.053484;0.787322;-0.065170;,
  -0.059431;0.753664;-0.176786;,
  -0.017979;0.752035;-0.163029;,
  -0.063683;0.730781;-0.173996;,
  -0.026209;0.785042;-0.163986;,
  -0.056567;0.710171;-0.173389;,
  -0.022730;0.688365;-0.150736;,
  -0.068172;0.690303;-0.140247;,
  -0.011021;0.716394;-0.163001;,
  -0.050528;0.815356;-0.147019;,
  -0.101261;0.789138;-0.135915;,
  -0.080171;0.803567;-0.122785;,
  -0.079832;0.793968;-0.150328;,
  -0.080739;0.599031;-0.000433;,
  -0.039952;0.610485;0.012395;,
  -0.074669;0.607781;-0.007949;,
  -0.037958;0.600096;0.021730;,
  -0.072211;0.594399;-0.062447;,
  -0.084165;0.573804;-0.035382;,
  -0.045980;0.581911;-0.092323;,
  -0.071372;0.543323;-0.058833;,
  -0.043523;0.531369;-0.067177;,
  0.002887;0.607844;0.010745;,
  0.003969;0.595224;0.020045;,
  -0.066127;0.699237;-0.025626;,
  -0.036424;0.749425;-0.027877;,
  -0.083351;0.733006;-0.051860;,
  -0.020087;0.711079;-0.011064;,
  -0.056048;0.492491;-0.059840;,
  -0.096012;0.397789;-0.013567;,
  -0.090177;0.498164;-0.022898;,
  -0.058096;0.395393;-0.042065;,
  -0.055295;0.287109;-0.010712;,
  -0.084266;0.309607;0.016387;,
  -0.006578;0.498791;-0.039190;,
  -0.017088;0.415377;0.057105;,
  -0.010481;0.401211;-0.017239;,
  -0.007871;0.497585;0.050942;,
  -0.030800;0.332596;0.037304;,
  -0.027570;0.308286;0.014194;,
  -0.096592;0.411209;0.049796;,
  -0.083806;0.493302;0.038598;,
  -0.071572;0.333143;0.036293;,
  -0.073472;0.342471;0.283404;,
  -0.033906;0.385670;0.269245;,
  -0.068763;0.385424;0.269350;,
  -0.028577;0.339551;0.284343;,
  -0.055231;0.287308;0.065564;,
  -0.081637;0.315692;0.143279;,
  -0.086839;0.315696;0.068747;,
  -0.052234;0.287361;0.139604;,
  -0.071257;0.316800;0.221301;,
  -0.051262;0.289083;0.222469;,
  -0.013592;0.310773;0.083453;,
  -0.020724;0.354799;0.135100;,
  -0.022830;0.312610;0.142161;,
  -0.015860;0.364862;0.070186;,
  -0.038816;0.339200;0.208606;,
  -0.034671;0.315525;0.227670;,
  -0.082732;0.353895;0.138275;,
  -0.087967;0.364961;0.064741;,
  -0.063012;0.338275;0.204276;,
  -0.089929;0.547363;-0.022558;,
  -0.006578;0.498791;-0.039190;,
  -0.088221;0.556347;0.031293;,
  -0.036772;0.560462;0.051736;,
  -0.083392;0.507339;0.040238;,
  -0.036960;0.516008;0.058822;,
  -0.053106;0.655551;-0.008726;,
  -0.089671;0.686737;-0.047156;,
  -0.095354;0.684264;-0.065955;,
  -0.064862;0.636868;-0.081302;,
  -0.079664;0.646430;-0.035623;,
  -0.074121;0.673350;-0.111302;,
  -0.032550;0.667732;-0.133366;,
  -0.038612;0.628106;-0.104148;,
  -0.111367;0.724597;-0.187964;,
  -0.065504;0.731140;-0.160589;,
  -0.127833;0.677016;-0.182503;,
  -0.101962;0.631888;-0.130765;,
  -0.143468;0.634470;-0.155594;,
  -0.075276;0.670779;-0.154417;,
  -0.093167;0.731485;-0.106308;,
  -0.104694;0.682694;-0.096468;,
  -0.075276;0.670779;-0.154417;,
  -0.111481;0.613600;-0.108419;,
  -0.101962;0.631888;-0.130765;,
  -0.103766;0.734502;-0.103665;,
  -0.157337;0.689248;-0.124568;,
  -0.140278;0.735673;-0.129740;,
  -0.152769;0.615899;-0.133335;,
  -0.130721;0.731308;-0.166134;,
  -0.144156;0.661672;-0.159743;,
  -0.070804;0.680479;-0.183816;,
  -0.103705;0.679240;-0.200047;,
  -0.094513;0.662740;-0.130851;,
  -0.053171;0.686319;-0.217097;,
  -0.070613;0.690298;-0.235881;,
  -0.094513;0.662740;-0.130851;,
  -0.069869;0.625333;-0.199047;,
  -0.070804;0.680479;-0.183816;,
  -0.086891;0.601610;-0.140592;,
  -0.049271;0.652531;-0.234719;,
  -0.053171;0.686319;-0.217097;,
  -0.095298;0.624634;-0.211170;,
  -0.136242;0.600813;-0.169317;,
  -0.063739;0.654719;-0.245510;,
  0.028147;0.750131;-0.229880;,
  0.011713;0.701576;-0.254962;,
  0.028705;0.713777;-0.260753;,
  0.010764;0.738165;-0.223672;,
  -0.004377;0.728037;-0.218643;,
  0.000016;0.737670;-0.231618;,
  -0.004815;0.739656;-0.217691;,
  0.002028;0.727535;-0.227836;,
  -0.015742;0.672267;-0.241814;,
  -0.028413;0.731018;-0.236076;,
  -0.035719;0.706838;-0.212184;,
  0.002143;0.697382;-0.262913;,
  -0.003903;0.707211;-0.279190;,
  -0.039496;0.680349;-0.270131;,
  -0.061608;0.716132;-0.239590;,
  -0.033957;0.739104;-0.253408;,
  -0.107662;0.792930;-0.152937;,
  -0.103507;0.779756;-0.179442;,
  -0.079832;0.793968;-0.150328;,
  -0.068098;0.781773;-0.168283;,
  -0.107351;0.719610;-0.079710;,
  -0.042927;0.796524;-0.166973;,
  -0.092742;0.755996;-0.186784;,
  -0.063683;0.730781;-0.173996;,
  -0.091978;0.737656;-0.175117;,
  -0.059431;0.753664;-0.176786;,
  -0.115236;0.747983;-0.120328;,
  -0.115701;0.749426;-0.126024;,
  -0.093277;0.760997;-0.087391;,
  -0.047645;0.779471;-0.056493;,
  -0.038363;0.815289;-0.103797;,
  -0.101261;0.789138;-0.135915;,
  -0.115701;0.749426;-0.126024;,
  -0.075373;0.717321;-0.146947;,
  -0.065504;0.731140;-0.160589;,
  -0.110188;0.740638;-0.127141;,
  -0.094594;0.705332;-0.103997;,
  -0.072994;0.692800;-0.126994;,
  -0.056567;0.710171;-0.173389;,
  -0.106483;0.711637;-0.094757;,
  -0.035719;0.706838;-0.212184;,
  -0.047239;0.829426;-0.163825;,
  -0.045594;0.838623;-0.143654;,
  -0.029627;0.829624;-0.131964;,
  -0.024954;0.848135;-0.130702;,
  -0.033957;0.739104;-0.253408;,
  0.028147;0.750131;-0.229880;,
  0.028705;0.713777;-0.260753;,
  -0.022525;0.720467;-0.215244;,
  -0.023512;0.745731;-0.220877;,
  -0.022525;0.720467;-0.215244;,
  -0.015581;0.722213;-0.231539;,
  -0.023961;0.742380;-0.242889;,
  -0.023961;0.742380;-0.242889;,
  -0.004377;0.728037;-0.218643;,
  -0.004815;0.739656;-0.217691;,
  0.000016;0.737670;-0.231618;,
  -0.079713;0.262717;0.286895;,
  -0.049459;0.226992;0.321437;,
  -0.085273;0.262618;0.309698;,
  -0.048138;0.228045;0.301525;,
  -0.030160;0.365110;0.240846;,
  -0.028577;0.339551;0.284343;,
  -0.027205;0.329329;0.261435;,
  -0.033906;0.385670;0.269245;,
  -0.038816;0.339200;0.208606;,
  -0.071700;0.363659;0.238142;,
  -0.063012;0.338275;0.204276;,
  -0.073472;0.342471;0.283404;,
  -0.074622;0.329179;0.250991;,
  -0.068763;0.385424;0.269350;,
  -0.051262;0.289083;0.222469;,
  -0.071257;0.316800;0.221301;,
  -0.020646;0.238923;0.301132;,
  -0.014519;0.236916;0.318151;,
  -0.085273;0.262618;0.309698;,
  -0.014519;0.236916;0.318151;,
  -0.010481;0.401211;-0.017239;,
  -0.027570;0.308286;0.014194;,
  -0.013592;0.310773;0.083453;,
  -0.022830;0.312610;0.142161;,
  -0.034671;0.315525;0.227670;,
  -0.034671;0.315525;0.227670;,
  -0.057187;0.837403;-0.173299;,
  -0.039666;0.824310;-0.188975;,
  -0.034510;0.823382;-0.175986;,
  -0.048596;0.830533;-0.191726;,
  -0.049488;0.860230;-0.153356;,
  -0.041572;0.873454;-0.134783;,
  -0.030758;0.971564;-0.208345;,
  -0.011077;0.976096;-0.209074;,
  -0.044994;0.897839;-0.243136;,
  -0.041326;0.927154;-0.239987;,
  -0.028035;0.895631;-0.249482;,
  -0.054475;0.849904;-0.198559;,
  -0.062513;0.865285;-0.174395;,
  -0.055619;0.850072;-0.166524;,
  -0.063637;0.902740;-0.163455;,
  -0.064113;0.908675;-0.187258;,
  -0.054731;0.936820;-0.225095;,
  -0.059880;0.899682;-0.212629;,
  -0.063397;0.943815;-0.199481;,
  -0.061030;0.909326;-0.148217;,
  -0.050193;0.920971;-0.129640;,
  -0.011077;0.923873;-0.118812;,
  -0.043933;0.964653;-0.149764;,
  -0.011077;0.968362;-0.140034;,
  -0.060354;0.877544;-0.207608;,
  -0.045919;0.868402;-0.229639;,
  -0.045119;0.837992;-0.210475;,
  -0.030579;0.811729;-0.217673;,
  -0.036835;0.947762;-0.234745;,
  -0.050438;0.961506;-0.206136;,
  -0.059078;0.958691;-0.167877;,
  -0.045544;0.974231;-0.179591;,
  -0.011077;0.983395;-0.172392;,
  -0.028311;0.980779;-0.174287;,
  -0.011077;0.883974;-0.123535;,
  -0.059078;0.958691;-0.167877;,
  -0.045544;0.974231;-0.179591;,
  -0.068770;0.867831;-0.175494;,
  -0.074295;0.915079;-0.173957;,
  -0.067181;0.895861;-0.175678;,
  -0.079354;0.897820;-0.162553;,
  -0.079354;0.897820;-0.162553;,
  -0.068770;0.867831;-0.175494;,
  -0.074295;0.915079;-0.173957;,
  -0.064113;0.908675;-0.187258;,
  -0.064619;0.883623;-0.189609;,
  -0.062513;0.865285;-0.174395;,
  -0.045631;0.890310;-0.233560;,
  -0.064619;0.883623;-0.189609;,
  -0.042927;0.796524;-0.166973;,
  -0.047239;0.829426;-0.163825;,
  -0.068098;0.781773;-0.168283;,
  -0.049488;0.860230;-0.153356;,
  0.005156;0.557170;0.049628;,
  0.004964;0.523382;0.055541;,
  -0.001673;0.476857;0.023230;,
  0.000744;0.491450;-0.004833;,
  -0.028311;0.980779;-0.174287;,
  -0.011077;0.983395;-0.172392;,
  -0.031196;0.841911;-0.228275;,
  -0.023659;0.863132;-0.238981;,
  -0.023851;0.853581;-0.237589;,
  -0.025952;0.888398;-0.238860;,
  -0.008311;0.660229;-0.001255;,
  -0.068098;0.781773;-0.168283;,
  -0.049459;0.226992;0.321437;,
  -0.030601;0.835463;-0.226933;,
  -0.022934;0.832286;-0.233447;,
  -0.022750;0.837627;-0.230698;,
  -0.022497;0.840700;-0.236100;,
  -0.110188;0.740638;-0.127141;,
  -0.079897;0.727415;-0.133992;,
  -0.075373;0.717321;-0.146947;,
  -0.056567;0.710171;-0.173389;,
  -0.061030;0.909326;-0.148217;,
  -0.037992;0.279974;-0.066114;,
  -0.027844;0.234704;-0.160944;,
  -0.042596;0.241140;-0.026699;,
  -0.028808;0.299275;-0.162244;,
  -0.040561;0.318726;-0.095686;,
  -0.031456;0.350960;-0.171738;,
  -0.025854;0.410328;-0.091341;,
  -0.023847;0.426451;-0.137051;,
  -0.018637;0.493534;-0.086836;,
  -0.017731;0.502759;-0.106599;,
  -0.003333;0.520203;-0.079152;,
  -0.043523;0.531369;-0.067177;,
  -0.028046;0.179563;-0.162860;,
  -0.042179;0.202508;0.006837;,
  -0.014586;0.353489;0.189972;,
  -0.082732;0.353895;0.138275;,
  -0.062998;0.338277;0.204275;,
  -0.019343;0.361329;0.125857;,
  -0.087967;0.364961;0.064741;,
  -0.023881;0.379401;0.075181;,
  -0.023715;0.352638;0.055295;,
  -0.071572;0.333143;0.036293;,
  -0.096592;0.411209;0.049796;,
  -0.015752;0.418554;0.074268;,
  0.004964;0.523382;0.055540;,
  -0.036960;0.516008;0.058822;,
  -0.079897;0.727415;-0.133992;,
  -0.056048;0.492491;-0.059840;,
  -0.058096;0.395393;-0.042065;,
  -0.055295;0.287109;-0.010712;,
  -0.055231;0.287308;0.065564;,
  -0.052234;0.287361;0.139604;,
  -0.051262;0.289083;0.222469;,
  0.096792;0.391089;-0.060547;,
  0.043754;0.499410;0.040127;,
  0.085987;0.471055;-0.003749;,
  0.071890;0.321725;-0.114793;,
  0.088351;0.269373;-0.116087;,
  0.083217;0.204069;-0.151669;,
  0.062511;0.141954;-0.187004;,
  -0.083806;0.493302;0.038598;;
  916;
  3;0,1,2;,
  3;1,0,3;,
  3;4,5,6;,
  3;5,4,7;,
  3;8,9,10;,
  3;9,8,11;,
  3;12,13,14;,
  3;13,12,15;,
  3;16,12,17;,
  3;12,16,15;,
  3;18,19,20;,
  3;19,18,16;,
  3;6,21,22;,
  3;21,6,5;,
  3;14,23,24;,
  3;23,14,13;,
  3;25,26,27;,
  3;26,25,28;,
  3;29,30,31;,
  3;30,29,32;,
  3;30,33,31;,
  3;33,30,34;,
  3;35,36,37;,
  3;36,35,38;,
  3;38,39,36;,
  3;39,38,40;,
  3;37,41,42;,
  3;41,37,36;,
  3;36,43,41;,
  3;43,36,39;,
  3;42,30,32;,
  3;30,42,41;,
  3;41,34,30;,
  3;34,41,43;,
  3;44,45,46;,
  3;45,44,47;,
  3;48,49,50;,
  3;49,48,51;,
  3;50,52,53;,
  3;52,50,49;,
  3;54,55,56;,
  3;55,54,57;,
  3;57,58,55;,
  3;58,57,59;,
  3;56,60,61;,
  3;60,56,55;,
  3;55,62,60;,
  3;62,55,58;,
  3;61,49,51;,
  3;49,61,60;,
  3;60,52,49;,
  3;52,60,62;,
  3;32,19,63;,
  3;19,32,29;,
  3;64,65,66;,
  3;65,64,20;,
  3;14,67,12;,
  3;67,14,68;,
  3;68,69,67;,
  3;69,68,70;,
  3;70,42,69;,
  3;42,70,37;,
  3;48,34,51;,
  3;34,48,33;,
  3;51,43,61;,
  3;43,51,34;,
  3;43,56,61;,
  3;56,43,39;,
  3;39,54,56;,
  3;54,39,40;,
  3;12,63,17;,
  3;63,12,67;,
  3;67,32,63;,
  3;32,67,69;,
  3;69,42,32;,
  3;71,72,25;,
  3;73,74,75;,
  3;74,73,76;,
  3;74,77,75;,
  3;77,74,78;,
  3;79,78,80;,
  3;78,79,77;,
  3;81,82,83;,
  3;82,84,85;,
  3;84,82,86;,
  3;87,88,89;,
  3;88,90,89;,
  3;90,88,91;,
  3;92,93,94;,
  3;92,89,93;,
  3;92,87,89;,
  3;89,95,93;,
  3;95,89,90;,
  3;96,93,82;,
  3;93,86,82;,
  3;86,93,95;,
  3;97,98,99;,
  3;98,97,100;,
  3;100,101,98;,
  3;101,100,102;,
  3;103,104,105;,
  3;104,103,106;,
  3;106,107,104;,
  3;107,106,108;,
  3;105,109,110;,
  3;109,105,104;,
  3;104,111,109;,
  3;111,104,107;,
  3;110,100,97;,
  3;100,110,109;,
  3;109,102,100;,
  3;102,109,111;,
  3;112,113,114;,
  3;113,112,115;,
  3;116,117,118;,
  3;117,116,119;,
  3;120,121,122;,
  3;121,120,123;,
  3;120,124,125;,
  3;124,120,122;,
  3;126,124,127;,
  3;124,126,125;,
  3;95,97,86;,
  3;97,95,110;,
  3;86,99,84;,
  3;99,86,97;,
  3;90,103,105;,
  3;103,90,91;,
  3;105,95,90;,
  3;95,105,110;,
  3;128,96,129;,
  3;96,128,94;,
  3;129,130,128;,
  3;130,129,131;,
  3;72,28,25;,
  3;28,72,132;,
  3;10,133,8;,
  3;134,135,136;,
  3;135,134,137;,
  3;81,137,134;,
  3;138,11,139;,
  3;138,9,11;,
  3;138,140,9;,
  3;141,11,142;,
  3;11,141,139;,
  3;128,130,143;,
  3;94,144,92;,
  3;94,143,144;,
  3;94,128,143;,
  3;145,87,146;,
  3;87,145,147;,
  3;75,148,73;,
  3;148,75,149;,
  3;150,147,145;,
  3;7,149,75;,
  3;148,151,73;,
  3;102,152,101;,
  3;152,102,126;,
  3;102,125,126;,
  3;125,102,111;,
  3;111,120,125;,
  3;120,111,107;,
  3;120,108,123;,
  3;108,120,107;,
  3;8,153,154;,
  3;153,8,133;,
  3;154,155,8;,
  3;155,154,156;,
  3;122,114,113;,
  3;114,122,121;,
  3;121,112,114;,
  3;112,121,157;,
  3;158,124,159;,
  3;124,158,127;,
  3;159,122,113;,
  3;122,159,124;,
  3;126,160,152;,
  3;160,126,161;,
  3;162,121,123;,
  3;121,162,163;,
  3;121,164,157;,
  3;164,121,163;,
  3;165,126,127;,
  3;126,165,161;,
  3;161,166,160;,
  3;166,161,167;,
  3;162,118,163;,
  3;118,162,116;,
  3;163,117,164;,
  3;117,163,118;,
  3;165,167,161;,
  3;167,165,168;,
  3;169,170,171;,
  3;170,169,172;,
  3;173,174,175;,
  3;174,173,176;,
  3;177,178,179;,
  3;178,177,173;,
  3;180,178,181;,
  3;178,180,182;,
  3;183,169,171;,
  3;169,183,184;,
  3;174,185,186;,
  3;185,174,176;,
  3;46,187,44;,
  3;187,46,188;,
  3;180,169,182;,
  3;169,180,172;,
  3;20,29,65;,
  3;19,29,20;,
  3;29,31,189;,
  3;31,190,189;,
  3;190,31,33;,
  3;33,191,190;,
  3;191,33,48;,
  3;191,50,192;,
  3;50,191,48;,
  3;192,53,193;,
  3;53,192,50;,
  3;194,171,185;,
  3;171,194,183;,
  3;171,186,185;,
  3;186,171,170;,
  3;185,176,194;,
  3;194,173,177;,
  3;173,194,176;,
  3;178,175,181;,
  3;175,178,173;,
  3;179,182,184;,
  3;182,179,178;,
  3;182,169,184;,
  3;16,17,19;,
  3;17,63,19;,
  3;65,195,66;,
  3;196,197,198;,
  3;197,196,199;,
  3;200,154,153;,
  3;154,200,201;,
  3;202,203,204;,
  3;205,206,207;,
  3;196,208,209;,
  3;208,196,198;,
  3;210,209,211;,
  3;209,210,196;,
  3;212,213,214;,
  3;213,212,215;,
  3;212,214,211;,
  3;201,216,217;,
  3;216,201,200;,
  3;218,219,220;,
  3;219,218,217;,
  3;210,199,196;,
  3;213,205,207;,
  3;221,222,223;,
  3;198,197,224;,
  3;224,225,226;,
  3;225,224,197;,
  3;227,213,207;,
  3;228,229,214;,
  3;229,228,230;,
  3;220,231,232;,
  3;213,228,214;,
  3;156,201,233;,
  3;201,156,154;,
  3;233,217,218;,
  3;217,233,201;,
  3;219,217,234;,
  3;235,219,234;,
  3;236,237,238;,
  3;237,236,239;,
  3;209,240,211;,
  3;240,209,241;,
  3;211,242,212;,
  3;242,211,240;,
  3;243,239,244;,
  3;239,243,237;,
  3;244,236,245;,
  3;236,244,239;,
  3;246,221,223;,
  3;221,246,215;,
  3;221,212,247;,
  3;212,221,215;,
  3;199,248,2;,
  3;248,199,249;,
  3;133,10,250;,
  3;249,210,251;,
  3;210,249,199;,
  3;210,211,251;,
  3;252,1,253;,
  3;1,252,2;,
  3;20,254,18;,
  3;254,20,64;,
  3;24,68,14;,
  3;68,24,255;,
  3;68,256,70;,
  3;256,68,255;,
  3;256,37,70;,
  3;37,256,257;,
  3;258,2,252;,
  3;2,258,199;,
  3;257,259,37;,
  3;37,259,35;,
  3;260,204,261;,
  3;204,260,202;,
  3;262,263,223;,
  3;263,262,264;,
  3;197,258,225;,
  3;258,197,199;,
  3;265,203,227;,
  3;265,207,266;,
  3;207,265,227;,
  3;223,267,246;,
  3;267,223,263;,
  3;88,87,147;,
  3;83,82,85;,
  3;78,16,18;,
  3;16,78,74;,
  3;74,15,16;,
  3;15,74,76;,
  3;15,71,13;,
  3;71,15,76;,
  3;13,268,23;,
  3;268,13,71;,
  3;248,269,2;,
  3;2,269,0;,
  3;136,129,134;,
  3;129,136,131;,
  3;134,96,81;,
  3;96,134,129;,
  3;96,82,81;,
  3;93,96,94;,
  3;29,189,65;,
  3;205,215,246;,
  3;267,205,246;,
  3;205,267,206;,
  3;205,213,215;,
  3;187,188,270;,
  3;224,271,272;,
  3;222,221,208;,
  3;224,222,198;,
  3;272,273,262;,
  3;273,272,271;,
  3;263,274,275;,
  3;273,276,262;,
  3;277,271,278;,
  3;271,277,273;,
  3;222,272,262;,
  3;272,222,224;,
  3;222,208,198;,
  3;209,221,247;,
  3;221,209,208;,
  3;223,222,262;,
  3;266,206,279;,
  3;206,266,207;,
  3;206,280,279;,
  3;280,206,267;,
  3;280,263,275;,
  3;263,280,267;,
  3;264,262,276;,
  3;76,73,72;,
  3;138,281,140;,
  3;73,132,72;,
