xof 0303txt 0032
template ColorRGBA {
 <35ff44e0-6c7c-11cf-8f52-0040333594a3>
 FLOAT red;
 FLOAT green;
 FLOAT blue;
 FLOAT alpha;
}

template ColorRGB {
 <d3e16e81-7835-11cf-8f52-0040333594a3>
 FLOAT red;
 FLOAT green;
 FLOAT blue;
}

template Material {
 <3d82ab4d-62da-11cf-ab39-0020af71e433>
 ColorRGBA faceColor;
 FLOAT power;
 ColorRGB specularColor;
 ColorRGB emissiveColor;
 [...]
}

template TextureFilename {
 <a42790e1-7810-11cf-8f52-0040333594a3>
 STRING filename;
}

template Frame {
 <3d82ab46-62da-11cf-ab39-0020af71e433>
 [...]
}

template Matrix4x4 {
 <f6f23f45-7686-11cf-8f52-0040333594a3>
 array FLOAT matrix[16];
}

template FrameTransformMatrix {
 <f6f23f41-7686-11cf-8f52-0040333594a3>
 Matrix4x4 frameMatrix;
}

template Vector {
 <3d82ab5e-62da-11cf-ab39-0020af71e433>
 FLOAT x;
 FLOAT y;
 FLOAT z;
}

template MeshFace {
 <3d82ab5f-62da-11cf-ab39-0020af71e433>
 DWORD nFaceVertexIndices;
 array DWORD faceVertexIndices[nFaceVertexIndices];
}

template Mesh {
 <3d82ab44-62da-11cf-ab39-0020af71e433>
 DWORD nVertices;
 array Vector vertices[nVertices];
 DWORD nFaces;
 array MeshFace faces[nFaces];
 [...]
}

template MeshMaterialList {
 <f6f23f42-7686-11cf-8f52-0040333594a3>
 DWORD nMaterials;
 DWORD nFaceIndexes;
 array DWORD faceIndexes[nFaceIndexes];
 [Material <3d82ab4d-62da-11cf-ab39-0020af71e433>]
}

template VertexElement {
 <f752461c-1e23-48f6-b9f8-8350850f336f>
 DWORD Type;
 DWORD Method;
 DWORD Usage;
 DWORD UsageIndex;
}

template DeclData {
 <bf22e553-292c-4781-9fea-62bd554bdd93>
 DWORD nElements;
 array VertexElement Elements[nElements];
 DWORD nDWords;
 array DWORD data[nDWords];
}

template XSkinMeshHeader {
 <3cf169ce-ff7c-44ab-93c0-f78f62d172e2>
 WORD nMaxSkinWeightsPerVertex;
 WORD nMaxSkinWeightsPerFace;
 WORD nBones;
}

template SkinWeights {
 <6f0d123b-bad2-4167-a0d0-80224f25fabb>
 STRING transformNodeName;
 DWORD nWeights;
 array DWORD vertexIndices[nWeights];
 array FLOAT weights[nWeights];
 Matrix4x4 matrixOffset;
}

template AnimTicksPerSecond {
 <9e415a43-7ba6-4a73-8743-b73d47e88476>
 DWORD AnimTicksPerSecond;
}

template Animation {
 <3d82ab4f-62da-11cf-ab39-0020af71e433>
 [...]
}

template AnimationSet {
 <3d82ab50-62da-11cf-ab39-0020af71e433>
 [Animation <3d82ab4f-62da-11cf-ab39-0020af71e433>]
}

template FloatKeys {
 <10dd46a9-775b-11cf-8f52-0040333594a3>
 DWORD nValues;
 array FLOAT values[nValues];
}

template TimedFloatKeys {
 <f406b180-7b3b-11cf-8f52-0040333594a3>
 DWORD time;
 FloatKeys tfkeys;
}

template AnimationKey {
 <10dd46a8-775b-11cf-8f52-0040333594a3>
 DWORD keyType;
 DWORD nKeys;
 array TimedFloatKeys keys[nKeys];
}


Material _03_-_Default {
 1.000000;1.000000;1.000000;1.000000;;
 9.999999;
 0.000000;0.000000;0.000000;;
 0.000000;0.000000;0.000000;;

 TextureFilename {
  "MaleBody_full.png";
 }
}

Frame Dummy01 {
 

 FrameTransformMatrix {
  1.000000,0.000000,0.000000,0.000000,0.000000,-0.000000,-1.000000,0.000000,0.000000,1.000000,-0.000000,0.000000,0.000000,0.000000,0.000000,1.000000;;
 }

 Frame Bip01 {
  

  FrameTransformMatrix {
   -0.018614,0.998688,-0.047716,0.000000,-0.000889,0.047708,0.998861,0.000000,0.999826,0.018635,0.000000,0.000000,0.009548,-0.027516,0.504968,1.000000;;
  }

  Frame Bip01_Pelvis {
   

   FrameTransformMatrix {
    -0.000000,0.999953,-0.009691,0.000000,-0.000001,0.009691,0.999953,0.000000,1.000000,0.000000,0.000001,0.000000,0.000000,0.000000,0.000000,1.000000;;
   }

   Frame Bip01_Spine {
    

    FrameTransformMatrix {
     0.998189,0.002178,-0.060113,0.000000,-0.002209,0.999998,-0.000452,0.000000,0.060111,0.000584,0.998192,0.000000,0.051626,0.000500,-0.000085,1.000000;;
    }

    Frame Bip01_Spine1 {
     

     FrameTransformMatrix {
      0.999824,0.017846,0.005711,0.000000,-0.018092,0.998758,0.046422,0.000000,-0.004876,-0.046517,0.998906,0.000000,0.106480,0.000004,-0.000085,1.000000;;
     }

     Frame Bip01_Neck {
      

      FrameTransformMatrix {
       0.862581,0.000001,0.505919,0.000000,-0.000001,1.000000,-0.000000,0.000000,-0.505919,-0.000000,0.862581,0.000000,0.130518,0.000000,0.004629,1.000000;;
      }

      Frame Bip01_Head {
       

       FrameTransformMatrix {
        0.993794,0.029794,0.107169,0.000000,-0.024788,0.998552,-0.047749,0.000000,-0.108437,0.044796,0.993094,0.000000,0.033674,0.000000,-0.000000,1.000000;;
       }

       Frame Bip01_HeadNub {
        

        FrameTransformMatrix {
         1.000000,0.000000,0.000000,0.000000,0.000000,1.000000,0.000000,0.000000,0.000000,0.000000,1.000000,0.000000,0.169824,0.000000,0.000000,1.000000;;
        }
       }
      }

      Frame Bip01_L_Clavicle {
       

       FrameTransformMatrix {
        -0.321769,0.938193,0.127509,0.000000,0.800396,0.341473,-0.492709,0.000000,-0.505797,-0.056481,-0.860802,0.000000,-0.023077,0.015715,0.008169,1.000000;;
       }

       Frame Bip01_L_UpperArm {
        

        FrameTransformMatrix {
         0.694136,-0.639905,0.329692,0.000000,0.712233,0.544102,-0.443484,0.000000,0.104401,0.542655,0.833442,0.000000,0.087086,0.000000,0.000000,1.000000;;
        }

        Frame Bip01_L_Forearm {
         

         FrameTransformMatrix {
          0.017782,-0.000000,-0.999842,0.000000,-0.000000,1.000000,0.000000,0.000000,0.999842,-0.000000,0.017782,0.000000,0.137062,0.000000,0.000000,1.000000;;
         }

         Frame Bip01_L_Hand {
          

          FrameTransformMatrix {
           0.990405,-0.103476,0.091607,0.000000,-0.022936,0.530591,0.847317,0.000000,-0.136283,-0.841288,0.523127,0.000000,0.137062,0.000000,-0.000000,1.000000;;
          }

          Frame Bip01_L_Finger0 {
           

           FrameTransformMatrix {
            0.772445,-0.425635,0.471342,0.000000,0.587541,0.760688,-0.275953,0.000000,-0.241089,0.490092,0.837668,0.000000,0.057681,-0.023605,-0.000272,1.000000;;
           }

           Frame Bip01_L_Finger0Nub {
            

            FrameTransformMatrix {
             1.000000,0.000000,-0.000000,0.000000,-0.000000,1.000000,-0.000000,0.000000,-0.000000,-0.000000,1.000000,0.000000,0.029435,0.000000,0.000000,1.000000;;
            }
           }
          }

          Frame Bip01_L_Finger1 {
           

           FrameTransformMatrix {
            0.788887,-0.000489,0.614538,0.000000,0.000000,1.000000,0.000796,0.000000,-0.614538,-0.000628,0.788886,0.000000,0.084102,0.000000,-0.000000,1.000000;;
           }

           Frame Bip01_L_Finger1Nub {
            

            FrameTransformMatrix {
             1.000000,0.000000,0.000000,0.000000,0.000000,1.000000,0.000000,0.000000,0.000000,0.000000,1.000000,0.000000,0.047988,-0.000000,0.000000,1.000000;;
            }
           }
          }
         }
        }
       }
      }

      Frame Bip01_R_Clavicle {
       

       FrameTransformMatrix {
        -0.271066,-0.949291,0.159278,0.000000,-0.818458,0.314398,0.480916,0.000000,-0.506606,-0.000002,-0.862178,0.000000,-0.023077,-0.015714,0.008169,1.000000;;
       }

       Frame Bip01_R_UpperArm {
        

        FrameTransformMatrix {
         0.726488,0.671649,-0.145267,0.000000,-0.499607,0.661393,0.559421,0.000000,0.471813,-0.333836,0.816055,0.000000,0.087086,0.000000,-0.000000,1.000000;;
        }

        Frame Bip01_R_Forearm {
         

         FrameTransformMatrix {
          -0.132162,0.000000,-0.991228,0.000000,0.000000,1.000000,0.000000,0.000000,0.991228,0.000000,-0.132162,0.000000,0.137062,0.000000,0.000000,1.000000;;
         }

         Frame Bip01_R_Hand {
          

          FrameTransformMatrix {
           0.986136,0.076248,-0.147382,0.000000,-0.151370,0.049439,-0.987240,0.000000,-0.067988,0.995863,0.060295,0.000000,0.137062,0.000000,0.000000,1.000000;;
          }

          Frame Bip01_R_Finger0 {
           

           FrameTransformMatrix {
            0.473207,0.801337,0.365972,0.000000,-0.880335,0.445685,0.162408,0.000000,-0.032965,-0.399030,0.916345,0.000000,0.057681,0.023605,-0.000272,1.000000;;
           }

           Frame Bip01_R_Finger0Nub {
            

            FrameTransformMatrix {
             -1.000000,-0.000000,-0.000000,0.000000,-0.000000,1.000000,0.000000,0.000000,0.000000,-0.000000,-1.000000,0.000000,0.029435,0.000000,0.000000,1.000000;;
            }
           }
          }

          Frame Bip01_R_Finger1 {
           

           FrameTransformMatrix {
            0.812608,0.000464,0.582810,0.000000,-0.000000,1.000000,-0.000796,0.000000,-0.582811,0.000647,0.812608,0.000000,0.084102,0.000000,0.000000,1.000000;;
           }

           Frame Bip01_R_Finger1Nub {
            

            FrameTransformMatrix {
             -1.000000,0.000000,0.000000,0.000000,0.000000,1.000000,-0.000000,0.000000,0.000000,-0.000000,-1.000000,0.000000,0.047988,0.000000,0.000000,1.000000;;
            }
           }
          }
         }
        }
       }
      }
     }

     Frame Bip01_BackPack {
      

      FrameTransformMatrix {
       0.190104,-0.000002,-0.981764,0.000000,0.000003,1.000000,-0.000002,0.000000,0.981764,-0.000002,0.190104,0.000000,0.063697,-0.000000,-0.088856,1.000000;;
      }

      Frame Bip01_BackPackNub {
       

       FrameTransformMatrix {
        0.000796,0.000003,1.000000,0.000000,0.000000,-1.000000,0.000003,0.000000,1.000000,0.000000,-0.000796,0.000000,0.053240,0.000000,0.000000,1.000000;;
       }
      }
     }
    }

    Frame Bip01_L_Thigh {
     

     FrameTransformMatrix {
      -0.997595,0.006092,0.069037,0.000000,-0.005453,-0.999940,0.009451,0.000000,0.069091,0.009052,0.997569,0.000000,-0.051418,0.054839,-0.002987,1.000000;;
     }

     Frame Bip01_L_Calf {
      

      FrameTransformMatrix {
       0.966610,-0.000000,-0.256251,0.000000,0.000000,1.000000,-0.000000,0.000000,0.256251,0.000000,0.966610,0.000000,0.237500,0.000000,-0.000000,1.000000;;
      }

      Frame Bip01_L_Foot {
       

       FrameTransformMatrix {
        0.984267,0.012833,0.176221,0.000000,-0.014221,0.999877,0.006614,0.000000,-0.176115,-0.009016,0.984328,0.000000,0.206841,0.000000,0.000000,1.000000;;
       }

       Frame Bip01_L_Toe0 {
        

        FrameTransformMatrix {
         -0.000346,-0.000001,1.000000,0.000000,0.000001,1.000000,0.000001,0.000000,-1.000000,0.000001,-0.000346,0.000000,0.065373,0.000000,0.066450,1.000000;;
        }

        Frame Bip01_L_Toe0Nub {
         

         FrameTransformMatrix {
          -1.000000,0.000000,0.000000,0.000000,0.000000,1.000000,-0.000000,0.000000,-0.000000,-0.000000,-1.000000,0.000000,0.006735,-0.000000,0.000000,1.000000;;
         }
        }
       }
      }
     }
    }

    Frame Bip01_R_Thigh {
     

     FrameTransformMatrix {
      -0.991339,-0.115854,0.061845,0.000000,0.109549,-0.989226,-0.097110,0.000000,0.072429,-0.089494,0.993350,0.000000,-0.051659,-0.055612,-0.003051,1.000000;;
     }

     Frame Bip01_R_Calf {
      

      FrameTransformMatrix {
       0.975171,0.000000,-0.221455,0.000000,-0.000000,1.000000,0.000000,0.000000,0.221455,0.000000,0.975171,0.000000,0.237500,0.000000,0.000000,1.000000;;
      }

      Frame Bip01_R_Foot {
       

       FrameTransformMatrix {
        0.985273,-0.100932,0.138019,0.000000,0.111438,0.991259,-0.070625,0.000000,-0.129684,0.084965,0.987908,0.000000,0.206841,0.000000,0.000000,1.000000;;
       }

       Frame Bip01_R_Toe0 {
        

        FrameTransformMatrix {
         0.000483,-0.201738,0.979439,0.000000,0.000043,0.979440,0.201738,0.000000,-1.000000,-0.000056,0.000481,0.000000,0.065373,0.000000,0.066450,1.000000;;
        }

        Frame Bip01_R_Toe0Nub {
         

         FrameTransformMatrix {
          1.000000,-0.000000,0.000000,0.000000,-0.000000,1.000000,0.000000,0.000000,0.000000,0.000000,1.000000,0.000000,0.006735,0.000000,0.000000,1.000000;;
         }
        }
       }
      }
     }
    }
   }

   Frame Bip01_DressFront {
    

    FrameTransformMatrix {
     -0.999394,-0.000001,0.034828,0.000000,-0.000001,1.000000,-0.000001,0.000000,-0.034828,-0.000001,-0.999394,0.000000,-0.043997,0.001399,0.061087,1.000000;;
    }

    Frame Bip01_DressFront02 {
     

     FrameTransformMatrix {
      1.000000,0.000000,0.000000,0.000000,0.000000,1.000000,0.000000,0.000000,0.000000,-0.000000,1.000000,0.000000,0.183324,0.000000,-0.000132,1.000000;;
     }

     Frame Bip01_DressFrontNub {
      

      FrameTransformMatrix {
       0.000796,0.000003,1.000000,0.000000,0.000000,-1.000000,0.000003,0.000000,1.000000,-0.000000,-0.000796,0.000000,0.165302,-0.000000,0.000000,1.000000;;
      }
     }
    }
   }

   Frame Bip01_DressBack {
    

    FrameTransformMatrix {
     -0.989065,-0.000002,0.147481,0.000000,-0.000002,1.000000,-0.000001,0.000000,-0.147481,-0.000002,-0.989065,0.000000,-0.047712,0.000000,-0.078281,1.000000;;
    }

    Frame Bip01_DressBack02 {
     

     FrameTransformMatrix {
      0.990815,0.000000,0.135222,0.000000,-0.000000,1.000000,-0.000000,0.000000,-0.135222,-0.000000,0.990815,0.000000,0.176173,-0.000000,-0.000108,1.000000;;
     }

     Frame Bip01_DressBackNub {
      

      FrameTransformMatrix {
       0.000796,0.000003,1.000000,0.000000,-0.000000,-1.000000,0.000003,0.000000,1.000000,-0.000000,-0.000796,0.000000,0.136508,0.000000,0.000000,1.000000;;
      }
     }
    }
   }
  }

  Frame Bip01_Prop1 {
   

   FrameTransformMatrix {
    -0.632489,-0.450572,0.630034,0.000000,-0.154448,0.870428,0.467441,0.000000,-0.759015,0.198344,-0.620126,0.000000,0.145079,0.089598,-0.025941,1.000000;;
   }
  }

  Frame Bip01_Prop2 {
   

   FrameTransformMatrix {
    0.826458,-0.523697,-0.206660,0.000000,0.106166,0.505454,-0.856297,0.000000,0.552898,0.685753,0.473335,0.000000,0.112710,-0.011721,0.094512,1.000000;;
   }
  }
 }
}

Frame Translation_Data {
 

 FrameTransformMatrix {
  1.000000,0.000000,0.000000,0.000000,0.000000,-0.000000,-1.000000,0.000000,0.000000,1.000000,-0.000000,0.000000,0.000000,-0.000000,0.000000,1.000000;;
 }
}

Frame Body {
 

 FrameTransformMatrix {
  1.000000,0.000000,0.000000,0.000000,0.000000,1.000000,0.000000,0.000000,0.000000,0.000000,1.000000,0.000000,0.000000,0.000000,0.000000,1.000000;;
 }

 Mesh Body {
  617;
  0.077046;0.763958;-0.003030;,
  0.041002;0.764266;-0.005624;,
  0.037245;0.792678;0.012427;,
  0.083710;0.744870;-0.008393;,
  0.091590;0.735317;-0.012198;,
  0.059723;0.701109;-0.032684;,
  0.047102;0.734083;-0.024872;,
  0.098031;0.701724;-0.003539;,
  0.040886;0.811523;0.050440;,
  0.090555;0.784259;0.070801;,
  0.081983;0.784968;0.042857;,
  0.060383;0.789479;0.078825;,
  0.093075;0.556927;0.062172;,
  0.053018;0.564443;0.081137;,
  0.052265;0.552988;0.087498;,
  0.086226;0.566622;0.058327;,
  0.079877;0.565763;0.002487;,
  0.093357;0.539704;0.022513;,
  0.051519;0.560085;-0.027547;,
  0.078577;0.514965;-0.005564;,
  0.049788;0.504702;-0.014095;,
  0.005386;0.700731;-0.037308;,
  0.006117;0.736464;-0.024849;,
  0.010132;0.561920;0.081920;,
  0.010289;0.548304;0.088273;,
  0.063515;0.656174;0.089860;,
  0.013180;0.694773;0.103807;,
  0.011691;0.657056;0.096112;,
  0.069843;0.696574;0.096385;,
  0.065171;0.467060;-0.017900;,
  0.107245;0.364485;0.001281;,
  0.069014;0.369133;-0.026509;,
  0.100234;0.463677;0.018396;,
  0.067357;0.273808;-0.035325;,
  0.096758;0.271375;0.008603;,
  0.016501;0.467517;0.003764;,
  0.029006;0.361980;0.074802;,
  0.023545;0.446417;0.096714;,
  0.021646;0.367650;-0.000597;,
  0.043612;0.273665;0.048045;,
  0.040032;0.271331;0.005970;,
  0.108455;0.360887;0.065941;,
  0.095907;0.443726;0.076796;,
  0.084358;0.275561;0.047225;,
  0.088920;-0.001483;0.054136;,
  0.049355;-0.001552;0.099596;,
  0.044025;-0.001461;0.051068;,
  0.084211;-0.001575;0.099329;,
  0.068290;0.217261;-0.005068;,
  0.095983;0.145294;0.034887;,
  0.066337;0.144110;0.006596;,
  0.100135;0.218967;0.023182;,
  0.086725;0.067459;0.049035;,
  0.066567;0.066171;0.020593;,
  0.027071;0.202734;0.021283;,
  0.035233;0.158713;0.072780;,
  0.029525;0.224334;0.072607;,
  0.037147;0.145161;0.032199;,
  0.054297;0.080037;0.071739;,
  0.050120;0.059884;0.045982;,
  0.097272;0.156231;0.071825;,
  0.101547;0.230652;0.071202;,
  0.078457;0.084696;0.070966;,
  0.099859;0.511184;0.028929;,
  0.008634;0.496061;-0.024817;,
  0.016501;0.467517;0.003764;,
  0.009260;0.462272;-0.009193;,
  0.102659;0.508540;0.083415;,
  0.053101;0.507888;0.108425;,
  0.096578;0.457679;0.081901;,
  0.051707;0.461708;0.104745;,
  0.058086;0.609820;0.080344;,
  0.094391;0.655565;0.070663;,
  0.105150;0.661573;0.053429;,
  0.080009;0.617052;0.003604;,
  0.096412;0.668335;0.000304;,
  0.089241;0.611797;0.053833;,
  0.060585;0.668548;-0.034138;,
  0.056159;0.614666;-0.025239;,
  0.006567;0.669969;-0.038293;,
  0.007135;0.610077;-0.028723;,
  0.127806;0.707366;-0.002106;,
  0.155888;0.668080;0.013158;,
  0.078067;0.702946;0.017947;,
  0.132080;0.621412;0.060006;,
  0.103316;0.649637;0.035203;,
  0.175107;0.634089;0.041545;,
  0.095053;0.718301;0.074406;,
  0.103316;0.649637;0.035203;,
  0.118081;0.676905;0.093546;,
  0.147619;0.617127;0.100099;,
  0.132080;0.621412;0.060006;,
  0.103773;0.724696;0.077796;,
  0.170646;0.695672;0.071445;,
  0.142283;0.733720;0.056583;,
  0.190577;0.629512;0.081685;,
  0.140555;0.722253;0.020522;,
  0.169700;0.641535;0.024349;,
  0.113194;0.595381;-0.007127;,
  0.117733;0.627301;0.044279;,
  0.146650;0.606043;-0.017823;,
  0.108022;0.567265;-0.036680;,
  0.129699;0.573585;-0.052272;,
  0.117733;0.627301;0.044279;,
  0.143149;0.554082;0.018777;,
  0.142932;0.580417;0.078057;,
  0.113194;0.595381;-0.007127;,
  0.133893;0.541224;-0.025357;,
  0.108022;0.567265;-0.036680;,
  0.168717;0.562700;0.010648;,
  0.194557;0.594718;0.058214;,
  0.145286;0.544051;-0.035230;,
  0.058772;0.484340;-0.120481;,
  0.102357;0.478053;-0.084183;,
  0.059434;0.492864;-0.100212;,
  0.101258;0.469932;-0.104282;,
  0.056797;0.525704;-0.090817;,
  0.065022;0.524191;-0.105326;,
  0.061193;0.517690;-0.097317;,
  0.055722;0.533934;-0.099016;,
  0.124162;0.514990;-0.044277;,
  0.085693;0.536659;-0.085457;,
  0.120603;0.497925;-0.077322;,
  0.084377;0.543929;-0.051482;,
  0.127941;0.502804;-0.095223;,
  0.145309;0.535137;-0.068326;,
  0.104523;0.566473;-0.075846;,
  0.094810;0.540639;-0.102706;,
  0.112566;0.769605;0.045977;,
  0.117559;0.771224;0.016533;,
  0.081983;0.784968;0.042857;,
  0.080336;0.781133;0.019555;,
  0.105663;0.700876;0.077260;,
  0.048776;0.805458;0.023549;,
  0.107823;0.755927;-0.005286;,
  0.083710;0.744870;-0.008393;,
  0.077046;0.763958;-0.003030;,
  0.100477;0.726561;-0.003665;,
  0.109010;0.745066;0.073738;,
  0.071699;0.735524;0.092879;,
  0.111273;0.749260;0.070106;,
  0.014205;0.730688;0.099909;,
  0.013208;0.785837;0.076151;,
  0.090555;0.784259;0.070801;,
  0.111273;0.749260;0.070106;,
  0.091800;0.725247;0.017105;,
  0.109340;0.737891;0.060587;,
  0.078067;0.702946;0.017947;,
  0.106006;0.699267;0.044975;,
  0.097168;0.697744;0.010769;,
  0.091590;0.735317;-0.012198;,
  0.112245;0.701291;0.060668;,
  0.084377;0.543929;-0.051482;,
  0.044654;0.833768;0.012873;,
  0.036387;0.845123;0.030990;,
  0.012338;0.813818;0.056828;,
  0.010716;0.851010;0.038447;,
  0.094810;0.540639;-0.102706;,
  0.058772;0.484340;-0.120481;,
  0.101258;0.469932;-0.104282;,
  0.063894;0.533963;-0.074094;,
  0.068090;0.548960;-0.094793;,
  0.063894;0.533963;-0.074094;,
  0.073914;0.524372;-0.085249;,
  0.087096;0.538730;-0.100276;,
  0.087096;0.538730;-0.100276;,
  0.056797;0.525704;-0.090817;,
  0.055722;0.533934;-0.099016;,
  0.065022;0.524191;-0.105326;,
  0.095162;0.020156;-0.022706;,
  0.064907;-0.001472;-0.067445;,
  0.063586;0.017109;-0.060215;,
  0.100721;-0.001471;-0.029935;,
  0.045608;0.031855;0.088954;,
  0.044025;-0.001461;0.051068;,
  0.049355;-0.001552;0.099596;,
  0.042654;0.023495;0.048527;,
  0.054297;0.080037;0.071739;,
  0.087148;0.034877;0.088422;,
  0.078457;0.084696;0.070966;,
  0.088920;-0.001483;0.054136;,
  0.084211;-0.001575;0.099329;,
  0.090071;0.033462;0.051652;,
  0.066567;0.066171;0.020593;,
  0.086725;0.067459;0.049035;,
  0.036094;0.014079;-0.049760;,
  0.029967;-0.001457;-0.056991;,
  0.100721;-0.001471;-0.029935;,
  0.029967;-0.001457;-0.056991;,
  0.021646;0.367650;-0.000597;,
  0.040032;0.271331;0.005970;,
  0.027071;0.202734;0.021283;,
  0.037147;0.145161;0.032199;,
  0.050120;0.059884;0.045982;,
  0.050120;0.059884;0.045982;,
  0.010332;0.452184;0.041806;,
  0.055010;0.828386;-0.006604;,
  0.037242;0.810644;-0.016282;,
  0.046153;0.815383;-0.021199;,
  0.036018;0.823001;-0.000550;,
  0.047648;0.856938;0.003818;,
  0.040021;0.876044;0.016440;,
  0.028513;0.940990;-0.087500;,
  0.008458;0.920475;-0.106461;,
  0.008838;0.945102;-0.089594;,
  0.042062;0.859567;-0.093429;,
  0.025014;0.855343;-0.098352;,
  0.038524;0.888064;-0.101055;,
  0.051997;0.830926;-0.034643;,
  0.060404;0.853943;-0.017772;,
  0.053571;0.842660;-0.004853;,
  0.061787;0.892810;-0.021134;,
  0.061961;0.889731;-0.045476;,
  0.052156;0.902359;-0.090821;,
  0.061185;0.918077;-0.069573;,
  0.057362;0.872204;-0.065826;,
  0.059403;0.904480;-0.009282;,
  0.048852;0.922138;0.003948;,
  0.009893;0.929057;0.013440;,
  0.042452;0.955632;-0.030541;,
  0.009741;0.962859;-0.022436;,
  0.057837;0.853378;-0.053143;,
  0.042447;0.815583;-0.041335;,
  0.043081;0.836998;-0.070210;,
  0.027734;0.788606;-0.038380;,
  0.008391;0.790120;-0.025336;,
  0.008103;0.780900;-0.044360;,
  0.034165;0.909207;-0.103570;,
  0.048192;0.932262;-0.082027;,
  0.057336;0.943408;-0.045442;,
  0.043692;0.953763;-0.061828;,
  0.026550;0.961917;-0.059055;,
  0.009352;0.965173;-0.058038;,
  0.009711;0.890152;0.023469;,
  0.057336;0.943408;-0.045442;,
  0.043692;0.953763;-0.061828;,
  0.066654;0.855872;-0.019789;,
  0.072340;0.900434;-0.035510;,
  0.077500;0.888429;-0.018694;,
  0.065146;0.881949;-0.030081;,
  0.077500;0.888429;-0.018694;,
  0.066654;0.855872;-0.019789;,
  0.072340;0.900434;-0.035510;,
  0.061961;0.889731;-0.045476;,
  0.062361;0.865522;-0.038612;,
  0.060404;0.853943;-0.017772;,
  0.042805;0.856006;-0.081785;,
  0.062361;0.865522;-0.038612;,
  0.048776;0.805458;0.023549;,
  0.044654;0.833768;0.012873;,
  0.080336;0.781133;0.019555;,
  0.047648;0.856938;0.003818;,
  0.007876;0.783089;-0.005091;,
  0.007166;0.760573;-0.012495;,
  0.008043;0.557357;-0.030311;,
  0.011108;0.504839;0.109123;,
  0.011413;0.470567;0.107710;,
  0.007555;0.448189;0.097169;,
  0.007900;0.801468;-0.013665;,
  0.010332;0.452184;0.041806;,
  0.026550;0.961917;-0.059055;,
  0.009352;0.965173;-0.058038;,
  0.028298;0.812905;-0.059188;,
  0.020682;0.828876;-0.076759;,
  0.020864;0.820473;-0.072007;,
  0.008283;0.906047;-0.112099;,
  0.008089;0.880604;-0.112085;,
  0.023051;0.852457;-0.085810;,
  0.010704;0.608961;0.083899;,
  0.080336;0.781133;0.019555;,
  0.064907;-0.001472;-0.067445;,
  0.019939;0.802125;-0.060434;,
  0.027702;0.807384;-0.055598;,
  0.019807;0.808100;-0.059801;,
  0.008022;0.817166;-0.075654;,
  0.007899;0.819695;-0.088076;,
  0.019492;0.809014;-0.065945;,
  0.008129;0.808183;-0.060266;,
  0.008045;0.799397;-0.061808;,
  0.007965;0.851119;-0.103276;,
  0.008012;0.845041;-0.095122;,
  0.109340;0.737891;0.060587;,
  0.008022;0.807260;-0.069064;,
  0.088832;0.728007;0.034332;,
  0.091800;0.725247;0.017105;,
  0.091590;0.735317;-0.012198;,
  0.059403;0.904480;-0.009282;,
  0.068290;0.217261;-0.005068;,
  0.041403;0.145098;-0.010317;,
  0.030872;0.221650;-0.019489;,
  0.066337;0.144110;0.006596;,
  0.067357;0.273808;-0.035325;,
  0.032279;0.278331;-0.031881;,
  0.069014;0.369133;-0.026509;,
  0.020256;0.371386;-0.025987;,
  0.065171;0.467060;-0.017900;,
  0.016983;0.460087;-0.026667;,
  0.049788;0.504702;-0.014095;,
  0.042284;0.072566;-0.006781;,
  0.066567;0.066171;0.020593;,
  0.041234;0.153222;0.099229;,
  0.012062;0.079617;0.115392;,
  0.043880;0.083524;0.107380;,
  0.011935;0.152844;0.109020;,
  0.011783;0.219264;0.094056;,
  0.034034;0.224198;0.086530;,
  0.014266;0.280590;0.092030;,
  0.036671;0.273087;0.078394;,
  0.027994;0.361533;0.089726;,
  0.010046;0.369202;0.099028;,
  0.011693;0.442770;0.108296;,
  0.088832;0.728007;0.034332;,
  -0.060143;0.766368;0.003956;,
  -0.025408;0.764933;-0.001288;,
  -0.068195;0.747275;-0.000156;,
  -0.018769;0.793241;0.016085;,
  -0.076570;0.737488;-0.000769;,
  -0.048101;0.701776;-0.026755;,
  -0.082946;0.702844;0.006413;,
  -0.034562;0.734903;-0.019539;,
  -0.017058;0.812105;0.054223;,
  -0.065129;0.785501;0.080784;,
  -0.033136;0.790418;0.084931;,
  -0.060244;0.787151;0.051217;,
  -0.073585;0.555314;0.065355;,
  -0.032792;0.563650;0.082766;,
  -0.066877;0.565207;0.061234;,
  -0.031769;0.552174;0.089103;,
  -0.062638;0.564446;0.005193;,
  -0.075047;0.538073;0.025729;,
  -0.035340;0.559283;-0.025897;,
  -0.060985;0.513784;-0.002756;,
  -0.032239;0.503908;-0.012528;,
  0.010132;0.561920;0.081920;,
  0.010289;0.548304;0.088273;,
  -0.040478;0.656306;0.094217;,
  0.013180;0.694773;0.103807;,
  -0.043937;0.697277;0.102642;,
  0.011691;0.657056;0.096112;,
  -0.053420;0.466192;-0.015297;,
  -0.103211;0.367804;0.009980;,
  -0.084613;0.465053;0.024591;,
  -0.068528;0.369170;-0.022434;,
  -0.076308;0.274774;-0.030665;,
  -0.100108;0.274079;0.016649;,
  -0.004177;0.462429;0.000261;,
  -0.016857;0.358138;0.073086;,
  -0.018587;0.363421;-0.002680;,
  -0.000660;0.446182;0.097177;,
  -0.042471;0.270921;0.049171;,
  -0.044385;0.269098;0.006904;,
  -0.096575;0.364083;0.074303;,
  -0.075475;0.444304;0.081933;,
  -0.082666;0.276411;0.053492;,
  -0.104766;-0.001549;0.056265;,
  -0.056843;-0.001653;0.092809;,
  -0.091037;-0.001678;0.099579;,
  -0.061413;-0.001522;0.044204;,
  -0.078627;0.218216;-0.001964;,
  -0.107727;0.147439;0.039102;,
  -0.106483;0.221597;0.030093;,
  -0.082000;0.144773;0.007295;,
  -0.103909;0.068197;0.050139;,
  -0.088359;0.066484;0.018988;,
  -0.036006;0.199098;0.018589;,
  -0.041822;0.153969;0.069442;,
  -0.049926;0.142248;0.029055;,
  -0.030164;0.218791;0.070404;,
  -0.067714;0.078286;0.067892;,
  -0.068401;0.059827;0.040502;,
  -0.103475;0.156983;0.076204;,
  -0.100928;0.231459;0.078221;,
  -0.091396;0.084366;0.070848;,
  -0.080747;0.509435;0.032379;,
  -0.004177;0.462429;0.000261;,
  -0.081412;0.506758;0.086931;,
  -0.030932;0.507074;0.110030;,
  -0.074925;0.457306;0.086241;,
  -0.028589;0.460315;0.105771;,
  -0.036816;0.609536;0.083306;,
  -0.072873;0.655777;0.077670;,
  -0.085059;0.661815;0.061398;,
  -0.063608;0.616623;0.008085;,
  -0.069602;0.611322;0.058790;,
  -0.080864;0.668560;0.007731;,
  -0.048086;0.668686;-0.029585;,
  -0.041609;0.614374;-0.022188;,
  -0.101805;0.725502;-0.007520;,
  -0.058779;0.709667;0.020652;,
  -0.132910;0.686179;-0.014669;,
  -0.122865;0.624424;0.018007;,
  -0.159672;0.646638;-0.004422;,
  -0.087674;0.656316;0.010863;,
  -0.089489;0.705715;0.073122;,
  -0.116690;0.662589;0.069890;,
  -0.087674;0.656316;0.010863;,
  -0.146605;0.606410;0.045577;,
  -0.122865;0.624424;0.018007;,
  -0.098771;0.711298;0.076452;,
  -0.161905;0.692772;0.044428;,
  -0.130632;0.730776;0.051555;,
  -0.183346;0.628318;0.023075;,
  -0.119844;0.732609;0.015290;,
  -0.149545;0.662838;-0.013148;,
  -0.082182;0.633958;-0.043838;,
  -0.112075;0.649986;-0.057872;,
  -0.104286;0.638455;0.012493;,
  -0.066581;0.625799;-0.079746;,
  -0.083492;0.636531;-0.096708;,
  -0.104286;0.638455;0.012493;,
  -0.114092;0.586859;-0.049949;,
  -0.082182;0.633958;-0.043838;,
  -0.133381;0.582666;0.011998;,
  -0.087472;0.593762;-0.089145;,
  -0.066581;0.625799;-0.079746;,
  -0.136995;0.599502;-0.060421;,
  -0.178318;0.607073;-0.013455;,
  -0.099382;0.602520;-0.100397;,
  0.022573;0.628455;-0.167868;,
  -0.011820;0.586355;-0.150508;,
  -0.005272;0.589848;-0.170905;,
  0.016150;0.625398;-0.147052;,
  -0.008383;0.656633;-0.116395;,
  -0.009514;0.659848;-0.132792;,
  -0.014209;0.666034;-0.120106;,
  -0.002830;0.654474;-0.125899;,
  -0.054931;0.586781;-0.109047;,
  -0.031744;0.639571;-0.126955;,
  -0.037812;0.630913;-0.093833;,
  -0.039435;0.589855;-0.142904;,
  -0.046594;0.597925;-0.159688;,
  -0.081467;0.602660;-0.130844;,
  -0.064843;0.649238;-0.114838;,
  -0.039920;0.645825;-0.144000;,
  -0.091057;0.774210;0.054409;,
  -0.098085;0.776153;0.025402;,
  -0.060244;0.787151;0.051217;,
  -0.060562;0.783826;0.026331;,
  -0.081607;0.702034;0.087559;,
  -0.028497;0.806235;0.028595;,
  -0.090077;0.761150;0.003110;,
  -0.068195;0.747275;-0.000156;,
  -0.081446;0.734315;0.004504;,
  -0.060143;0.766368;0.003956;,
  -0.085154;0.745157;0.086226;,
  -0.087970;0.749306;0.082695;,
  -0.043606;0.736683;0.100408;,
  0.014205;0.730688;0.099909;,
  0.013208;0.785837;0.076151;,
  -0.065129;0.785501;0.080784;,
  -0.087970;0.749306;0.082695;,
  -0.074000;0.727193;0.027721;,
  -0.058779;0.709667;0.020652;,
  -0.087462;0.738666;0.072643;,
  -0.085534;0.700452;0.055508;,
  -0.080547;0.698843;0.020542;,
  -0.076570;0.737488;-0.000769;,
  -0.089979;0.702541;0.071788;,
  -0.037812;0.630913;-0.093833;,
  -0.025664;0.834398;0.015758;,
  -0.015635;0.845589;0.033125;,
  0.012338;0.813818;0.056828;,
  0.010716;0.851010;0.038447;,
  -0.039920;0.645825;-0.144000;,
  0.022573;0.628455;-0.167868;,
  -0.005272;0.589848;-0.170905;,
  -0.020688;0.645011;-0.105825;,
  -0.033663;0.661809;-0.120673;,
  -0.020688;0.645011;-0.105825;,
  -0.015974;0.641489;-0.122623;,
  -0.033268;0.648624;-0.138615;,
  -0.033268;0.648624;-0.138615;,
  -0.008383;0.656633;-0.116395;,
  -0.014209;0.666034;-0.120106;,
  -0.009514;0.659848;-0.132792;,
  -0.126378;0.020153;-0.017720;,
  -0.105773;-0.001437;-0.067660;,
  -0.133284;-0.001468;-0.023696;,
  -0.103019;0.017139;-0.060829;,
  -0.055317;0.031762;0.081657;,
  -0.061413;-0.001522;0.044204;,
  -0.060580;0.023436;0.041459;,
  -0.056843;-0.001653;0.092809;,
  -0.067714;0.078286;0.067892;,
  -0.096110;0.034782;0.089519;,
  -0.091396;0.084366;0.070848;,
  -0.104766;-0.001549;0.056265;,
  -0.106390;0.033397;0.054094;,
  -0.091037;-0.001678;0.099579;,
  -0.088359;0.066484;0.018988;,
  -0.103909;0.068197;0.050139;,
  -0.073983;0.014102;-0.056138;,
  -0.069443;-0.001428;-0.064470;,
  -0.133284;-0.001468;-0.023696;,
  -0.069443;-0.001428;-0.064470;,
  -0.018587;0.363421;-0.002680;,
  -0.044385;0.269098;0.006904;,
  -0.036006;0.199098;0.018589;,
  -0.049926;0.142248;0.029055;,
  -0.068401;0.059827;0.040502;,
  -0.068401;0.059827;0.040502;,
  -0.037200;0.829089;-0.005551;,
  -0.019930;0.811080;-0.015629;,
  -0.018452;0.823489;0.001685;,
  -0.028877;0.815955;-0.020342;,
  -0.029167;0.857524;0.004696;,
  -0.020963;0.876509;0.017137;,
  -0.010844;0.941290;-0.087050;,
  0.008838;0.945102;-0.089594;,
  -0.025765;0.860084;-0.092654;,
  -0.021968;0.888525;-0.100363;,
  -0.008900;0.855602;-0.097965;,
  -0.034790;0.831588;-0.033651;,
  -0.042458;0.854727;-0.016597;,
  -0.035504;0.843339;-0.003835;,
  -0.043324;0.893611;-0.019933;,
  -0.044101;0.890540;-0.044264;,
  -0.035144;0.903024;-0.089824;,
  -0.040235;0.872948;-0.064711;,
  -0.043444;0.918875;-0.068377;,
  -0.040492;0.905242;-0.008140;,
  -0.029373;0.922735;0.004842;,
  0.009893;0.929057;0.013440;,
  -0.023254;0.956133;-0.029790;,
  0.009741;0.962859;-0.022436;,
  -0.040708;0.854129;-0.052017;,
  -0.026597;0.837529;-0.069414;,
  -0.025630;0.816102;-0.040557;,
  -0.011266;0.788903;-0.037935;,
  -0.017346;0.909599;-0.102982;,
  -0.030524;0.932862;-0.081128;,
  -0.038658;0.944140;-0.044345;,
  -0.025236;0.954288;-0.061040;,
  0.009352;0.965173;-0.058038;,
  -0.007913;0.962180;-0.058661;,
  0.009711;0.890152;0.023469;,
  -0.038658;0.944140;-0.044345;,
  -0.025236;0.954288;-0.061040;,
  -0.048721;0.856751;-0.018470;,
  -0.054085;0.901398;-0.034065;,
  -0.047052;0.882805;-0.028799;,
  -0.059042;0.889470;-0.017133;,
  -0.059042;0.889470;-0.017133;,
  -0.048721;0.856751;-0.018470;,
  -0.054085;0.901398;-0.034065;,
  -0.044101;0.890540;-0.044264;,
  -0.044713;0.866338;-0.037388;,
  -0.042458;0.854727;-0.016597;,
  -0.026296;0.856533;-0.080996;,
  -0.044713;0.866338;-0.037388;,
  -0.028497;0.806235;0.028595;,
  -0.025664;0.834398;0.015758;,
  -0.060562;0.783826;0.026331;,
  -0.029167;0.857524;0.004696;,
  0.011108;0.504839;0.109123;,
  0.011413;0.470567;0.107710;,
  0.007555;0.448189;0.097169;,
  0.010332;0.452184;0.041806;,
  -0.007913;0.962180;-0.058661;,
  0.009352;0.965173;-0.058038;,
  -0.011935;0.813212;-0.058728;,
  -0.004480;0.829068;-0.076471;,
  -0.004682;0.820668;-0.071715;,
  -0.006695;0.852684;-0.085470;,
  0.010704;0.608961;0.083899;,
  -0.060562;0.783826;0.026331;,
  -0.105773;-0.001437;-0.067660;,
  -0.011342;0.807682;-0.055152;,
  -0.003773;0.802306;-0.060163;,
  -0.003535;0.808278;-0.059534;,
  -0.003346;0.809188;-0.065684;,
  -0.087462;0.738666;0.072643;,
  -0.069338;0.729261;0.045098;,
  -0.074000;0.727193;0.027721;,
  -0.076570;0.737488;-0.000769;,
  -0.040492;0.905242;-0.008140;,
  -0.025531;0.219967;-0.020542;,
  0.003649;0.145290;-0.015983;,
  -0.035481;0.143537;-0.012750;,
  0.004481;0.223018;-0.018719;,
  -0.030199;0.275918;-0.031589;,
  0.006107;0.277174;-0.027685;,
  -0.014003;0.368299;-0.026918;,
  0.006833;0.367753;-0.025139;,
  -0.005563;0.457159;-0.028219;,
  0.007348;0.453637;-0.027856;,
  0.008634;0.496061;-0.024817;,
  -0.032239;0.503908;-0.012528;,
  0.002809;0.078913;-0.017541;,
  -0.039252;0.071104;-0.010326;,
  -0.038720;0.074096;0.102048;,
  -0.103475;0.156983;0.076204;,
  -0.091382;0.084366;0.070848;,
  -0.036969;0.149037;0.094220;,
  -0.100928;0.231459;0.078221;,
  -0.036650;0.216375;0.086303;,
  -0.031451;0.270285;0.082278;,
  -0.082666;0.276411;0.053492;,
  -0.096575;0.364083;0.074303;,
  -0.013642;0.356540;0.090220;,
  0.011413;0.470567;0.107710;,
  -0.028589;0.460315;0.105771;,
  -0.069338;0.729261;0.045098;,
  -0.053420;0.466192;-0.015297;,
  -0.068528;0.369170;-0.022434;,
  -0.076308;0.274774;-0.030665;,
  -0.078627;0.218216;-0.001964;,
  -0.082000;0.144773;0.007295;,
  -0.088359;0.066484;0.018988;,
  0.108455;0.360887;0.065941;,
  0.051707;0.461708;0.104745;,
  0.095907;0.443726;0.076796;,
  0.084358;0.275561;0.047225;,
  0.101547;0.230652;0.071202;,
  0.097272;0.156231;0.071825;,
  0.078457;0.084696;0.070966;,
  -0.075475;0.444304;0.081933;;
  916;
  3;0,1,2;,
  3;1,0,3;,
  3;4,5,6;,
  3;5,4,7;,
  3;8,9,10;,
  3;9,8,11;,
  3;12,13,14;,
  3;13,12,15;,
  3;16,12,17;,
  3;12,16,15;,
  3;18,19,20;,
  3;19,18,16;,
  3;6,21,22;,
  3;21,6,5;,
  3;14,23,24;,
  3;23,14,13;,
  3;25,26,27;,
  3;26,25,28;,
  3;29,30,31;,
  3;30,29,32;,
  3;30,33,31;,
  3;33,30,34;,
  3;35,36,37;,
  3;36,35,38;,
  3;38,39,36;,
  3;39,38,40;,
  3;37,41,42;,
  3;41,37,36;,
  3;36,43,41;,
  3;43,36,39;,
  3;42,30,32;,
  3;30,42,41;,
  3;41,34,30;,
  3;34,41,43;,
  3;44,45,46;,
  3;45,44,47;,
  3;48,49,50;,
  3;49,48,51;,
  3;50,52,53;,
  3;52,50,49;,
  3;54,55,56;,
  3;55,54,57;,
  3;57,58,55;,
  3;58,57,59;,
  3;56,60,61;,
  3;60,56,55;,
  3;55,62,60;,
  3;62,55,58;,
  3;61,49,51;,
  3;49,61,60;,
  3;60,52,49;,
  3;52,60,62;,
  3;32,19,63;,
  3;19,32,29;,
  3;64,65,66;,
  3;65,64,20;,
  3;14,67,12;,
  3;67,14,68;,
  3;68,69,67;,
  3;69,68,70;,
  3;70,42,69;,
  3;42,70,37;,
  3;48,34,51;,
  3;34,48,33;,
  3;51,43,61;,
  3;43,51,34;,
  3;43,56,61;,
  3;56,43,39;,
  3;39,54,56;,
  3;54,39,40;,
  3;12,63,17;,
  3;63,12,67;,
  3;67,32,63;,
  3;32,67,69;,
  3;69,42,32;,
  3;71,72,25;,
  3;73,74,75;,
  3;74,73,76;,
  3;74,77,75;,
  3;77,74,78;,
  3;79,78,80;,
  3;78,79,77;,
  3;81,82,83;,
  3;82,84,85;,
  3;84,82,86;,
  3;87,88,89;,
  3;88,90,89;,
  3;90,88,91;,
  3;92,93,94;,
  3;92,89,93;,
  3;92,87,89;,
  3;89,95,93;,
  3;95,89,90;,
  3;96,93,82;,
  3;93,86,82;,
  3;86,93,95;,
  3;97,98,99;,
  3;98,97,100;,
  3;100,101,98;,
  3;101,100,102;,
  3;103,104,105;,
  3;104,103,106;,
  3;106,107,104;,
  3;107,106,108;,
  3;105,109,110;,
  3;109,105,104;,
  3;104,111,109;,
  3;111,104,107;,
  3;110,100,97;,
  3;100,110,109;,
  3;109,102,100;,
  3;102,109,111;,
  3;112,113,114;,
  3;113,112,115;,
  3;116,117,118;,
  3;117,116,119;,
  3;120,121,122;,
  3;121,120,123;,
  3;120,124,125;,
  3;124,120,122;,
  3;126,124,127;,
  3;124,126,125;,
  3;95,97,86;,
  3;97,95,110;,
  3;86,99,84;,
  3;99,86,97;,
  3;90,103,105;,
  3;103,90,91;,
  3;105,95,90;,
  3;95,105,110;,
  3;128,96,129;,
  3;96,128,94;,
  3;129,130,128;,
  3;130,129,131;,
  3;72,28,25;,
  3;28,72,132;,
  3;10,133,8;,
  3;134,135,136;,
  3;135,134,137;,
  3;81,137,134;,
  3;138,11,139;,
  3;138,9,11;,
  3;138,140,9;,
  3;141,11,142;,
  3;11,141,139;,
  3;128,130,143;,
  3;94,144,92;,
  3;94,143,144;,
  3;94,128,143;,
  3;145,87,146;,
  3;87,145,147;,
  3;75,148,73;,
  3;148,75,149;,
  3;150,147,145;,
  3;7,149,75;,
  3;148,151,73;,
  3;102,152,101;,
  3;152,102,126;,
  3;102,125,126;,
  3;125,102,111;,
  3;111,120,125;,
  3;120,111,107;,
  3;120,108,123;,
  3;108,120,107;,
  3;8,153,154;,
  3;153,8,133;,
  3;154,155,8;,
  3;155,154,156;,
  3;122,114,113;,
  3;114,122,121;,
  3;121,112,114;,
  3;112,121,157;,
  3;158,124,159;,
  3;124,158,127;,
  3;159,122,113;,
  3;122,159,124;,
  3;126,160,152;,
  3;160,126,161;,
  3;162,121,123;,
  3;121,162,163;,
  3;121,164,157;,
  3;164,121,163;,
  3;165,126,127;,
  3;126,165,161;,
  3;161,166,160;,
  3;166,161,167;,
  3;162,118,163;,
  3;118,162,116;,
  3;163,117,164;,
  3;117,163,118;,
  3;165,167,161;,
  3;167,165,168;,
  3;169,170,171;,
  3;170,169,172;,
  3;173,174,175;,
  3;174,173,176;,
  3;177,178,179;,
  3;178,177,173;,
  3;180,178,181;,
  3;178,180,182;,
  3;183,169,171;,
  3;169,183,184;,
  3;174,185,186;,
  3;185,174,176;,
  3;46,187,44;,
  3;187,46,188;,
  3;180,169,182;,
  3;169,180,172;,
  3;20,29,65;,
  3;19,29,20;,
  3;29,31,189;,
  3;31,190,189;,
  3;190,31,33;,
  3;33,191,190;,
  3;191,33,48;,
  3;191,50,192;,
  3;50,191,48;,
  3;192,53,193;,
  3;53,192,50;,
  3;194,171,185;,
  3;171,194,183;,
  3;171,186,185;,
  3;186,171,170;,
  3;185,176,194;,
  3;194,173,177;,
  3;173,194,176;,
  3;178,175,181;,
  3;175,178,173;,
  3;179,182,184;,
  3;182,179,178;,
  3;182,169,184;,
  3;16,17,19;,
  3;17,63,19;,
  3;65,195,66;,
  3;196,197,198;,
  3;197,196,199;,
  3;200,154,153;,
  3;154,200,201;,
  3;202,203,204;,
  3;205,206,207;,
  3;196,208,209;,
  3;208,196,198;,
  3;210,209,211;,
  3;209,210,196;,
  3;212,213,214;,
  3;213,212,215;,
  3;212,214,211;,
  3;201,216,217;,
  3;216,201,200;,
  3;218,219,220;,
  3;219,218,217;,
  3;210,199,196;,
  3;213,205,207;,
  3;221,222,223;,
  3;198,197,224;,
  3;224,225,226;,
  3;225,224,197;,
  3;227,213,207;,
  3;228,229,214;,
  3;229,228,230;,
  3;220,231,232;,
  3;213,228,214;,
  3;156,201,233;,
  3;201,156,154;,
  3;233,217,218;,
  3;217,233,201;,
  3;219,217,234;,
  3;235,219,234;,
  3;236,237,238;,
  3;237,236,239;,
  3;209,240,211;,
  3;240,209,241;,
  3;211,242,212;,
  3;242,211,240;,
  3;243,239,244;,
  3;239,243,237;,
  3;244,236,245;,
  3;236,244,239;,
  3;246,221,223;,
  3;221,246,215;,
  3;221,212,247;,
  3;212,221,215;,
  3;199,248,2;,
  3;248,199,249;,
  3;133,10,250;,
  3;249,210,251;,
  3;210,249,199;,
  3;210,211,251;,
  3;252,1,253;,
  3;1,252,2;,
  3;20,254,18;,
  3;254,20,64;,
  3;24,68,14;,
  3;68,24,255;,
  3;68,256,70;,
  3;256,68,255;,
  3;256,37,70;,
  3;37,256,257;,
  3;258,2,252;,
  3;2,258,199;,
  3;257,259,37;,
  3;37,259,35;,
  3;260,204,261;,
  3;204,260,202;,
  3;262,263,223;,
  3;263,262,264;,
  3;197,258,225;,
  3;258,197,199;,
  3;265,203,227;,
  3;265,207,266;,
  3;207,265,227;,
  3;223,267,246;,
  3;267,223,263;,
  3;88,87,147;,
  3;83,82,85;,
  3;78,16,18;,
  3;16,78,74;,
  3;74,15,16;,
  3;15,74,76;,
  3;15,71,13;,
  3;71,15,76;,
  3;13,268,23;,
  3;268,13,71;,
  3;248,269,2;,
  3;2,269,0;,
  3;136,129,134;,
  3;129,136,131;,
  3;134,96,81;,
  3;96,134,129;,
  3;96,82,81;,
  3;93,96,94;,
  3;29,189,65;,
  3;205,215,246;,
  3;267,205,246;,
  3;205,267,206;,
  3;205,213,215;,
  3;187,188,270;,
  3;224,271,272;,
  3;222,221,208;,
  3;224,222,198;,
  3;272,273,262;,
  3;273,272,271;,
  3;263,274,275;,
  3;273,276,262;,
  3;277,271,278;,
  3;271,277,273;,
  3;222,272,262;,
  3;272,222,224;,
  3;222,208,198;,
  3;209,221,247;,
  3;221,209,208;,
  3;223,222,262;,
  3;266,206,279;,
  3;206,266,207;,
  3;206,280,279;,
  3;280,206,267;,
  3;280,263,275;,
  3;263,280,267;,
  3;264,262,276;,
  3;76,73,72;,
  3;138,281,140;,
  3;73,132,72;,
  3;132,73,151;,
  3;72,71,76;,
  3;271,226,278;,
  3;155,11,8;,
  3;276,277,282;,
  3;277,276,273;,
  3;274,276,282;,
  3;276,274,264;,
  3;28,141,26;,
  3;141,28,139;,
  3;139,132,138;,
  3;132,139,28;,
  3;132,281,138;,
