xof 0303txt 0032
template ColorRGBA {
 <35ff44e0-6c7c-11cf-8f52-0040333594a3>
 FLOAT red;
 FLOAT green;
 FLOAT blue;
 FLOAT alpha;
}

template ColorRGB {
 <d3e16e81-7835-11cf-8f52-0040333594a3>
 FLOAT red;
 FLOAT green;
 FLOAT blue;
}

template Material {
 <3d82ab4d-62da-11cf-ab39-0020af71e433>
 ColorRGBA faceColor;
 FLOAT power;
 ColorRGB specularColor;
 ColorRGB emissiveColor;
 [...]
}

template TextureFilename {
 <a42790e1-7810-11cf-8f52-0040333594a3>
 STRING filename;
}

template Frame {
 <3d82ab46-62da-11cf-ab39-0020af71e433>
 [...]
}

template Matrix4x4 {
 <f6f23f45-7686-11cf-8f52-0040333594a3>
 array FLOAT matrix[16];
}

template FrameTransformMatrix {
 <f6f23f41-7686-11cf-8f52-0040333594a3>
 Matrix4x4 frameMatrix;
}

template Vector {
 <3d82ab5e-62da-11cf-ab39-0020af71e433>
 FLOAT x;
 FLOAT y;
 FLOAT z;
}

template MeshFace {
 <3d82ab5f-62da-11cf-ab39-0020af71e433>
 DWORD nFaceVertexIndices;
 array DWORD faceVertexIndices[nFaceVertexIndices];
}

template Mesh {
 <3d82ab44-62da-11cf-ab39-0020af71e433>
 DWORD nVertices;
 array Vector vertices[nVertices];
 DWORD nFaces;
 array MeshFace faces[nFaces];
 [...]
}

template MeshMaterialList {
 <f6f23f42-7686-11cf-8f52-0040333594a3>
 DWORD nMaterials;
 DWORD nFaceIndexes;
 array DWORD faceIndexes[nFaceIndexes];
 [Material <3d82ab4d-62da-11cf-ab39-0020af71e433>]
}

template VertexElement {
 <f752461c-1e23-48f6-b9f8-8350850f336f>
 DWORD Type;
 DWORD Method;
 DWORD Usage;
 DWORD UsageIndex;
}

template DeclData {
 <bf22e553-292c-4781-9fea-62bd554bdd93>
 DWORD nElements;
 array VertexElement Elements[nElements];
 DWORD nDWords;
 array DWORD data[nDWords];
}

template XSkinMeshHeader {
 <3cf169ce-ff7c-44ab-93c0-f78f62d172e2>
 WORD nMaxSkinWeightsPerVertex;
 WORD nMaxSkinWeightsPerFace;
 WORD nBones;
}

template SkinWeights {
 <6f0d123b-bad2-4167-a0d0-80224f25fabb>
 STRING transformNodeName;
 DWORD nWeights;
 array DWORD vertexIndices[nWeights];
 array FLOAT weights[nWeights];
 Matrix4x4 matrixOffset;
}

template AnimTicksPerSecond {
 <9e415a43-7ba6-4a73-8743-b73d47e88476>
 DWORD AnimTicksPerSecond;
}

template Animation {
 <3d82ab4f-62da-11cf-ab39-0020af71e433>
 [...]
}

template AnimationSet {
 <3d82ab50-62da-11cf-ab39-0020af71e433>
 [Animation <3d82ab4f-62da-11cf-ab39-0020af71e433>]
}

template FloatKeys {
 <10dd46a9-775b-11cf-8f52-0040333594a3>
 DWORD nValues;
 array FLOAT values[nValues];
}

template TimedFloatKeys {
 <f406b180-7b3b-11cf-8f52-0040333594a3>
 DWORD time;
 FloatKeys tfkeys;
}

template AnimationKey {
 <10dd46a8-775b-11cf-8f52-0040333594a3>
 DWORD keyType;
 DWORD nKeys;
 array TimedFloatKeys keys[nKeys];
}


Material _03_-_Default {
 1.000000;1.000000;1.000000;1.000000;;
 9.999999;
 0.000000;0.000000;0.000000;;
 0.000000;0.000000;0.000000;;

 TextureFilename {
  "MaleBody_full.png";
 }
}

Frame Dummy01 {
 

 FrameTransformMatrix {
  1.000000,0.000000,0.000000,0.000000,0.000000,-0.000000,-1.000000,0.000000,0.000000,1.000000,-0.000000,0.000000,0.000000,0.000000,0.000000,1.000000;;
 }

 Frame Bip01 {
  

  FrameTransformMatrix {
   -0.342528,0.937267,-0.064841,0.000000,-0.056497,0.048343,0.997232,0.000000,0.937807,0.345244,0.036394,0.000000,-0.040390,-0.065696,0.443928,1.000000;;
  }

  Frame Bip01_Pelvis {
   

   FrameTransformMatrix {
    -0.008703,0.999025,0.043284,0.000000,0.048759,-0.042810,0.997893,0.000000,0.998773,0.010795,-0.048339,0.000000,0.000000,0.000000,0.000000,1.000000;;
   }

   Frame Bip01_Spine {
    

    FrameTransformMatrix {
     0.871338,0.089140,0.482519,0.000000,-0.073181,0.995970,-0.051844,0.000000,-0.485196,0.009863,0.874350,0.000000,0.051624,-0.002211,0.000483,1.000000;;
    }

    Frame Bip01_Spine1 {
     

     FrameTransformMatrix {
      0.883570,0.204325,0.421372,0.000000,-0.196073,0.978540,-0.063356,0.000000,-0.425275,-0.026640,0.904672,0.000000,0.106516,0.000002,-0.000077,1.000000;;
     }

     Frame Bip01_Neck {
      

      FrameTransformMatrix {
       0.995150,0.092311,-0.033976,0.000000,-0.098249,0.949621,-0.297603,0.000000,0.004793,0.299498,0.954085,0.000000,0.130504,-0.000008,0.004626,1.000000;;
      }

      Frame Bip01_Head {
       

       FrameTransformMatrix {
        0.796400,-0.036454,-0.603670,0.000000,0.063424,0.997712,0.023424,0.000000,0.601435,-0.056942,0.796890,0.000000,0.033674,0.000000,-0.000000,1.000000;;
       }

       Frame Bip01_HeadNub {
        

        FrameTransformMatrix {
         1.000000,0.000000,0.000000,0.000000,0.000000,1.000000,0.000000,0.000000,-0.000000,-0.000000,1.000000,0.000000,0.169824,0.000000,0.000000,1.000000;;
        }
       }
      }

      Frame Bip01_L_Clavicle {
       

       FrameTransformMatrix {
        0.164126,0.943875,0.286642,0.000000,0.985921,-0.166383,-0.016643,0.000000,0.031984,0.285337,-0.957893,0.000000,-0.022299,0.018668,0.000180,1.000000;;
       }

       Frame Bip01_L_UpperArm {
        

        FrameTransformMatrix {
         0.469612,-0.819173,-0.329271,0.000000,0.871397,0.490003,0.023752,0.000000,0.141887,-0.298081,0.943937,0.000000,0.087086,0.000000,0.000000,1.000000;;
        }

        Frame Bip01_L_Forearm {
         

         FrameTransformMatrix {
          0.459414,-0.000000,-0.888222,0.000000,0.000000,1.000000,-0.000000,0.000000,0.888222,0.000000,0.459414,0.000000,0.137062,0.000000,0.000000,1.000000;;
         }

         Frame Bip01_L_Hand {
          

          FrameTransformMatrix {
           0.947820,0.118133,-0.296112,0.000000,0.257157,0.265698,0.929126,0.000000,0.188437,-0.956791,0.221455,0.000000,0.137062,0.000000,0.000000,1.000000;;
          }

          Frame Bip01_L_Finger0 {
           

           FrameTransformMatrix {
            0.469515,-0.188366,0.862598,0.000000,0.720132,0.646965,-0.250692,0.000000,-0.510849,0.738888,0.439408,0.000000,0.057681,-0.023605,-0.000272,1.000000;;
           }

           Frame Bip01_L_Finger0Nub {
            

            FrameTransformMatrix {
             1.000000,0.000000,0.000000,0.000000,-0.000000,1.000000,0.000000,0.000000,0.000000,0.000000,1.000000,0.000000,0.029435,-0.000000,-0.000000,1.000000;;
            }
           }
          }

          Frame Bip01_L_Finger1 {
           

           FrameTransformMatrix {
            0.313558,-0.000756,0.949569,0.000000,0.000000,1.000000,0.000796,0.000000,-0.949569,-0.000250,0.313558,0.000000,0.084102,0.000000,0.000000,1.000000;;
           }

           Frame Bip01_L_Finger1Nub {
            

            FrameTransformMatrix {
             1.000000,-0.000000,0.000000,0.000000,0.000000,1.000000,0.000000,0.000000,0.000000,0.000000,1.000000,0.000000,0.047988,0.000000,-0.000000,1.000000;;
            }
           }
          }
         }
        }
       }
      }

      Frame Bip01_R_Clavicle {
       

       FrameTransformMatrix {
        -0.284730,-0.852774,-0.437842,0.000000,-0.957439,0.275534,0.085974,0.000000,0.047324,0.443686,-0.894932,0.000000,-0.025201,-0.011178,-0.009233,1.000000;;
       }

       Frame Bip01_R_UpperArm {
        

        FrameTransformMatrix {
         0.363613,0.925788,0.103449,0.000000,-0.921138,0.340768,0.188099,0.000000,0.138888,-0.163686,0.976687,0.000000,0.087086,0.000000,0.000000,1.000000;;
        }

        Frame Bip01_R_Forearm {
         

         FrameTransformMatrix {
          -0.281775,-0.000000,-0.959480,0.000000,-0.000000,1.000000,0.000000,0.000000,0.959480,0.000000,-0.281775,0.000000,0.137062,0.000000,-0.000000,1.000000;;
         }

         Frame Bip01_R_Hand {
          

          FrameTransformMatrix {
           0.985864,-0.080260,0.147076,0.000000,0.152178,0.061623,-0.986430,0.000000,0.070108,0.994867,0.072965,0.000000,0.137062,0.000000,0.000000,1.000000;;
          }

          Frame Bip01_R_Finger0 {
           

           FrameTransformMatrix {
            0.015127,-0.210781,0.977417,0.000000,-0.453892,0.869560,0.194546,0.000000,-0.890929,-0.446584,-0.082517,0.000000,0.057681,0.023605,-0.000272,1.000000;;
           }

           Frame Bip01_R_Finger0Nub {
            

            FrameTransformMatrix {
             -1.000000,0.000000,-0.000000,0.000000,-0.000000,1.000000,-0.000000,0.000000,-0.000000,0.000000,-1.000000,0.000000,0.029435,-0.000000,0.000000,1.000000;;
            }
           }
          }

          Frame Bip01_R_Finger1 {
           

           FrameTransformMatrix {
            -0.592083,0.000642,0.805876,0.000000,0.000000,1.000000,-0.000796,0.000000,-0.805876,-0.000471,-0.592083,0.000000,0.084102,0.000000,0.000000,1.000000;;
           }

           Frame Bip01_R_Finger1Nub {
            

            FrameTransformMatrix {
             -1.000000,0.000000,-0.000000,0.000000,-0.000000,1.000000,0.000000,0.000000,0.000000,-0.000000,-1.000000,0.000000,0.047988,0.000000,-0.000000,1.000000;;
            }
           }
          }
         }
        }
       }
      }
     }

     Frame Bip01_BackPack {
      

      FrameTransformMatrix {
       -0.174826,0.237733,-0.955468,0.000000,0.110404,0.969026,0.220905,0.000000,0.978390,-0.066868,-0.195658,0.000000,0.043238,0.001401,-0.084748,1.000000;;
      }

      Frame Bip01_BackPackNub {
       

       FrameTransformMatrix {
        0.000796,0.000003,1.000000,0.000000,-0.000000,-1.000000,0.000003,0.000000,1.000000,0.000000,-0.000796,0.000000,0.053240,0.000000,-0.000000,1.000000;;
       }
      }
     }
    }

    Frame Bip01_L_Thigh {
     

     FrameTransformMatrix {
      -0.222371,0.367769,0.902938,0.000000,-0.037526,-0.928668,0.369008,0.000000,0.974240,0.048173,0.220310,0.000000,-0.040095,0.061008,0.025192,1.000000;;
     }

     Frame Bip01_L_Calf {
      

      FrameTransformMatrix {
       0.705980,0.000000,-0.708231,0.000000,0.000000,1.000000,0.000000,0.000000,0.708231,-0.000000,0.705981,0.000000,0.237500,-0.000000,0.000000,1.000000;;
      }

      Frame Bip01_L_Foot {
       

       FrameTransformMatrix {
        0.954308,0.146733,0.260318,0.000000,-0.164924,0.985071,0.049348,0.000000,-0.249191,-0.090026,0.964261,0.000000,0.206841,0.000000,-0.000000,1.000000;;
       }

       Frame Bip01_L_Toe0 {
        

        FrameTransformMatrix {
         0.132993,0.006612,0.991095,0.000000,0.009843,0.999920,-0.007992,0.000000,-0.991068,0.010818,0.132917,0.000000,0.065373,0.000000,0.066450,1.000000;;
        }

        Frame Bip01_L_Toe0Nub {
         

         FrameTransformMatrix {
          -1.000000,0.000000,0.000000,0.000000,0.000000,1.000000,0.000000,0.000000,0.000000,0.000000,-1.000000,0.000000,0.006735,0.000000,0.000000,1.000000;;
         }
        }
       }
      }
     }
    }

    Frame Bip01_R_Thigh {
     

     FrameTransformMatrix {
      -0.659797,0.041127,0.750317,0.000000,-0.176606,-0.979020,-0.101637,0.000000,0.730396,-0.199570,0.653218,0.000000,-0.049941,-0.048998,0.024102,1.000000;;
     }

     Frame Bip01_R_Calf {
      

      FrameTransformMatrix {
       0.516385,0.000000,-0.856357,0.000000,0.000000,1.000000,0.000000,0.000000,0.856357,-0.000000,0.516385,0.000000,0.237500,0.000000,0.000000,1.000000;;
      }

      Frame Bip01_R_Foot {
       

       FrameTransformMatrix {
        0.735805,0.070184,0.673547,0.000000,0.031831,0.989931,-0.137925,0.000000,-0.676445,0.122926,0.726162,0.000000,0.206841,0.000000,0.000000,1.000000;;
       }

       Frame Bip01_R_Toe0 {
        

        FrameTransformMatrix {
         0.356227,-0.296812,0.886005,0.000000,0.155026,0.953840,0.257207,0.000000,-0.921450,0.045730,0.385798,0.000000,0.065373,-0.000000,0.066450,1.000000;;
        }

        Frame Bip01_R_Toe0Nub {
         

         FrameTransformMatrix {
          1.000000,-0.000000,0.000000,0.000000,-0.000000,1.000000,-0.000000,0.000000,-0.000000,-0.000000,1.000000,0.000000,0.006735,-0.000000,0.000000,1.000000;;
         }
        }
       }
      }
     }
    }
   }

   Frame Bip01_DressFront {
    

    FrameTransformMatrix {
     -0.742236,0.251498,0.621156,0.000000,0.214635,0.967295,-0.135173,0.000000,-0.634837,0.032992,-0.771942,0.000000,-0.043909,0.001394,0.061054,1.000000;;
    }

    Frame Bip01_DressFront02 {
     

     FrameTransformMatrix {
      0.866064,0.000001,0.499933,0.000000,-0.000001,1.000000,-0.000000,0.000000,-0.499933,-0.000000,0.866064,0.000000,0.183390,0.000000,-0.000114,1.000000;;
     }

     Frame Bip01_DressFrontNub {
      

      FrameTransformMatrix {
       0.000796,0.000003,1.000000,0.000000,0.000000,-1.000000,0.000003,0.000000,1.000000,0.000000,-0.000796,0.000000,0.165302,0.000000,0.000000,1.000000;;
      }
     }
    }
   }

   Frame Bip01_DressBack {
    

    FrameTransformMatrix {
     -0.776569,0.231596,0.585922,0.000000,0.474856,0.826356,0.302733,0.000000,-0.414068,0.513322,-0.751697,0.000000,-0.047674,-0.000072,-0.078314,1.000000;;
    }

    Frame Bip01_DressBack02 {
     

     FrameTransformMatrix {
      0.780396,-0.312462,0.541617,0.000000,0.260018,0.949914,0.173360,0.000000,-0.568658,0.005540,0.822555,0.000000,0.176221,-0.000001,-0.000089,1.000000;;
     }

     Frame Bip01_DressBackNub {
      

      FrameTransformMatrix {
       0.000796,0.000003,1.000000,0.000000,0.000000,-1.000000,0.000003,0.000000,1.000000,-0.000000,-0.000796,0.000000,0.136508,-0.000000,0.000000,1.000000;;
      }
     }
    }
   }
  }

  Frame Bip01_Prop1 {
   

   FrameTransformMatrix {
    -0.797669,-0.486860,-0.355938,0.000000,0.572649,-0.796577,-0.193749,0.000000,-0.189203,-0.358375,0.914205,0.000000,0.144771,0.058973,-0.091320,1.000000;;
   }
  }

  Frame Bip01_Prop2 {
   

   FrameTransformMatrix {
    0.722242,-0.683360,0.106699,0.000000,0.617889,0.568186,-0.543487,0.000000,0.310773,0.458457,0.832609,0.000000,0.160931,-0.124025,0.156035,1.000000;;
   }
  }
 }
}

Frame Translation_Data {
 

 FrameTransformMatrix {
  1.000000,0.000000,0.000000,0.000000,0.000000,-0.000000,-1.000000,0.000000,0.000000,1.000000,-0.000000,0.000000,0.000000,-0.000000,0.000000,1.000000;;
 }
}

Frame Body {
 

 FrameTransformMatrix {
  1.000000,0.000000,0.000000,0.000000,0.000000,1.000000,0.000000,0.000000,0.000000,0.000000,1.000000,0.000000,0.000000,0.000000,0.000000,1.000000;;
 }

 Mesh Body {
  617;
  -0.002720;0.606492;-0.117979;,
  -0.036693;0.603478;-0.100628;,
  -0.038193;0.633966;-0.115863;,
  0.008560;0.590009;-0.104712;,
  0.013229;0.576965;-0.089030;,
  -0.022287;0.553803;-0.064062;,
  -0.032899;0.571073;-0.084685;,
  0.021519;0.571647;-0.055960;,
  -0.028480;0.675180;-0.113062;,
  0.025944;0.672884;-0.090726;,
  0.007285;0.657978;-0.112179;,
  -0.001929;0.685261;-0.084941;,
  0.050781;0.494575;0.066175;,
  0.019387;0.508267;0.096616;,
  0.022207;0.491628;0.104871;,
  0.042163;0.506726;0.063910;,
  0.016295;0.499624;0.016085;,
  0.036095;0.477016;0.029493;,
  -0.020811;0.491517;-0.000050;,
  0.012323;0.454210;0.011134;,
  -0.018443;0.442544;0.012149;,
  -0.076066;0.557321;-0.056164;,
  -0.073076;0.578388;-0.080473;,
  -0.020280;0.507219;0.113036;,
  -0.016556;0.487752;0.121206;,
  0.013926;0.617897;0.038662;,
  -0.035851;0.662627;0.023082;,
  -0.034408;0.628733;0.053857;,
  0.017337;0.650233;0.007147;,
  0.005621;0.435582;-0.010082;,
  0.060289;0.359026;-0.068553;,
  0.018672;0.375040;-0.084893;,
  0.046515;0.418473;0.011933;,
  0.024462;0.299815;-0.158029;,
  0.057897;0.283157;-0.123544;,
  -0.037121;0.422582;0.004439;,
  -0.007829;0.299122;-0.011070;,
  -0.002604;0.385705;0.125653;,
  -0.024872;0.350724;-0.064156;,
  0.008781;0.260792;-0.087417;,
  0.001534;0.276309;-0.123472;,
  0.069760;0.315018;-0.021981;,
  0.054473;0.374499;0.050706;,
  0.048829;0.268418;-0.088925;,
  0.078769;0.005873;-0.132969;,
  0.038788;-0.005569;-0.089350;,
  0.033906;0.007177;-0.136222;,
  0.073644;-0.005899;-0.089383;,
  0.035895;0.229584;-0.146075;,
  0.075183;0.156347;-0.120871;,
  0.044295;0.155982;-0.147825;,
  0.068885;0.230774;-0.119145;,
  0.077197;0.075729;-0.120487;,
  0.056220;0.078474;-0.148120;,
  -0.001386;0.205033;-0.121341;,
  0.015595;0.154270;-0.079019;,
  0.001298;0.217448;-0.067070;,
  0.016822;0.148432;-0.121429;,
  0.044632;0.080488;-0.095084;,
  0.040583;0.067669;-0.125160;,
  0.077249;0.160724;-0.082631;,
  0.071645;0.233958;-0.069884;,
  0.068276;0.087326;-0.095348;,
  0.044095;0.448433;0.033469;,
  -0.060761;0.434599;0.017561;,
  -0.037121;0.422582;0.004439;,
  -0.054883;0.400937;0.032343;,
  0.066847;0.446195;0.083076;,
  0.030081;0.446698;0.124669;,
  0.057534;0.389304;0.069378;,
  0.022209;0.388650;0.105612;,
  0.012844;0.572715;0.067297;,
  0.038749;0.600757;0.020065;,
  0.044172;0.591622;0.002744;,
  0.011197;0.532837;0.003092;,
  0.021538;0.560567;-0.032887;,
  0.034798;0.556369;0.038961;,
  -0.021816;0.541167;-0.046166;,
  -0.019590;0.516983;-0.009379;,
  -0.076326;0.549791;-0.040809;,
  -0.066939;0.516102;0.004165;,
  0.054502;0.584378;-0.130215;,
  0.084159;0.548111;-0.110978;,
  0.008018;0.586007;-0.103155;,
  0.065253;0.507587;-0.055789;,
  0.035048;0.536543;-0.078663;,
  0.105474;0.515524;-0.081801;,
  0.032827;0.612085;-0.053999;,
  0.035048;0.536543;-0.078663;,
  0.058004;0.574740;-0.029882;,
  0.087657;0.522072;-0.013884;,
  0.065253;0.507587;-0.055789;,
  0.041979;0.618724;-0.053236;,
  0.107103;0.586612;-0.062318;,
  0.077215;0.621764;-0.080869;,
  0.127828;0.529820;-0.039742;,
  0.070389;0.603153;-0.113148;,
  0.102159;0.506217;-0.096486;,
  0.058096;0.440270;-0.091675;,
  0.054197;0.495457;-0.066750;,
  0.088590;0.449592;-0.109858;,
  0.059631;0.400631;-0.101686;,
  0.080504;0.401213;-0.118861;,
  0.054197;0.495457;-0.066750;,
  0.095856;0.427154;-0.050735;,
  0.088467;0.480600;-0.015744;,
  0.058096;0.440270;-0.091675;,
  0.088122;0.386931;-0.078976;,
  0.059631;0.400631;-0.101686;,
  0.119054;0.434682;-0.064850;,
  0.136153;0.491401;-0.045312;,
  0.101319;0.389086;-0.090045;,
  0.016352;0.313596;-0.151274;,
  0.064372;0.321040;-0.121352;,
  0.022084;0.332392;-0.141389;,
  0.058310;0.302753;-0.131351;,
  0.021275;0.352376;-0.138167;,
  0.025736;0.344581;-0.152301;,
  0.024845;0.342303;-0.141573;,
  0.017197;0.356129;-0.148433;,
  0.073495;0.350590;-0.094131;,
  0.047315;0.363877;-0.146888;,
  0.075152;0.326282;-0.122455;,
  0.039634;0.379206;-0.116641;,
  0.086622;0.326252;-0.138781;,
  0.101382;0.363053;-0.116456;,
  0.066883;0.393975;-0.140030;,
  0.060274;0.363029;-0.161982;,
  0.033987;0.655618;-0.122471;,
  0.030342;0.631883;-0.140241;,
  0.007285;0.657978;-0.112179;,
  -0.001539;0.635838;-0.123691;,
  0.047447;0.632965;-0.013187;,
  -0.025426;0.648672;-0.122368;,
  0.023855;0.606311;-0.135472;,
  0.008560;0.590009;-0.104712;,
  -0.002720;0.606492;-0.117979;,
  0.028698;0.594505;-0.118474;,
  0.047056;0.649555;-0.056667;,
  0.015192;0.668637;-0.033296;,
  0.048290;0.648206;-0.062703;,
  -0.039250;0.680791;-0.016968;,
  -0.048351;0.688190;-0.075868;,
  0.025944;0.672884;-0.090726;,
  0.048290;0.648206;-0.062703;,
  0.023163;0.597490;-0.070457;,
  0.046912;0.636314;-0.062188;,
  0.008018;0.586007;-0.103155;,
  0.040514;0.606905;-0.029378;,
  0.024223;0.580639;-0.044965;,
  0.013229;0.576965;-0.089030;,
  0.050017;0.619410;-0.023673;,
  0.039634;0.379206;-0.116641;,
  -0.026390;0.676998;-0.129177;,
  -0.035989;0.691051;-0.113949;,
  -0.055462;0.685638;-0.107828;,
  -0.062160;0.697522;-0.109416;,
  0.060274;0.363029;-0.161982;,
  0.016352;0.313596;-0.151274;,
  0.058310;0.302753;-0.131351;,
  0.031269;0.367168;-0.129249;,
  0.028315;0.371448;-0.154625;,
  0.031269;0.367168;-0.129249;,
  0.039271;0.353611;-0.137554;,
  0.046444;0.359809;-0.160267;,
  0.046444;0.359809;-0.160267;,
  0.021275;0.352376;-0.138167;,
  0.017197;0.356129;-0.148433;,
  0.025736;0.344581;-0.152301;,
  0.085905;0.046654;-0.201510;,
  0.055876;0.037713;-0.250530;,
  0.054651;0.053794;-0.238731;,
  0.091342;0.027588;-0.214072;,
  0.035432;0.029493;-0.090974;,
  0.033906;0.007177;-0.136222;,
  0.038788;-0.005569;-0.089350;,
  0.032776;0.031950;-0.132203;,
  0.044632;0.080488;-0.095084;,
  0.076999;0.032100;-0.090428;,
  0.068276;0.087326;-0.095348;,
  0.078769;0.005873;-0.132969;,
  0.073644;-0.005899;-0.089383;,
  0.080247;0.040250;-0.126283;,
  0.056220;0.078474;-0.148120;,
  0.077197;0.075729;-0.120487;,
  0.027038;0.048450;-0.229604;,
  0.020843;0.035392;-0.240663;,
  0.091342;0.027588;-0.214072;,
  0.020843;0.035392;-0.240663;,
  -0.024872;0.350724;-0.064156;,
  0.001534;0.276309;-0.123472;,
  -0.001386;0.205033;-0.121341;,
  0.016822;0.148432;-0.121429;,
  0.040583;0.067669;-0.125160;,
  0.040583;0.067669;-0.125160;,
  -0.035137;0.391261;0.079463;,
  -0.015457;0.673535;-0.147038;,
  -0.032868;0.658328;-0.160814;,
  -0.024041;0.664273;-0.164390;,
  -0.033978;0.663941;-0.141066;,
  -0.023381;0.698596;-0.130090;,
  -0.031393;0.713956;-0.113285;,
  -0.043972;0.801813;-0.198589;,
  -0.063601;0.786110;-0.222057;,
  -0.063719;0.805950;-0.199752;,
  -0.028860;0.724478;-0.223873;,
  -0.045816;0.721256;-0.229774;,
  -0.032929;0.753904;-0.224431;,
  -0.018473;0.682701;-0.173657;,
  -0.010535;0.701124;-0.151688;,
  -0.017172;0.686937;-0.141909;,
  -0.009890;0.739673;-0.145579;,
  -0.009618;0.742555;-0.169945;,
  -0.019589;0.765556;-0.210972;,
  -0.010897;0.775853;-0.186507;,
  -0.013849;0.730367;-0.193946;,
  -0.012516;0.748099;-0.131280;,
  -0.023424;0.761854;-0.114251;,
  -0.062523;0.765573;-0.103613;,
  -0.030407;0.802550;-0.139695;,
  -0.063264;0.807015;-0.130290;,
  -0.013034;0.709052;-0.186168;,
  -0.027718;0.669252;-0.183908;,
  -0.027447;0.697001;-0.206769;,
  -0.041917;0.642095;-0.187629;,
  -0.061307;0.640069;-0.174724;,
  -0.061387;0.635702;-0.195409;,
  -0.037688;0.774946;-0.221807;,
  -0.024139;0.792383;-0.195259;,
  -0.015269;0.794549;-0.157010;,
  -0.029082;0.808297;-0.170503;,
  -0.046380;0.815230;-0.165953;,
  -0.063640;0.817832;-0.164288;,
  -0.061978;0.725401;-0.103252;,
  -0.015269;0.794549;-0.157010;,
  -0.029082;0.808297;-0.170503;,
  -0.004320;0.703594;-0.153141;,
  0.000538;0.750728;-0.157629;,
  0.005900;0.735120;-0.144169;,
  -0.006310;0.731352;-0.156858;,
  0.005900;0.735120;-0.144169;,
  -0.004320;0.703594;-0.153141;,
  0.000538;0.750728;-0.157629;,
  -0.009618;0.742555;-0.169945;,
  -0.008766;0.717416;-0.169112;,
  -0.010535;0.701124;-0.151688;,
  -0.028067;0.718230;-0.213426;,
  -0.008766;0.717416;-0.169112;,
  -0.025426;0.648672;-0.122368;,
  -0.026390;0.676998;-0.129177;,
  -0.001539;0.635838;-0.123691;,
  -0.023381;0.698596;-0.130090;,
  -0.069750;0.618454;-0.112211;,
  -0.070940;0.600812;-0.095558;,
  -0.062294;0.489877;0.013415;,
  -0.008704;0.444455;0.140914;,
  -0.009444;0.410173;0.139999;,
  -0.025688;0.365797;0.090833;,
  -0.060918;0.639928;-0.152141;,
  -0.035137;0.391261;0.079463;,
  -0.046380;0.815230;-0.165953;,
  -0.063640;0.817832;-0.164288;,
  -0.041784;0.670698;-0.201966;,
  -0.049676;0.690291;-0.215219;,
  -0.049341;0.680996;-0.212631;,
  -0.063491;0.773465;-0.231005;,
  -0.063198;0.748769;-0.237122;,
  -0.047744;0.715397;-0.218309;,
  -0.031237;0.578452;0.083250;,
  -0.001539;0.635838;-0.123691;,
  0.055876;0.037713;-0.250530;,
  -0.049933;0.660386;-0.205824;,
  -0.042280;0.664465;-0.199816;,
  -0.050180;0.666029;-0.203771;,
  -0.062111;0.678432;-0.217046;,
  -0.062262;0.683876;-0.228493;,
  -0.050503;0.668390;-0.209516;,
  -0.061857;0.666009;-0.204274;,
  -0.061771;0.657853;-0.207888;,
  -0.062773;0.718034;-0.235675;,
  -0.062623;0.710172;-0.229225;,
  0.046912;0.636314;-0.062188;,
  -0.061933;0.667231;-0.213037;,
  0.022592;0.613197;-0.062697;,
  0.023163;0.597490;-0.070457;,
  0.013229;0.576965;-0.089030;,
  -0.012516;0.748099;-0.131280;,
  0.035895;0.229585;-0.146075;,
  0.005276;0.144712;-0.142684;,
  -0.017060;0.218702;-0.135528;,
  0.044295;0.155982;-0.147825;,
  0.024462;0.299815;-0.158029;,
  -0.023888;0.285535;-0.133840;,
  0.018672;0.375040;-0.084893;,
  -0.038849;0.352560;-0.065499;,
  0.005621;0.435582;-0.010082;,
  -0.045945;0.419848;-0.007817;,
  -0.018443;0.442544;0.012149;,
  0.016766;0.073866;-0.153162;,
  0.056220;0.078474;-0.148120;,
  0.025083;0.144096;-0.048668;,
  0.042002;0.072915;0.061643;,
  0.037842;0.075237;-0.052894;,
  0.022933;0.141407;0.052312;,
  0.000897;0.202874;0.037862;,
  0.006618;0.215513;-0.053573;,
  -0.009738;0.258432;0.039509;,
  0.004712;0.247079;-0.061744;,
  -0.006951;0.289075;-0.000014;,
  -0.013273;0.314062;0.072892;,
  -0.007857;0.385173;0.130870;,
  0.022592;0.613197;-0.062697;,
  -0.135179;0.635321;-0.082673;,
  -0.100724;0.617409;-0.088985;,
  -0.143940;0.622961;-0.066564;,
  -0.092281;0.645243;-0.106570;,
  -0.150151;0.612044;-0.058110;,
  -0.125652;0.573330;-0.041367;,
  -0.151973;0.604422;-0.017868;,
  -0.111637;0.588203;-0.070368;,
  -0.084473;0.686600;-0.103721;,
  -0.121964;0.705215;-0.061899;,
  -0.092097;0.704877;-0.068546;,
  -0.121173;0.685155;-0.079036;,
  -0.102840;0.496165;0.130880;,
  -0.060007;0.510290;0.129016;,
  -0.099491;0.510335;0.121718;,
  -0.055251;0.492429;0.137496;,
  -0.115563;0.502983;0.069895;,
  -0.119133;0.478623;0.094874;,
  -0.101175;0.493565;0.032746;,
  -0.117041;0.454223;0.064026;,
  -0.094052;0.443327;0.043996;,
  -0.020280;0.507219;0.113036;,
  -0.016556;0.487752;0.121206;,
  -0.085035;0.632941;0.065201;,
  -0.035851;0.662627;0.023082;,
  -0.091737;0.670838;0.031095;,
  -0.034408;0.628733;0.053857;,
  -0.115394;0.414045;0.043792;,
  -0.151340;0.310255;0.060514;,
  -0.128852;0.404043;0.091035;,
  -0.131927;0.321635;0.018692;,
  -0.140898;0.216228;-0.005917;,
  -0.146211;0.218344;0.042871;,
  -0.063944;0.413387;0.036392;,
  -0.047266;0.295278;0.082360;,
  -0.078225;0.316381;0.016272;,
  -0.024915;0.385935;0.135050;,
  -0.082879;0.226358;0.045859;,
  -0.098568;0.219528;0.012025;,
  -0.120294;0.293552;0.114851;,
  -0.098625;0.376459;0.136744;,
  -0.118474;0.226851;0.065780;,
  -0.060888;-0.001553;0.168086;,
  -0.001969;-0.004034;0.180515;,
  -0.029890;-0.002198;0.201302;,
  -0.026984;-0.003904;0.138591;,
  -0.112339;0.166625;0.041739;,
  -0.098293;0.126574;0.117510;,
  -0.128219;0.182455;0.077965;,
  -0.084468;0.111115;0.082147;,
  -0.060698;0.068146;0.159163;,
  -0.057436;0.056949;0.127080;,
  -0.061594;0.169374;0.046414;,
  -0.034025;0.159542;0.108056;,
  -0.048893;0.126351;0.085440;,
  -0.048272;0.215009;0.075511;,
  -0.025104;0.087078;0.154390;,
  -0.032049;0.057712;0.136560;,
  -0.086955;0.155536;0.140278;,
  -0.112519;0.217970;0.108567;,
  -0.046327;0.091098;0.165741;,
  -0.122380;0.450156;0.103587;,
  -0.063944;0.413387;0.036392;,
  -0.102822;0.447951;0.154540;,
  -0.047377;0.447500;0.157294;,
  -0.096957;0.392733;0.146090;,
  -0.046853;0.396900;0.148184;,
  -0.076754;0.582939;0.095504;,
  -0.120421;0.624953;0.062750;,
  -0.136833;0.619138;0.051285;,
  -0.124394;0.548310;0.045778;,
  -0.115168;0.573482;0.086173;,
  -0.147160;0.586212;0.012354;,
  -0.125229;0.556887;-0.018434;,
  -0.111894;0.527516;0.019680;,
  -0.182977;0.630105;-0.031392;,
  -0.131371;0.620623;-0.043330;,
  -0.192139;0.616599;0.016551;,
  -0.139565;0.600419;0.061698;,
  -0.185805;0.614366;0.065812;,
  -0.135915;0.596216;0.012891;,
  -0.110904;0.667873;-0.010765;,
  -0.113542;0.653062;0.038060;,
  -0.135915;0.596216;0.012891;,
  -0.128473;0.615805;0.094294;,
  -0.139565;0.600419;0.061698;,
  -0.116140;0.677561;-0.008090;,
  -0.169823;0.673667;0.041485;,
  -0.160089;0.686320;-0.005612;,
  -0.174620;0.629468;0.098563;,
  -0.180138;0.657867;-0.020556;,
  -0.190898;0.617433;0.043783;,
  -0.160842;0.554231;0.006156;,
  -0.194779;0.566762;0.012371;,
  -0.136376;0.601196;0.035784;,
  -0.173867;0.518551;-0.012051;,
  -0.199785;0.522521;-0.010856;,
  -0.136376;0.601196;0.035784;,
  -0.169022;0.529526;0.057114;,
  -0.160842;0.554231;0.006156;,
  -0.135842;0.573369;0.092055;,
  -0.181788;0.501255;0.022698;,
  -0.173867;0.518551;-0.012051;,
  -0.194950;0.539554;0.061726;,
  -0.190044;0.589621;0.099831;,
  -0.200618;0.503111;0.021565;,
  -0.172416;0.453828;-0.048764;,
  -0.211339;0.455504;-0.007064;,
  -0.195873;0.440462;-0.009443;,
  -0.187966;0.469268;-0.046850;,
  -0.173909;0.466229;-0.047265;,
  -0.183114;0.452244;-0.047653;,
  -0.175724;0.460721;-0.057388;,
  -0.176991;0.457872;-0.040448;,
  -0.178260;0.469552;0.005962;,
  -0.202065;0.473294;-0.049396;,
  -0.174803;0.491833;-0.038352;,
  -0.199739;0.441888;-0.007046;,
  -0.219582;0.440655;-0.008724;,
  -0.213882;0.481266;0.010993;,
  -0.210929;0.505624;-0.034833;,
  -0.221898;0.471549;-0.049039;,
  -0.145737;0.694460;-0.063599;,
  -0.162627;0.673909;-0.077245;,
  -0.121173;0.685155;-0.079036;,
  -0.128030;0.663500;-0.088010;,
  -0.132079;0.666880;0.026229;,
  -0.100137;0.663679;-0.110160;,
  -0.164943;0.646375;-0.074224;,
  -0.143940;0.622961;-0.066564;,
  -0.161457;0.632273;-0.052960;,
  -0.135179;0.635321;-0.082673;,
  -0.136674;0.691620;-0.023057;,
  -0.140009;0.691430;-0.027845;,
  -0.095982;0.692824;-0.013082;,
  -0.039250;0.680791;-0.016968;,
  -0.048351;0.688190;-0.075868;,
  -0.121964;0.705215;-0.061899;,
  -0.140009;0.691430;-0.027845;,
  -0.141037;0.633035;-0.036143;,
  -0.131371;0.620623;-0.043330;,
  -0.141419;0.678951;-0.023892;,
  -0.143106;0.641593;0.010937;,
  -0.146143;0.612823;-0.007560;,
  -0.150151;0.612044;-0.058110;,
  -0.143844;0.656032;0.018891;,
  -0.174803;0.491833;-0.038352;,
  -0.096723;0.676518;-0.131277;,
  -0.088022;0.690696;-0.115503;,
  -0.055462;0.685638;-0.107828;,
  -0.062160;0.697522;-0.109416;,
  -0.221898;0.471549;-0.049039;,
  -0.172416;0.453828;-0.048764;,
  -0.195873;0.440462;-0.009443;,
  -0.180838;0.484895;-0.048594;,
  -0.190732;0.469599;-0.067008;,
  -0.180838;0.484895;-0.048594;,
  -0.189498;0.471857;-0.040120;,
  -0.207285;0.462162;-0.054099;,
  -0.207285;0.462162;-0.054099;,
  -0.173909;0.466229;-0.047265;,
  -0.175724;0.460721;-0.057388;,
  -0.183114;0.452244;-0.047653;,
  -0.111188;0.020901;0.109969;,
  -0.115080;-0.002010;0.056634;,
  -0.120982;-0.000350;0.108132;,
  -0.108803;0.016426;0.061108;,
  -0.003848;0.029195;0.168872;,
  -0.026984;-0.003904;0.138591;,
  -0.026263;0.020960;0.135069;,
  -0.001969;-0.004034;0.180515;,
  -0.025104;0.087078;0.154390;,
  -0.037109;0.034431;0.193393;,
  -0.046327;0.091098;0.165741;,
  -0.060888;-0.001553;0.168086;,
  -0.061675;0.033419;0.165861;,
  -0.029890;-0.002198;0.201302;,
  -0.057436;0.056949;0.127080;,
  -0.060698;0.068146;0.159163;,
  -0.080746;0.011865;0.052966;,
  -0.080950;-0.003927;0.043923;,
  -0.120982;-0.000350;0.108132;,
  -0.080950;-0.003927;0.043923;,
  -0.078225;0.316381;0.016272;,
  -0.098568;0.219528;0.012025;,
  -0.061594;0.169374;0.046414;,
  -0.048893;0.126351;0.085440;,
  -0.032049;0.057712;0.136560;,
  -0.032049;0.057712;0.136560;,
  -0.107666;0.672288;-0.146415;,
  -0.090038;0.657555;-0.160428;,
  -0.088459;0.663569;-0.142693;,
  -0.099070;0.663258;-0.163883;,
  -0.100194;0.697557;-0.129571;,
  -0.092375;0.713131;-0.112873;,
  -0.083329;0.801281;-0.198323;,
  -0.063719;0.805950;-0.199752;,
  -0.096685;0.723560;-0.223415;,
  -0.093420;0.753085;-0.224023;,
  -0.079729;0.720797;-0.229545;,
  -0.105259;0.681528;-0.173071;,
  -0.113395;0.699733;-0.150993;,
  -0.106245;0.685733;-0.141307;,
  -0.114999;0.738252;-0.144869;,
  -0.115678;0.741121;-0.169228;,
  -0.106888;0.764376;-0.210382;,
  -0.111444;0.729047;-0.193286;,
  -0.115524;0.774438;-0.185801;,
  -0.112410;0.746748;-0.130605;,
  -0.101648;0.760796;-0.113722;,
  -0.062523;0.765573;-0.103613;,
  -0.096112;0.801661;-0.139251;,
  -0.063264;0.807015;-0.130290;,
  -0.111577;0.707719;-0.185502;,
  -0.097123;0.696059;-0.206298;,
  -0.095793;0.668331;-0.183448;,
  -0.080917;0.641567;-0.187365;,
  -0.089198;0.774250;-0.221459;,
  -0.102853;0.791318;-0.194727;,
  -0.111261;0.793251;-0.156361;,
  -0.098008;0.807365;-0.170037;,
  -0.063640;0.817832;-0.164288;,
  -0.080844;0.814764;-0.165721;,
  -0.061978;0.725401;-0.103252;,
  -0.111261;0.793251;-0.156361;,
  -0.098008;0.807365;-0.170037;,
  -0.119693;0.702034;-0.152362;,
  -0.125884;0.749018;-0.156775;,
  -0.118505;0.729835;-0.156100;,
  -0.130640;0.733274;-0.143246;,
  -0.130640;0.733274;-0.143246;,
  -0.119693;0.702034;-0.152362;,
  -0.125884;0.749018;-0.156775;,
  -0.115678;0.741121;-0.169228;,
  -0.115839;0.715968;-0.168388;,
  -0.113395;0.699733;-0.150993;,
  -0.097167;0.717296;-0.212959;,
  -0.115839;0.715968;-0.168388;,
  -0.100137;0.663679;-0.110160;,
  -0.096723;0.676518;-0.131277;,
  -0.128030;0.663500;-0.088010;,
  -0.100194;0.697557;-0.129571;,
  -0.008704;0.444455;0.140914;,
  -0.009444;0.410173;0.139999;,
  -0.025688;0.365797;0.090833;,
  -0.035137;0.391261;0.079463;,
  -0.080844;0.814764;-0.165721;,
  -0.063640;0.817832;-0.164288;,
  -0.082017;0.670154;-0.201695;,
  -0.074837;0.689951;-0.215049;,
  -0.074886;0.680650;-0.212458;,
  -0.077489;0.714995;-0.218108;,
  -0.031237;0.578452;0.083250;,
  -0.128030;0.663500;-0.088010;,
  -0.115080;-0.002010;0.056634;,
  -0.081323;0.663937;-0.199552;,
  -0.073645;0.660065;-0.205664;,
  -0.073522;0.665713;-0.203614;,
  -0.073341;0.668081;-0.209362;,
  -0.141419;0.678951;-0.023892;,
  -0.132000;0.647161;-0.031647;,
  -0.141037;0.633035;-0.036143;,
  -0.150151;0.612044;-0.058110;,
  -0.112410;0.746748;-0.130605;,
  -0.079938;0.174554;-0.046471;,
  -0.036217;0.126661;-0.103377;,
  -0.066201;0.106716;-0.027213;,
  -0.050374;0.200284;-0.098938;,
  -0.101622;0.235219;-0.055813;,
  -0.062572;0.259732;-0.094018;,
  -0.084385;0.322611;-0.020390;,
  -0.061352;0.328891;-0.042840;,
  -0.076436;0.403962;0.011717;,
  -0.061947;0.399994;0.003938;,
  -0.060761;0.434599;0.017561;,
  -0.094052;0.443327;0.043996;,
  -0.025169;0.063910;-0.110736;,
  -0.049456;0.042355;-0.015167;,
  0.008468;0.105380;0.157929;,
  -0.086955;0.155536;0.140278;,
  -0.046315;0.091099;0.165734;,
  -0.019781;0.164215;0.121943;,
  -0.112519;0.217970;0.108567;,
  -0.048187;0.220725;0.091881;,
  -0.061864;0.232180;0.068259;,
  -0.118474;0.226851;0.065780;,
  -0.120294;0.293552;0.114851;,
  -0.037662;0.290370;0.096149;,
  -0.009444;0.410173;0.139999;,
  -0.046853;0.396900;0.148184;,
  -0.132000;0.647161;-0.031647;,
  -0.115394;0.414046;0.043792;,
  -0.131927;0.321635;0.018692;,
  -0.140898;0.216228;-0.005917;,
  -0.112339;0.166625;0.041739;,
  -0.084468;0.111115;0.082147;,
  -0.057436;0.056949;0.127080;,
  0.069760;0.315018;-0.021981;,
  0.022209;0.388650;0.105612;,
  0.054473;0.374499;0.050706;,
  0.048829;0.268418;-0.088925;,
  0.071645;0.233958;-0.069884;,
  0.077249;0.160724;-0.082631;,
  0.068276;0.087326;-0.095348;,
  -0.098625;0.376459;0.136744;;
  916;
  3;0,1,2;,
  3;1,0,3;,
  3;4,5,6;,
  3;5,4,7;,
  3;8,9,10;,
  3;9,8,11;,
  3;12,13,14;,
  3;13,12,15;,
  3;16,12,17;,
  3;12,16,15;,
  3;18,19,20;,
  3;19,18,16;,
  3;6,21,22;,
  3;21,6,5;,
  3;14,23,24;,
  3;23,14,13;,
  3;25,26,27;,
  3;26,25,28;,
  3;29,30,31;,
  3;30,29,32;,
  3;30,33,31;,
  3;33,30,34;,
  3;35,36,37;,
  3;36,35,38;,
  3;38,39,36;,
  3;39,38,40;,
  3;37,41,42;,
  3;41,37,36;,
  3;36,43,41;,
  3;43,36,39;,
  3;42,30,32;,
  3;30,42,41;,
  3;41,34,30;,
  3;34,41,43;,
  3;44,45,46;,
  3;45,44,47;,
  3;48,49,50;,
  3;49,48,51;,
  3;50,52,53;,
  3;52,50,49;,
  3;54,55,56;,
  3;55,54,57;,
  3;57,58,55;,
  3;58,57,59;,
  3;56,60,61;,
  3;60,56,55;,
  3;55,62,60;,
  3;62,55,58;,
  3;61,49,51;,
  3;49,61,60;,
  3;60,52,49;,
  3;52,60,62;,
  3;32,19,63;,
  3;19,32,29;,
  3;64,65,66;,
  3;65,64,20;,
  3;14,67,12;,
  3;67,14,68;,
  3;68,69,67;,
  3;69,68,70;,
  3;70,42,69;,
  3;42,70,37;,
  3;48,34,51;,
  3;34,48,33;,
  3;51,43,61;,
  3;43,51,34;,
  3;43,56,61;,
  3;56,43,39;,
  3;39,54,56;,
  3;54,39,40;,
  3;12,63,17;,
  3;63,12,67;,
  3;67,32,63;,
  3;32,67,69;,
  3;69,42,32;,
  3;71,72,25;,
  3;73,74,75;,
  3;74,73,76;,
  3;74,77,75;,
  3;77,74,78;,
  3;79,78,80;,
  3;78,79,77;,
  3;81,82,83;,
  3;82,84,85;,
  3;84,82,86;,
  3;87,88,89;,
  3;88,90,89;,
  3;90,88,91;,
  3;92,93,94;,
  3;92,89,93;,
  3;92,87,89;,
  3;89,95,93;,
  3;95,89,90;,
  3;96,93,82;,
  3;93,86,82;,
  3;86,93,95;,
  3;97,98,99;,
  3;98,97,100;,
  3;100,101,98;,
  3;101,100,102;,
  3;103,104,105;,
  3;104,103,106;,
  3;106,107,104;,
  3;107,106,108;,
  3;105,109,110;,
  3;109,105,104;,
  3;104,111,109;,
  3;111,104,107;,
  3;110,100,97;,
  3;100,110,109;,
  3;109,102,100;,
  3;102,109,111;,
  3;112,113,114;,
  3;113,112,115;,
  3;116,117,118;,
  3;117,116,119;,
  3;120,121,122;,
  3;121,120,123;,
  3;120,124,125;,
  3;124,120,122;,
  3;126,124,127;,
  3;124,126,125;,
  3;95,97,86;,
  3;97,95,110;,
  3;86,99,84;,
  3;99,86,97;,
  3;90,103,105;,
  3;103,90,91;,
  3;105,95,90;,
  3;95,105,110;,
  3;128,96,129;,
  3;96,128,94;,
  3;129,130,128;,
  3;130,129,131;,
  3;72,28,25;,
  3;28,72,132;,
  3;10,133,8;,
  3;134,135,136;,
  3;135,134,137;,
  3;81,137,134;,
  3;138,11,139;,
  3;138,9,11;,
  3;138,140,9;,
  3;141,11,142;,
  3;11,141,139;,
  3;128,130,143;,
  3;94,144,92;,
  3;94,143,144;,
  3;94,128,143;,
  3;145,87,146;,
  3;87,145,147;,
  3;75,148,73;,
  3;148,75,149;,
  3;150,147,145;,
  3;7,149,75;,
  3;148,151,73;,
  3;102,152,101;,
  3;152,102,126;,
  3;102,125,126;,
  3;125,102,111;,
  3;111,120,125;,
  3;120,111,107;,
  3;120,108,123;,
  3;108,120,107;,
  3;8,153,154;,
  3;153,8,133;,
  3;154,155,8;,
  3;155,154,156;,
  3;122,114,113;,
  3;114,122,121;,
  3;121,112,114;,
  3;112,121,157;,
  3;158,124,159;,
  3;124,158,127;,
  3;159,122,113;,
  3;122,159,124;,
  3;126,160,152;,
  3;160,126,161;,
  3;162,121,123;,
  3;121,162,163;,
  3;121,164,157;,
  3;164,121,163;,
  3;165,126,127;,
  3;126,165,161;,
  3;161,166,160;,
  3;166,161,167;,
  3;162,118,163;,
  3;118,162,116;,
  3;163,117,164;,
  3;117,163,118;,
  3;165,167,161;,
  3;167,165,168;,
  3;169,170,171;,
  3;170,169,172;,
  3;173,174,175;,
  3;174,173,176;,
  3;177,178,179;,
  3;178,177,173;,
  3;180,178,181;,
  3;178,180,182;,
  3;183,169,171;,
  3;169,183,184;,
  3;174,185,186;,
  3;185,174,176;,
  3;46,187,44;,
  3;187,46,188;,
  3;180,169,182;,
  3;169,180,172;,
  3;20,29,65;,
  3;19,29,20;,
  3;29,31,189;,
  3;31,190,189;,
  3;190,31,33;,
  3;33,191,190;,
  3;191,33,48;,
  3;191,50,192;,
  3;50,191,48;,
  3;192,53,193;,
  3;53,192,50;,
  3;194,171,185;,
  3;171,194,183;,
  3;171,186,185;,
  3;186,171,170;,
  3;185,176,194;,
  3;194,173,177;,
  3;173,194,176;,
  3;178,175,181;,
  3;175,178,173;,
  3;179,182,184;,
  3;182,179,178;,
  3;182,169,184;,
  3;16,17,19;,
  3;17,63,19;,
  3;65,195,66;,
  3;196,197,198;,
  3;197,196,199;,
  3;200,154,153;,
  3;154,200,201;,
  3;202,203,204;,
  3;205,206,207;,
  3;196,208,209;,
  3;208,196,198;,
  3;210,209,211;,
  3;209,210,196;,
  3;212,213,214;,
  3;213,212,215;,
  3;212,214,211;,
  3;201,216,217;,
  3;216,201,200;,
  3;218,219,220;,
  3;219,218,217;,
  3;210,199,196;,
  3;213,205,207;,
  3;221,222,223;,
  3;198,197,224;,
  3;224,225,226;,
  3;225,224,197;,
  3;227,213,207;,
  3;228,229,214;,
  3;229,228,230;,
  3;220,231,232;,
  3;213,228,214;,
  3;156,201,233;,
  3;201,156,154;,
  3;233,217,218;,
  3;217,233,201;,
  3;219,217,234;,
  3;235,219,234;,
  3;236,237,238;,
  3;237,236,239;,
  3;209,240,211;,
  3;240,209,241;,
  3;211,242,212;,
  3;242,211,240;,
  3;243,239,244;,
  3;239,243,237;,
  3;244,236,245;,
  3;236,244,239;,
  3;246,221,223;,
  3;221,246,215;,
  3;221,212,247;,
  3;212,221,215;,
  3;199,248,2;,
  3;248,199,249;,
  3;133,10,250;,
  3;249,210,251;,
  3;210,249,199;,
  3;210,211,251;,
  3;252,1,253;,
  3;1,252,2;,
  3;20,254,18;,
  3;254,20,64;,
  3;24,68,14;,
  3;68,24,255;,
  3;68,256,70;,
  3;256,68,255;,
  3;256,37,70;,
  3;37,256,257;,
  3;258,2,252;,
  3;2,258,199;,
  3;257,259,37;,
  3;37,259,35;,
  3;260,204,261;,
  3;204,260,202;,
  3;262,263,223;,
  3;263,262,264;,
  3;197,258,225;,
  3;258,197,199;,
  3;265,203,227;,
  3;265,207,266;,
  3;207,265,227;,
  3;223,267,246;,
  3;267,223,263;,
  3;88,87,147;,
  3;83,82,85;,
  3;78,16,18;,
  3;16,78,74;,
  3;74,15,16;,
  3;15,74,76;,
  3;15,71,13;,
  3;71,15,76;,
  3;13,268,23;,
  3;268,13,71;,
  3;248,269,2;,
  3;2,269,0;,
  3;136,129,134;,
  3;129,136,131;,
  3;134,96,81;,
  3;96,134,129;,
  3;96,82,81;,
  3;93,96,94;,
  3;29,189,65;,
  3;205,215,246;,
  3;267,205,246;,
  3;205,267,206;,
  3;205,213,215;,
  3;187,188,270;,
  3;224,271,272;,
  3;222,221,208;,
  3;224,222,198;,
  3;272,273,262;,
  3;273,272,271;,
  3;263,274,275;,
  3;273,276,262;,
  3;277,271,278;,
  3;271,277,273;,
  3;222,272,262;,
  3;272,222,224;,
  3;222,208,198;,
  3;209,221,247;,
  3;221,209,208;,
  3;223,222,262;,
  3;266,206,279;,
  3;206,266,207;,
  3;206,280,279;,
  3;280,206,267;,
  3;280,263,275;,
  3;263,280,267;,
  3;264,262,276;,
