xof 0303txt 0032
template ColorRGBA {
 <35ff44e0-6c7c-11cf-8f52-0040333594a3>
 FLOAT red;
 FLOAT green;
 FLOAT blue;
 FLOAT alpha;
}

template ColorRGB {
 <d3e16e81-7835-11cf-8f52-0040333594a3>
 FLOAT red;
 FLOAT green;
 FLOAT blue;
}

template Material {
 <3d82ab4d-62da-11cf-ab39-0020af71e433>
 ColorRGBA faceColor;
 FLOAT power;
 ColorRGB specularColor;
 ColorRGB emissiveColor;
 [...]
}

template TextureFilename {
 <a42790e1-7810-11cf-8f52-0040333594a3>
 STRING filename;
}

template Frame {
 <3d82ab46-62da-11cf-ab39-0020af71e433>
 [...]
}

template Matrix4x4 {
 <f6f23f45-7686-11cf-8f52-0040333594a3>
 array FLOAT matrix[16];
}

template FrameTransformMatrix {
 <f6f23f41-7686-11cf-8f52-0040333594a3>
 Matrix4x4 frameMatrix;
}

template Vector {
 <3d82ab5e-62da-11cf-ab39-0020af71e433>
 FLOAT x;
 FLOAT y;
 FLOAT z;
}

template MeshFace {
 <3d82ab5f-62da-11cf-ab39-0020af71e433>
 DWORD nFaceVertexIndices;
 array DWORD faceVertexIndices[nFaceVertexIndices];
}

template Mesh {
 <3d82ab44-62da-11cf-ab39-0020af71e433>
 DWORD nVertices;
 array Vector vertices[nVertices];
 DWORD nFaces;
 array MeshFace faces[nFaces];
 [...]
}

template MeshMaterialList {
 <f6f23f42-7686-11cf-8f52-0040333594a3>
 DWORD nMaterials;
 DWORD nFaceIndexes;
 array DWORD faceIndexes[nFaceIndexes];
 [Material <3d82ab4d-62da-11cf-ab39-0020af71e433>]
}

template VertexElement {
 <f752461c-1e23-48f6-b9f8-8350850f336f>
 DWORD Type;
 DWORD Method;
 DWORD Usage;
 DWORD UsageIndex;
}

template DeclData {
 <bf22e553-292c-4781-9fea-62bd554bdd93>
 DWORD nElements;
 array VertexElement Elements[nElements];
 DWORD nDWords;
 array DWORD data[nDWords];
}

template XSkinMeshHeader {
 <3cf169ce-ff7c-44ab-93c0-f78f62d172e2>
 WORD nMaxSkinWeightsPerVertex;
 WORD nMaxSkinWeightsPerFace;
 WORD nBones;
}

template SkinWeights {
 <6f0d123b-bad2-4167-a0d0-80224f25fabb>
 STRING transformNodeName;
 DWORD nWeights;
 array DWORD vertexIndices[nWeights];
 array FLOAT weights[nWeights];
 Matrix4x4 matrixOffset;
}

template AnimTicksPerSecond {
 <9e415a43-7ba6-4a73-8743-b73d47e88476>
 DWORD AnimTicksPerSecond;
}

template Animation {
 <3d82ab4f-62da-11cf-ab39-0020af71e433>
 [...]
}

template AnimationSet {
 <3d82ab50-62da-11cf-ab39-0020af71e433>
 [Animation <3d82ab4f-62da-11cf-ab39-0020af71e433>]
}

template FloatKeys {
 <10dd46a9-775b-11cf-8f52-0040333594a3>
 DWORD nValues;
 array FLOAT values[nValues];
}

template TimedFloatKeys {
 <f406b180-7b3b-11cf-8f52-0040333594a3>
 DWORD time;
 FloatKeys tfkeys;
}

template AnimationKey {
 <10dd46a8-775b-11cf-8f52-0040333594a3>
 DWORD keyType;
 DWORD nKeys;
 array TimedFloatKeys keys[nKeys];
}


Material _03_-_Default {
 1.000000;1.000000;1.000000;1.000000;;
 9.999999;
 0.000000;0.000000;0.000000;;
 0.000000;0.000000;0.000000;;

 TextureFilename {
  "MaleBody_full.png";
 }
}

Frame Dummy01 {
 

 FrameTransformMatrix {
  1.000000,0.000000,0.000000,0.000000,0.000000,-0.000000,-1.000000,0.000000,0.000000,1.000000,-0.000000,0.000000,0.000000,0.000000,0.000000,1.000000;;
 }

 Frame Bip01 {
  

  FrameTransformMatrix {
   0.000000,1.000000,0.000001,0.000000,0.078407,-0.000001,0.996921,0.000000,0.996921,0.000000,-0.078407,0.000000,0.025830,-0.012354,0.505041,1.000000;;
  }

  Frame Bip01_Pelvis {
   

   FrameTransformMatrix {
    0.000000,0.994019,-0.109209,0.000000,-0.000001,0.109209,0.994019,0.000000,1.000000,0.000000,0.000001,0.000000,0.000000,0.000000,0.000000,1.000000;;
   }

   Frame Bip01_Spine {
    

    FrameTransformMatrix {
     0.993702,0.094571,-0.060108,0.000000,-0.096779,0.994692,-0.034949,0.000000,0.056484,0.040546,0.997580,0.000000,0.051320,0.005635,-0.000085,1.000000;;
    }

    Frame Bip01_Spine1 {
     

     FrameTransformMatrix {
      0.998995,0.007665,-0.044169,0.000000,-0.011464,0.996195,-0.086399,0.000000,0.043339,0.086818,0.995281,0.000000,0.106476,-0.000007,-0.000084,1.000000;;
     }

     Frame Bip01_Neck {
      

      FrameTransformMatrix {
       0.903366,0.000001,0.428870,0.000000,-0.000001,1.000000,-0.000000,0.000000,-0.428870,-0.000000,0.903366,0.000000,0.130516,0.000000,0.004628,1.000000;;
      }

      Frame Bip01_Head {
       

       FrameTransformMatrix {
        0.985649,-0.017953,-0.167848,0.000000,0.073369,0.941060,0.330187,0.000000,0.152027,-0.337763,0.928872,0.000000,0.033674,-0.000000,-0.000000,1.000000;;
       }

       Frame Bip01_HeadNub {
        

        FrameTransformMatrix {
         1.000000,-0.000000,0.000000,0.000000,0.000000,1.000000,-0.000000,0.000000,-0.000000,0.000000,1.000000,0.000000,0.169824,0.000000,-0.000000,1.000000;;
        }
       }
      }

      Frame Bip01_L_Clavicle {
       

       FrameTransformMatrix {
        -0.308853,0.939693,0.146926,0.000000,0.848565,0.342019,-0.403683,0.000000,-0.429589,-0.000003,-0.903024,0.000000,-0.023698,0.015715,0.006128,1.000000;;
       }

       Frame Bip01_L_UpperArm {
        

        FrameTransformMatrix {
         0.541626,-0.775496,0.324418,0.000000,0.824115,0.565955,-0.023015,0.000000,-0.165758,0.279823,0.945634,0.000000,0.087086,0.000000,0.000000,1.000000;;
        }

        Frame Bip01_L_Forearm {
         

         FrameTransformMatrix {
          0.907364,0.000000,-0.420344,0.000000,0.000000,1.000000,-0.000000,0.000000,0.420344,-0.000000,0.907365,0.000000,0.137062,-0.000000,0.000000,1.000000;;
         }

         Frame Bip01_L_Hand {
          

          FrameTransformMatrix {
           0.991130,0.028037,0.129902,0.000000,-0.131179,0.049904,0.990102,0.000000,0.021277,-0.998360,0.053140,0.000000,0.137062,-0.000000,0.000000,1.000000;;
          }

          Frame Bip01_L_Finger0 {
           

           FrameTransformMatrix {
            0.829256,-0.514255,0.218807,0.000000,0.558537,0.749101,-0.356210,0.000000,0.019274,0.417601,0.908427,0.000000,0.057681,-0.023605,-0.000272,1.000000;;
           }

           Frame Bip01_L_Finger0Nub {
            

            FrameTransformMatrix {
             1.000000,0.000000,0.000000,0.000000,0.000000,1.000000,-0.000000,0.000000,0.000000,0.000000,1.000000,0.000000,0.029435,0.000000,-0.000000,1.000000;;
            }
           }
          }

          Frame Bip01_L_Finger1 {
           

           FrameTransformMatrix {
            0.989590,-0.000115,0.143914,0.000000,-0.000000,1.000000,0.000796,0.000000,-0.143914,-0.000788,0.989590,0.000000,0.084102,-0.000000,0.000000,1.000000;;
           }

           Frame Bip01_L_Finger1Nub {
            

            FrameTransformMatrix {
             1.000000,0.000000,-0.000000,0.000000,-0.000000,1.000000,0.000000,0.000000,-0.000000,0.000000,1.000000,0.000000,0.047988,0.000000,0.000000,1.000000;;
            }
           }
          }
         }
        }
       }
      }

      Frame Bip01_R_Clavicle {
       

       FrameTransformMatrix {
        -0.284017,-0.949251,0.135116,0.000000,-0.857197,0.314519,0.407787,0.000000,-0.429589,-0.000002,-0.903024,0.000000,-0.023698,-0.015714,0.006128,1.000000;;
       }

       Frame Bip01_R_UpperArm {
        

        FrameTransformMatrix {
         0.611530,0.791089,0.014450,0.000000,-0.784226,0.603600,0.143727,0.000000,0.104979,-0.099226,0.989512,0.000000,0.087086,0.000000,-0.000000,1.000000;;
        }

        Frame Bip01_R_Forearm {
         

         FrameTransformMatrix {
          0.687698,-0.000000,-0.725997,0.000000,0.000000,1.000000,-0.000000,0.000000,0.725997,-0.000000,0.687698,0.000000,0.137062,0.000000,0.000000,1.000000;;
         }

         Frame Bip01_R_Hand {
          

          FrameTransformMatrix {
           0.981854,0.089886,0.166984,0.000000,0.185008,-0.260597,-0.947555,0.000000,-0.041656,0.961254,-0.272498,0.000000,0.137062,0.000000,0.000000,1.000000;;
          }

          Frame Bip01_R_Finger0 {
           

           FrameTransformMatrix {
            0.734723,0.454512,0.503588,0.000000,-0.655558,0.666604,0.354802,0.000000,-0.174432,-0.590813,0.787728,0.000000,0.057681,0.023605,-0.000272,1.000000;;
           }

           Frame Bip01_R_Finger0Nub {
            

            FrameTransformMatrix {
             -1.000000,-0.000000,-0.000000,0.000000,-0.000000,1.000000,-0.000000,0.000000,0.000000,0.000000,-1.000000,0.000000,0.029435,-0.000000,-0.000000,1.000000;;
            }
           }
          }

          Frame Bip01_R_Finger1 {
           

           FrameTransformMatrix {
            0.511450,0.000684,0.859312,0.000000,0.000000,1.000000,-0.000796,0.000000,-0.859313,0.000407,0.511450,0.000000,0.084102,0.000000,0.000000,1.000000;;
           }

           Frame Bip01_R_Finger1Nub {
            

            FrameTransformMatrix {
             -1.000000,-0.000000,-0.000000,0.000000,0.000000,1.000000,0.000000,0.000000,-0.000000,0.000000,-1.000000,0.000000,0.047988,0.000000,0.000000,1.000000;;
            }
           }
          }
         }
        }
       }
      }
     }

     Frame Bip01_BackPack {
      

      FrameTransformMatrix {
       0.190104,-0.000002,-0.981764,0.000000,0.000003,1.000000,-0.000002,0.000000,0.981764,-0.000002,0.190104,0.000000,0.063697,-0.000000,-0.088856,1.000000;;
      }

      Frame Bip01_BackPackNub {
       

       FrameTransformMatrix {
        0.000796,0.000003,1.000000,0.000000,0.000000,-1.000000,0.000003,0.000000,1.000000,0.000000,-0.000796,0.000000,0.053240,0.000000,0.000000,1.000000;;
       }
      }
     }
    }

    Frame Bip01_L_Thigh {
     

     FrameTransformMatrix {
      -0.997912,0.042314,-0.048802,0.000000,-0.040726,-0.998622,-0.033096,0.000000,-0.050136,-0.031039,0.998260,0.000000,-0.046312,0.054291,-0.000804,1.000000;;
     }

     Frame Bip01_L_Calf {
      

      FrameTransformMatrix {
       0.985090,-0.000000,-0.172043,0.000000,0.000000,1.000000,0.000000,0.000000,0.172043,0.000000,0.985090,0.000000,0.237500,-0.000000,0.000000,1.000000;;
      }

      Frame Bip01_L_Foot {
       

       FrameTransformMatrix {
        0.986445,-0.023392,0.162415,0.000000,0.023785,0.999717,-0.000477,0.000000,-0.162358,0.004334,0.986723,0.000000,0.206841,0.000000,0.000000,1.000000;;
       }

       Frame Bip01_L_Toe0 {
        

        FrameTransformMatrix {
         -0.000001,-0.000002,1.000000,0.000000,0.000000,1.000000,0.000002,0.000000,-1.000000,0.000000,-0.000001,0.000000,0.065373,0.000000,0.066450,1.000000;;
        }

        Frame Bip01_L_Toe0Nub {
         

         FrameTransformMatrix {
          -1.000000,0.000000,-0.000000,0.000000,0.000000,1.000000,0.000000,0.000000,0.000000,0.000000,-1.000000,0.000000,0.006735,0.000000,-0.000000,1.000000;;
         }
        }
       }
      }
     }
    }

    Frame Bip01_R_Thigh {
     

     FrameTransformMatrix {
      -0.999982,-0.005815,0.001134,0.000000,0.005760,-0.999033,-0.043590,0.000000,0.001387,-0.043583,0.999049,0.000000,-0.056757,-0.055574,-0.005282,1.000000;;
     }

     Frame Bip01_R_Calf {
      

      FrameTransformMatrix {
       0.961691,0.000000,-0.274137,0.000000,0.000000,1.000000,-0.000000,0.000000,0.274137,0.000000,0.961691,0.000000,0.237500,0.000000,0.000000,1.000000;;
      }

      Frame Bip01_R_Foot {
       

       FrameTransformMatrix {
        0.974514,-0.069120,0.213412,0.000000,0.108987,0.977405,-0.181109,0.000000,-0.196072,0.199752,0.960029,0.000000,0.206841,0.000000,0.000000,1.000000;;
       }

       Frame Bip01_R_Toe0 {
        

        FrameTransformMatrix {
         -0.000002,-0.208982,0.977920,0.000000,0.000000,0.977919,0.208982,0.000000,-1.000000,0.000001,-0.000002,0.000000,0.065373,0.000000,0.066450,1.000000;;
        }

        Frame Bip01_R_Toe0Nub {
         

         FrameTransformMatrix {
          1.000000,-0.000000,0.000000,0.000000,0.000000,1.000000,0.000000,0.000000,-0.000000,-0.000000,1.000000,0.000000,0.006735,0.000000,-0.000000,1.000000;;
         }
        }
       }
      }
     }
    }
   }

   Frame Bip01_DressFront {
    

    FrameTransformMatrix {
     -0.999137,-0.000001,0.041539,0.000000,-0.000002,1.000000,-0.000001,0.000000,-0.041539,-0.000001,-0.999137,0.000000,-0.043996,0.001399,0.061087,1.000000;;
    }

    Frame Bip01_DressFront02 {
     

     FrameTransformMatrix {
      0.990941,-0.073436,-0.112440,0.000000,0.072961,0.997300,-0.008338,0.000000,0.112749,0.000058,0.993624,0.000000,0.183310,-0.000000,-0.000131,1.000000;;
     }

     Frame Bip01_DressFrontNub {
      

      FrameTransformMatrix {
       0.000796,0.000003,1.000000,0.000000,0.000000,-1.000000,0.000003,0.000000,1.000000,0.000000,-0.000796,0.000000,0.165302,0.000000,0.000000,1.000000;;
      }
     }
    }
   }

   Frame Bip01_DressBack {
    

    FrameTransformMatrix {
     -0.994339,-0.088952,0.058121,0.000000,-0.088796,0.996036,0.005260,0.000000,-0.058359,0.000069,-0.998296,0.000000,-0.047724,0.000000,-0.078279,1.000000;;
    }

    Frame Bip01_DressBack02 {
     

     FrameTransformMatrix {
      0.990815,0.000000,0.135222,0.000000,-0.000000,1.000000,-0.000000,0.000000,-0.135222,-0.000000,0.990815,0.000000,0.176173,0.000000,-0.000108,1.000000;;
     }

     Frame Bip01_DressBackNub {
      

      FrameTransformMatrix {
       0.000796,0.000003,1.000000,0.000000,0.000000,-1.000000,0.000003,0.000000,1.000000,0.000000,-0.000796,0.000000,0.136509,0.000000,0.000000,1.000000;;
      }
     }
    }
   }
  }

  Frame Bip01_Prop1 {
   

   FrameTransformMatrix {
    0.154697,-0.983108,0.097817,0.000000,0.987336,0.157364,0.020118,0.000000,-0.035171,0.093466,0.995001,0.000000,0.142506,-0.030657,-0.134712,1.000000;;
   }
  }

  Frame Bip01_Prop2 {
   

   FrameTransformMatrix {
    -0.045697,-0.929528,0.365910,0.000000,0.997663,-0.023839,0.064034,0.000000,-0.050798,0.367981,0.928445,0.000000,-0.048169,-0.109230,0.158071,1.000000;;
   }
  }
 }
}

Frame Translation_Data {
 

 FrameTransformMatrix {
  1.000000,0.000000,0.000000,0.000000,0.000000,-0.000000,-1.000000,0.000000,0.000000,1.000000,-0.000000,0.000000,0.000000,-0.000000,0.000000,1.000000;;
 }
}

Frame Body {
 

 FrameTransformMatrix {
  1.000000,0.000000,0.000000,0.000000,0.000000,1.000000,0.000000,0.000000,0.000000,0.000000,1.000000,0.000000,0.000000,0.000000,0.000000,1.000000;;
 }

 Mesh Body {
  617;
  0.114649;0.760282;0.010277;,
  0.080573;0.763332;0.003159;,
  0.075159;0.790386;0.022846;,
  0.121077;0.741208;0.004733;,
  0.130360;0.731580;0.002662;,
  0.098990;0.700986;-0.028135;,
  0.088407;0.734466;-0.017433;,
  0.132002;0.696493;0.006600;,
  0.072555;0.805487;0.062591;,
  0.115523;0.772800;0.088670;,
  0.113450;0.776617;0.058883;,
  0.084901;0.779877;0.091762;,
  0.107613;0.556963;0.050997;,
  0.067782;0.561923;0.069840;,
  0.066455;0.550980;0.075343;,
  0.101525;0.565223;0.048017;,
  0.096603;0.566996;-0.007939;,
  0.108958;0.541676;0.010574;,
  0.069056;0.562708;-0.038920;,
  0.095260;0.517570;-0.019079;,
  0.066794;0.507595;-0.028467;,
  0.046235;0.705119;-0.041217;,
  0.048399;0.740015;-0.024781;,
  0.024933;0.559306;0.069408;,
  0.024581;0.545411;0.075112;,
  0.082482;0.647604;0.087685;,
  0.030587;0.688088;0.098402;,
  0.030496;0.651999;0.087761;,
  0.087684;0.686089;0.100112;,
  0.081112;0.466172;-0.030193;,
  0.118633;0.362862;-0.002045;,
  0.080924;0.366849;-0.030638;,
  0.115504;0.463696;0.006910;,
  0.075932;0.272880;-0.032635;,
  0.104672;0.270897;0.011875;,
  0.031684;0.468964;-0.008248;,
  0.039503;0.368450;0.070345;,
  0.039845;0.443526;0.078927;,
  0.033235;0.368923;-0.005364;,
  0.051153;0.276458;0.050589;,
  0.048019;0.272802;0.008454;,
  0.118957;0.363898;0.062717;,
  0.110123;0.446193;0.065614;,
  0.091948;0.276863;0.050265;,
  0.088920;-0.001437;0.054150;,
  0.049355;-0.001521;0.099610;,
  0.044025;-0.001414;0.051082;,
  0.084211;-0.001545;0.099343;,
  0.074453;0.217958;-0.002850;,
  0.098977;0.144480;0.036419;,
  0.069697;0.144771;0.007727;,
  0.105949;0.218111;0.025838;,
  0.086709;0.067067;0.049229;,
  0.066795;0.066531;0.020605;,
  0.032379;0.204571;0.022742;,
  0.038239;0.159566;0.073699;,
  0.034909;0.225348;0.074401;,
  0.040217;0.146524;0.032955;,
  0.054428;0.080193;0.071788;,
  0.050120;0.059933;0.046017;,
  0.100154;0.154845;0.073526;,
  0.107126;0.229063;0.074036;,
  0.078675;0.084274;0.071264;,
  0.115950;0.513019;0.015742;,
  0.026028;0.498644;-0.040353;,
  0.031684;0.468964;-0.008248;,
  0.027095;0.464162;-0.026350;,
  0.117845;0.507815;0.070083;,
  0.067879;0.504952;0.094106;,
  0.111647;0.458895;0.068738;,
  0.066711;0.462112;0.090182;,
  0.076023;0.603395;0.073370;,
  0.115379;0.645885;0.072303;,
  0.128596;0.652154;0.056949;,
  0.105085;0.613397;-0.000659;,
  0.127051;0.662926;0.003759;,
  0.109448;0.604789;0.049778;,
  0.095914;0.668033;-0.034629;,
  0.083818;0.614167;-0.031539;,
  0.041330;0.673286;-0.045320;,
  0.035154;0.612989;-0.039475;,
  0.168432;0.701664;0.017968;,
  0.181503;0.655489;0.034152;,
  0.115434;0.703307;0.008796;,
  0.136628;0.594605;0.039823;,
  0.124107;0.643812;0.021532;,
  0.183191;0.603956;0.050100;,
  0.101070;0.704061;0.067999;,
  0.124107;0.643812;0.021532;,
  0.107673;0.656106;0.084336;,
  0.122653;0.604037;0.091571;,
  0.136628;0.594605;0.039823;,
  0.107098;0.707872;0.076806;,
  0.165115;0.668106;0.096991;,
  0.151510;0.713070;0.080675;,
  0.169066;0.613297;0.101879;,
  0.168296;0.709212;0.046937;,
  0.192639;0.583794;0.043863;,
  0.159361;0.512849;0.030703;,
  0.138167;0.569685;0.032286;,
  0.193451;0.524345;0.037992;,
  0.169433;0.472341;0.032148;,
  0.195121;0.474156;0.036935;,
  0.138167;0.569685;0.032286;,
  0.155626;0.512495;0.087798;,
  0.124912;0.567669;0.093820;,
  0.159361;0.512849;0.030703;,
  0.169042;0.471199;0.071759;,
  0.169433;0.472341;0.032148;,
  0.181762;0.521623;0.093057;,
  0.179061;0.581747;0.105472;,
  0.187887;0.470901;0.073890;,
  0.208895;0.342855;0.024345;,
  0.175164;0.363649;0.065413;,
  0.189622;0.352837;0.020772;,
  0.194279;0.353810;0.068406;,
  0.190203;0.390284;0.000011;,
  0.204437;0.386797;0.008114;,
  0.194266;0.382699;0.007206;,
  0.200406;0.393982;-0.004270;,
  0.161621;0.436198;0.068521;,
  0.193115;0.413122;0.022468;,
  0.178659;0.403157;0.072238;,
  0.168898;0.437877;0.019364;,
  0.197882;0.398830;0.075377;,
  0.197829;0.444330;0.075889;,
  0.206224;0.447169;0.024669;,
  0.211942;0.409198;0.027629;,
  0.142988;0.759141;0.062790;,
  0.152070;0.762975;0.034581;,
  0.113450;0.776617;0.058883;,
  0.115445;0.775194;0.034275;,
  0.126332;0.689048;0.087259;,
  0.085083;0.801211;0.037166;,
  0.145251;0.750552;0.010828;,
  0.121077;0.741208;0.004733;,
  0.114649;0.760282;0.010277;,
  0.139700;0.723352;0.007070;,
  0.129298;0.732037;0.089851;,
  0.090020;0.724228;0.102421;,
  0.132288;0.736253;0.087076;,
  0.032059;0.723309;0.098172;,
  0.038981;0.780147;0.080051;,
  0.115523;0.772800;0.088670;,
  0.132288;0.736253;0.087076;,
  0.123897;0.719019;0.029736;,
  0.132413;0.726166;0.075795;,
  0.115434;0.703307;0.008796;,
  0.131808;0.689825;0.055392;,
  0.128565;0.691533;0.020206;,
  0.130360;0.731580;0.002662;,
  0.135533;0.690192;0.071990;,
  0.168898;0.437877;0.019364;,
  0.085969;0.828856;0.027142;,
  0.078193;0.835048;0.047794;,
  0.043515;0.809431;0.063777;,
  0.053270;0.841073;0.056464;,
  0.211942;0.409198;0.027629;,
  0.208895;0.342855;0.024345;,
  0.194279;0.353810;0.068406;,
  0.178360;0.406005;0.003299;,
  0.203222;0.412943;0.001130;,
  0.178360;0.406005;0.003299;,
  0.187064;0.397470;0.016267;,
  0.207735;0.409222;0.022618;,
  0.207735;0.409222;0.022618;,
  0.190203;0.390284;0.000011;,
  0.200406;0.393982;-0.004270;,
  0.204437;0.386797;0.008114;,
  0.095162;0.020228;-0.022685;,
  0.064907;-0.001385;-0.067431;,
  0.063586;0.017195;-0.060194;,
  0.100721;-0.001396;-0.029921;,
  0.045608;0.031889;0.088979;,
  0.044025;-0.001414;0.051082;,
  0.049355;-0.001521;0.099610;,
  0.042654;0.023543;0.048550;,
  0.054428;0.080193;0.071788;,
  0.087148;0.034911;0.088448;,
  0.078675;0.084274;0.071264;,
  0.088920;-0.001437;0.054150;,
  0.084211;-0.001545;0.099343;,
  0.090071;0.033508;0.051678;,
  0.066795;0.066531;0.020605;,
  0.086709;0.067067;0.049229;,
  0.036094;0.014161;-0.049741;,
  0.029967;-0.001373;-0.056977;,
  0.100721;-0.001396;-0.029921;,
  0.029967;-0.001373;-0.056977;,
  0.033235;0.368923;-0.005364;,
  0.048019;0.272802;0.008454;,
  0.032379;0.204571;0.022742;,
  0.040217;0.146524;0.032955;,
  0.050120;0.059933;0.046017;,
  0.050120;0.059933;0.046017;,
  0.027482;0.451658;0.024120;,
  0.094483;0.829345;-0.001217;,
  0.072417;0.820330;-0.013706;,
  0.081377;0.825702;-0.017816;,
  0.077057;0.823533;0.010994;,
  0.094405;0.850518;0.021800;,
  0.092467;0.862403;0.042716;,
  0.080748;0.968823;-0.018041;,
  0.054696;0.961925;-0.039404;,
  0.062192;0.975752;-0.014030;,
  0.076837;0.898355;-0.061255;,
  0.058795;0.898947;-0.063875;,
  0.078111;0.927349;-0.054893;,
  0.088412;0.844872;-0.024102;,
  0.103380;0.856322;-0.001083;,
  0.096170;0.841258;0.006790;,
  0.112063;0.891879;0.012487;,
  0.108445;0.900381;-0.010243;,
  0.095543;0.933570;-0.042551;,
  0.110225;0.936511;-0.018973;,
  0.097819;0.894907;-0.034731;,
  0.113628;0.896957;0.028429;,
  0.108639;0.907637;0.049858;,
  0.073429;0.913990;0.069239;,
  0.104635;0.953758;0.035397;,
  0.075372;0.960276;0.052401;,
  0.096166;0.872448;-0.031838;,
  0.075195;0.835609;-0.034635;,
  0.076334;0.867680;-0.050847;,
  0.055894;0.812283;-0.040663;,
  0.039113;0.809904;-0.024559;,
  0.034510;0.810608;-0.045182;,
  0.077782;0.947618;-0.047057;,
  0.098823;0.956277;-0.021082;,
  0.114700;0.948109;0.013954;,
  0.101388;0.966399;0.006873;,
  0.086736;0.974334;0.016378;,
  0.070819;0.978779;0.022237;,
  0.066773;0.875180;0.061255;,
  0.114700;0.948109;0.013954;,
  0.101388;0.966399;0.006873;,
  0.109572;0.858202;-0.003311;,
  0.121963;0.903955;0.000985;,
  0.126763;0.885028;0.009484;,
  0.111986;0.886057;-0.000756;,
  0.126763;0.885028;0.009484;,
  0.109572;0.858202;-0.003311;,
  0.121963;0.903955;0.000985;,
  0.108445;0.900381;-0.010243;,
  0.104882;0.875882;-0.014770;,
  0.103380;0.856322;-0.001083;,
  0.078363;0.889765;-0.052730;,
  0.104882;0.875882;-0.014770;,
  0.085083;0.801211;0.037166;,
  0.085969;0.828856;0.027142;,
  0.115445;0.775194;0.034275;,
  0.094405;0.850518;0.021800;,
  0.049174;0.784663;-0.000683;,
  0.048521;0.762863;-0.010188;,
  0.025708;0.560053;-0.042920;,
  0.025955;0.501019;0.093876;,
  0.027012;0.466868;0.090835;,
  0.022052;0.451589;0.083418;,
  0.048095;0.809773;-0.008301;,
  0.027482;0.451658;0.024120;,
  0.086736;0.974334;0.016378;,
  0.070819;0.978779;0.022237;,
  0.058594;0.843178;-0.048534;,
  0.052105;0.866233;-0.055473;,
  0.051219;0.856632;-0.054974;,
  0.050905;0.951862;-0.050554;,
  0.045626;0.929510;-0.061504;,
  0.057946;0.890858;-0.053710;,
  0.028597;0.605441;0.072808;,
  0.115445;0.775194;0.034275;,
  0.064907;-0.001385;-0.067431;,
  0.048157;0.835272;-0.052560;,
  0.057378;0.836739;-0.047647;,
  0.049307;0.840249;-0.049393;,
  0.037612;0.856938;-0.056948;,
  0.036380;0.864906;-0.066731;,
  0.048383;0.843924;-0.054325;,
  0.037923;0.841929;-0.047349;,
  0.035882;0.834926;-0.052484;,
  0.040753;0.899538;-0.066496;,
  0.040644;0.890428;-0.061978;,
  0.132413;0.726166;0.075795;,
  0.036488;0.845189;-0.055448;,
  0.117784;0.720599;0.045707;,
  0.123897;0.719019;0.029736;,
  0.130360;0.731580;0.002662;,
  0.113628;0.896957;0.028429;,
  0.074453;0.217958;-0.002850;,
  0.050694;0.145474;-0.034716;,
  0.043702;0.222511;-0.037034;,
  0.069697;0.144771;0.007727;,
  0.075932;0.272880;-0.032635;,
  0.046685;0.279284;-0.042126;,
  0.080924;0.366849;-0.030638;,
  0.035843;0.372067;-0.038501;,
  0.081112;0.466172;-0.030193;,
  0.033686;0.460680;-0.040924;,
  0.066794;0.507595;-0.028467;,
  0.048303;0.073355;-0.037749;,
  0.066795;0.066531;0.020605;,
  0.042936;0.152878;0.099665;,
  0.009593;0.080136;0.116464;,
  0.042732;0.083043;0.107233;,
  0.012867;0.152886;0.106928;,
  0.016566;0.218742;0.089215;,
  0.039219;0.224854;0.088379;,
  0.020975;0.278833;0.083111;,
  0.043811;0.277049;0.080939;,
  0.038302;0.369117;0.085246;,
  0.020742;0.369015;0.088225;,
  0.026255;0.439121;0.091741;,
  0.117784;0.720599;0.045707;,
  -0.020221;0.772485;-0.006025;,
  0.014728;0.768798;-0.004849;,
  -0.028471;0.754481;-0.013371;,
  0.019621;0.794996;0.016092;,
  -0.037636;0.746028;-0.017407;,
  -0.008057;0.709472;-0.039102;,
  -0.047670;0.710735;-0.011809;,
  0.007438;0.741186;-0.027280;,
  0.015105;0.810256;0.055605;,
  -0.037974;0.785275;0.070328;,
  -0.007822;0.787573;0.080486;,
  -0.027967;0.788955;0.042640;,
  -0.059007;0.551806;0.050998;,
  -0.017966;0.560931;0.069240;,
  -0.051469;0.563454;0.046946;,
  -0.017558;0.548380;0.075343;,
  -0.045810;0.565349;-0.008935;,
  -0.059404;0.536465;0.010574;,
  -0.017742;0.561704;-0.039527;,
  -0.044083;0.513654;-0.019012;,
  -0.015213;0.505057;-0.028467;,
  0.024933;0.559306;0.069408;,
  0.024581;0.545411;0.075112;,
  -0.020933;0.655313;0.079602;,
  0.030587;0.688088;0.098402;,
  -0.025276;0.695043;0.088539;,
  0.030496;0.651999;0.087761;,
  -0.031945;0.464570;-0.031807;,
  -0.080179;0.364488;-0.009220;,
  -0.066530;0.462695;0.005246;,
  -0.042291;0.366441;-0.037788;,
  -0.046180;0.270675;-0.044718;,
  -0.074795;0.271102;-0.000245;,
  0.016236;0.462257;-0.010453;,
  -0.000800;0.358963;0.062901;,
  0.005410;0.362776;-0.012718;,
  0.015646;0.442777;0.078927;,
  -0.020832;0.271448;0.038105;,
  -0.018223;0.267778;-0.003911;,
  -0.080341;0.362192;0.055510;,
  -0.061418;0.442184;0.063392;,
  -0.061415;0.275621;0.037977;,
  -0.075202;-0.001438;0.056282;,
  -0.027010;-0.001522;0.092470;,
  -0.061152;-0.001545;0.099493;,
  -0.031939;-0.001415;0.043900;,
  -0.049684;0.215008;-0.012363;,
  -0.080530;0.146273;0.030841;,
  -0.080795;0.219573;0.016382;,
  -0.051584;0.142352;0.002076;,
  -0.074941;0.068246;0.048844;,
  -0.057408;0.065503;0.018995;,
  -0.008808;0.199166;0.013764;,
  -0.018358;0.157639;0.067063;,
  -0.021862;0.142706;0.027076;,
  -0.008994;0.222778;0.064253;,
  -0.040349;0.080164;0.068249;,
  -0.038957;0.059932;0.040220;,
  -0.080445;0.158642;0.067347;,
  -0.080564;0.233110;0.063933;,
  -0.064211;0.085705;0.069374;,
  -0.064611;0.507431;0.015742;,
  0.016236;0.462257;-0.010453;,
  -0.066180;0.502119;0.070083;,
  -0.016133;0.502352;0.094106;,
  -0.060350;0.454242;0.067628;,
  -0.014587;0.457494;0.089354;,
  -0.018505;0.609153;0.068194;,
  -0.050957;0.658284;0.059302;,
  -0.060558;0.666254;0.042165;,
  -0.037964;0.622112;-0.008493;,
  -0.048767;0.614427;0.041113;,
  -0.049241;0.676067;-0.010020;,
  -0.012154;0.676089;-0.043076;,
  -0.013563;0.620100;-0.036872;,
  -0.077089;0.734691;-0.023077;,
  -0.026182;0.722991;-0.010145;,
  -0.103654;0.691872;-0.028154;,
  -0.076004;0.625043;-0.021346;,
  -0.120134;0.644284;-0.027808;,
  -0.049604;0.667142;-0.020605;,
  -0.039972;0.707574;0.047162;,
  -0.061230;0.661213;0.044165;,
  -0.049604;0.667142;-0.020605;,
  -0.088144;0.611067;0.027661;,
  -0.076004;0.625043;-0.021346;,
  -0.048561;0.711072;0.053673;,
  -0.115282;0.686252;0.036729;,
  -0.088394;0.727810;0.041525;,
  -0.132194;0.630111;0.021219;,
  -0.088667;0.735835;0.004506;,
  -0.123645;0.639380;-0.045905;,
  -0.090255;0.578466;-0.084485;,
  -0.122586;0.595710;-0.086663;,
  -0.071918;0.615153;-0.039764;,
  -0.101626;0.551041;-0.113785;,
  -0.124993;0.557119;-0.118859;,
  -0.071918;0.615153;-0.039764;,
  -0.117987;0.547998;-0.044779;,
  -0.090255;0.578466;-0.084485;,
  -0.094092;0.578056;0.006332;,
  -0.119122;0.528917;-0.086516;,
  -0.101626;0.551041;-0.113785;,
  -0.142589;0.561634;-0.046477;,
  -0.145541;0.602189;0.000318;,
  -0.138260;0.533252;-0.092861;,
  -0.093105;0.464603;-0.194221;,
  -0.103856;0.467742;-0.138263;,
  -0.106365;0.450159;-0.150740;,
  -0.090478;0.482722;-0.182028;,
  -0.099592;0.508681;-0.188622;,
  -0.114124;0.501323;-0.192513;,
  -0.107350;0.514266;-0.195311;,
  -0.103932;0.498384;-0.189587;,
  -0.102543;0.503549;-0.107561;,
  -0.118676;0.514347;-0.164730;,
  -0.097155;0.534393;-0.146185;,
  -0.116464;0.475970;-0.128571;,
  -0.135300;0.471989;-0.133815;,
  -0.140071;0.508295;-0.106803;,
  -0.135350;0.541368;-0.146627;,
  -0.137688;0.509472;-0.168084;,
  -0.059683;0.778463;0.038386;,
  -0.060961;0.783341;0.008920;,
  -0.027967;0.788955;0.042640;,
  -0.023864;0.788006;0.017461;,
  -0.059589;0.703787;0.068211;,
  0.008468;0.807570;0.027848;,
  -0.050844;0.769751;-0.012774;,
  -0.028471;0.754481;-0.013371;,
  -0.047628;0.744337;-0.015448;,
  -0.020221;0.772485;-0.006025;,
  -0.058867;0.746418;0.067379;,
  -0.060505;0.750941;0.063968;,
  -0.024304;0.733717;0.088517;,
  0.032059;0.723309;0.098172;,
  0.038981;0.780147;0.080051;,
  -0.037974;0.785275;0.070328;,
  -0.060505;0.750941;0.063968;,
  -0.040536;0.733077;0.010100;,
  -0.026182;0.722991;-0.010145;,
  -0.059371;0.741457;0.052799;,
  -0.058352;0.704899;0.035909;,
  -0.047870;0.705519;0.002130;,
  -0.037636;0.746028;-0.017407;,
  -0.065233;0.706107;0.051421;,
  -0.097155;0.534393;-0.146185;,
  0.016992;0.835861;0.029458;,
  0.027163;0.840230;0.049508;,
  0.043515;0.809431;0.063777;,
  0.053270;0.841073;0.056464;,
  -0.137688;0.509472;-0.168084;,
  -0.093105;0.464603;-0.194221;,
  -0.106365;0.450159;-0.150740;,
  -0.095934;0.519564;-0.172300;,
  -0.117929;0.526740;-0.183950;,
  -0.095934;0.519564;-0.172300;,
  -0.106480;0.505226;-0.172301;,
  -0.130268;0.511425;-0.173502;,
  -0.130268;0.511425;-0.173502;,
  -0.099592;0.508681;-0.188622;,
  -0.107350;0.514266;-0.195311;,
  -0.114124;0.501323;-0.192513;,
  -0.097362;0.020228;-0.017552;,
  -0.077126;-0.001385;-0.067633;,
  -0.104311;-0.001396;-0.023467;,
  -0.074322;0.017194;-0.060832;,
  -0.025567;0.031888;0.081291;,
  -0.031939;-0.001415;0.043900;,
  -0.031127;0.023542;0.041137;,
  -0.027010;-0.001522;0.092470;,
  -0.040349;0.080164;0.068249;,
  -0.066301;0.034911;0.089453;,
  -0.064211;0.085705;0.069374;,
  -0.075202;-0.001438;0.056282;,
  -0.076843;0.033508;0.054105;,
  -0.061152;-0.001545;0.099493;,
  -0.057408;0.065503;0.018995;,
  -0.074941;0.068246;0.048844;,
  -0.045253;0.014161;-0.056354;,
  -0.040773;-0.001373;-0.064711;,
  -0.104311;-0.001396;-0.023467;,
  -0.040773;-0.001373;-0.064711;,
  0.005410;0.362776;-0.012718;,
  -0.018223;0.267778;-0.003911;,
  -0.008808;0.199166;0.013764;,
  -0.021862;0.142706;0.027076;,
  -0.038957;0.059932;0.040220;,
  -0.038957;0.059932;0.040220;,
  0.005218;0.840478;0.019087;,
  0.017071;0.827233;-0.001117;,
  0.023625;0.828959;0.012788;,
  0.008744;0.834760;-0.001295;,
  0.020044;0.859792;0.038714;,
  0.033431;0.869766;0.056144;,
  0.042647;0.973575;-0.009374;,
  0.062192;0.975752;-0.014030;,
  0.011177;0.906544;-0.046320;,
  0.019551;0.934653;-0.041573;,
  0.025965;0.903041;-0.056408;,
  0.004397;0.855350;-0.004992;,
  0.003804;0.868741;0.021567;,
  0.009941;0.852012;0.026404;,
  0.010310;0.904569;0.035631;,
  0.005771;0.913186;0.013111;,
  0.011032;0.944110;-0.023328;,
  0.003340;0.906691;-0.013241;,
  0.008938;0.949143;0.004065;,
  0.016924;0.909017;0.050425;,
  0.032913;0.917082;0.067082;,
  0.073429;0.913990;0.069239;,
  0.041028;0.961691;0.049864;,
  0.075372;0.960276;0.052401;,
  0.000769;0.884346;-0.010140;,
  0.008883;0.876093;-0.035505;,
  0.009293;0.843828;-0.019645;,
  0.018140;0.816992;-0.032075;,
  0.027916;0.953837;-0.035715;,
  0.022622;0.965781;-0.003750;,
  0.021773;0.959699;0.035091;,
  0.034662;0.974721;0.022050;,
  0.070819;0.978779;0.022237;,
  0.053373;0.978495;0.023967;,
  0.066773;0.875180;0.061255;,
  0.021773;0.959699;0.035091;,
  0.034662;0.974721;0.022050;,
  -0.002117;0.872132;0.022093;,
  -0.000422;0.919219;0.028822;,
  0.003372;0.899603;0.023949;,
  -0.005417;0.901513;0.039550;,
  -0.005417;0.901513;0.039550;,
  -0.002117;0.872132;0.022093;,
  -0.000422;0.919219;0.028822;,
  0.005771;0.913186;0.013111;,
  0.001229;0.888810;0.008807;,
  0.003804;0.868741;0.021567;,
  0.011469;0.898108;-0.037514;,
  0.001229;0.888810;0.008807;,
  0.008468;0.807570;0.027848;,
  0.016992;0.835861;0.029458;,
  -0.023864;0.788006;0.017461;,
  0.020044;0.859792;0.038714;,
  0.025955;0.501019;0.093876;,
  0.027012;0.466868;0.090835;,
  0.022052;0.451589;0.083418;,
  0.027482;0.451658;0.024120;,
  0.053373;0.978495;0.023967;,
  0.070819;0.978779;0.022237;,
  0.019646;0.848035;-0.039675;,
  0.027747;0.869271;-0.049932;,
  0.026490;0.859716;-0.049349;,
  0.029150;0.894449;-0.047160;,
  0.028597;0.605441;0.072808;,
  -0.023864;0.788006;0.017461;,
  -0.077126;-0.001385;-0.067633;,
  0.019582;0.841453;-0.039050;,
  0.025203;0.838134;-0.047338;,
  0.026710;0.843067;-0.044253;,
  0.026275;0.846681;-0.049296;,
  -0.059371;0.741457;0.052799;,
  -0.038374;0.733589;0.027513;,
  -0.040536;0.733077;0.010100;,
  -0.037636;0.746028;-0.017407;,
  0.016924;0.909017;0.050425;,
  -0.000178;0.219386;-0.041851;,
  0.019489;0.147015;-0.047056;,
  -0.011407;0.143656;-0.038088;,
  0.023192;0.223962;-0.042229;,
  -0.002890;0.275281;-0.048854;,
  0.027833;0.278097;-0.047317;,
  0.010178;0.368399;-0.042236;,
  0.027150;0.369268;-0.042516;,
  0.016057;0.457553;-0.042067;,
  0.026404;0.455171;-0.043346;,
  0.026028;0.498644;-0.040353;,
  -0.015213;0.505057;-0.028467;,
  0.016310;0.081684;-0.055032;,
  -0.016102;0.072033;-0.039129;,
  -0.019152;0.080000;0.105349;,
  -0.080445;0.158642;0.067347;,
  -0.064197;0.085705;0.069374;,
  -0.018383;0.154182;0.092277;,
  -0.080564;0.233110;0.063933;,
  -0.017003;0.221259;0.079557;,
  -0.013339;0.272696;0.072085;,
  -0.061415;0.275621;0.037977;,
  -0.080341;0.362192;0.055510;,
  0.000613;0.357795;0.080311;,
  0.027012;0.466868;0.090835;,
  -0.014587;0.457494;0.089354;,
  -0.038374;0.733589;0.027513;,
  -0.031945;0.464570;-0.031807;,
  -0.042291;0.366441;-0.037788;,
  -0.046180;0.270675;-0.044718;,
  -0.049684;0.215008;-0.012363;,
  -0.051584;0.142352;0.002076;,
  -0.057408;0.065503;0.018995;,
  0.118957;0.363898;0.062717;,
  0.066711;0.462112;0.090182;,
  0.110123;0.446193;0.065614;,
  0.091948;0.276863;0.050265;,
  0.107126;0.229063;0.074036;,
  0.100154;0.154845;0.073526;,
  0.078675;0.084274;0.071264;,
  -0.061418;0.442184;0.063392;;
  916;
  3;0,1,2;,
  3;1,0,3;,
  3;4,5,6;,
  3;5,4,7;,
  3;8,9,10;,
  3;9,8,11;,
  3;12,13,14;,
  3;13,12,15;,
  3;16,12,17;,
  3;12,16,15;,
  3;18,19,20;,
  3;19,18,16;,
  3;6,21,22;,
  3;21,6,5;,
  3;14,23,24;,
  3;23,14,13;,
  3;25,26,27;,
  3;26,25,28;,
  3;29,30,31;,
  3;30,29,32;,
  3;30,33,31;,
  3;33,30,34;,
  3;35,36,37;,
  3;36,35,38;,
  3;38,39,36;,
  3;39,38,40;,
  3;37,41,42;,
  3;41,37,36;,
  3;36,43,41;,
  3;43,36,39;,
  3;42,30,32;,
  3;30,42,41;,
  3;41,34,30;,
  3;34,41,43;,
  3;44,45,46;,
  3;45,44,47;,
  3;48,49,50;,
  3;49,48,51;,
  3;50,52,53;,
  3;52,50,49;,
  3;54,55,56;,
  3;55,54,57;,
  3;57,58,55;,
  3;58,57,59;,
  3;56,60,61;,
  3;60,56,55;,
  3;55,62,60;,
  3;62,55,58;,
  3;61,49,51;,
  3;49,61,60;,
  3;60,52,49;,
  3;52,60,62;,
  3;32,19,63;,
  3;19,32,29;,
  3;64,65,66;,
  3;65,64,20;,
  3;14,67,12;,
  3;67,14,68;,
  3;68,69,67;,
  3;69,68,70;,
  3;70,42,69;,
  3;42,70,37;,
  3;48,34,51;,
  3;34,48,33;,
  3;51,43,61;,
  3;43,51,34;,
  3;43,56,61;,
  3;56,43,39;,
  3;39,54,56;,
  3;54,39,40;,
  3;12,63,17;,
  3;63,12,67;,
  3;67,32,63;,
  3;32,67,69;,
  3;69,42,32;,
  3;71,72,25;,
  3;73,74,75;,
  3;74,73,76;,
  3;74,77,75;,
  3;77,74,78;,
  3;79,78,80;,
  3;78,79,77;,
  3;81,82,83;,
  3;82,84,85;,
  3;84,82,86;,
  3;87,88,89;,
  3;88,90,89;,
  3;90,88,91;,
  3;92,93,94;,
  3;92,89,93;,
  3;92,87,89;,
  3;89,95,93;,
  3;95,89,90;,
  3;96,93,82;,
  3;93,86,82;,
  3;86,93,95;,
  3;97,98,99;,
  3;98,97,100;,
  3;100,101,98;,
  3;101,100,102;,
  3;103,104,105;,
  3;104,103,106;,
  3;106,107,104;,
  3;107,106,108;,
  3;105,109,110;,
  3;109,105,104;,
  3;104,111,109;,
  3;111,104,107;,
  3;110,100,97;,
  3;100,110,109;,
  3;109,102,100;,
  3;102,109,111;,
  3;112,113,114;,
  3;113,112,115;,
  3;116,117,118;,
  3;117,116,119;,
  3;120,121,122;,
  3;121,120,123;,
  3;120,124,125;,
  3;124,120,122;,
  3;126,124,127;,
  3;124,126,125;,
  3;95,97,86;,
  3;97,95,110;,
  3;86,99,84;,
  3;99,86,97;,
  3;90,103,105;,
  3;103,90,91;,
  3;105,95,90;,
  3;95,105,110;,
  3;128,96,129;,
  3;96,128,94;,
  3;129,130,128;,
  3;130,129,131;,
  3;72,28,25;,
  3;28,72,132;,
  3;10,133,8;,
  3;134,135,136;,
  3;135,134,137;,
  3;81,137,134;,
  3;138,11,139;,
  3;138,9,11;,
  3;138,140,9;,
  3;141,11,142;,
  3;11,141,139;,
  3;128,130,143;,
  3;94,144,92;,
  3;94,143,144;,
  3;94,128,143;,
  3;145,87,146;,
  3;87,145,147;,
  3;75,148,73;,
  3;148,75,149;,
  3;150,147,145;,
  3;7,149,75;,
  3;148,151,73;,
  3;102,152,101;,
  3;152,102,126;,
  3;102,125,126;,
  3;125,102,111;,
  3;111,120,125;,
  3;120,111,107;,
  3;120,108,123;,
  3;108,120,107;,
  3;8,153,154;,
  3;153,8,133;,
  3;154,155,8;,
  3;155,154,156;,
  3;122,114,113;,
  3;114,122,121;,
  3;121,112,114;,
  3;112,121,157;,
  3;158,124,159;,
  3;124,158,127;,
  3;159,122,113;,
  3;122,159,124;,
  3;126,160,152;,
  3;160,126,161;,
  3;162,121,123;,
  3;121,162,163;,
  3;121,164,157;,
  3;164,121,163;,
  3;165,126,127;,
  3;126,165,161;,
  3;161,166,160;,
  3;166,161,167;,
  3;162,118,163;,
  3;118,162,116;,
  3;163,117,164;,
  3;117,163,118;,
  3;165,167,161;,
  3;167,165,168;,
  3;169,170,171;,
  3;170,169,172;,
  3;173,174,175;,
  3;174,173,176;,
  3;177,178,179;,
  3;178,177,173;,
  3;180,178,181;,
  3;178,180,182;,
  3;183,169,171;,
  3;169,183,184;,
  3;174,185,186;,
  3;185,174,176;,
  3;46,187,44;,
  3;187,46,188;,
  3;180,169,182;,
  3;169,180,172;,
  3;20,29,65;,
  3;19,29,20;,
  3;29,31,189;,
  3;31,190,189;,
  3;190,31,33;,
  3;33,191,190;,
  3;191,33,48;,
  3;191,50,192;,
  3;50,191,48;,
  3;192,53,193;,
  3;53,192,50;,
  3;194,171,185;,
  3;171,194,183;,
  3;171,186,185;,
  3;186,171,170;,
  3;185,176,194;,
  3;194,173,177;,
  3;173,194,176;,
  3;178,175,181;,
  3;175,178,173;,
  3;179,182,184;,
  3;182,179,178;,
  3;182,169,184;,
  3;16,17,19;,
  3;17,63,19;,
  3;65,195,66;,
  3;196,197,198;,
  3;197,196,199;,
  3;200,154,153;,
  3;154,200,201;,
  3;202,203,204;,
  3;205,206,207;,
  3;196,208,209;,
  3;208,196,198;,
  3;210,209,211;,
  3;209,210,196;,
  3;212,213,214;,
  3;213,212,215;,
  3;212,214,211;,
  3;201,216,217;,
  3;216,201,200;,
  3;218,219,220;,
  3;219,218,217;,
  3;210,199,196;,
  3;213,205,207;,
  3;221,222,223;,
  3;198,197,224;,
  3;224,225,226;,
  3;225,224,197;,
  3;227,213,207;,
  3;228,229,214;,
  3;229,228,230;,
  3;220,231,232;,
  3;213,228,214;,
  3;156,201,233;,
  3;201,156,154;,
  3;233,217,218;,
  3;217,233,201;,
  3;219,217,234;,
  3;235,219,234;,
  3;236,237,238;,
  3;237,236,239;,
  3;209,240,211;,
  3;240,209,241;,
  3;211,242,212;,
  3;242,211,240;,
  3;243,239,244;,
  3;239,243,237;,
  3;244,236,245;,
  3;236,244,239;,
  3;246,221,223;,
  3;221,246,215;,
  3;221,212,247;,
  3;212,221,215;,
  3;199,248,2;,
  3;248,199,249;,
  3;133,10,250;,
  3;249,210,251;,
  3;210,249,199;,
  3;210,211,251;,
  3;252,1,253;,
  3;1,252,2;,
  3;20,254,18;,
  3;254,20,64;,
  3;24,68,14;,
  3;68,24,255;,
  3;68,256,70;,
  3;256,68,255;,
  3;256,37,70;,
  3;37,256,257;,
  3;258,2,252;,
  3;2,258,199;,
  3;257,259,37;,
  3;37,259,35;,
  3;260,204,261;,
  3;204,260,202;,
  3;262,263,223;,
  3;263,262,264;,
  3;197,258,225;,
  3;258,197,199;,
  3;265,203,227;,
  3;265,207,266;,
  3;207,265,227;,
  3;223,267,246;,
  3;267,223,263;,
  3;88,87,147;,
  3;83,82,85;,
  3;78,16,18;,
  3;16,78,74;,
  3;74,15,16;,
  3;15,74,76;,
  3;15,71,13;,
  3;71,15,76;,
  3;13,268,23;,
  3;268,13,71;,
  3;248,269,2;,
  3;2,269,0;,
  3;136,129,134;,
  3;129,136,131;,
  3;134,96,81;,
  3;96,134,129;,
  3;96,82,81;,
  3;93,96,94;,
  3;29,189,65;,
  3;205,215,246;,
  3;267,205,246;,
  3;205,267,206;,
  3;205,213,215;,
  3;187,188,270;,
  3;224,271,272;,
  3;222,221,208;,
  3;224,222,198;,
  3;272,273,262;,
  3;273,272,271;,
  3;263,274,275;,
  3;273,276,262;,
  3;277,271,278;,
  3;271,277,273;,
  3;222,272,262;,
  3;272,222,224;,
  3;222,208,198;,
  3;209,221,247;,
  3;221,209,208;,
  3;223,222,262;,
  3;266,206,279;,
  3;206,266,207;,
  3;206,280,279;,
  3;280,206,267;,
  3;280,263,275;,
  3;263,280,267;,
  3;264,262,276;,
  3;76,73,72;,
  3;138,281,140;,
  3;73,132,72;,
  3;132,73,151;,
  3;72,71,76;,
  3;271,226,278;,
  3;155,11,8;,
  3;276,277,282;,
  3;277,276,273;,
  3;274,276,282;,
  3;276,274,264;,
  3;28,141,26;,
  3;141,28,139;,
  3;139,132,138;,
  3;132,139,28;,
  3;132,281,138;,
  3;281,132,151;,
  3;281,148,283;,
  3;148,281,151;,
  3;283,149,284;,
  3;149,283,148;,
  3;7,284,149;,
  3;284,7,4;,
