xof 0303txt 0032
template ColorRGBA {
 <35ff44e0-6c7c-11cf-8f52-0040333594a3>
 FLOAT red;
 FLOAT green;
 FLOAT blue;
 FLOAT alpha;
}

template ColorRGB {
 <d3e16e81-7835-11cf-8f52-0040333594a3>
 FLOAT red;
 FLOAT green;
 FLOAT blue;
}

template Material {
 <3d82ab4d-62da-11cf-ab39-0020af71e433>
 ColorRGBA faceColor;
 FLOAT power;
 ColorRGB specularColor;
 ColorRGB emissiveColor;
 [...]
}

template TextureFilename {
 <a42790e1-7810-11cf-8f52-0040333594a3>
 STRING filename;
}

template Frame {
 <3d82ab46-62da-11cf-ab39-0020af71e433>
 [...]
}

template Matrix4x4 {
 <f6f23f45-7686-11cf-8f52-0040333594a3>
 array FLOAT matrix[16];
}

template FrameTransformMatrix {
 <f6f23f41-7686-11cf-8f52-0040333594a3>
 Matrix4x4 frameMatrix;
}

template Vector {
 <3d82ab5e-62da-11cf-ab39-0020af71e433>
 FLOAT x;
 FLOAT y;
 FLOAT z;
}

template MeshFace {
 <3d82ab5f-62da-11cf-ab39-0020af71e433>
 DWORD nFaceVertexIndices;
 array DWORD faceVertexIndices[nFaceVertexIndices];
}

template Mesh {
 <3d82ab44-62da-11cf-ab39-0020af71e433>
 DWORD nVertices;
 array Vector vertices[nVertices];
 DWORD nFaces;
 array MeshFace faces[nFaces];
 [...]
}

template MeshMaterialList {
 <f6f23f42-7686-11cf-8f52-0040333594a3>
 DWORD nMaterials;
 DWORD nFaceIndexes;
 array DWORD faceIndexes[nFaceIndexes];
 [Material <3d82ab4d-62da-11cf-ab39-0020af71e433>]
}

template VertexElement {
 <f752461c-1e23-48f6-b9f8-8350850f336f>
 DWORD Type;
 DWORD Method;
 DWORD Usage;
 DWORD UsageIndex;
}

template DeclData {
 <bf22e553-292c-4781-9fea-62bd554bdd93>
 DWORD nElements;
 array VertexElement Elements[nElements];
 DWORD nDWords;
 array DWORD data[nDWords];
}

template XSkinMeshHeader {
 <3cf169ce-ff7c-44ab-93c0-f78f62d172e2>
 WORD nMaxSkinWeightsPerVertex;
 WORD nMaxSkinWeightsPerFace;
 WORD nBones;
}

template SkinWeights {
 <6f0d123b-bad2-4167-a0d0-80224f25fabb>
 STRING transformNodeName;
 DWORD nWeights;
 array DWORD vertexIndices[nWeights];
 array FLOAT weights[nWeights];
 Matrix4x4 matrixOffset;
}

template AnimTicksPerSecond {
 <9e415a43-7ba6-4a73-8743-b73d47e88476>
 DWORD AnimTicksPerSecond;
}

template Animation {
 <3d82ab4f-62da-11cf-ab39-0020af71e433>
 [...]
}

template AnimationSet {
 <3d82ab50-62da-11cf-ab39-0020af71e433>
 [Animation <3d82ab4f-62da-11cf-ab39-0020af71e433>]
}

template FloatKeys {
 <10dd46a9-775b-11cf-8f52-0040333594a3>
 DWORD nValues;
 array FLOAT values[nValues];
}

template TimedFloatKeys {
 <f406b180-7b3b-11cf-8f52-0040333594a3>
 DWORD time;
 FloatKeys tfkeys;
}

template AnimationKey {
 <10dd46a8-775b-11cf-8f52-0040333594a3>
 DWORD keyType;
 DWORD nKeys;
 array TimedFloatKeys keys[nKeys];
}


Material _03_-_Default {
 1.000000;1.000000;1.000000;1.000000;;
 9.999999;
 0.000000;0.000000;0.000000;;
 0.000000;0.000000;0.000000;;

 TextureFilename {
  "MaleBody_full.png";
 }
}

Frame Dummy01 {
 

 FrameTransformMatrix {
  1.000000,0.000000,0.000000,0.000000,0.000000,-0.000000,-1.000000,0.000000,0.000000,1.000000,-0.000000,0.000000,0.000000,0.000000,0.000000,1.000000;;
 }

 Frame Bip01 {
  

  FrameTransformMatrix {
   0.000001,0.965926,-0.258819,0.000000,0.000000,0.258819,0.965926,0.000000,1.000000,-0.000001,-0.000000,0.000000,0.000000,0.027096,0.540000,1.000000;;
  }

  Frame Bip01_Pelvis {
   

   FrameTransformMatrix {
    -0.000000,1.000000,-0.000001,0.000000,0.063244,0.000001,0.997998,0.000000,0.997998,-0.000000,-0.063244,0.000000,0.000000,0.000000,0.000000,1.000000;;
   }

   Frame Bip01_Spine {
    

    FrameTransformMatrix {
     1.000000,0.000052,0.000795,0.000000,-0.000001,0.997998,-0.063241,0.000000,-0.000796,0.063241,0.997998,0.000000,0.051633,-0.000005,-0.000085,1.000000;;
    }

    Frame Bip01_Spine1 {
     

     FrameTransformMatrix {
      0.945710,-0.083519,0.314098,0.000000,0.182363,0.936312,-0.300105,0.000000,-0.269029,0.341092,0.900711,0.000000,0.106503,-0.000029,-0.000076,1.000000;;
     }

     Frame Bip01_Neck {
      

      FrameTransformMatrix {
       1.000000,-0.000000,0.000000,0.000000,-0.000000,1.000000,-0.000000,0.000000,0.000000,-0.000000,1.000000,0.000000,0.130504,-0.000000,0.004625,1.000000;;
      }

      Frame Bip01_Head {
       

       FrameTransformMatrix {
        0.945459,0.182602,-0.269748,0.000000,-0.083519,0.936312,0.341092,0.000000,0.314852,-0.299960,0.900496,0.000000,0.033674,0.000000,-0.000000,1.000000;;
       }

       Frame Bip01_HeadNub {
        

        FrameTransformMatrix {
         1.000000,0.000000,0.000000,0.000000,0.000000,1.000000,0.000000,0.000000,0.000000,-0.000000,1.000000,0.000000,0.169824,-0.000000,-0.000000,1.000000;;
        }
       }
      }

      Frame Bip01_L_Clavicle {
       

       FrameTransformMatrix {
        -0.181836,0.976970,0.111648,0.000000,0.983329,0.180751,0.019846,0.000000,-0.000791,0.113396,-0.993550,0.000000,-0.024025,0.015715,-0.004625,1.000000;;
       }

       Frame Bip01_L_UpperArm {
        

        FrameTransformMatrix {
         0.561336,-0.792097,-0.239758,0.000000,0.811487,0.583679,-0.028421,0.000000,0.162454,-0.178607,0.970417,0.000000,0.087086,0.000000,0.000000,1.000000;;
        }

        Frame Bip01_L_Forearm {
         

         FrameTransformMatrix {
          -0.302672,-0.000000,-0.953095,0.000000,0.000000,1.000000,0.000000,0.000000,0.953095,0.000000,-0.302672,0.000000,0.137062,0.000000,0.000000,1.000000;;
         }

         Frame Bip01_L_Hand {
          

          FrameTransformMatrix {
           0.996374,-0.050821,-0.068234,0.000000,-0.046033,-0.996485,0.069990,0.000000,-0.071551,-0.066595,-0.995211,0.000000,0.137062,0.000000,0.000000,1.000000;;
          }

          Frame Bip01_L_Finger0 {
           

           FrameTransformMatrix {
            0.690342,-0.181727,0.700288,0.000000,0.558537,0.749101,-0.356210,0.000000,-0.459853,0.637043,0.618637,0.000000,0.057681,-0.023605,-0.000272,1.000000;;
           }

           Frame Bip01_L_Finger0Nub {
            

            FrameTransformMatrix {
             1.000000,0.000000,-0.000000,0.000000,0.000000,1.000000,0.000000,0.000000,0.000000,0.000000,1.000000,0.000000,0.029435,0.000000,0.000000,1.000000;;
            }
           }
          }

          Frame Bip01_L_Finger1 {
           

           FrameTransformMatrix {
            0.158356,-0.000786,0.987381,0.000000,0.000000,1.000000,0.000796,0.000000,-0.987382,-0.000126,0.158356,0.000000,0.084102,0.000000,-0.000000,1.000000;;
           }

           Frame Bip01_L_Finger1Nub {
            

            FrameTransformMatrix {
             1.000000,0.000000,0.000000,0.000000,0.000000,1.000000,-0.000000,0.000000,0.000000,0.000000,1.000000,0.000000,0.047988,0.000000,-0.000000,1.000000;;
            }
           }
          }
         }
        }
       }
      }

      Frame Bip01_R_Clavicle {
       

       FrameTransformMatrix {
        -0.257697,-0.919057,-0.298206,0.000000,-0.966226,0.244875,0.080279,0.000000,-0.000757,0.308822,-0.951120,0.000000,-0.024025,-0.015714,-0.004625,1.000000;;
       }

       Frame Bip01_R_UpperArm {
        

        FrameTransformMatrix {
         0.651462,0.719035,-0.242044,0.000000,-0.687916,0.694373,0.211229,0.000000,0.319950,0.028898,0.946994,0.000000,0.087086,0.000000,-0.000000,1.000000;;
        }

        Frame Bip01_R_Forearm {
         

         FrameTransformMatrix {
          -0.209224,0.000000,-0.977868,0.000000,-0.000000,1.000000,-0.000000,0.000000,0.977868,0.000000,-0.209224,0.000000,0.137062,0.000000,0.000000,1.000000;;
         }

         Frame Bip01_R_Hand {
          

          FrameTransformMatrix {
           0.983840,0.175856,-0.033681,0.000000,-0.139073,0.632040,-0.762354,0.000000,-0.112776,0.754718,0.646283,0.000000,0.137062,0.000000,-0.000000,1.000000;;
          }

          Frame Bip01_R_Finger0 {
           

           FrameTransformMatrix {
            0.417774,-0.116941,0.900994,0.000000,-0.558537,0.749101,0.356210,0.000000,-0.716591,-0.652053,0.247639,0.000000,0.057681,0.023605,-0.000272,1.000000;;
           }

           Frame Bip01_R_Finger0Nub {
            

            FrameTransformMatrix {
             -1.000000,0.000000,-0.000000,0.000000,0.000000,1.000000,0.000000,0.000000,-0.000000,0.000000,-1.000000,0.000000,0.029435,-0.000000,0.000000,1.000000;;
            }
           }
          }

          Frame Bip01_R_Finger1 {
           

           FrameTransformMatrix {
            0.352436,0.000745,0.935835,0.000000,0.000000,1.000000,-0.000796,0.000000,-0.935836,0.000281,0.352436,0.000000,0.084102,-0.000000,-0.000000,1.000000;;
           }

           Frame Bip01_R_Finger1Nub {
            

            FrameTransformMatrix {
             -1.000000,0.000000,-0.000000,0.000000,-0.000000,1.000000,-0.000000,0.000000,0.000000,0.000000,-1.000000,0.000000,0.047988,0.000000,0.000000,1.000000;;
            }
           }
          }
         }
        }
       }
      }
     }

     Frame Bip01_BackPack {
      

      FrameTransformMatrix {
       0.081023,-0.088037,-0.992817,0.000000,-0.064786,0.993520,-0.093387,0.000000,0.994605,0.071887,0.074794,0.000000,0.041174,-0.003810,-0.088357,1.000000;;
      }

      Frame Bip01_BackPackNub {
       

       FrameTransformMatrix {
        0.000796,0.000003,1.000000,0.000000,0.000000,-1.000000,0.000003,0.000000,1.000000,-0.000000,-0.000796,0.000000,0.053240,-0.000000,-0.000000,1.000000;;
       }
      }
     }
    }

    Frame Bip01_L_Thigh {
     

     FrameTransformMatrix {
      -0.701027,0.001363,0.713134,0.000000,-0.001058,-0.999999,0.000871,0.000000,0.713134,-0.000144,0.701027,0.000000,-0.051631,0.055115,0.003618,1.000000;;
     }

     Frame Bip01_L_Calf {
      

      FrameTransformMatrix {
       0.979644,-0.000000,-0.200745,0.000000,0.000000,1.000000,0.000000,0.000000,0.200745,0.000000,0.979644,0.000000,0.237500,0.000000,0.000000,1.000000;;
      }

      Frame Bip01_L_Foot {
       

       FrameTransformMatrix {
        0.981172,0.001361,0.193132,0.000000,-0.023207,0.993561,0.110896,0.000000,-0.191738,-0.113290,0.974886,0.000000,0.206841,0.000000,-0.000000,1.000000;;
       }

       Frame Bip01_L_Toe0 {
        

        FrameTransformMatrix {
         -0.000001,-0.113155,0.993577,0.000000,-0.000001,0.993577,0.113155,0.000000,-1.000000,-0.000000,-0.000001,0.000000,0.065373,0.000000,0.066450,1.000000;;
        }

        Frame Bip01_L_Toe0Nub {
         

         FrameTransformMatrix {
          -1.000000,0.000000,0.000000,0.000000,-0.000000,1.000000,-0.000000,0.000000,0.000000,-0.000000,-1.000000,0.000000,0.006735,0.000000,0.000000,1.000000;;
         }
        }
       }
      }
     }
    }

    Frame Bip01_R_Thigh {
     

     FrameTransformMatrix {
      -0.996816,-0.000001,0.079738,0.000000,0.000001,-1.000000,0.000003,0.000000,0.079738,0.000003,0.996816,0.000000,-0.051636,-0.055115,-0.003367,1.000000;;
     }

     Frame Bip01_R_Calf {
      

      FrameTransformMatrix {
       0.161777,-0.000000,-0.986827,0.000000,0.000000,1.000000,-0.000000,0.000000,0.986827,-0.000000,0.161777,0.000000,0.237500,0.000000,0.000000,1.000000;;
      }

      Frame Bip01_R_Foot {
       

       FrameTransformMatrix {
        0.955836,0.000001,-0.293901,0.000000,-0.000000,1.000000,0.000001,0.000000,0.293901,-0.000001,0.955836,0.000000,0.206841,0.000000,0.000000,1.000000;;
       }

       Frame Bip01_R_Toe0 {
        

        FrameTransformMatrix {
         -0.000001,-0.000000,1.000000,0.000000,0.000001,1.000000,0.000000,0.000000,-1.000000,0.000001,-0.000001,0.000000,0.065373,0.000000,0.066450,1.000000;;
        }

        Frame Bip01_R_Toe0Nub {
         

         FrameTransformMatrix {
          1.000000,-0.000000,0.000000,0.000000,0.000000,1.000000,0.000000,0.000000,0.000000,0.000000,1.000000,0.000000,0.006735,0.000000,0.000000,1.000000;;
         }
        }
       }
      }
     }
    }
   }

   Frame Bip01_DressFront {
    

    FrameTransformMatrix {
     -0.733779,-0.190299,0.652193,0.000000,0.121847,0.907542,0.401896,0.000000,-0.668373,0.374370,-0.642748,0.000000,-0.043904,0.001345,0.061035,1.000000;;
    }

    Frame Bip01_DressFront02 {
     

     FrameTransformMatrix {
      0.912593,0.000001,0.408870,0.000000,-0.000001,1.000000,-0.000000,0.000000,-0.408870,-0.000000,0.912593,0.000000,0.183378,0.000000,-0.000120,1.000000;;
     }

     Frame Bip01_DressFrontNub {
      

      FrameTransformMatrix {
       0.000796,0.000003,1.000000,0.000000,-0.000000,-1.000000,0.000003,0.000000,1.000000,-0.000000,-0.000796,0.000000,0.165302,-0.000000,0.000000,1.000000;;
      }
     }
    }
   }

   Frame Bip01_DressBack {
    

    FrameTransformMatrix {
     -0.886023,0.038029,0.462080,0.000000,0.191625,0.937561,0.290274,0.000000,-0.422190,0.345735,-0.837988,0.000000,-0.047673,-0.000048,-0.078302,1.000000;;
    }

    Frame Bip01_DressBack02 {
     

     FrameTransformMatrix {
      0.936852,0.174932,-0.302833,0.000000,-0.166408,0.984581,0.053939,0.000000,0.307600,-0.000139,0.951516,0.000000,0.176125,-0.000000,-0.000103,1.000000;;
     }

     Frame Bip01_DressBackNub {
      

      FrameTransformMatrix {
       0.000796,0.000003,1.000000,0.000000,0.000000,-1.000000,0.000003,0.000000,1.000000,0.000000,-0.000796,0.000000,0.136508,-0.000000,0.000000,1.000000;;
      }
     }
    }
   }
  }

  Frame Bip01_Prop1 {
   

   FrameTransformMatrix {
    0.428180,0.768381,-0.475659,0.000000,-0.468100,-0.261653,-0.844050,0.000000,-0.773010,0.584062,0.247645,0.000000,0.168898,0.141681,-0.100033,1.000000;;
   }
  }

  Frame Bip01_Prop2 {
   

   FrameTransformMatrix {
    0.538275,0.396348,0.743753,0.000000,-0.842384,0.279700,0.460605,0.000000,-0.025468,-0.874458,0.484433,0.000000,0.123622,0.165609,0.151391,1.000000;;
   }
  }
 }
}

Frame Translation_Data {
 

 FrameTransformMatrix {
  1.000000,0.000000,0.000000,0.000000,0.000000,-0.000000,-1.000000,0.000000,0.000000,1.000000,-0.000000,0.000000,0.000000,0.000000,0.000000,1.000000;;
 }
}

Frame Body {
 

 FrameTransformMatrix {
  1.000000,0.000000,0.000000,0.000000,0.000000,1.000000,0.000000,0.000000,0.000000,0.000000,1.000000,0.000000,0.000000,0.000000,0.000000,1.000000;;
 }

 Mesh Body {
  617;
  0.064111;0.783282;-0.136030;,
  0.033148;0.770367;-0.140112;,
  0.019878;0.801566;-0.143042;,
  0.075826;0.767151;-0.126224;,
  0.084723;0.759413;-0.115961;,
  0.064319;0.711057;-0.123060;,
  0.049172;0.737976;-0.136535;,
  0.090706;0.732968;-0.090765;,
  0.006183;0.835690;-0.121916;,
  0.046930;0.838232;-0.078053;,
  0.050821;0.825317;-0.107794;,
  0.014586;0.837542;-0.082790;,
  0.085627;0.596302;-0.007712;,
  0.045739;0.609361;0.011105;,
  0.045926;0.598720;0.019499;,
  0.078224;0.605776;-0.012528;,
  0.070107;0.592532;-0.066510;,
  0.083940;0.571047;-0.042768;,
  0.040760;0.580774;-0.093665;,
  0.067785;0.543104;-0.063171;,
  0.038359;0.530026;-0.069285;,
  0.015078;0.696356;-0.139205;,
  0.011602;0.727891;-0.149659;,
  0.002887;0.607844;0.013649;,
  0.003969;0.595224;0.022950;,
  0.039200;0.718336;-0.001870;,
  -0.022577;0.754390;-0.019552;,
  -0.011932;0.714003;-0.004967;,
  0.032618;0.765596;-0.013377;,
  0.055062;0.518081;-0.082006;,
  0.096205;0.422448;-0.114313;,
  0.058281;0.439255;-0.137439;,
  0.090136;0.503475;-0.051096;,
  0.055609;0.358213;-0.186307;,
  0.084586;0.335506;-0.148192;,
  0.006629;0.515441;-0.067573;,
  0.017285;0.389352;-0.049434;,
  0.016291;0.497189;0.052367;,
  0.010668;0.427332;-0.114895;,
  0.031119;0.320244;-0.112136;,
  0.027889;0.337485;-0.150713;,
  0.096792;0.391089;-0.057643;,
  0.085987;0.471055;-0.000845;,
  0.071889;0.321725;-0.111888;,
  0.072766;0.074549;-0.240180;,
  0.028310;0.054130;-0.204982;,
  0.028506;0.078632;-0.247207;,
  0.062973;0.052271;-0.201808;,
  0.055623;0.295152;-0.186441;,
  0.082132;0.212449;-0.186372;,
  0.052727;0.225567;-0.211748;,
  0.087232;0.282479;-0.160842;,
  0.071610;0.137407;-0.211287;,
  0.052757;0.150778;-0.237347;,
  0.014007;0.270256;-0.170544;,
  0.021204;0.206665;-0.146863;,
  0.016251;0.264202;-0.115181;,
  0.023325;0.214482;-0.188917;,
  0.038351;0.138210;-0.186549;,
  0.035134;0.133932;-0.220295;,
  0.083217;0.204069;-0.148764;,
  0.088351;0.269373;-0.113183;,
  0.062511;0.141954;-0.184099;,
  0.090357;0.544406;-0.030689;,
  -0.003333;0.520203;-0.076248;,
  0.006629;0.515441;-0.067573;,
  -0.002448;0.490498;-0.053821;,
  0.095524;0.553333;0.022950;,
  0.047113;0.559086;0.049506;,
  0.087653;0.491631;0.016341;,
  0.043754;0.499410;0.043031;,
  0.042481;0.664817;0.003884;,
  0.072987;0.715037;-0.013357;,
  0.086846;0.715452;-0.029003;,
  0.073024;0.648464;-0.066359;,
  0.089663;0.700257;-0.079024;,
  0.076138;0.660438;-0.018113;,
  0.062646;0.682360;-0.114493;,
  0.053108;0.635230;-0.093889;,
  0.006677;0.677323;-0.129093;,
  0.005533;0.626240;-0.099861;,
  0.125210;0.768409;-0.123560;,
  0.157066;0.733998;-0.104428;,
  0.074791;0.749775;-0.121060;,
  0.133761;0.676991;-0.068569;,
  0.107135;0.700937;-0.102464;,
  0.175498;0.701470;-0.071429;,
  0.070437;0.757855;-0.060831;,
  0.107135;0.700937;-0.102464;,
  0.097081;0.719621;-0.039892;,
  0.139166;0.665033;-0.033670;,
  0.133761;0.676991;-0.068569;,
  0.075848;0.765252;-0.054165;,
  0.146937;0.753001;-0.041875;,
  0.115032;0.786092;-0.060851;,
  0.180910;0.689181;-0.036599;,
  0.126662;0.781306;-0.096583;,
  0.168861;0.718891;-0.085061;,
  0.126628;0.685040;-0.143235;,
  0.118065;0.692096;-0.083578;,
  0.158760;0.702718;-0.141681;,
  0.139298;0.680461;-0.183984;,
  0.154519;0.685561;-0.188934;,
  0.118065;0.692096;-0.083578;,
  0.159646;0.640031;-0.130669;,
  0.146200;0.638530;-0.066926;,
  0.126628;0.685040;-0.143235;,
  0.146274;0.651788;-0.176749;,
  0.139298;0.680461;-0.183984;,
  0.184110;0.653943;-0.129252;,
  0.196605;0.665353;-0.068441;,
  0.168790;0.653531;-0.182133;,
  0.128330;0.706718;-0.285576;,
  0.111279;0.669004;-0.246286;,
  0.138343;0.703461;-0.266262;,
  0.101814;0.672529;-0.265499;,
  0.152668;0.704035;-0.266310;,
  0.154074;0.690753;-0.276413;,
  0.146129;0.697136;-0.272264;,
  0.162604;0.702160;-0.272129;,
  0.115047;0.674848;-0.209360;,
  0.160741;0.680459;-0.248420;,
  0.111772;0.661278;-0.244015;,
  0.156807;0.699747;-0.219760;,
  0.119178;0.644607;-0.252100;,
  0.132992;0.641544;-0.208853;,
  0.177318;0.666789;-0.218853;,
  0.166521;0.662812;-0.255607;,
  0.082487;0.825766;-0.101400;,
  0.093907;0.813475;-0.126126;,
  0.050821;0.825317;-0.107794;,
  0.056814;0.809710;-0.128701;,
  0.071951;0.769101;-0.022777;,
  0.024646;0.820753;-0.137619;,
  0.093993;0.788258;-0.135800;,
  0.075826;0.767151;-0.126224;,
  0.064111;0.783282;-0.136030;,
  0.094535;0.768725;-0.124212;,
  0.066144;0.809899;-0.048514;,
  0.024130;0.803094;-0.038530;,
  0.069454;0.812054;-0.053235;,
  -0.030647;0.785566;-0.046935;,
  -0.026995;0.819365;-0.096443;,
  0.046930;0.838232;-0.078053;,
  0.069454;0.812054;-0.053235;,
  0.076018;0.765296;-0.089101;,
  0.074495;0.799249;-0.057236;,
  0.074791;0.749775;-0.121060;,
  0.082732;0.753777;-0.048206;,
  0.085547;0.735602;-0.077362;,
  0.084723;0.759413;-0.115961;,
  0.083399;0.763740;-0.034972;,
  0.156807;0.699747;-0.219760;,
  0.019038;0.841830;-0.147379;,
  0.006334;0.848837;-0.129599;,
  -0.022625;0.832144;-0.126334;,
  -0.020440;0.849753;-0.126031;,
  0.166521;0.662812;-0.255607;,
  0.128330;0.706718;-0.285576;,
  0.101814;0.672529;-0.265499;,
  0.156472;0.704353;-0.246723;,
  0.175563;0.693029;-0.260075;,
  0.156472;0.704353;-0.246723;,
  0.149160;0.690403;-0.255013;,
  0.165838;0.672995;-0.259969;,
  0.165838;0.672995;-0.259969;,
  0.152668;0.704035;-0.266310;,
  0.162604;0.702160;-0.272129;,
  0.154074;0.690753;-0.276413;,
  0.087661;0.131129;-0.294848;,
  0.062664;0.136353;-0.347122;,
  0.060533;0.148922;-0.331735;,
  0.094004;0.115682;-0.311343;,
  0.025790;0.088557;-0.197792;,
  0.028506;0.078632;-0.247207;,
  0.028310;0.054130;-0.204982;,
  0.027430;0.101582;-0.237042;,
  0.038351;0.138210;-0.186549;,
  0.067124;0.089088;-0.192667;,
  0.062511;0.141954;-0.184099;,
  0.072766;0.074549;-0.240180;,
  0.062973;0.052271;-0.201808;,
  0.074188;0.105975;-0.224721;,
  0.052757;0.150778;-0.237347;,
  0.071610;0.137407;-0.211287;,
  0.032034;0.142657;-0.326951;,
  0.026766;0.133146;-0.341545;,
  0.094004;0.115682;-0.311343;,
  0.026766;0.133146;-0.341545;,
  0.010668;0.427332;-0.114895;,
  0.027889;0.337485;-0.150713;,
  0.014007;0.270256;-0.170544;,
  0.023325;0.214482;-0.188917;,
  0.035134;0.133932;-0.220295;,
  0.035134;0.133932;-0.220295;,
  0.000744;0.491450;-0.001929;,
  0.033946;0.837013;-0.170820;,
  0.016425;0.823920;-0.186496;,
  0.025355;0.830143;-0.189246;,
  0.014708;0.832229;-0.163423;,
  0.026248;0.859840;-0.150877;,
  0.018331;0.873064;-0.132303;,
  0.007518;0.971174;-0.205866;,
  -0.012163;0.958846;-0.231230;,
  -0.012163;0.975707;-0.206595;,
  0.021754;0.897449;-0.240657;,
  0.004795;0.895241;-0.247003;,
  0.018086;0.926764;-0.237508;,
  0.031235;0.849514;-0.196080;,
  0.039273;0.864895;-0.171916;,
  0.032378;0.849683;-0.164045;,
  0.040397;0.902350;-0.160976;,
  0.040873;0.908285;-0.184779;,
  0.031491;0.936430;-0.222616;,
  0.040156;0.943426;-0.197002;,
  0.036640;0.899292;-0.210150;,
  0.037790;0.908936;-0.145738;,
  0.026953;0.920582;-0.127161;,
  -0.012163;0.923483;-0.116333;,
  0.020693;0.964264;-0.147285;,
  -0.012163;0.967973;-0.137555;,
  0.037114;0.877155;-0.205129;,
  0.021878;0.837602;-0.207996;,
  0.022679;0.868013;-0.227160;,
  0.007339;0.811339;-0.215194;,
  -0.012163;0.807975;-0.202746;,
  -0.012163;0.806259;-0.223818;,
  0.013595;0.947372;-0.232265;,
  0.027198;0.961116;-0.203657;,
  0.035838;0.958301;-0.165398;,
  0.022304;0.973841;-0.177112;,
  0.005070;0.980389;-0.171808;,
  -0.012163;0.983006;-0.169913;,
  -0.012163;0.883584;-0.121056;,
  0.035838;0.958301;-0.165398;,
  0.022304;0.973841;-0.177112;,
  0.045530;0.867441;-0.173015;,
  0.051055;0.914690;-0.171478;,
  0.056114;0.897430;-0.160074;,
  0.043941;0.895471;-0.173199;,
  0.056114;0.897430;-0.160074;,
  0.045530;0.867441;-0.173015;,
  0.051055;0.914690;-0.171478;,
  0.040873;0.908285;-0.184779;,
  0.041379;0.883234;-0.187130;,
  0.039273;0.864895;-0.171916;,
  0.022391;0.889920;-0.231081;,
  0.041379;0.883234;-0.187130;,
  0.024646;0.820753;-0.137619;,
  0.019038;0.841830;-0.147379;,
  0.056814;0.809710;-0.128701;,
  0.026248;0.859840;-0.150877;,
  0.001034;0.776870;-0.160159;,
  0.005412;0.754052;-0.153161;,
  -0.002797;0.578272;-0.094511;,
  0.005156;0.557170;0.052533;,
  0.004964;0.523382;0.058445;,
  -0.001673;0.476857;0.026135;,
  -0.006507;0.809227;-0.183884;,
  0.000744;0.491450;-0.001929;,
  0.005070;0.980389;-0.171808;,
  -0.012163;0.983006;-0.169913;,
  0.007956;0.841521;-0.225796;,
  0.000419;0.862743;-0.236502;,
  0.000611;0.853191;-0.235109;,
  -0.012163;0.947434;-0.241705;,
  -0.012163;0.923709;-0.250897;,
  0.002711;0.888008;-0.236380;,
  -0.004352;0.661648;0.003199;,
  0.056814;0.809710;-0.128701;,
  0.062664;0.136353;-0.347122;,
  -0.000306;0.831896;-0.230968;,
  0.007361;0.835074;-0.224454;,
  -0.000491;0.837238;-0.228219;,
  -0.012163;0.851388;-0.239877;,
  -0.012163;0.858239;-0.250544;,
  -0.000743;0.840311;-0.233620;,
  -0.012163;0.837448;-0.228779;,
  -0.012163;0.829814;-0.233395;,
  -0.012163;0.893034;-0.253349;,
  -0.012163;0.884418;-0.247945;,
  0.074495;0.799249;-0.057236;,
  -0.012163;0.839770;-0.237317;,
  0.066108;0.774288;-0.077492;,
  0.076018;0.765296;-0.089101;,
  0.084723;0.759413;-0.115961;,
  0.037790;0.908936;-0.145738;,
  0.055623;0.295152;-0.186441;,
  0.005862;0.214020;-0.197241;,
  -0.002563;0.288987;-0.180139;,
  0.052727;0.225567;-0.211748;,
  0.055609;0.358213;-0.186307;,
  0.001773;0.345897;-0.177553;,
  0.058281;0.439256;-0.137439;,
  0.000460;0.425609;-0.128480;,
  0.055062;0.518081;-0.082006;,
  0.006396;0.504771;-0.088545;,
  0.038359;0.530026;-0.069285;,
  0.004112;0.144607;-0.215837;,
  0.052757;0.150778;-0.237347;,
  0.028145;0.194429;-0.120322;,
  0.021938;0.199590;-0.023307;,
  0.030329;0.130075;-0.147932;,
  0.017731;0.251284;-0.009255;,
  0.012285;0.302688;0.000238;,
  0.020633;0.257263;-0.103063;,
  0.012165;0.345690;0.021365;,
  0.023900;0.305853;-0.085404;,
  0.016134;0.382478;-0.036192;,
  0.004112;0.418302;0.035200;,
  0.005925;0.496036;0.058704;,
  0.066108;0.774288;-0.077492;,
  -0.071256;0.753372;-0.155764;,
  -0.029168;0.753461;-0.156251;,
  -0.075096;0.732243;-0.151713;,
  -0.032682;0.787307;-0.156653;,
  -0.074284;0.716486;-0.155772;,
  -0.038327;0.689656;-0.143488;,
  -0.081580;0.697049;-0.125054;,
  -0.027457;0.717187;-0.156380;,
  -0.048189;0.820939;-0.135997;,
  -0.098375;0.800542;-0.112033;,
  -0.073167;0.813735;-0.105515;,
  -0.082083;0.795933;-0.127220;,
  -0.080739;0.599031;0.002472;,
  -0.039952;0.610485;0.015300;,
  -0.074669;0.607781;-0.005044;,
  -0.037958;0.600096;0.024634;,
  -0.072211;0.594399;-0.059543;,
  -0.084165;0.573804;-0.032478;,
  -0.045980;0.581912;-0.089419;,
  -0.071372;0.543323;-0.055928;,
  -0.043523;0.531369;-0.064273;,
  0.002887;0.607844;0.013649;,
  0.003969;0.595224;0.022950;,
  -0.061600;0.705113;-0.014493;,
  -0.022577;0.754390;-0.019552;,
  -0.075698;0.743013;-0.034934;,
  -0.011932;0.714003;-0.004967;,
  -0.056048;0.492491;-0.056936;,
  -0.096012;0.397789;-0.010663;,
  -0.090177;0.498164;-0.019994;,
  -0.058096;0.395393;-0.039161;,
  -0.055296;0.287109;-0.007808;,
  -0.084266;0.309607;0.019292;,
  -0.006578;0.498791;-0.036285;,
  -0.017088;0.415377;0.060009;,
  -0.010481;0.401211;-0.014335;,
  -0.007871;0.497585;0.053846;,
  -0.030800;0.332596;0.040209;,
  -0.027570;0.308286;0.017099;,
  -0.096592;0.411209;0.052700;,
  -0.083806;0.493303;0.041502;,
  -0.071572;0.333143;0.039198;,
  -0.073472;0.342471;0.286309;,
  -0.033906;0.385670;0.272149;,
  -0.068763;0.385424;0.272255;,
  -0.028577;0.339551;0.287248;,
  -0.055231;0.287308;0.068468;,
  -0.081637;0.315692;0.146183;,
  -0.086839;0.315696;0.071651;,
  -0.052234;0.287361;0.142508;,
  -0.071257;0.316800;0.224205;,
  -0.051262;0.289083;0.225373;,
  -0.013593;0.310773;0.086358;,
  -0.020724;0.354799;0.138004;,
  -0.022831;0.312610;0.145065;,
  -0.015860;0.364862;0.073090;,
  -0.038817;0.339200;0.211510;,
  -0.034671;0.315525;0.230574;,
  -0.082732;0.353895;0.141179;,
  -0.087967;0.364961;0.067645;,
  -0.063012;0.338275;0.207181;,
  -0.089929;0.547363;-0.019653;,
  -0.006578;0.498791;-0.036285;,
  -0.088221;0.556347;0.034198;,
  -0.036772;0.560462;0.054640;,
  -0.083392;0.507339;0.043142;,
  -0.036960;0.516008;0.061726;,
  -0.050839;0.658459;-0.001754;,
  -0.089142;0.693768;-0.033660;,
  -0.097525;0.691265;-0.052091;,
  -0.068198;0.638842;-0.074891;,
  -0.080056;0.649797;-0.027549;,
  -0.082171;0.677715;-0.100542;,
  -0.042690;0.668541;-0.127684;,
  -0.043030;0.628680;-0.099697;,
  -0.124106;0.719798;-0.145415;,
  -0.074060;0.718085;-0.125716;,
  -0.149114;0.677823;-0.132085;,
  -0.122707;0.632050;-0.084896;,
  -0.166544;0.642119;-0.102988;,
  -0.095193;0.662254;-0.111106;,
  -0.091805;0.729298;-0.068521;,
  -0.111593;0.685403;-0.051435;,
  -0.095193;0.662254;-0.111106;,
  -0.136157;0.621324;-0.049727;,
  -0.122707;0.632050;-0.084896;,
  -0.100954;0.734851;-0.064795;,
  -0.165532;0.701297;-0.072453;,
  -0.140150;0.742041;-0.085445;,
  -0.179890;0.631080;-0.067824;,
  -0.137788;0.732548;-0.122040;,
  -0.161198;0.657533;-0.117599;,
  -0.096480;0.630669;-0.155064;,
  -0.130977;0.637957;-0.165273;,
  -0.108125;0.647610;-0.097972;,
  -0.086151;0.611006;-0.189248;,
  -0.107488;0.618314;-0.204994;,
  -0.108125;0.647610;-0.097972;,
  -0.119326;0.579855;-0.142030;,
  -0.096480;0.630669;-0.155064;,
  -0.125545;0.590572;-0.078135;,
  -0.107257;0.579967;-0.188849;,
  -0.086151;0.611006;-0.189248;,
  -0.145774;0.585861;-0.149677;,
  -0.178267;0.600624;-0.097680;,
  -0.118071;0.583444;-0.197145;,
  -0.013219;0.562339;-0.259665;,
  -0.068834;0.553856;-0.250089;,
  -0.057263;0.545291;-0.266334;,
  -0.024520;0.571343;-0.243078;,
  -0.034379;0.579345;-0.229082;,
  -0.033611;0.580783;-0.245749;,
  -0.025707;0.585388;-0.234020;,
  -0.037821;0.573903;-0.238265;,
  -0.092101;0.562830;-0.215975;,
  -0.051601;0.602447;-0.236841;,
  -0.057307;0.595957;-0.203163;,
  -0.080121;0.560456;-0.251283;,
  -0.085073;0.571212;-0.267342;,
  -0.112069;0.588639;-0.235123;,
  -0.076666;0.624181;-0.221504;,
  -0.058234;0.611954;-0.253031;,
  -0.111154;0.788333;-0.116518;,
  -0.115343;0.773446;-0.142099;,
  -0.082083;0.795933;-0.127220;,
  -0.077584;0.780989;-0.145834;,
  -0.106326;0.731932;-0.058257;,
  -0.047863;0.801082;-0.156396;,
  -0.105356;0.749911;-0.151707;,
  -0.075096;0.732243;-0.151713;,
  -0.098266;0.730469;-0.138739;,
  -0.071256;0.753372;-0.155764;,
  -0.114126;0.762404;-0.092165;,
  -0.115568;0.763619;-0.097484;,
  -0.084067;0.773741;-0.066550;,
  -0.030647;0.785566;-0.046935;,
  -0.026995;0.819365;-0.096443;,
  -0.098375;0.800542;-0.112033;,
  -0.115568;0.763619;-0.097484;,
  -0.083225;0.724311;-0.124599;,
  -0.074060;0.718085;-0.125716;,
  -0.110334;0.752078;-0.098060;,
  -0.099611;0.715761;-0.084495;,
  -0.083634;0.700329;-0.111033;,
  -0.074284;0.716486;-0.155772;,
  -0.109114;0.723604;-0.073286;,
  -0.057307;0.595957;-0.203163;,
  -0.048901;0.831994;-0.156769;,
  -0.043928;0.841560;-0.136545;,
  -0.022625;0.832144;-0.126334;,
  -0.020440;0.849753;-0.126031;,
  -0.058234;0.611954;-0.253031;,
  -0.013219;0.562339;-0.259665;,
  -0.057263;0.545291;-0.266334;,
  -0.044510;0.591287;-0.216713;,
  -0.030254;0.604773;-0.233621;,
  -0.044510;0.591287;-0.216713;,
  -0.050380;0.586771;-0.232898;,
  -0.045912;0.604428;-0.249453;,
  -0.045912;0.604428;-0.249453;,
  -0.034379;0.579345;-0.229082;,
  -0.025707;0.585388;-0.234020;,
  -0.033611;0.580783;-0.245749;,
  -0.079713;0.262717;0.289800;,
  -0.049459;0.226992;0.324341;,
  -0.085273;0.262618;0.312603;,
  -0.048138;0.228045;0.304430;,
  -0.030160;0.365109;0.243750;,
  -0.028577;0.339551;0.287248;,
  -0.027206;0.329329;0.264340;,
  -0.033906;0.385670;0.272149;,
  -0.038817;0.339200;0.211510;,
  -0.071700;0.363659;0.241046;,
  -0.063012;0.338275;0.207181;,
  -0.073472;0.342471;0.286309;,
  -0.074622;0.329178;0.253896;,
  -0.068763;0.385424;0.272255;,
  -0.051262;0.289083;0.225373;,
  -0.071257;0.316800;0.224205;,
  -0.020646;0.238923;0.304037;,
  -0.014519;0.236916;0.321056;,
  -0.085273;0.262618;0.312603;,
  -0.014519;0.236916;0.321056;,
  -0.010481;0.401211;-0.014335;,
  -0.027570;0.308286;0.017099;,
  -0.013593;0.310773;0.086358;,
  -0.022831;0.312610;0.145065;,
  -0.034671;0.315525;0.230574;,
  -0.034671;0.315525;0.230574;,
  -0.058273;0.837013;-0.170820;,
  -0.040752;0.823920;-0.186496;,
  -0.037920;0.824610;-0.170697;,
  -0.049682;0.830143;-0.189246;,
  -0.050574;0.859840;-0.150877;,
  -0.042658;0.873064;-0.132303;,
  -0.031844;0.971174;-0.205866;,
  -0.012163;0.975707;-0.206595;,
  -0.046080;0.897449;-0.240657;,
  -0.042412;0.926764;-0.237508;,
  -0.029122;0.895241;-0.247003;,
  -0.055561;0.849514;-0.196080;,
  -0.063599;0.864895;-0.171916;,
  -0.056705;0.849683;-0.164045;,
  -0.064723;0.902350;-0.160976;,
  -0.065199;0.908285;-0.184779;,
  -0.055817;0.936430;-0.222616;,
  -0.060966;0.899292;-0.210150;,
  -0.064483;0.943426;-0.197002;,
  -0.062116;0.908936;-0.145738;,
  -0.051279;0.920582;-0.127161;,
  -0.012163;0.923483;-0.116333;,
  -0.045019;0.964264;-0.147285;,
  -0.012163;0.967973;-0.137555;,
  -0.061440;0.877155;-0.205129;,
  -0.047005;0.868013;-0.227160;,
  -0.046205;0.837602;-0.207996;,
  -0.031665;0.811339;-0.215194;,
  -0.037921;0.947372;-0.232265;,
  -0.051525;0.961116;-0.203657;,
  -0.060164;0.958302;-0.165398;,
  -0.046630;0.973841;-0.177112;,
  -0.012163;0.983006;-0.169913;,
  -0.029397;0.980389;-0.171808;,
  -0.012163;0.883584;-0.121056;,
  -0.060164;0.958302;-0.165398;,
  -0.046630;0.973841;-0.177112;,
  -0.069856;0.867441;-0.173015;,
  -0.075381;0.914690;-0.171478;,
  -0.068267;0.895471;-0.173199;,
  -0.080441;0.897430;-0.160074;,
  -0.080441;0.897430;-0.160074;,
  -0.069856;0.867441;-0.173015;,
  -0.075381;0.914690;-0.171478;,
  -0.065199;0.908285;-0.184779;,
  -0.065705;0.883234;-0.187130;,
  -0.063599;0.864895;-0.171916;,
  -0.046717;0.889920;-0.231081;,
  -0.065705;0.883234;-0.187130;,
  -0.047863;0.801082;-0.156396;,
  -0.048901;0.831994;-0.156769;,
  -0.077584;0.780989;-0.145834;,
  -0.050574;0.859840;-0.150877;,
  0.005156;0.557170;0.052533;,
  0.004964;0.523382;0.058445;,
  -0.001673;0.476857;0.026135;,
  0.000744;0.491450;-0.001929;,
  -0.029397;0.980389;-0.171808;,
  -0.012163;0.983006;-0.169913;,
  -0.032282;0.841521;-0.225796;,
  -0.024745;0.862743;-0.236502;,
  -0.024937;0.853191;-0.235109;,
  -0.027038;0.888008;-0.236380;,
  -0.004352;0.661648;0.003199;,
  -0.077584;0.780989;-0.145834;,
  -0.049459;0.226992;0.324341;,
  -0.031687;0.835074;-0.224454;,
  -0.024020;0.831896;-0.230968;,
  -0.023836;0.837238;-0.228219;,
  -0.023583;0.840311;-0.233620;,
  -0.110334;0.752078;-0.098060;,
  -0.084104;0.735222;-0.111457;,
  -0.083225;0.724311;-0.124599;,
  -0.074284;0.716486;-0.155772;,
  -0.062116;0.908936;-0.145738;,
  -0.035587;0.262831;-0.032986;,
  -0.028812;0.211272;-0.119796;,
  -0.042457;0.224297;0.007590;,
  -0.026398;0.275911;-0.122187;,
  -0.037680;0.305685;-0.067649;,
  -0.026917;0.326508;-0.130381;,
  -0.019272;0.397613;-0.067167;,
  -0.013643;0.404409;-0.101149;,
  -0.008475;0.481526;-0.066617;,
  -0.001816;0.482515;-0.076419;,
  -0.003333;0.520203;-0.076248;,
  -0.043523;0.531369;-0.064273;,
  -0.032048;0.156092;-0.120703;,
  -0.044423;0.185775;0.042092;,
  -0.014586;0.353489;0.192876;,
  -0.082732;0.353895;0.141180;,
  -0.062998;0.338277;0.207180;,
  -0.019343;0.361329;0.128761;,
  -0.087967;0.364961;0.067645;,
  -0.023882;0.379401;0.078085;,
  -0.023715;0.352638;0.058200;,
  -0.071572;0.333143;0.039198;,
  -0.096592;0.411209;0.052700;,
  -0.015752;0.418554;0.077173;,
  0.004964;0.523382;0.058445;,
  -0.036960;0.516008;0.061726;,
  -0.084104;0.735222;-0.111457;,
  -0.056048;0.492492;-0.056936;,
  -0.058096;0.395393;-0.039161;,
  -0.055296;0.287109;-0.007808;,
  -0.055231;0.287308;0.068468;,
  -0.052234;0.287361;0.142508;,
  -0.051262;0.289083;0.225373;,
  0.096792;0.391089;-0.057643;,
  0.043754;0.499410;0.043031;,
  0.085987;0.471055;-0.000845;,
  0.071889;0.321725;-0.111888;,
  0.088351;0.269373;-0.113183;,
  0.083217;0.204069;-0.148764;,
  0.062511;0.141954;-0.184099;,
  -0.083806;0.493303;0.041502;;
  916;
  3;0,1,2;,
  3;1,0,3;,
  3;4,5,6;,
  3;5,4,7;,
  3;8,9,10;,
  3;9,8,11;,
  3;12,13,14;,
  3;13,12,15;,
  3;16,12,17;,
  3;12,16,15;,
  3;18,19,20;,
  3;19,18,16;,
  3;6,21,22;,
  3;21,6,5;,
  3;14,23,24;,
  3;23,14,13;,
  3;25,26,27;,
  3;26,25,28;,
  3;29,30,31;,
  3;30,29,32;,
  3;30,33,31;,
  3;33,30,34;,
  3;35,36,37;,
  3;36,35,38;,
  3;38,39,36;,
  3;39,38,40;,
  3;37,41,42;,
  3;41,37,36;,
  3;36,43,41;,
  3;43,36,39;,
  3;42,30,32;,
  3;30,42,41;,
  3;41,34,30;,
  3;34,41,43;,
  3;44,45,46;,
  3;45,44,47;,
  3;48,49,50;,
  3;49,48,51;,
  3;50,52,53;,
  3;52,50,49;,
  3;54,55,56;,
  3;55,54,57;,
  3;57,58,55;,
  3;58,57,59;,
  3;56,60,61;,
  3;60,56,55;,
  3;55,62,60;,
  3;62,55,58;,
  3;61,49,51;,
  3;49,61,60;,
  3;60,52,49;,
  3;52,60,62;,
  3;32,19,63;,
  3;19,32,29;,
  3;64,65,66;,
  3;65,64,20;,
  3;14,67,12;,
  3;67,14,68;,
  3;68,69,67;,
  3;69,68,70;,
  3;70,42,69;,
  3;42,70,37;,
  3;48,34,51;,
  3;34,48,33;,
  3;51,43,61;,
  3;43,51,34;,
  3;43,56,61;,
  3;56,43,39;,
  3;39,54,56;,
  3;54,39,40;,
  3;12,63,17;,
  3;63,12,67;,
  3;67,32,63;,
  3;32,67,69;,
  3;69,42,32;,
  3;71,72,25;,
  3;73,74,75;,
  3;74,73,76;,
  3;74,77,75;,
  3;77,74,78;,
  3;79,78,80;,
  3;78,79,77;,
  3;81,82,83;,
  3;82,84,85;,
  3;84,82,86;,
  3;87,88,89;,
  3;88,90,89;,
  3;90,88,91;,
  3;92,93,94;,
  3;92,89,93;,
  3;92,87,89;,
  3;89,95,93;,
  3;95,89,90;,
  3;96,93,82;,
  3;93,86,82;,
  3;86,93,95;,
  3;97,98,99;,
  3;98,97,100;,
  3;100,101,98;,
  3;101,100,102;,
  3;103,104,105;,
  3;104,103,106;,
  3;106,107,104;,
  3;107,106,108;,
  3;105,109,110;,
  3;109,105,104;,
  3;104,111,109;,
  3;111,104,107;,
  3;110,100,97;,
  3;100,110,109;,
  3;109,102,100;,
  3;102,109,111;,
  3;112,113,114;,
  3;113,112,115;,
  3;116,117,118;,
  3;117,116,119;,
  3;120,121,122;,
  3;121,120,123;,
  3;120,124,125;,
  3;124,120,122;,
  3;126,124,127;,
  3;124,126,125;,
  3;95,97,86;,
  3;97,95,110;,
  3;86,99,84;,
  3;99,86,97;,
  3;90,103,105;,
  3;103,90,91;,
  3;105,95,90;,
  3;95,105,110;,
  3;128,96,129;,
  3;96,128,94;,
  3;129,130,128;,
  3;130,129,131;,
  3;72,28,25;,
  3;28,72,132;,
  3;10,133,8;,
  3;134,135,136;,
  3;135,134,137;,
  3;81,137,134;,
  3;138,11,139;,
  3;138,9,11;,
  3;138,140,9;,
  3;141,11,142;,
  3;11,141,139;,
  3;128,130,143;,
  3;94,144,92;,
  3;94,143,144;,
  3;94,128,143;,
  3;145,87,146;,
  3;87,145,147;,
  3;75,148,73;,
  3;148,75,149;,
  3;150,147,145;,
  3;7,149,75;,
  3;148,151,73;,
  3;102,152,101;,
  3;152,102,126;,
  3;102,125,126;,
  3;125,102,111;,
  3;111,120,125;,
  3;120,111,107;,
  3;120,108,123;,
  3;108,120,107;,
  3;8,153,154;,
  3;153,8,133;,
  3;154,155,8;,
  3;155,154,156;,
  3;122,114,113;,
  3;114,122,121;,
  3;121,112,114;,
  3;112,121,157;,
  3;158,124,159;,
  3;124,158,127;,
  3;159,122,113;,
  3;122,159,124;,
  3;126,160,152;,
  3;160,126,161;,
  3;162,121,123;,
  3;121,162,163;,
  3;121,164,157;,
  3;164,121,163;,
  3;165,126,127;,
  3;126,165,161;,
  3;161,166,160;,
  3;166,161,167;,
  3;162,118,163;,
  3;118,162,116;,
  3;163,117,164;,
  3;117,163,118;,
  3;165,167,161;,
  3;167,165,168;,
  3;169,170,171;,
  3;170,169,172;,
  3;173,174,175;,
  3;174,173,176;,
  3;177,178,179;,
  3;178,177,173;,
  3;180,178,181;,
  3;178,180,182;,
  3;183,169,171;,
  3;169,183,184;,
  3;174,185,186;,
  3;185,174,176;,
  3;46,187,44;,
  3;187,46,188;,
  3;180,169,182;,
  3;169,180,172;,
  3;20,29,65;,
  3;19,29,20;,
  3;29,31,189;,
  3;31,190,189;,
  3;190,31,33;,
  3;33,191,190;,
  3;191,33,48;,
  3;191,50,192;,
  3;50,191,48;,
  3;192,53,193;,
  3;53,192,50;,
  3;194,171,185;,
  3;171,194,183;,
  3;171,186,185;,
  3;186,171,170;,
  3;185,176,194;,
  3;194,173,177;,
  3;173,194,176;,
  3;178,175,181;,
  3;175,178,173;,
  3;179,182,184;,
  3;182,179,178;,
  3;182,169,184;,
  3;16,17,19;,
  3;17,63,19;,
  3;65,195,66;,
  3;196,197,198;,
  3;197,196,199;,
  3;200,154,153;,
  3;154,200,201;,
  3;202,203,204;,
  3;205,206,207;,
  3;196,208,209;,
  3;208,196,198;,
  3;210,209,211;,
  3;209,210,196;,
  3;212,213,214;,
  3;213,212,215;,
  3;212,214,211;,
  3;201,216,217;,
  3;216,201,200;,
  3;218,219,220;,
  3;219,218,217;,
  3;210,199,196;,
  3;213,205,207;,
  3;221,222,223;,
  3;198,197,224;,
  3;224,225,226;,
  3;225,224,197;,
  3;227,213,207;,
  3;228,229,214;,
  3;229,228,230;,
  3;220,231,232;,
  3;213,228,214;,
  3;156,201,233;,
  3;201,156,154;,
  3;233,217,218;,
  3;217,233,201;,
  3;219,217,234;,
  3;235,219,234;,
  3;236,237,238;,
  3;237,236,239;,
  3;209,240,211;,
  3;240,209,241;,
  3;211,242,212;,
  3;242,211,240;,
  3;243,239,244;,
  3;239,243,237;,
  3;244,236,245;,
  3;236,244,239;,
  3;246,221,223;,
  3;221,246,215;,
  3;221,212,247;,
  3;212,221,215;,
  3;199,248,2;,
  3;248,199,249;,
  3;133,10,250;,
  3;249,210,251;,
  3;210,249,199;,
  3;210,211,251;,
  3;252,1,253;,
  3;1,252,2;,
  3;20,254,18;,
  3;254,20,64;,
  3;24,68,14;,
  3;68,24,255;,
  3;68,256,70;,
  3;256,68,255;,
  3;256,37,70;,
  3;37,256,257;,
  3;258,2,252;,
  3;2,258,199;,
  3;257,259,37;,
  3;37,259,35;,
  3;260,204,261;,
  3;204,260,202;,
  3;262,263,223;,
  3;263,262,264;,
  3;197,258,225;,
  3;258,197,199;,
  3;265,203,227;,
  3;265,207,266;,
  3;207,265,227;,
  3;223,267,246;,
  3;267,223,263;,
  3;88,87,147;,
  3;83,82,85;,
  3;78,16,18;,
  3;16,78,74;,
  3;74,15,16;,
  3;15,74,76;,
  3;15,71,13;,
  3;71,15,76;,
  3;13,268,23;,
  3;268,13,71;,
  3;248,269,2;,
  3;2,269,0;,
  3;136,129,134;,
  3;129,136,131;,
  3;134,96,81;,
  3;96,134,129;,
  3;96,82,81;,
  3;93,96,94;,
  3;29,189,65;,
  3;205,215,246;,
  3;267,205,246;,
  3;205,267,206;,
  3;205,213,215;,
  3;187,188,270;,
  3;224,271,272;,
  3;222,221,208;,
  3;224,222,198;,
  3;272,273,262;,
  3;273,272,271;,
  3;263,274,275;,
  3;273,276,262;,
  3;277,271,278;,
  3;271,277,273;,
  3;222,272,262;,
  3;272,222,224;,
  3;222,208,198;,
  3;209,221,247;,
  3;221,209,208;,
  3;223,222,262;,
  3;266,206,279;,
  3;206,266,207;,
  3;206,280,279;,
  3;280,206,267;,
  3;280,263,275;,
  3;263,280,267;,
  3;264,262,276;,
  3;76,73,72;,
