xof 0303txt 0032
template ColorRGBA {
 <35ff44e0-6c7c-11cf-8f52-0040333594a3>
 FLOAT red;
 FLOAT green;
 FLOAT blue;
 FLOAT alpha;
}

template ColorRGB {
 <d3e16e81-7835-11cf-8f52-0040333594a3>
 FLOAT red;
 FLOAT green;
 FLOAT blue;
}

template Material {
 <3d82ab4d-62da-11cf-ab39-0020af71e433>
 ColorRGBA faceColor;
 FLOAT power;
 ColorRGB specularColor;
 ColorRGB emissiveColor;
 [...]
}

template TextureFilename {
 <a42790e1-7810-11cf-8f52-0040333594a3>
 STRING filename;
}

template Frame {
 <3d82ab46-62da-11cf-ab39-0020af71e433>
 [...]
}

template Matrix4x4 {
 <f6f23f45-7686-11cf-8f52-0040333594a3>
 array FLOAT matrix[16];
}

template FrameTransformMatrix {
 <f6f23f41-7686-11cf-8f52-0040333594a3>
 Matrix4x4 frameMatrix;
}

template Vector {
 <3d82ab5e-62da-11cf-ab39-0020af71e433>
 FLOAT x;
 FLOAT y;
 FLOAT z;
}

template MeshFace {
 <3d82ab5f-62da-11cf-ab39-0020af71e433>
 DWORD nFaceVertexIndices;
 array DWORD faceVertexIndices[nFaceVertexIndices];
}

template Mesh {
 <3d82ab44-62da-11cf-ab39-0020af71e433>
 DWORD nVertices;
 array Vector vertices[nVertices];
 DWORD nFaces;
 array MeshFace faces[nFaces];
 [...]
}

template MeshMaterialList {
 <f6f23f42-7686-11cf-8f52-0040333594a3>
 DWORD nMaterials;
 DWORD nFaceIndexes;
 array DWORD faceIndexes[nFaceIndexes];
 [Material <3d82ab4d-62da-11cf-ab39-0020af71e433>]
}

template VertexElement {
 <f752461c-1e23-48f6-b9f8-8350850f336f>
 DWORD Type;
 DWORD Method;
 DWORD Usage;
 DWORD UsageIndex;
}

template DeclData {
 <bf22e553-292c-4781-9fea-62bd554bdd93>
 DWORD nElements;
 array VertexElement Elements[nElements];
 DWORD nDWords;
 array DWORD data[nDWords];
}

template XSkinMeshHeader {
 <3cf169ce-ff7c-44ab-93c0-f78f62d172e2>
 WORD nMaxSkinWeightsPerVertex;
 WORD nMaxSkinWeightsPerFace;
 WORD nBones;
}

template SkinWeights {
 <6f0d123b-bad2-4167-a0d0-80224f25fabb>
 STRING transformNodeName;
 DWORD nWeights;
 array DWORD vertexIndices[nWeights];
 array FLOAT weights[nWeights];
 Matrix4x4 matrixOffset;
}

template AnimTicksPerSecond {
 <9e415a43-7ba6-4a73-8743-b73d47e88476>
 DWORD AnimTicksPerSecond;
}

template Animation {
 <3d82ab4f-62da-11cf-ab39-0020af71e433>
 [...]
}

template AnimationSet {
 <3d82ab50-62da-11cf-ab39-0020af71e433>
 [Animation <3d82ab4f-62da-11cf-ab39-0020af71e433>]
}

template FloatKeys {
 <10dd46a9-775b-11cf-8f52-0040333594a3>
 DWORD nValues;
 array FLOAT values[nValues];
}

template TimedFloatKeys {
 <f406b180-7b3b-11cf-8f52-0040333594a3>
 DWORD time;
 FloatKeys tfkeys;
}

template AnimationKey {
 <10dd46a8-775b-11cf-8f52-0040333594a3>
 DWORD keyType;
 DWORD nKeys;
 array TimedFloatKeys keys[nKeys];
}


Material _03_-_Default {
 1.000000;1.000000;1.000000;1.000000;;
 9.999999;
 0.000000;0.000000;0.000000;;
 0.000000;0.000000;0.000000;;

 TextureFilename {
  "MaleBody_full.png";
 }
}

Frame Dummy01 {
 

 FrameTransformMatrix {
  1.000000,0.000000,0.000000,0.000000,0.000000,-0.000000,-1.000000,0.000000,0.000000,1.000000,-0.000000,0.000000,0.000000,0.000000,0.000000,1.000000;;
 }

 Frame Bip01 {
  

  FrameTransformMatrix {
   -0.489721,0.799490,0.347834,0.000000,0.089573,-0.350702,0.932194,0.000000,0.867266,0.487672,0.100133,0.000000,0.001703,0.002123,0.479339,1.000000;;
  }

  Frame Bip01_Pelvis {
   

   FrameTransformMatrix {
    0.000000,0.996195,-0.087157,0.000000,-0.000001,0.087157,0.996194,0.000000,1.000000,0.000000,0.000001,0.000000,0.000000,0.000000,0.000000,1.000000;;
   }

   Frame Bip01_Spine {
    

    FrameTransformMatrix {
     0.982513,0.084300,0.166017,0.000000,-0.096996,0.992827,0.069902,0.000000,-0.158933,-0.084783,0.983642,0.000000,0.051450,0.004507,-0.000083,1.000000;;
    }

    Frame Bip01_Spine1 {
     

     FrameTransformMatrix {
      0.967530,0.106548,0.229204,0.000000,-0.077410,0.988145,-0.132581,0.000000,-0.240613,0.110533,0.964307,0.000000,0.106500,-0.000009,-0.000082,1.000000;;
     }

     Frame Bip01_Neck {
      

      FrameTransformMatrix {
       1.000000,0.000000,0.000000,0.000000,0.000000,1.000000,0.000000,0.000000,0.000000,0.000000,1.000000,0.000000,0.130504,0.000000,0.004625,1.000000;;
      }

      Frame Bip01_Head {
       

       FrameTransformMatrix {
        0.965727,0.115399,0.232494,0.000000,-0.024390,0.932112,-0.361348,0.000000,-0.258410,0.343293,0.902981,0.000000,0.033674,0.000000,0.000000,1.000000;;
       }

       Frame Bip01_HeadNub {
        

        FrameTransformMatrix {
         1.000000,-0.000000,0.000000,0.000000,0.000000,1.000000,-0.000000,0.000000,0.000000,-0.000000,1.000000,0.000000,0.169824,0.000000,-0.000000,1.000000;;
        }
       }
      }

      Frame Bip01_L_Clavicle {
       

       FrameTransformMatrix {
        -0.092242,0.995696,0.008963,0.000000,0.995736,0.092245,0.000031,0.000000,-0.000796,0.008927,-0.999960,0.000000,-0.024025,0.015714,-0.004625,1.000000;;
       }

       Frame Bip01_L_UpperArm {
        

        FrameTransformMatrix {
         0.632598,-0.772356,0.057320,0.000000,0.740153,0.581111,-0.338354,0.000000,0.228021,0.256467,0.939272,0.000000,0.087086,0.000000,0.000000,1.000000;;
        }

        Frame Bip01_L_Forearm {
         

         FrameTransformMatrix {
          -0.038167,0.000000,-0.999271,0.000000,0.000000,1.000000,-0.000000,0.000000,0.999272,0.000000,-0.038167,0.000000,0.137062,0.000000,0.000000,1.000000;;
         }

         Frame Bip01_L_Hand {
          

          FrameTransformMatrix {
           0.636682,0.681329,-0.361148,0.000000,-0.284556,0.642869,0.711159,0.000000,0.716704,-0.350015,0.603179,0.000000,0.137062,0.000000,0.000000,1.000000;;
          }

          Frame Bip01_L_Finger0 {
           

           FrameTransformMatrix {
            0.235353,-0.564101,0.791454,0.000000,0.835198,0.533842,0.132129,0.000000,-0.497046,0.629924,0.596777,0.000000,0.057681,-0.023605,-0.000272,1.000000;;
           }

           Frame Bip01_L_Finger0Nub {
            

            FrameTransformMatrix {
             1.000000,-0.000000,0.000000,0.000000,0.000000,1.000000,0.000000,0.000000,0.000000,0.000000,1.000000,0.000000,0.029435,0.000000,0.000000,1.000000;;
            }
           }
          }

          Frame Bip01_L_Finger1 {
           

           FrameTransformMatrix {
            0.328909,-0.000752,0.944361,0.000000,-0.000000,1.000000,0.000796,0.000000,-0.944361,-0.000262,0.328909,0.000000,0.084102,0.000000,0.000000,1.000000;;
           }

           Frame Bip01_L_Finger1Nub {
            

            FrameTransformMatrix {
             1.000000,0.000000,-0.000000,0.000000,0.000000,1.000000,-0.000000,0.000000,0.000000,-0.000000,1.000000,0.000000,0.047988,0.000000,-0.000000,1.000000;;
            }
           }
          }
         }
        }
       }
      }

      Frame Bip01_R_Clavicle {
       

       FrameTransformMatrix {
        -0.314167,-0.948385,0.043178,0.000000,-0.949367,0.313880,-0.013452,0.000000,-0.000795,-0.045218,-0.998977,0.000000,-0.024025,-0.015715,-0.004625,1.000000;;
       }

       Frame Bip01_R_UpperArm {
        

        FrameTransformMatrix {
         0.426418,0.838501,-0.339241,0.000000,-0.562575,0.539536,0.626427,0.000000,0.708292,-0.076271,0.701787,0.000000,0.087086,0.000000,0.000000,1.000000;;
        }

        Frame Bip01_R_Forearm {
         

         FrameTransformMatrix {
          0.769555,-0.000000,-0.638581,0.000000,0.000000,1.000000,0.000000,0.000000,0.638581,0.000000,0.769555,0.000000,0.137062,0.000000,0.000000,1.000000;;
         }

         Frame Bip01_R_Hand {
          

          FrameTransformMatrix {
           0.943219,-0.109100,-0.313745,0.000000,-0.297636,0.141784,-0.944092,0.000000,0.147484,0.983867,0.101262,0.000000,0.137062,-0.000000,0.000000,1.000000;;
          }

          Frame Bip01_R_Finger0 {
           

           FrameTransformMatrix {
            0.166554,0.297180,0.940183,0.000000,-0.870771,0.491689,-0.001159,0.000000,-0.462622,-0.818491,0.340669,0.000000,0.057681,0.023605,-0.000272,1.000000;;
           }

           Frame Bip01_R_Finger0Nub {
            

            FrameTransformMatrix {
             -1.000000,0.000000,0.000000,0.000000,0.000000,1.000000,0.000000,0.000000,0.000000,0.000000,-1.000000,0.000000,0.029435,0.000000,0.000000,1.000000;;
            }
           }
          }

          Frame Bip01_R_Finger1 {
           

           FrameTransformMatrix {
            0.329983,0.000752,0.943987,0.000000,0.000000,1.000000,-0.000796,0.000000,-0.943987,0.000263,0.329982,0.000000,0.084102,-0.000000,0.000000,1.000000;;
           }

           Frame Bip01_R_Finger1Nub {
            

            FrameTransformMatrix {
             -1.000000,0.000000,-0.000000,0.000000,0.000000,1.000000,-0.000000,0.000000,-0.000000,0.000000,-1.000000,0.000000,0.047988,0.000000,0.000000,1.000000;;
            }
           }
          }
         }
        }
       }
      }
     }

     Frame Bip01_BackPack {
      

      FrameTransformMatrix {
       0.015425,-0.000056,-0.999881,0.000000,0.067767,0.997701,0.000989,0.000000,0.997582,-0.067774,0.015393,0.000000,0.063696,0.000003,-0.088849,1.000000;;
      }

      Frame Bip01_BackPackNub {
       

       FrameTransformMatrix {
        0.000796,0.000003,1.000000,0.000000,-0.000000,-1.000000,0.000003,0.000000,1.000000,-0.000000,-0.000796,0.000000,0.053240,0.000000,0.000000,1.000000;;
       }
      }
     }
    }

    Frame Bip01_L_Thigh {
     

     FrameTransformMatrix {
      -0.984653,0.163896,0.059979,0.000000,-0.126932,-0.908383,0.398408,0.000000,0.119781,0.384680,0.915245,0.000000,-0.046261,0.055351,0.003959,1.000000;;
     }

     Frame Bip01_L_Calf {
      

      FrameTransformMatrix {
       0.893186,0.000000,-0.449688,0.000000,0.000000,1.000000,-0.000000,0.000000,0.449688,-0.000000,0.893186,0.000000,0.237500,0.000000,-0.000000,1.000000;;
      }

      Frame Bip01_L_Foot {
       

       FrameTransformMatrix {
        0.984989,0.100432,0.140390,0.000000,-0.129407,0.967887,0.215520,0.000000,-0.114236,-0.230453,0.966355,0.000000,0.206841,0.000000,0.000000,1.000000;;
       }

       Frame Bip01_L_Toe0 {
        

        FrameTransformMatrix {
         -0.281150,0.092897,0.955157,0.000000,0.009525,0.995525,-0.094019,0.000000,-0.959617,-0.017336,-0.280777,0.000000,0.065373,-0.000000,0.066450,1.000000;;
        }

        Frame Bip01_L_Toe0Nub {
         

         FrameTransformMatrix {
          -1.000000,-0.000000,0.000000,0.000000,0.000000,1.000000,0.000000,0.000000,-0.000000,0.000000,-1.000000,0.000000,0.006735,0.000000,0.000000,1.000000;;
         }
        }
       }
      }
     }
    }

    Frame Bip01_R_Thigh {
     

     FrameTransformMatrix {
      -0.953059,-0.294333,0.071033,0.000000,0.299141,-0.951596,0.070570,0.000000,0.046823,0.088506,0.994975,0.000000,-0.055572,-0.054308,0.013323,1.000000;;
     }

     Frame Bip01_R_Calf {
      

      FrameTransformMatrix {
       0.735395,0.000000,-0.677639,0.000000,-0.000000,1.000000,0.000000,0.000000,0.677639,-0.000000,0.735395,0.000000,0.237500,0.000000,0.000000,1.000000;;
      }

      Frame Bip01_R_Foot {
       

       FrameTransformMatrix {
        0.857020,-0.207812,0.471519,0.000000,0.243014,0.969919,-0.014226,0.000000,-0.454379,0.126778,0.881741,0.000000,0.206841,-0.000000,-0.000000,1.000000;;
       }

       Frame Bip01_R_Toe0 {
        

        FrameTransformMatrix {
         0.793109,-0.384600,0.472294,0.000000,-0.009867,0.767207,0.641324,0.000000,-0.609000,-0.513300,0.604684,0.000000,0.065373,0.000000,0.066450,1.000000;;
        }

        Frame Bip01_R_Toe0Nub {
         

         FrameTransformMatrix {
          1.000000,-0.000000,0.000000,0.000000,0.000000,1.000000,0.000000,0.000000,-0.000000,-0.000000,1.000000,0.000000,0.006735,-0.000000,0.000000,1.000000;;
         }
        }
       }
      }
     }
    }
   }

   Frame Bip01_DressFront {
    

    FrameTransformMatrix {
     -0.995138,-0.084051,-0.051337,0.000000,-0.083943,0.996462,-0.004265,0.000000,0.051514,0.000066,-0.998672,0.000000,-0.044009,0.001399,0.061087,1.000000;;
    }

    Frame Bip01_DressFront02 {
     

     FrameTransformMatrix {
      0.933665,-0.161994,0.319417,0.000000,0.153315,0.986792,0.052313,0.000000,-0.323672,0.000129,0.946170,0.000000,0.183367,-0.000000,-0.000125,1.000000;;
     }

     Frame Bip01_DressFrontNub {
      

      FrameTransformMatrix {
       0.000796,0.000003,1.000000,0.000000,0.000000,-1.000000,0.000003,0.000000,1.000000,0.000000,-0.000796,0.000000,0.165302,0.000000,-0.000000,1.000000;;
      }
     }
    }
   }

   Frame Bip01_DressBack {
    

    FrameTransformMatrix {
     -0.976457,-0.190964,-0.100324,0.000000,-0.190985,0.981547,-0.009489,0.000000,0.100285,0.009895,-0.994910,0.000000,-0.047746,-0.000001,-0.078280,1.000000;;
    }

    Frame Bip01_DressBack02 {
     

     FrameTransformMatrix {
      0.893981,0.000001,0.448105,0.000000,-0.000001,1.000000,-0.000000,0.000000,-0.448105,-0.000000,0.893981,0.000000,0.176207,-0.000000,-0.000097,1.000000;;
     }

     Frame Bip01_DressBackNub {
      

      FrameTransformMatrix {
       0.000796,0.000003,1.000000,0.000000,-0.000000,-1.000000,0.000003,0.000000,1.000000,-0.000000,-0.000796,0.000000,0.136508,-0.000000,0.000000,1.000000;;
      }
     }
    }
   }
  }

  Frame Bip01_Prop1 {
   

   FrameTransformMatrix {
    -0.697093,-0.035996,0.716076,0.000000,0.515771,0.668579,0.535707,0.000000,-0.498037,0.742769,-0.447496,0.000000,0.115817,-0.089046,-0.038489,1.000000;;
   }
  }

  Frame Bip01_Prop2 {
   

   FrameTransformMatrix {
    0.619219,-0.579509,0.529846,0.000000,0.772153,0.326810,-0.544955,0.000000,0.142647,0.746569,0.649836,0.000000,0.102394,0.059915,0.141234,1.000000;;
   }
  }
 }
}

Frame Translation_Data {
 

 FrameTransformMatrix {
  1.000000,0.000000,0.000000,0.000000,0.000000,-0.000000,-1.000000,0.000000,0.000000,1.000000,-0.000000,0.000000,0.000000,0.000000,0.000000,1.000000;;
 }
}

Frame Body {
 

 FrameTransformMatrix {
  1.000000,0.000000,0.000000,0.000000,0.000000,1.000000,0.000000,0.000000,0.000000,0.000000,1.000000,0.000000,0.000000,0.000000,0.000000,1.000000;;
 }

 Mesh Body {
  617;
  0.052068;0.741421;-0.021064;,
  0.019544;0.731702;-0.007210;,
  0.021782;0.761108;0.009772;,
  0.059782;0.721335;-0.028848;,
  0.064906;0.705011;-0.032175;,
  0.026964;0.671042;-0.035129;,
  0.019082;0.700708;-0.026126;,
  0.073860;0.673408;-0.025207;,
  0.039227;0.780883;0.042982;,
  0.094038;0.759074;0.042637;,
  0.072704;0.765373;0.019891;,
  0.068992;0.761936;0.061955;,
  0.093963;0.526397;0.010173;,
  0.069049;0.521320;0.045004;,
  0.069797;0.506119;0.046604;,
  0.087021;0.536370;0.012351;,
  0.054317;0.554139;-0.029455;,
  0.074718;0.526521;-0.028547;,
  0.014771;0.555095;-0.042401;,
  0.048197;0.512400;-0.054874;,
  0.017492;0.502146;-0.052931;,
  -0.024100;0.668339;-0.016363;,
  -0.018744;0.701962;-0.010220;,
  0.031919;0.512181;0.064477;,
  0.032988;0.494664;0.063879;,
  0.084845;0.624508;0.067839;,
  0.042584;0.663406;0.106476;,
  0.042013;0.621732;0.097230;,
  0.090632;0.667561;0.075974;,
  0.042730;0.465301;-0.080318;,
  0.101178;0.366625;-0.095327;,
  0.058442;0.372621;-0.115155;,
  0.085323;0.457000;-0.054767;,
  0.065294;0.279512;-0.149815;,
  0.101402;0.274309;-0.112212;,
  0.002418;0.451804;-0.052347;,
  0.037501;0.334706;-0.014956;,
  0.044014;0.401413;0.021327;,
  0.016665;0.357990;-0.084203;,
  0.055368;0.262608;-0.066536;,
  0.045401;0.266605;-0.106825;,
  0.113921;0.347145;-0.034883;,
  0.097047;0.420580;-0.008964;,
  0.094947;0.270371;-0.072672;,
  0.129546;-0.000568;-0.077674;,
  0.086401;-0.003829;-0.035722;,
  0.085125;-0.002806;-0.084514;,
  0.121110;-0.002031;-0.033050;,
  0.078729;0.217664;-0.125697;,
  0.121410;0.148547;-0.094976;,
  0.088379;0.144508;-0.118920;,
  0.113837;0.222537;-0.102060;,
  0.124628;0.069155;-0.083888;,
  0.102962;0.066759;-0.110853;,
  0.044143;0.196119;-0.094971;,
  0.065603;0.151269;-0.048234;,
  0.051139;0.215327;-0.043117;,
  0.063374;0.140121;-0.089525;,
  0.092784;0.077090;-0.058733;,
  0.088303;0.058881;-0.087811;,
  0.126598;0.157747;-0.057906;,
  0.120666;0.231954;-0.054007;,
  0.116057;0.084471;-0.060814;,
  0.082175;0.499279;-0.038502;,
  -0.024196;0.491784;-0.046770;,
  0.002418;0.451804;-0.052347;,
  -0.017809;0.455178;-0.049094;,
  0.110226;0.475853;0.002092;,
  0.078357;0.457231;0.043560;,
  0.100100;0.430990;-0.007306;,
  0.068236;0.419284;0.026402;,
  0.076443;0.576127;0.054400;,
  0.103180;0.626987;0.036940;,
  0.104578;0.634572;0.017536;,
  0.057623;0.595227;-0.019528;,
  0.072095;0.643768;-0.023854;,
  0.090395;0.584275;0.017338;,
  0.024489;0.643732;-0.037091;,
  0.022721;0.594657;-0.032538;,
  -0.027036;0.644819;-0.014051;,
  -0.021513;0.586392;-0.012391;,
  0.100994;0.711658;-0.053129;,
  0.134024;0.674999;-0.064535;,
  0.066837;0.694162;-0.015409;,
  0.137023;0.615033;-0.027846;,
  0.098702;0.643161;-0.028084;,
  0.165747;0.638829;-0.058846;,
  0.108116;0.697383;0.029285;,
  0.098702;0.643161;-0.028084;,
  0.138591;0.656899;0.022765;,
  0.169129;0.602699;-0.003281;,
  0.137023;0.615033;-0.027846;,
  0.117222;0.704069;0.030186;,
  0.173872;0.689058;-0.013633;,
  0.140820;0.724390;-0.002134;,
  0.197816;0.626188;-0.034306;,
  0.122528;0.722258;-0.035236;,
  0.152441;0.650830;-0.067782;,
  0.086962;0.608309;-0.082553;,
  0.116514;0.623941;-0.031913;,
  0.111158;0.626405;-0.103398;,
  0.064815;0.587022;-0.118678;,
  0.078887;0.602950;-0.133933;,
  0.116514;0.623941;-0.031913;,
  0.125010;0.566027;-0.088756;,
  0.154156;0.573428;-0.031215;,
  0.086962;0.608309;-0.082553;,
  0.094491;0.565340;-0.127301;,
  0.064815;0.587022;-0.118678;,
  0.143531;0.580286;-0.104495;,
  0.189816;0.600312;-0.066837;,
  0.100580;0.572827;-0.136811;,
  0.022142;0.604655;-0.225824;,
  0.073837;0.590869;-0.205968;,
  0.026290;0.598433;-0.205137;,
  0.069243;0.597144;-0.226232;,
  0.016488;0.599446;-0.171554;,
  0.016651;0.610990;-0.183685;,
  0.017436;0.600057;-0.182714;,
  0.011270;0.609744;-0.169875;,
  0.084080;0.570605;-0.171097;,
  0.042084;0.613978;-0.170509;,
  0.082762;0.595710;-0.198736;,
  0.040141;0.584391;-0.152351;,
  0.088978;0.614662;-0.199263;,
  0.101444;0.601376;-0.157566;,
  0.056134;0.616193;-0.136841;,
  0.050208;0.632135;-0.171395;,
  0.100436;0.763432;0.007128;,
  0.091116;0.764862;-0.021253;,
  0.072704;0.765373;0.019891;,
  0.060306;0.761516;-0.001491;,
  0.114827;0.673252;0.043821;,
  0.036325;0.774411;0.015409;,
  0.077222;0.746936;-0.037502;,
  0.059782;0.721335;-0.028848;,
  0.052068;0.741421;-0.021064;,
  0.077903;0.719759;-0.035978;,
  0.114511;0.718884;0.039182;,
  0.087353;0.709144;0.072566;,
  0.115039;0.723202;0.034622;,
  0.037384;0.703118;0.101636;,
  0.024700;0.756863;0.078027;,
  0.094038;0.759074;0.042637;,
  0.115039;0.723202;0.034622;,
  0.078859;0.698861;-0.006710;,
  0.111158;0.713880;0.025609;,
  0.066837;0.694162;-0.015409;,
  0.101586;0.671533;0.014786;,
  0.079232;0.669499;-0.012094;,
  0.064906;0.705011;-0.032175;,
  0.113775;0.673868;0.026213;,
  0.040141;0.584391;-0.152351;,
  0.036174;0.802565;0.029740;,
  0.033644;0.805669;0.051566;,
  0.015277;0.782572;0.059973;,
  0.011598;0.807991;0.066580;,
  0.050208;0.632135;-0.171395;,
  0.022142;0.604655;-0.225824;,
  0.069243;0.597144;-0.226232;,
  0.030540;0.596838;-0.157627;,
  0.023600;0.621700;-0.159793;,
  0.030540;0.596838;-0.157627;,
  0.034183;0.601588;-0.174390;,
  0.037870;0.625840;-0.176381;,
  0.037870;0.625840;-0.176381;,
  0.016488;0.599446;-0.171554;,
  0.011270;0.609744;-0.169875;,
  0.016651;0.610990;-0.183685;,
  0.140974;0.023276;-0.153256;,
  0.115753;0.001224;-0.200820;,
  0.112835;0.019526;-0.193348;,
  0.148274;0.002155;-0.160433;,
  0.081755;0.029592;-0.045956;,
  0.085125;-0.002806;-0.084514;,
  0.086401;-0.003829;-0.035722;,
  0.082625;0.022100;-0.086650;,
  0.092784;0.077090;-0.058733;,
  0.122972;0.034785;-0.042922;,
  0.116057;0.084471;-0.060814;,
  0.129546;-0.000568;-0.077674;,
  0.121110;-0.002031;-0.033050;,
  0.129011;0.034441;-0.079335;,
  0.102962;0.066759;-0.110853;,
  0.124628;0.069155;-0.083888;,
  0.084773;0.014809;-0.185312;,
  0.080116;-0.000840;-0.193351;,
  0.148274;0.002155;-0.160433;,
  0.080116;-0.000840;-0.193351;,
  0.016665;0.357990;-0.084203;,
  0.045401;0.266605;-0.106825;,
  0.044143;0.196119;-0.094971;,
  0.063374;0.140121;-0.089525;,
  0.088303;0.058881;-0.087811;,
  0.088303;0.058881;-0.087811;,
  0.006737;0.426114;-0.013645;,
  0.044308;0.805104;0.014960;,
  0.025515;0.791296;0.001531;,
  0.034086;0.797459;-0.002291;,
  0.023704;0.798107;0.016415;,
  0.038302;0.828656;0.034640;,
  0.032043;0.842558;0.053350;,
  0.013395;0.937612;-0.022616;,
  -0.008468;0.924172;-0.045508;,
  -0.006310;0.941994;-0.021657;,
  0.025004;0.862654;-0.055707;,
  0.007545;0.860095;-0.060330;,
  0.021365;0.892048;-0.053366;,
  0.039107;0.816579;-0.010397;,
  0.049237;0.832952;0.012283;,
  0.043262;0.818022;0.021356;,
  0.051024;0.870817;0.021604;,
  0.049197;0.875808;-0.002350;,
  0.036019;0.902376;-0.040195;,
  0.046991;0.910432;-0.015806;,
  0.042680;0.865792;-0.026838;,
  0.049800;0.877986;0.036753;,
  0.040649;0.890292;0.055805;,
  0.002701;0.893386;0.070161;,
  0.032098;0.933105;0.034681;,
  0.000270;0.937000;0.047322;,
  0.043839;0.843874;-0.021028;,
  0.028785;0.804148;-0.020903;,
  0.027482;0.833781;-0.041224;,
  0.013888;0.777535;-0.025669;,
  -0.004321;0.774549;-0.011312;,
  -0.006290;0.772001;-0.032207;,
  0.017188;0.912820;-0.048527;,
  0.033293;0.927767;-0.021888;,
  0.045526;0.926521;0.015463;,
  0.030798;0.941504;0.004486;,
  0.014079;0.948153;0.011137;,
  -0.002924;0.950740;0.014550;,
  0.002643;0.853332;0.067013;,
  0.045526;0.926521;0.015463;,
  0.030798;0.941504;0.004486;,
  0.055337;0.835490;0.010500;,
  0.060524;0.882795;0.009670;,
  0.066803;0.866031;0.021207;,
  0.053466;0.863481;0.009378;,
  0.066803;0.866031;0.021207;,
  0.055337;0.835490;0.010500;,
  0.060524;0.882795;0.009670;,
  0.049197;0.875808;-0.002350;,
  0.049722;0.850686;-0.003763;,
  0.049237;0.832952;0.012283;,
  0.026613;0.855514;-0.045948;,
  0.049722;0.850686;-0.003763;,
  0.036325;0.774411;0.015409;,
  0.036174;0.802565;0.029740;,
  0.060306;0.761516;-0.001491;,
  0.038302;0.828656;0.034640;,
  -0.011682;0.750219;0.005340;,
  -0.014097;0.726719;-0.000197;,
  -0.024607;0.546917;-0.025556;,
  0.041571;0.447281;0.061476;,
  0.039616;0.416907;0.045656;,
  0.020324;0.404675;0.030667;,
  -0.008657;0.783768;0.004327;,
  0.006737;0.426114;-0.013645;,
  0.014079;0.948153;0.011137;,
  -0.002924;0.950740;0.014550;,
  0.013210;0.807276;-0.037447;,
  0.004493;0.828012;-0.048209;,
  0.004908;0.818524;-0.046470;,
  -0.009344;0.912354;-0.055485;,
  -0.009980;0.888284;-0.063707;,
  0.006541;0.853276;-0.049286;,
  0.037098;0.570690;0.080240;,
  0.060306;0.761516;-0.001491;,
  0.115753;0.001224;-0.200820;,
  0.004592;0.797405;-0.041437;,
  0.012807;0.800884;-0.035805;,
  0.004615;0.802850;-0.038892;,
  -0.008241;0.816458;-0.049935;,
  -0.009312;0.822880;-0.060813;,
  0.003825;0.805705;-0.044361;,
  -0.007060;0.802968;-0.038354;,
  -0.007421;0.795158;-0.042649;,
  -0.009914;0.857537;-0.064954;,
  -0.009321;0.849142;-0.059244;,
  0.111158;0.713880;0.025609;,
  -0.007887;0.804950;-0.046937;,
  0.082396;0.701592;0.010624;,
  0.078859;0.698861;-0.006710;,
  0.064906;0.705011;-0.032175;,
  0.049800;0.877986;0.036753;,
  0.078729;0.217664;-0.125697;,
  0.024866;0.147060;-0.128209;,
  0.009961;0.223417;-0.132092;,
  0.088379;0.144508;-0.118920;,
  0.065294;0.279512;-0.149815;,
  0.009459;0.284487;-0.141654;,
  0.058442;0.372621;-0.115155;,
  -0.003364;0.371428;-0.104604;,
  0.042730;0.465301;-0.080318;,
  -0.009289;0.455985;-0.077550;,
  0.017492;0.502146;-0.052931;,
  0.028918;0.074477;-0.126598;,
  0.102962;0.066759;-0.110853;,
  0.073876;0.141305;-0.020600;,
  0.042589;0.052736;0.059473;,
  0.086768;0.072401;-0.016575;,
  0.032939;0.123131;0.041954;,
  0.019479;0.186353;0.019036;,
  0.057611;0.215161;-0.029991;,
  0.014441;0.241296;0.008563;,
  0.053439;0.256482;-0.036526;,
  0.039139;0.330394;-0.000721;,
  0.022672;0.321380;0.024740;,
  0.038091;0.390073;0.039637;,
  0.082396;0.701592;0.010624;,
  -0.069859;0.731488;0.039182;,
  -0.039933;0.730779;0.022644;,
  -0.077948;0.711994;0.039504;,
  -0.028384;0.760330;0.034952;,
  -0.085386;0.702832;0.044427;,
  -0.068047;0.667146;0.015634;,
  -0.085611;0.666869;0.059995;,
  -0.054055;0.699573;0.010585;,
  -0.012667;0.780078;0.069030;,
  -0.046601;0.753985;0.112741;,
  -0.014763;0.760636;0.103995;,
  -0.055068;0.753992;0.083124;,
  -0.051360;0.496225;0.086062;,
  -0.005056;0.506922;0.085634;,
  -0.045199;0.510680;0.084843;,
  -0.003478;0.490906;0.084869;,
  -0.068759;0.530226;0.038023;,
  -0.072126;0.496033;0.048137;,
  -0.060242;0.540521;-0.001275;,
  -0.073954;0.487524;0.008231;,
  -0.054033;0.487295;-0.015579;,
  0.031919;0.512181;0.064477;,
  0.032988;0.494664;0.063879;,
  -0.004883;0.617811;0.119607;,
  0.042584;0.663406;0.106476;,
  -0.009627;0.663450;0.129540;,
  0.042013;0.621732;0.097230;,
  -0.076727;0.441233;-0.018712;,
  -0.128012;0.344224;0.019004;,
  -0.088471;0.434166;0.029923;,
  -0.109518;0.346195;-0.024694;,
  -0.136568;0.245920;-0.035255;,
  -0.138041;0.251085;0.015556;,
  -0.027225;0.427309;-0.023361;,
  -0.026433;0.315887;0.039291;,
  -0.057510;0.332025;-0.028126;,
  0.022908;0.397031;0.032348;,
  -0.073250;0.245249;0.018006;,
  -0.092664;0.240475;-0.016881;,
  -0.096847;0.330683;0.074146;,
  -0.058375;0.400108;0.071548;,
  -0.107043;0.254485;0.038910;,
  -0.098336;-0.001504;0.121475;,
  -0.038826;-0.001072;0.130981;,
  -0.065739;-0.001526;0.153129;,
  -0.065860;-0.000927;0.090331;,
  -0.121290;0.191565;0.008859;,
  -0.119523;0.142087;0.080213;,
  -0.131446;0.207882;0.046881;,
  -0.111210;0.126656;0.043153;,
  -0.101454;0.070623;0.115134;,
  -0.102113;0.061141;0.082107;,
  -0.072050;0.178529;0.012009;,
  -0.048364;0.155040;0.071538;,
  -0.072678;0.130150;0.046568;,
  -0.045420;0.215075;0.044597;,
  -0.062204;0.083415;0.110526;,
  -0.074390;0.060337;0.090812;,
  -0.099849;0.164006;0.105076;,
  -0.105590;0.233965;0.079979;,
  -0.082158;0.090616;0.122878;,
  -0.075309;0.466582;0.043738;,
  -0.027225;0.427309;-0.023361;,
  -0.050279;0.442528;0.085910;,
  0.005083;0.442018;0.081825;,
  -0.051597;0.406252;0.071451;,
  -0.000453;0.404247;0.066239;,
  -0.004411;0.567184;0.102888;,
  -0.041140;0.616215;0.120205;,
  -0.059540;0.622322;0.112224;,
  -0.064733;0.581695;0.053848;,
  -0.044934;0.569308;0.098494;,
  -0.080863;0.632351;0.064396;,
  -0.069276;0.636734;0.017007;,
  -0.060573;0.585445;0.017413;,
  -0.100512;0.694210;0.035354;,
  -0.050052;0.689228;0.053369;,
  -0.119498;0.648422;0.024966;,
  -0.082726;0.584924;0.029997;,
  -0.128348;0.598093;0.019734;,
  -0.063382;0.631425;0.037296;,
  -0.067240;0.667941;0.107806;,
  -0.080686;0.619290;0.099897;,
  -0.063382;0.631425;0.037296;,
  -0.097477;0.568335;0.078384;,
  -0.082726;0.584924;0.029997;,
  -0.076900;0.669670;0.113472;,
  -0.136863;0.636583;0.087694;,
  -0.117337;0.681195;0.097773;,
  -0.142992;0.581338;0.068155;,
  -0.114956;0.691689;0.061453;,
  -0.130320;0.590471;0.001189;,
  -0.087323;0.532542;-0.032116;,
  -0.121236;0.545627;-0.037228;,
  -0.076648;0.572978;0.011850;,
  -0.092068;0.501279;-0.057257;,
  -0.116419;0.506004;-0.067103;,
  -0.076648;0.572978;0.011850;,
  -0.113973;0.500576;0.007151;,
  -0.087323;0.532542;-0.032116;,
  -0.097444;0.535274;0.058033;,
  -0.112956;0.475996;-0.036197;,
  -0.092068;0.501279;-0.057257;,
  -0.139836;0.511042;0.003195;,
  -0.150851;0.552689;0.047537;,
  -0.129370;0.481255;-0.041968;,
  -0.061206;0.452046;-0.149402;,
  -0.096802;0.437118;-0.107369;,
  -0.093054;0.425788;-0.125500;,
  -0.064723;0.463947;-0.131239;,
  -0.064729;0.486543;-0.110178;,
  -0.067686;0.483303;-0.126340;,
  -0.063491;0.494981;-0.118138;,
  -0.064801;0.477830;-0.117241;,
  -0.099419;0.451959;-0.068552;,
  -0.093122;0.489270;-0.115598;,
  -0.077389;0.493436;-0.084874;,
  -0.108066;0.440257;-0.102963;,
  -0.124177;0.443884;-0.114160;,
  -0.134037;0.465597;-0.075406;,
  -0.111956;0.509690;-0.091846;,
  -0.110162;0.491381;-0.125681;,
  -0.081713;0.741006;0.095974;,
  -0.098418;0.741220;0.071171;,
  -0.055068;0.753992;0.083124;,
  -0.063103;0.750075;0.059200;,
  -0.050189;0.666486;0.131987;,
  -0.032880;0.773338;0.050146;,
  -0.097896;0.725654;0.048291;,
  -0.077948;0.711994;0.039504;,
  -0.086203;0.702956;0.048083;,
  -0.069859;0.731488;0.039182;,
  -0.060924;0.713150;0.126900;,
  -0.065149;0.716842;0.124423;,
  -0.015913;0.707542;0.124400;,
  0.037384;0.703118;0.101636;,
  0.024700;0.756863;0.078027;,
  -0.046601;0.753985;0.112741;,
  -0.065149;0.716842;0.124423;,
  -0.071815;0.693765;0.069503;,
  -0.050052;0.689228;0.053369;,
  -0.068055;0.706270;0.115222;,
  -0.067193;0.664612;0.104962;,
  -0.077365;0.663078;0.071573;,
  -0.085386;0.702832;0.044427;,
  -0.064418;0.666561;0.121418;,
  -0.077389;0.493436;-0.084874;,
  -0.029971;0.801838;0.050104;,
  -0.015291;0.805132;0.066632;,
  0.015277;0.782572;0.059973;,
  0.011598;0.807991;0.066580;,
  -0.110162;0.491381;-0.125681;,
  -0.061206;0.452046;-0.149402;,
  -0.093054;0.425788;-0.125500;,
  -0.078276;0.492186;-0.096656;,
  -0.080014;0.506095;-0.118439;,
  -0.078276;0.492186;-0.096656;,
  -0.081762;0.480594;-0.109705;,
  -0.093259;0.491365;-0.128615;,
  -0.093259;0.491365;-0.128615;,
  -0.064729;0.486543;-0.110178;,
  -0.063491;0.494981;-0.118138;,
  -0.067686;0.483303;-0.126340;,
  -0.152615;0.020038;0.066687;,
  -0.157887;-0.001226;0.012791;,
  -0.161308;-0.001658;0.064538;,
  -0.152416;0.017373;0.017636;,
  -0.043099;0.032375;0.120672;,
  -0.065860;-0.000927;0.090331;,
  -0.066679;0.024043;0.087695;,
  -0.038826;-0.001072;0.130981;,
  -0.062204;0.083415;0.110526;,
  -0.075339;0.034883;0.146926;,
  -0.082158;0.090616;0.122878;,
  -0.098336;-0.001504;0.121475;,
  -0.101149;0.033423;0.120578;,
  -0.065739;-0.001526;0.153129;,
  -0.102113;0.061141;0.082107;,
  -0.101454;0.070623;0.115134;,
  -0.124590;0.014685;0.008003;,
  -0.124377;-0.000776;-0.001594;,
  -0.161308;-0.001658;0.064538;,
  -0.124377;-0.000776;-0.001594;,
  -0.057510;0.332025;-0.028126;,
  -0.092664;0.240475;-0.016881;,
  -0.072050;0.178529;0.012009;,
  -0.072678;0.130150;0.046568;,
  -0.074390;0.060337;0.090812;,
  -0.074390;0.060337;0.090812;,
  -0.047497;0.804552;0.023677;,
  -0.031405;0.790954;0.006936;,
  -0.027534;0.797544;0.032190;,
  -0.040614;0.797010;0.004802;,
  -0.038175;0.828197;0.041902;,
  -0.028672;0.842193;0.059116;,
  -0.025790;0.937376;-0.018896;,
  -0.006310;0.941994;-0.021657;,
  -0.042525;0.862248;-0.049294;,
  -0.038861;0.891686;-0.047647;,
  -0.026219;0.859892;-0.057124;,
  -0.047298;0.816059;-0.002192;,
  -0.053173;0.832337;0.022007;,
  -0.045420;0.817489;0.029777;,
  -0.053624;0.870188;0.031541;,
  -0.056398;0.875173;0.007677;,
  -0.050896;0.901854;-0.031941;,
  -0.054488;0.865208;-0.017612;,
  -0.057177;0.909806;-0.005914;,
  -0.049657;0.877388;0.046197;,
  -0.037231;0.889824;0.063201;,
  0.002701;0.893386;0.070161;,
  -0.033319;0.932712;0.040893;,
  0.000270;0.937000;0.047322;,
  -0.054272;0.843284;-0.011712;,
  -0.041889;0.833364;-0.034637;,
  -0.038991;0.803741;-0.014467;,
  -0.024941;0.777301;-0.021982;,
  -0.034096;0.912512;-0.043657;,
  -0.045076;0.927296;-0.014447;,
  -0.050045;0.925947;0.024538;,
  -0.037826;0.941091;0.011003;,
  -0.002924;0.950740;0.014550;,
  -0.020234;0.947947;0.014395;,
  0.002643;0.853332;0.067013;,
  -0.050045;0.925947;0.024538;,
  -0.037826;0.941091;0.011003;,
  -0.059530;0.834800;0.021407;,
  -0.065343;0.882038;0.021622;,
  -0.058237;0.862809;0.019985;,
  -0.069138;0.865214;0.034115;,
  -0.069138;0.865214;0.034115;,
  -0.059530;0.834800;0.021407;,
  -0.065343;0.882038;0.021622;,
  -0.056398;0.875173;0.007677;,
  -0.056881;0.850045;0.006360;,
  -0.053173;0.832337;0.022007;,
  -0.042184;0.855100;-0.039415;,
  -0.056881;0.850045;0.006360;,
  -0.032880;0.773338;0.050146;,
  -0.029971;0.801838;0.050104;,
  -0.063103;0.750075;0.059200;,
  -0.038175;0.828197;0.041902;,
  0.041571;0.447281;0.061476;,
  0.039616;0.416907;0.045656;,
  0.020324;0.404675;0.030667;,
  0.006737;0.426114;-0.013645;,
  -0.020234;0.947947;0.014395;,
  -0.002924;0.950740;0.014550;,
  -0.026846;0.807036;-0.033643;,
  -0.020558;0.827862;-0.045830;,
  -0.020525;0.818371;-0.044055;,
  -0.023074;0.853098;-0.046473;,
  0.037098;0.570690;0.080240;,
  -0.063103;0.750075;0.059200;,
  -0.157887;-0.001226;0.012791;,
  -0.026065;0.800650;-0.032114;,
  -0.019016;0.797263;-0.039195;,
  -0.018625;0.802710;-0.036685;,
  -0.018912;0.805568;-0.042202;,
  -0.068055;0.706270;0.115222;,
  -0.061206;0.696956;0.084019;,
  -0.071815;0.693765;0.069503;,
  -0.085386;0.702832;0.044427;,
  -0.049657;0.877388;0.046197;,
  -0.077450;0.206486;-0.064977;,
  -0.033597;0.144521;-0.098032;,
  -0.080223;0.135206;-0.039057;,
  -0.034253;0.221206;-0.105775;,
  -0.086826;0.261784;-0.078812;,
  -0.038588;0.280286;-0.114178;,
  -0.058134;0.352776;-0.065468;,
  -0.031070;0.364089;-0.088450;,
  -0.040061;0.439097;-0.054128;,
  -0.026246;0.447149;-0.067451;,
  -0.024196;0.491784;-0.046770;,
  -0.054033;0.487295;-0.015579;,
  -0.034704;0.078830;-0.094844;,
  -0.080154;0.066322;-0.021325;,
  -0.019481;0.085813;0.118911;,
  -0.099849;0.164006;0.105076;,
  -0.082146;0.090615;0.122871;,
  -0.030238;0.153289;0.087401;,
  -0.105590;0.233965;0.079979;,
  -0.043520;0.218909;0.061401;,
  -0.049586;0.246909;0.041133;,
  -0.107043;0.254485;0.038910;,
  -0.096847;0.330683;0.074146;,
  -0.016926;0.311518;0.053327;,
  0.039616;0.416907;0.045656;,
  -0.000453;0.404247;0.066239;,
  -0.061206;0.696956;0.084019;,
  -0.076727;0.441233;-0.018712;,
  -0.109518;0.346195;-0.024694;,
  -0.136568;0.245920;-0.035255;,
  -0.121290;0.191565;0.008859;,
  -0.111210;0.126656;0.043153;,
  -0.102113;0.061141;0.082107;,
  0.113921;0.347145;-0.034883;,
  0.068236;0.419284;0.026402;,
  0.097047;0.420580;-0.008964;,
  0.094947;0.270371;-0.072672;,
  0.120666;0.231954;-0.054007;,
  0.126598;0.157747;-0.057906;,
  0.116057;0.084471;-0.060814;,
  -0.058375;0.400108;0.071548;;
  916;
  3;0,1,2;,
  3;1,0,3;,
  3;4,5,6;,
  3;5,4,7;,
  3;8,9,10;,
  3;9,8,11;,
  3;12,13,14;,
  3;13,12,15;,
  3;16,12,17;,
  3;12,16,15;,
  3;18,19,20;,
  3;19,18,16;,
  3;6,21,22;,
  3;21,6,5;,
  3;14,23,24;,
  3;23,14,13;,
  3;25,26,27;,
  3;26,25,28;,
  3;29,30,31;,
  3;30,29,32;,
  3;30,33,31;,
  3;33,30,34;,
  3;35,36,37;,
  3;36,35,38;,
  3;38,39,36;,
  3;39,38,40;,
  3;37,41,42;,
  3;41,37,36;,
  3;36,43,41;,
  3;43,36,39;,
  3;42,30,32;,
  3;30,42,41;,
  3;41,34,30;,
  3;34,41,43;,
  3;44,45,46;,
  3;45,44,47;,
  3;48,49,50;,
  3;49,48,51;,
  3;50,52,53;,
  3;52,50,49;,
  3;54,55,56;,
  3;55,54,57;,
  3;57,58,55;,
  3;58,57,59;,
  3;56,60,61;,
  3;60,56,55;,
  3;55,62,60;,
  3;62,55,58;,
  3;61,49,51;,
  3;49,61,60;,
  3;60,52,49;,
  3;52,60,62;,
  3;32,19,63;,
  3;19,32,29;,
  3;64,65,66;,
  3;65,64,20;,
  3;14,67,12;,
  3;67,14,68;,
  3;68,69,67;,
  3;69,68,70;,
  3;70,42,69;,
  3;42,70,37;,
  3;48,34,51;,
  3;34,48,33;,
  3;51,43,61;,
  3;43,51,34;,
  3;43,56,61;,
  3;56,43,39;,
  3;39,54,56;,
  3;54,39,40;,
  3;12,63,17;,
  3;63,12,67;,
  3;67,32,63;,
  3;32,67,69;,
  3;69,42,32;,
  3;71,72,25;,
  3;73,74,75;,
  3;74,73,76;,
  3;74,77,75;,
  3;77,74,78;,
  3;79,78,80;,
  3;78,79,77;,
  3;81,82,83;,
  3;82,84,85;,
  3;84,82,86;,
  3;87,88,89;,
  3;88,90,89;,
  3;90,88,91;,
  3;92,93,94;,
  3;92,89,93;,
  3;92,87,89;,
  3;89,95,93;,
  3;95,89,90;,
  3;96,93,82;,
  3;93,86,82;,
  3;86,93,95;,
  3;97,98,99;,
  3;98,97,100;,
  3;100,101,98;,
  3;101,100,102;,
  3;103,104,105;,
  3;104,103,106;,
  3;106,107,104;,
  3;107,106,108;,
  3;105,109,110;,
  3;109,105,104;,
  3;104,111,109;,
  3;111,104,107;,
  3;110,100,97;,
  3;100,110,109;,
  3;109,102,100;,
  3;102,109,111;,
  3;112,113,114;,
  3;113,112,115;,
  3;116,117,118;,
  3;117,116,119;,
  3;120,121,122;,
  3;121,120,123;,
  3;120,124,125;,
  3;124,120,122;,
  3;126,124,127;,
  3;124,126,125;,
  3;95,97,86;,
  3;97,95,110;,
  3;86,99,84;,
  3;99,86,97;,
  3;90,103,105;,
  3;103,90,91;,
  3;105,95,90;,
  3;95,105,110;,
  3;128,96,129;,
  3;96,128,94;,
  3;129,130,128;,
  3;130,129,131;,
  3;72,28,25;,
  3;28,72,132;,
  3;10,133,8;,
  3;134,135,136;,
  3;135,134,137;,
  3;81,137,134;,
  3;138,11,139;,
  3;138,9,11;,
  3;138,140,9;,
  3;141,11,142;,
  3;11,141,139;,
  3;128,130,143;,
  3;94,144,92;,
  3;94,143,144;,
  3;94,128,143;,
  3;145,87,146;,
  3;87,145,147;,
  3;75,148,73;,
  3;148,75,149;,
  3;150,147,145;,
  3;7,149,75;,
  3;148,151,73;,
  3;102,152,101;,
  3;152,102,126;,
  3;102,125,126;,
  3;125,102,111;,
  3;111,120,125;,
  3;120,111,107;,
  3;120,108,123;,
  3;108,120,107;,
  3;8,153,154;,
  3;153,8,133;,
  3;154,155,8;,
  3;155,154,156;,
  3;122,114,113;,
  3;114,122,121;,
  3;121,112,114;,
  3;112,121,157;,
  3;158,124,159;,
  3;124,158,127;,
  3;159,122,113;,
  3;122,159,124;,
  3;126,160,152;,
  3;160,126,161;,
  3;162,121,123;,
  3;121,162,163;,
  3;121,164,157;,
  3;164,121,163;,
  3;165,126,127;,
  3;126,165,161;,
  3;161,166,160;,
  3;166,161,167;,
  3;162,118,163;,
  3;118,162,116;,
  3;163,117,164;,
  3;117,163,118;,
  3;165,167,161;,
  3;167,165,168;,
  3;169,170,171;,
  3;170,169,172;,
  3;173,174,175;,
  3;174,173,176;,
  3;177,178,179;,
  3;178,177,173;,
  3;180,178,181;,
  3;178,180,182;,
  3;183,169,171;,
  3;169,183,184;,
  3;174,185,186;,
  3;185,174,176;,
  3;46,187,44;,
  3;187,46,188;,
  3;180,169,182;,
  3;169,180,172;,
  3;20,29,65;,
  3;19,29,20;,
  3;29,31,189;,
  3;31,190,189;,
  3;190,31,33;,
  3;33,191,190;,
  3;191,33,48;,
  3;191,50,192;,
  3;50,191,48;,
  3;192,53,193;,
  3;53,192,50;,
  3;194,171,185;,
  3;171,194,183;,
  3;171,186,185;,
  3;186,171,170;,
  3;185,176,194;,
  3;194,173,177;,
  3;173,194,176;,
  3;178,175,181;,
  3;175,178,173;,
  3;179,182,184;,
  3;182,179,178;,
  3;182,169,184;,
  3;16,17,19;,
  3;17,63,19;,
  3;65,195,66;,
  3;196,197,198;,
  3;197,196,199;,
  3;200,154,153;,
  3;154,200,201;,
  3;202,203,204;,
  3;205,206,207;,
  3;196,208,209;,
  3;208,196,198;,
  3;210,209,211;,
  3;209,210,196;,
  3;212,213,214;,
  3;213,212,215;,
  3;212,214,211;,
  3;201,216,217;,
  3;216,201,200;,
  3;218,219,220;,
  3;219,218,217;,
  3;210,199,196;,
  3;213,205,207;,
  3;221,222,223;,
  3;198,197,224;,
  3;224,225,226;,
  3;225,224,197;,
  3;227,213,207;,
  3;228,229,214;,
  3;229,228,230;,
  3;220,231,232;,
  3;213,228,214;,
  3;156,201,233;,
  3;201,156,154;,
  3;233,217,218;,
  3;217,233,201;,
  3;219,217,234;,
  3;235,219,234;,
  3;236,237,238;,
  3;237,236,239;,
  3;209,240,211;,
  3;240,209,241;,
  3;211,242,212;,
  3;242,211,240;,
  3;243,239,244;,
  3;239,243,237;,
  3;244,236,245;,
  3;236,244,239;,
  3;246,221,223;,
  3;221,246,215;,
  3;221,212,247;,
  3;212,221,215;,
  3;199,248,2;,
  3;248,199,249;,
  3;133,10,250;,
  3;249,210,251;,
  3;210,249,199;,
  3;210,211,251;,
  3;252,1,253;,
  3;1,252,2;,
  3;20,254,18;,
  3;254,20,64;,
  3;24,68,14;,
  3;68,24,255;,
  3;68,256,70;,
  3;256,68,255;,
  3;256,37,70;,
  3;37,256,257;,
  3;258,2,252;,
  3;2,258,199;,
  3;257,259,37;,
  3;37,259,35;,
  3;260,204,261;,
  3;204,260,202;,
  3;262,263,223;,
  3;263,262,264;,
  3;197,258,225;,
  3;258,197,199;,
  3;265,203,227;,
  3;265,207,266;,
  3;207,265,227;,
  3;223,267,246;,
  3;267,223,263;,
  3;88,87,147;,
  3;83,82,85;,
  3;78,16,18;,
  3;16,78,74;,
  3;74,15,16;,
  3;15,74,76;,
  3;15,71,13;,
  3;71,15,76;,
  3;13,268,23;,
  3;268,13,71;,
  3;248,269,2;,
  3;2,269,0;,
  3;136,129,134;,
  3;129,136,131;,
  3;134,96,81;,
  3;96,134,129;,
  3;96,82,81;,
  3;93,96,94;,
  3;29,189,65;,
  3;205,215,246;,
  3;267,205,246;,
  3;205,267,206;,
  3;205,213,215;,
  3;187,188,270;,
  3;224,271,272;,
  3;222,221,208;,
  3;224,222,198;,
  3;272,273,262;,
  3;273,272,271;,
  3;263,274,275;,
  3;273,276,262;,
  3;277,271,278;,
  3;271,277,273;,
  3;222,272,262;,
  3;272,222,224;,
  3;222,208,198;,
  3;209,221,247;,
  3;221,209,208;,
  3;223,222,262;,
  3;266,206,279;,
  3;206,266,207;,
  3;206,280,279;,
  3;280,206,267;,
  3;280,263,275;,
  3;263,280,267;,
  3;264,262,276;,
  3;76,73,72;,
  3;138,281,140;,
  3;73,132,72;,
  3;132,73,151;,
  3;72,71,76;,
  3;271,226,278;,
  3;155,11,8;,
  3;276,277,282;,
  3;277,276,273;,
  3;274,276,282;,
  3;276,274,264;,
  3;28,141,26;,
  3;141,28,139;,
