xof 0303txt 0032
template ColorRGBA {
 <35ff44e0-6c7c-11cf-8f52-0040333594a3>
 FLOAT red;
 FLOAT green;
 FLOAT blue;
 FLOAT alpha;
}

template ColorRGB {
 <d3e16e81-7835-11cf-8f52-0040333594a3>
 FLOAT red;
 FLOAT green;
 FLOAT blue;
}

template Material {
 <3d82ab4d-62da-11cf-ab39-0020af71e433>
 ColorRGBA faceColor;
 FLOAT power;
 ColorRGB specularColor;
 ColorRGB emissiveColor;
 [...]
}

template TextureFilename {
 <a42790e1-7810-11cf-8f52-0040333594a3>
 STRING filename;
}

template Frame {
 <3d82ab46-62da-11cf-ab39-0020af71e433>
 [...]
}

template Matrix4x4 {
 <f6f23f45-7686-11cf-8f52-0040333594a3>
 array FLOAT matrix[16];
}

template FrameTransformMatrix {
 <f6f23f41-7686-11cf-8f52-0040333594a3>
 Matrix4x4 frameMatrix;
}

template Vector {
 <3d82ab5e-62da-11cf-ab39-0020af71e433>
 FLOAT x;
 FLOAT y;
 FLOAT z;
}

template MeshFace {
 <3d82ab5f-62da-11cf-ab39-0020af71e433>
 DWORD nFaceVertexIndices;
 array DWORD faceVertexIndices[nFaceVertexIndices];
}

template Mesh {
 <3d82ab44-62da-11cf-ab39-0020af71e433>
 DWORD nVertices;
 array Vector vertices[nVertices];
 DWORD nFaces;
 array MeshFace faces[nFaces];
 [...]
}

template MeshMaterialList {
 <f6f23f42-7686-11cf-8f52-0040333594a3>
 DWORD nMaterials;
 DWORD nFaceIndexes;
 array DWORD faceIndexes[nFaceIndexes];
 [Material <3d82ab4d-62da-11cf-ab39-0020af71e433>]
}

template VertexElement {
 <f752461c-1e23-48f6-b9f8-8350850f336f>
 DWORD Type;
 DWORD Method;
 DWORD Usage;
 DWORD UsageIndex;
}

template DeclData {
 <bf22e553-292c-4781-9fea-62bd554bdd93>
 DWORD nElements;
 array VertexElement Elements[nElements];
 DWORD nDWords;
 array DWORD data[nDWords];
}

template XSkinMeshHeader {
 <3cf169ce-ff7c-44ab-93c0-f78f62d172e2>
 WORD nMaxSkinWeightsPerVertex;
 WORD nMaxSkinWeightsPerFace;
 WORD nBones;
}

template SkinWeights {
 <6f0d123b-bad2-4167-a0d0-80224f25fabb>
 STRING transformNodeName;
 DWORD nWeights;
 array DWORD vertexIndices[nWeights];
 array FLOAT weights[nWeights];
 Matrix4x4 matrixOffset;
}

template AnimTicksPerSecond {
 <9e415a43-7ba6-4a73-8743-b73d47e88476>
 DWORD AnimTicksPerSecond;
}

template Animation {
 <3d82ab4f-62da-11cf-ab39-0020af71e433>
 [...]
}

template AnimationSet {
 <3d82ab50-62da-11cf-ab39-0020af71e433>
 [Animation <3d82ab4f-62da-11cf-ab39-0020af71e433>]
}

template FloatKeys {
 <10dd46a9-775b-11cf-8f52-0040333594a3>
 DWORD nValues;
 array FLOAT values[nValues];
}

template TimedFloatKeys {
 <f406b180-7b3b-11cf-8f52-0040333594a3>
 DWORD time;
 FloatKeys tfkeys;
}

template AnimationKey {
 <10dd46a8-775b-11cf-8f52-0040333594a3>
 DWORD keyType;
 DWORD nKeys;
 array TimedFloatKeys keys[nKeys];
}


Material _03_-_Default {
 1.000000;1.000000;1.000000;1.000000;;
 9.999999;
 0.000000;0.000000;0.000000;;
 0.000000;0.000000;0.000000;;

 TextureFilename {
  "MaleBody_full.png";
 }
}

Frame Dummy01 {
 

 FrameTransformMatrix {
  1.000000,0.000000,0.000000,0.000000,0.000000,-0.000000,-1.000000,0.000000,0.000000,1.000000,-0.000000,0.000000,0.000000,0.000000,0.000000,1.000000;;
 }

 Frame Bip01 {
  

  FrameTransformMatrix {
   -0.506864,0.861239,0.036820,0.000000,0.011092,-0.036193,0.999283,0.000000,0.861955,0.506909,0.008793,0.000000,0.007035,-0.016474,0.484587,1.000000;;
  }

  Frame Bip01_Pelvis {
   

   FrameTransformMatrix {
    0.000000,0.999955,-0.009510,0.000000,-0.000001,0.009510,0.999955,0.000000,1.000000,0.000000,0.000001,0.000000,0.000000,0.000000,0.000000,1.000000;;
   }

   Frame Bip01_Spine {
    

    FrameTransformMatrix {
     0.975540,0.024213,0.218484,0.000000,-0.057898,0.987123,0.149118,0.000000,-0.212060,-0.158120,0.964380,0.000000,0.051649,0.000504,-0.000082,1.000000;;
    }

    Frame Bip01_Spine1 {
     

     FrameTransformMatrix {
      0.986087,0.020903,0.164910,0.000000,-0.011284,0.998191,-0.059054,0.000000,-0.165846,0.056372,0.984539,0.000000,0.106494,-0.000005,-0.000083,1.000000;;
     }

     Frame Bip01_Neck {
      

      FrameTransformMatrix {
       1.000000,0.000000,0.000000,0.000000,0.000000,1.000000,-0.000000,0.000000,0.000000,0.000000,1.000000,0.000000,0.130505,0.000000,0.004625,1.000000;;
      }

      Frame Bip01_Head {
       

       FrameTransformMatrix {
        0.988371,0.090529,-0.122181,0.000000,-0.144337,0.811383,-0.566414,0.000000,0.047859,0.577462,0.815014,0.000000,0.033674,0.000000,0.000000,1.000000;;
       }

       Frame Bip01_HeadNub {
        

        FrameTransformMatrix {
         1.000000,-0.000000,0.000000,0.000000,0.000000,1.000000,-0.000000,0.000000,0.000000,0.000000,1.000000,0.000000,0.169824,-0.000000,-0.000000,1.000000;;
        }
       }
      }

      Frame Bip01_L_Clavicle {
       

       FrameTransformMatrix {
        -0.183300,0.982149,-0.042238,0.000000,0.983057,0.183096,-0.008684,0.000000,-0.000796,-0.043115,-0.999070,0.000000,-0.024025,0.015715,-0.004625,1.000000;;
       }

       Frame Bip01_L_UpperArm {
        

        FrameTransformMatrix {
         0.510571,-0.856353,-0.077308,0.000000,0.850966,0.516139,-0.097249,0.000000,0.123181,-0.016134,0.992253,0.000000,0.087086,0.000000,-0.000000,1.000000;;
        }

        Frame Bip01_L_Forearm {
         

         FrameTransformMatrix {
          0.073676,-0.000000,-0.997282,0.000000,0.000000,1.000000,0.000000,0.000000,0.997282,-0.000000,0.073676,0.000000,0.137062,0.000000,0.000000,1.000000;;
         }

         Frame Bip01_L_Hand {
          

          FrameTransformMatrix {
           0.998200,-0.029583,-0.052174,0.000000,-0.021397,-0.988303,0.150996,0.000000,-0.056030,-0.149608,-0.987156,0.000000,0.137062,0.000000,-0.000000,1.000000;;
          }

          Frame Bip01_L_Finger0 {
           

           FrameTransformMatrix {
            0.370241,-0.503806,0.780449,0.000000,0.794693,0.606833,0.014732,0.000000,-0.481024,0.614764,0.625046,0.000000,0.057681,-0.023605,-0.000272,1.000000;;
           }

           Frame Bip01_L_Finger0Nub {
            

            FrameTransformMatrix {
             1.000000,0.000000,-0.000000,0.000000,0.000000,1.000000,-0.000000,0.000000,0.000000,-0.000000,1.000000,0.000000,0.029435,-0.000000,0.000000,1.000000;;
            }
           }
          }

          Frame Bip01_L_Finger1 {
           

           FrameTransformMatrix {
            0.069697,-0.000794,0.997568,0.000000,0.000000,1.000000,0.000796,0.000000,-0.997568,-0.000056,0.069696,0.000000,0.084102,0.000000,0.000000,1.000000;;
           }

           Frame Bip01_L_Finger1Nub {
            

            FrameTransformMatrix {
             1.000000,0.000000,0.000000,0.000000,-0.000000,1.000000,0.000000,0.000000,0.000000,0.000000,1.000000,0.000000,0.047988,0.000000,0.000000,1.000000;;
            }
           }
          }
         }
        }
       }
      }

      Frame Bip01_R_Clavicle {
       

       FrameTransformMatrix {
        -0.110877,-0.991390,-0.069660,0.000000,-0.993834,0.110549,0.008569,0.000000,-0.000794,0.070180,-0.997534,0.000000,-0.024025,-0.015715,-0.004625,1.000000;;
       }

       Frame Bip01_R_UpperArm {
        

        FrameTransformMatrix {
         0.651636,0.740171,0.165882,0.000000,-0.593849,0.361755,0.718663,0.000000,0.471925,-0.566816,0.675283,0.000000,0.087086,-0.000000,0.000000,1.000000;;
        }

        Frame Bip01_R_Forearm {
         

         FrameTransformMatrix {
          0.077691,0.000000,-0.996978,0.000000,-0.000000,1.000000,0.000000,0.000000,0.996978,-0.000000,0.077690,0.000000,0.137062,0.000000,-0.000000,1.000000;;
         }

         Frame Bip01_R_Hand {
          

          FrameTransformMatrix {
           0.980893,-0.122975,0.150754,0.000000,0.189689,0.432409,-0.881499,0.000000,0.043215,0.893252,0.447474,0.000000,0.137062,0.000000,0.000000,1.000000;;
          }

          Frame Bip01_R_Finger0 {
           

           FrameTransformMatrix {
            -0.119180,0.310912,0.942937,0.000000,-0.869176,0.426392,-0.250449,0.000000,-0.479928,-0.849426,0.219420,0.000000,0.057681,0.023605,-0.000272,1.000000;;
           }

           Frame Bip01_R_Finger0Nub {
            

            FrameTransformMatrix {
             -1.000000,-0.000000,0.000000,0.000000,0.000000,1.000000,-0.000000,0.000000,-0.000000,0.000000,-1.000000,0.000000,0.029435,0.000000,0.000000,1.000000;;
            }
           }
          }

          Frame Bip01_R_Finger1 {
           

           FrameTransformMatrix {
            0.224600,0.000776,0.974451,0.000000,0.000000,1.000000,-0.000796,0.000000,-0.974451,0.000179,0.224599,0.000000,0.084102,0.000000,0.000000,1.000000;;
           }

           Frame Bip01_R_Finger1Nub {
            

            FrameTransformMatrix {
             -1.000000,-0.000000,-0.000000,0.000000,0.000000,1.000000,0.000000,0.000000,0.000000,-0.000000,-1.000000,0.000000,0.047988,0.000000,0.000000,1.000000;;
            }
           }
          }
         }
        }
       }
      }
     }

     Frame Bip01_BackPack {
      

      FrameTransformMatrix {
       0.068803,-0.000002,-0.997630,0.000000,0.000003,1.000000,-0.000002,0.000000,0.997630,-0.000003,0.068803,0.000000,0.063696,-0.000000,-0.088851,1.000000;;
      }

      Frame Bip01_BackPackNub {
       

       FrameTransformMatrix {
        0.000796,0.000003,1.000000,0.000000,-0.000000,-1.000000,0.000003,0.000000,1.000000,-0.000000,-0.000796,0.000000,0.053240,-0.000000,-0.000000,1.000000;;
       }
      }
     }
    }

    Frame Bip01_L_Thigh {
     

     FrameTransformMatrix {
      -0.848145,0.371821,0.377357,0.000000,-0.094242,-0.806849,0.583193,0.000000,0.521314,0.459069,0.719366,0.000000,-0.049043,0.057019,0.002379,1.000000;;
     }

     Frame Bip01_L_Calf {
      

      FrameTransformMatrix {
       0.891738,0.000000,-0.452552,0.000000,0.000000,1.000000,0.000000,0.000000,0.452552,0.000000,0.891738,0.000000,0.237500,0.000000,0.000000,1.000000;;
      }

      Frame Bip01_L_Foot {
       

       FrameTransformMatrix {
        0.980498,0.162184,0.111001,0.000000,-0.164773,0.986225,0.014504,0.000000,-0.107120,-0.032511,0.993715,0.000000,0.206841,0.000000,0.000000,1.000000;;
       }

       Frame Bip01_L_Toe0 {
        

        FrameTransformMatrix {
         -0.274766,-0.025162,0.961182,0.000000,0.058098,0.997397,0.042718,0.000000,-0.959754,0.067580,-0.272588,0.000000,0.065373,-0.000000,0.066450,1.000000;;
        }

        Frame Bip01_L_Toe0Nub {
         

         FrameTransformMatrix {
          -1.000000,0.000000,-0.000000,0.000000,-0.000000,1.000000,-0.000000,0.000000,0.000000,-0.000000,-1.000000,0.000000,0.006735,-0.000000,-0.000000,1.000000;;
         }
        }
       }
      }
     }
    }

    Frame Bip01_R_Thigh {
     

     FrameTransformMatrix {
      -0.906819,-0.101598,0.409094,0.000000,0.163161,-0.979467,0.118422,0.000000,0.388662,0.174135,0.904775,0.000000,-0.051717,-0.052010,0.019843,1.000000;;
     }

     Frame Bip01_R_Calf {
      

      FrameTransformMatrix {
       0.830413,-0.000000,-0.557149,0.000000,0.000000,1.000000,-0.000000,0.000000,0.557149,-0.000000,0.830413,0.000000,0.237500,0.000000,0.000000,1.000000;;
      }

      Frame Bip01_R_Foot {
       

       FrameTransformMatrix {
        0.915038,-0.184887,0.358499,0.000000,0.228712,0.969901,-0.083563,0.000000,-0.332259,0.158457,0.929783,0.000000,0.206841,-0.000000,-0.000000,1.000000;;
       }

       Frame Bip01_R_Toe0 {
        

        FrameTransformMatrix {
         0.793109,-0.384600,0.472293,0.000000,-0.009867,0.767207,0.641324,0.000000,-0.609000,-0.513300,0.604684,0.000000,0.065373,-0.000000,0.066450,1.000000;;
        }

        Frame Bip01_R_Toe0Nub {
         

         FrameTransformMatrix {
          1.000000,0.000000,0.000000,0.000000,-0.000000,1.000000,-0.000000,0.000000,-0.000000,0.000000,1.000000,0.000000,0.006735,-0.000000,0.000000,1.000000;;
         }
        }
       }
      }
     }
    }
   }

   Frame Bip01_DressFront {
    

    FrameTransformMatrix {
     -0.997354,-0.051360,-0.051450,0.000000,-0.051294,0.998680,-0.002606,0.000000,0.051516,0.000040,-0.998672,0.000000,-0.044009,0.001399,0.061087,1.000000;;
    }

    Frame Bip01_DressFront02 {
     

     FrameTransformMatrix {
      1.000000,0.000000,-0.000000,0.000000,0.000000,1.000000,0.000000,0.000000,0.000000,0.000000,1.000000,0.000000,0.183324,0.000000,-0.000132,1.000000;;
     }

     Frame Bip01_DressFrontNub {
      

      FrameTransformMatrix {
       0.000796,0.000003,1.000000,0.000000,0.000000,-1.000000,0.000003,0.000000,1.000000,0.000000,-0.000796,0.000000,0.165302,0.000000,-0.000000,1.000000;;
      }
     }
    }
   }

   Frame Bip01_DressBack {
    

    FrameTransformMatrix {
     -0.996897,-0.075512,0.022223,0.000000,-0.074193,0.995718,0.055147,0.000000,-0.026292,0.053327,-0.998231,0.000000,-0.047729,-0.000007,-0.078279,1.000000;;
    }

    Frame Bip01_DressBack02 {
     

     FrameTransformMatrix {
      0.974078,0.000001,0.226213,0.000000,-0.000001,1.000000,-0.000000,0.000000,-0.226213,0.000000,0.974078,0.000000,0.176183,-0.000000,-0.000106,1.000000;;
     }

     Frame Bip01_DressBackNub {
      

      FrameTransformMatrix {
       0.000796,0.000003,1.000000,0.000000,0.000000,-1.000000,0.000003,0.000000,1.000000,0.000000,-0.000796,0.000000,0.136508,0.000000,-0.000000,1.000000;;
      }
     }
    }
   }
  }

  Frame Bip01_Prop1 {
   

   FrameTransformMatrix {
    -0.742824,-0.200880,0.638639,0.000000,0.593372,0.244213,0.766988,0.000000,-0.310037,0.948687,-0.062210,0.000000,0.045146,-0.008415,-0.107078,1.000000;;
   }
  }

  Frame Bip01_Prop2 {
   

   FrameTransformMatrix {
    0.337755,-0.805624,-0.486714,0.000000,-0.797902,-0.519364,0.305964,0.000000,-0.499274,0.285009,-0.818227,0.000000,0.150740,0.057097,0.128406,1.000000;;
   }
  }
 }
}

Frame Translation_Data {
 

 FrameTransformMatrix {
  1.000000,0.000000,0.000000,0.000000,0.000000,-0.000000,-1.000000,0.000000,0.000000,1.000000,-0.000000,0.000000,0.000000,0.000000,0.000000,1.000000;;
 }
}

Frame Body {
 

 FrameTransformMatrix {
  1.000000,0.000000,0.000000,0.000000,0.000000,1.000000,0.000000,0.000000,0.000000,0.000000,1.000000,0.000000,0.000000,0.000000,0.000000,1.000000;;
 }

 Mesh Body {
  617;
  0.021775;0.730265;-0.090847;,
  -0.009220;0.724483;-0.071330;,
  -0.008593;0.757593;-0.063494;,
  0.029902;0.709799;-0.093734;,
  0.035460;0.696289;-0.096069;,
  0.003696;0.657649;-0.083526;,
  -0.008163;0.689463;-0.080880;,
  0.050788;0.666936;-0.082040;,
  0.010526;0.787521;-0.040319;,
  0.067476;0.770525;-0.043072;,
  0.045079;0.766370;-0.061012;,
  0.044936;0.777542;-0.022393;,
  0.098614;0.534014;0.009560;,
  0.073685;0.542301;0.043661;,
  0.075319;0.527659;0.051266;,
  0.090366;0.545067;0.007252;,
  0.056247;0.545859;-0.036850;,
  0.078832;0.520210;-0.026324;,
  0.016527;0.541154;-0.047847;,
  0.052413;0.498617;-0.044665;,
  0.021711;0.488125;-0.039409;,
  -0.043926;0.656471;-0.056992;,
  -0.043201;0.691809;-0.059614;,
  0.037415;0.539856;0.066372;,
  0.038962;0.522632;0.072181;,
  0.079185;0.650251;0.020633;,
  0.037531;0.695075;0.050902;,
  0.040170;0.653920;0.055100;,
  0.080543;0.693785;0.013256;,
  0.050140;0.460215;-0.063104;,
  0.110989;0.366536;-0.082026;,
  0.069421;0.373158;-0.104018;,
  0.091494;0.452328;-0.036144;,
  0.079161;0.281750;-0.142476;,
  0.113065;0.275111;-0.103104;,
  0.009103;0.448954;-0.041009;,
  0.043064;0.330484;-0.007064;,
  0.051034;0.420491;0.065139;,
  0.026060;0.356821;-0.076263;,
  0.064562;0.261042;-0.060784;,
  0.056922;0.266782;-0.101356;,
  0.120390;0.344352;-0.021903;,
  0.101684;0.418550;0.012601;,
  0.104355;0.269349;-0.064237;,
  0.140100;-0.001471;-0.080063;,
  0.103047;-0.002978;-0.032556;,
  0.095105;-0.001670;-0.080707;,
  0.137838;-0.002762;-0.034699;,
  0.091771;0.218946;-0.120319;,
  0.133253;0.148872;-0.090131;,
  0.101721;0.145636;-0.116129;,
  0.125387;0.223043;-0.094469;,
  0.137083;0.068919;-0.083382;,
  0.115053;0.067451;-0.110388;,
  0.055658;0.195841;-0.092636;,
  0.074783;0.149162;-0.046682;,
  0.059420;0.212831;-0.039684;,
  0.075082;0.139799;-0.088472;,
  0.105340;0.076425;-0.057606;,
  0.100593;0.059826;-0.084508;,
  0.136173;0.156492;-0.052459;,
  0.129301;0.230416;-0.045738;,
  0.128801;0.083661;-0.059679;,
  0.086628;0.491296;-0.026148;,
  -0.019699;0.480133;-0.029181;,
  0.009103;0.448954;-0.041009;,
  -0.012701;0.445149;-0.018537;,
  0.115650;0.484072;0.019559;,
  0.084696;0.480958;0.065537;,
  0.105073;0.432060;0.018570;,
  0.073499;0.430476;0.055268;,
  0.075609;0.599488;0.027086;,
  0.093874;0.643814;-0.011896;,
  0.092325;0.644660;-0.032887;,
  0.049219;0.590117;-0.046898;,
  0.054863;0.636978;-0.070705;,
  0.085699;0.595142;-0.012080;,
  0.006475;0.628686;-0.076884;,
  0.013744;0.582492;-0.055130;,
  -0.041440;0.632224;-0.048904;,
  -0.027592;0.578602;-0.028531;,
  0.072932;0.696081;-0.118673;,
  0.099709;0.653117;-0.120067;,
  0.033293;0.691549;-0.082564;,
  0.088112;0.600594;-0.074899;,
  0.056477;0.634632;-0.082930;,
  0.123114;0.613485;-0.105916;,
  0.070770;0.696236;-0.034758;,
  0.056477;0.634632;-0.082930;,
  0.093970;0.650872;-0.031007;,
  0.116815;0.589595;-0.043242;,
  0.088112;0.600594;-0.074899;,
  0.080819;0.701418;-0.033988;,
  0.137216;0.669684;-0.068151;,
  0.110172;0.711383;-0.066446;,
  0.151741;0.602202;-0.074221;,
  0.094504;0.706179;-0.100540;,
  0.112999;0.622360;-0.119383;,
  0.045674;0.582548;-0.133389;,
  0.070081;0.607990;-0.084001;,
  0.074156;0.593035;-0.154034;,
  0.034328;0.564277;-0.170201;,
  0.045222;0.564379;-0.183726;,
  0.070081;0.607990;-0.084001;,
  0.079348;0.537313;-0.123703;,
  0.101553;0.556412;-0.065894;,
  0.045674;0.582548;-0.133389;,
  0.043831;0.537130;-0.158026;,
  0.034328;0.564277;-0.170201;,
  0.101167;0.545788;-0.139394;,
  0.144198;0.570845;-0.101061;,
  0.060271;0.533258;-0.174066;,
  -0.026802;0.562873;-0.251957;,
  -0.019382;0.536899;-0.201688;,
  -0.007767;0.562242;-0.240950;,
  -0.037904;0.537731;-0.212974;,
  0.015414;0.567666;-0.248114;,
  0.007631;0.555340;-0.256358;,
  0.004994;0.564118;-0.250270;,
  0.020740;0.562337;-0.257022;,
  0.000220;0.553522;-0.176527;,
  0.019221;0.542525;-0.232769;,
  -0.019693;0.531242;-0.198952;,
  0.029626;0.569413;-0.213336;,
  -0.016719;0.512222;-0.204197;,
  0.017382;0.519837;-0.175048;,
  0.049178;0.535868;-0.212917;,
  0.021304;0.523018;-0.236179;,
  0.072218;0.760273;-0.074888;,
  0.060589;0.752326;-0.101251;,
  0.045079;0.766370;-0.061012;,
  0.030679;0.755377;-0.079092;,
  0.099655;0.691421;-0.022707;,
  0.004676;0.773203;-0.064222;,
  0.046999;0.730141;-0.109706;,
  0.029902;0.709799;-0.093734;,
  0.021775;0.730265;-0.090847;,
  0.049456;0.707128;-0.102261;,
  0.090933;0.732616;-0.039287;,
  0.071536;0.731860;-0.001363;,
  0.090212;0.735236;-0.044612;,
  0.027415;0.729933;0.036425;,
  0.004429;0.773319;0.001839;,
  0.067476;0.770525;-0.043072;,
  0.090212;0.735236;-0.044612;,
  0.053136;0.697888;-0.071255;,
  0.086326;0.723226;-0.049439;,
  0.033293;0.691549;-0.082564;,
  0.083269;0.679761;-0.047767;,
  0.058215;0.667686;-0.069275;,
  0.035460;0.696289;-0.096069;,
  0.096368;0.686525;-0.039464;,
  0.029626;0.569413;-0.213336;,
  0.002833;0.802234;-0.052248;,
  0.001291;0.808596;-0.031145;,
  -0.010793;0.791843;-0.020551;,
  -0.019475;0.812575;-0.015882;,
  0.021304;0.523018;-0.236179;,
  -0.026802;0.562873;-0.251957;,
  -0.037904;0.537731;-0.212974;,
  0.026493;0.565617;-0.231644;,
  0.032985;0.548367;-0.249845;,
  0.026493;0.565617;-0.231644;,
  0.011869;0.555982;-0.234822;,
  0.017398;0.533700;-0.243692;,
  0.017398;0.533700;-0.243692;,
  0.015414;0.567666;-0.248114;,
  0.020740;0.562337;-0.257022;,
  0.007631;0.555340;-0.256358;,
  0.142070;0.022186;-0.156537;,
  0.109558;0.001519;-0.200132;,
  0.108532;0.019899;-0.192358;,
  0.147345;0.000791;-0.164618;,
  0.098555;0.030667;-0.042104;,
  0.095105;-0.001670;-0.080707;,
  0.103047;-0.002978;-0.032556;,
  0.093467;0.023334;-0.082517;,
  0.105340;0.076425;-0.057606;,
  0.139990;0.033978;-0.044792;,
  0.128801;0.083661;-0.059679;,
  0.140100;-0.001471;-0.080063;,
  0.137838;-0.002762;-0.034699;,
  0.140930;0.033533;-0.081690;,
  0.115053;0.067451;-0.110388;,
  0.137083;0.068919;-0.083382;,
  0.081660;0.016417;-0.180521;,
  0.075234;0.001031;-0.187816;,
  0.147345;0.000791;-0.164618;,
  0.075234;0.001031;-0.187816;,
  0.026060;0.356821;-0.076263;,
  0.056922;0.266782;-0.101356;,
  0.055658;0.195841;-0.092636;,
  0.075082;0.139799;-0.088472;,
  0.100593;0.059826;-0.084508;,
  0.100593;0.059826;-0.084508;,
  0.012844;0.430790;0.024418;,
  0.013261;0.804929;-0.059893;,
  -0.003895;0.791408;-0.075608;,
  0.004841;0.797908;-0.078341;,
  -0.009674;0.795337;-0.064231;,
  0.004929;0.827408;-0.039810;,
  -0.003340;0.840290;-0.021149;,
  -0.017205;0.938436;-0.094150;,
  -0.036562;0.925669;-0.119546;,
  -0.037013;0.942387;-0.094818;,
  -0.000858;0.865357;-0.129373;,
  -0.017756;0.862681;-0.135700;,
  -0.005387;0.894533;-0.126055;,
  0.010129;0.817481;-0.085078;,
  0.017756;0.832962;-0.060845;,
  0.011331;0.817509;-0.053045;,
  0.017791;0.870374;-0.049700;,
  0.018043;0.876450;-0.073471;,
  0.007755;0.904510;-0.111135;,
  0.016260;0.911620;-0.085499;,
  0.014028;0.867474;-0.098884;,
  0.015019;0.876796;-0.034422;,
  0.003879;0.888014;-0.015760;,
  -0.035284;0.889694;-0.004845;,
  -0.003713;0.931600;-0.035632;,
  -0.036646;0.934279;-0.025822;,
  0.015168;0.845333;-0.093985;,
  0.001106;0.805362;-0.097042;,
  0.000966;0.835888;-0.116040;,
  -0.012662;0.778719;-0.104359;,
  -0.032031;0.774710;-0.091894;,
  -0.032022;0.773111;-0.112975;,
  -0.010477;0.914969;-0.120691;,
  0.002770;0.928954;-0.092032;,
  0.011566;0.926189;-0.053805;,
  -0.002447;0.941384;-0.065408;,
  -0.019856;0.947388;-0.060037;,
  -0.037156;0.949482;-0.058096;,
  -0.034110;0.849840;-0.009788;,
  0.011566;0.926189;-0.053805;,
  -0.002447;0.941384;-0.065408;,
  0.023932;0.835698;-0.061941;,
  0.028057;0.883081;-0.060154;,
  0.033649;0.865918;-0.048855;,
  0.021513;0.863670;-0.061968;,
  0.033649;0.865918;-0.048855;,
  0.023932;0.835698;-0.061941;,
  0.028057;0.883081;-0.060154;,
  0.018043;0.876450;-0.073471;,
  0.019287;0.851438;-0.075961;,
  0.017756;0.832962;-0.060845;,
  0.000021;0.857798;-0.119839;,
  0.019287;0.851438;-0.075961;,
  0.004676;0.773203;-0.064222;,
  0.002833;0.802234;-0.052248;,
  0.030679;0.755377;-0.079092;,
  0.004929;0.827408;-0.039810;,
  -0.040576;0.742932;-0.059007;,
  -0.040563;0.718712;-0.057546;,
  -0.022073;0.538610;-0.027846;,
  0.048344;0.477565;0.086519;,
  0.046704;0.443538;0.082499;,
  0.024754;0.410762;0.054180;,
  -0.040857;0.777991;-0.072836;,
  0.012844;0.430790;0.024418;,
  -0.019856;0.947388;-0.060037;,
  -0.037156;0.949482;-0.058096;,
  -0.012962;0.808964;-0.114795;,
  -0.021146;0.830011;-0.125371;,
  -0.020668;0.820461;-0.124031;,
  -0.036244;0.914318;-0.130084;,
  -0.035559;0.890654;-0.139405;,
  -0.019603;0.855332;-0.125114;,
  0.039221;0.600605;0.057549;,
  0.030679;0.755377;-0.079092;,
  0.109558;0.001519;-0.200132;,
  -0.020945;0.799126;-0.120005;,
  -0.013363;0.802494;-0.113488;,
  -0.021282;0.804445;-0.117227;,
  -0.033392;0.818307;-0.128785;,
  -0.033617;0.825212;-0.139414;,
  -0.021636;0.807538;-0.122610;,
  -0.032957;0.804312;-0.117764;,
  -0.032740;0.796707;-0.122422;,
  -0.034654;0.860007;-0.142027;,
  -0.034388;0.851365;-0.136670;,
  0.086326;0.723226;-0.049439;,
  -0.033043;0.806679;-0.126289;,
  0.058237;0.705863;-0.056524;,
  0.053136;0.697888;-0.071255;,
  0.035460;0.696289;-0.096069;,
  0.015019;0.876796;-0.034422;,
  0.091771;0.218946;-0.120319;,
  0.039619;0.134905;-0.084069;,
  0.023763;0.211177;-0.085881;,
  0.101721;0.145636;-0.116129;,
  0.079161;0.281750;-0.142476;,
  0.022597;0.274037;-0.099978;,
  0.069421;0.373158;-0.104018;,
  0.006577;0.362857;-0.073537;,
  0.050140;0.460215;-0.063104;,
  -0.002212;0.448378;-0.057163;,
  0.021711;0.488125;-0.039409;,
  0.044693;0.062350;-0.084575;,
  0.115053;0.067451;-0.110388;,
  0.081605;0.140083;-0.012197;,
  0.047328;0.063933;0.110160;,
  0.094499;0.071082;-0.010318;,
  0.041390;0.135501;0.095185;,
  0.031066;0.199938;0.073586;,
  0.065115;0.212143;-0.026219;,
  0.030277;0.258750;0.073924;,
  0.060947;0.253561;-0.031250;,
  0.043914;0.325526;0.007030;,
  0.032848;0.338282;0.066476;,
  0.046324;0.415790;0.083344;,
  0.058237;0.705863;-0.056524;,
  -0.091515;0.737882;-0.009419;,
  -0.063243;0.726795;-0.032526;,
  -0.098614;0.717854;-0.001318;,
  -0.054159;0.759543;-0.030765;,
  -0.101187;0.701811;0.003701;,
  -0.083110;0.661391;-0.019416;,
  -0.094910;0.673217;0.025565;,
  -0.074594;0.692307;-0.033164;,
  -0.036609;0.789538;-0.006462;,
  -0.059282;0.777349;0.046585;,
  -0.031139;0.780799;0.032250;,
  -0.068829;0.774065;0.017759;,
  -0.045084;0.530965;0.094001;,
  0.001189;0.541634;0.089270;,
  -0.038981;0.543876;0.088629;,
  0.002863;0.526121;0.093843;,
  -0.064155;0.544751;0.038899;,
  -0.066369;0.517129;0.059000;,
  -0.056855;0.540478;-0.001680;,
  -0.068559;0.495699;0.025192;,
  -0.049015;0.486624;0.002150;,
  0.037415;0.539856;0.066372;,
  0.038962;0.522632;0.072181;,
  -0.003424;0.653845;0.083824;,
  0.037531;0.695075;0.050902;,
  -0.011057;0.697733;0.080907;,
  0.040170;0.653920;0.055100;,
  -0.069246;0.451379;0.004743;,
  -0.117964;0.355875;0.039201;,
  -0.081761;0.447772;0.053738;,
  -0.098339;0.358128;-0.003988;,
  -0.121822;0.259722;-0.015349;,
  -0.124830;0.262381;0.036388;,
  -0.018746;0.441852;-0.001048;,
  -0.016132;0.330963;0.062494;,
  -0.045830;0.345613;-0.005878;,
  0.030164;0.420048;0.077402;,
  -0.059754;0.256293;0.041853;,
  -0.078242;0.253216;0.005247;,
  -0.087920;0.343737;0.095284;,
  -0.051477;0.419843;0.100452;,
  -0.094342;0.264648;0.061807;,
  -0.098336;-0.001504;0.121475;,
  -0.038826;-0.001072;0.130982;,
  -0.065739;-0.001526;0.153129;,
  -0.065860;-0.000927;0.090331;,
  -0.110279;0.203122;0.023509;,
  -0.114839;0.145454;0.088287;,
  -0.121923;0.215272;0.062648;,
  -0.105051;0.134159;0.050113;,
  -0.101726;0.069967;0.115212;,
  -0.101533;0.063075;0.081304;,
  -0.061920;0.187347;0.027642;,
  -0.042799;0.155761;0.085027;,
  -0.066669;0.135282;0.055959;,
  -0.035679;0.218359;0.065804;,
  -0.061943;0.081794;0.113125;,
  -0.074389;0.060337;0.090812;,
  -0.095719;0.163232;0.116643;,
  -0.096938;0.235887;0.100000;,
  -0.082063;0.088765;0.125322;,
  -0.069094;0.487992;0.065358;,
  -0.018746;0.441852;-0.001048;,
  -0.043059;0.480704;0.112820;,
  0.012241;0.479420;0.108114;,
  -0.044567;0.431918;0.105191;,
  0.006774;0.431842;0.101414;,
  0.000227;0.602257;0.084590;,
  -0.038997;0.649595;0.089741;,
  -0.058773;0.651234;0.082693;,
  -0.064857;0.594308;0.040124;,
  -0.040471;0.599778;0.084169;,
  -0.085962;0.643105;0.037016;,
  -0.079851;0.632442;-0.010850;,
  -0.063913;0.585345;0.004111;,
  -0.121650;0.698072;0.030539;,
  -0.068027;0.701780;0.033080;,
  -0.138330;0.667041;0.066924;,
  -0.095388;0.640556;0.115787;,
  -0.143270;0.645277;0.109585;,
  -0.079599;0.658488;0.075140;,
  -0.068721;0.736855;0.082892;,
  -0.079171;0.705341;0.121723;,
  -0.079599;0.658488;0.075140;,
  -0.097206;0.652761;0.158219;,
  -0.095388;0.640556;0.115787;,
  -0.076734;0.743985;0.086546;,
  -0.137955;0.714174;0.113344;,
  -0.120725;0.744207;0.077648;,
  -0.144971;0.657240;0.152142;,
  -0.128665;0.720194;0.049449;,
  -0.144655;0.644078;0.090667;,
  -0.095812;0.587684;0.063319;,
  -0.131964;0.593681;0.061197;,
  -0.087738;0.638262;0.095857;,
  -0.096553;0.548666;0.046111;,
  -0.122973;0.549390;0.039118;,
  -0.087738;0.638262;0.095857;,
  -0.110859;0.561704;0.112028;,
  -0.095812;0.587684;0.063319;,
  -0.095158;0.610304;0.151912;,
  -0.113140;0.531759;0.076906;,
  -0.096553;0.548666;0.046111;,
  -0.138529;0.566732;0.110256;,
  -0.151738;0.616209;0.146671;,
  -0.128515;0.530263;0.071016;,
  -0.078750;0.445127;0.007654;,
  -0.115343;0.466243;0.046017;,
  -0.113491;0.445376;0.040335;,
  -0.080295;0.466409;0.012998;,
  -0.075734;0.501666;0.017328;,
  -0.076503;0.488017;0.007655;,
  -0.072776;0.502328;0.006062;,
  -0.075359;0.490500;0.018314;,
  -0.110226;0.498796;0.066881;,
  -0.102244;0.497403;0.007052;,
  -0.083140;0.516359;0.029065;,
  -0.124018;0.470435;0.046849;,
  -0.140282;0.469479;0.035331;,
  -0.142517;0.511752;0.052020;,
  -0.114947;0.531239;0.012494;,
  -0.119569;0.496145;-0.002682;,
  -0.088728;0.773759;0.040523;,
  -0.110854;0.766578;0.021718;,
  -0.068829;0.774065;0.017759;,
  -0.080637;0.763316;0.000807;,
  -0.051110;0.697920;0.088640;,
  -0.058183;0.775894;-0.019071;,
  -0.116478;0.742442;0.007407;,
  -0.098614;0.717854;-0.001318;,
  -0.106175;0.715704;0.016891;,
  -0.091515;0.737882;-0.009419;,
  -0.066414;0.742928;0.073964;,
  -0.071378;0.746071;0.071443;,
  -0.022262;0.735875;0.066010;,
  0.027415;0.729933;0.036425;,
  0.004429;0.773319;0.001839;,
  -0.059282;0.777349;0.046585;,
  -0.071378;0.746071;0.071443;,
  -0.084407;0.705055;0.028892;,
  -0.068027;0.701780;0.033080;,
  -0.074467;0.734049;0.067146;,
  -0.070934;0.686409;0.066120;,
  -0.084858;0.673854;0.036391;,
  -0.101187;0.701811;0.003701;,
  -0.066435;0.693543;0.080774;,
  -0.083140;0.516359;0.029065;,
  -0.060267;0.802640;-0.029613;,
  -0.045391;0.808896;-0.014400;,
  -0.010793;0.791843;-0.020551;,
  -0.019475;0.812575;-0.015882;,
  -0.119569;0.496145;-0.002682;,
  -0.078750;0.445127;0.007654;,
  -0.113491;0.445376;0.040335;,
  -0.090705;0.514352;0.020957;,
  -0.088286;0.509265;-0.004326;,
  -0.090705;0.514352;0.020957;,
  -0.093016;0.496796;0.019164;,
  -0.100862;0.490908;-0.003409;,
  -0.100862;0.490908;-0.003409;,
  -0.075734;0.501666;0.017328;,
  -0.072776;0.502328;0.006062;,
  -0.076503;0.488017;0.007655;,
  -0.152614;0.020038;0.066687;,
  -0.157887;-0.001225;0.012792;,
  -0.161308;-0.001658;0.064539;,
  -0.152416;0.017373;0.017636;,
  -0.043099;0.032376;0.120672;,
  -0.065860;-0.000927;0.090331;,
  -0.066678;0.024043;0.087695;,
  -0.038826;-0.001072;0.130982;,
  -0.061943;0.081794;0.113125;,
  -0.075338;0.034884;0.146927;,
  -0.082063;0.088765;0.125322;,
  -0.098336;-0.001504;0.121475;,
  -0.101148;0.033424;0.120578;,
  -0.065739;-0.001526;0.153129;,
  -0.101533;0.063075;0.081304;,
  -0.101726;0.069967;0.115212;,
  -0.124590;0.014686;0.008004;,
  -0.124377;-0.000776;-0.001594;,
  -0.161308;-0.001658;0.064539;,
  -0.124377;-0.000776;-0.001594;,
  -0.045830;0.345613;-0.005878;,
  -0.078242;0.253216;0.005247;,
  -0.061920;0.187347;0.027642;,
  -0.066669;0.135282;0.055959;,
  -0.074389;0.060337;0.090812;,
  -0.074389;0.060337;0.090812;,
  -0.078918;0.802193;-0.059724;,
  -0.061047;0.789712;-0.075504;,
  -0.058553;0.795651;-0.046698;,
  -0.070163;0.795682;-0.078204;,
  -0.071860;0.825129;-0.039669;,
  -0.064302;0.838481;-0.021038;,
  -0.056549;0.937268;-0.094078;,
  -0.037013;0.942387;-0.094818;,
  -0.068662;0.863344;-0.129248;,
  -0.065859;0.892738;-0.125944;,
  -0.051658;0.861675;-0.135638;,
  -0.076628;0.814907;-0.084919;,
  -0.085071;0.829911;-0.060656;,
  -0.077712;0.814866;-0.052882;,
  -0.087283;0.867255;-0.049508;,
  -0.087982;0.873304;-0.073277;,
  -0.079515;0.901920;-0.110975;,
  -0.083535;0.864578;-0.098705;,
  -0.088333;0.908516;-0.085307;,
  -0.084842;0.873833;-0.034239;,
  -0.074318;0.885693;-0.015617;,
  -0.035284;0.889694;-0.004845;,
  -0.069396;0.929651;-0.035512;,
  -0.036646;0.934279;-0.025822;,
  -0.083343;0.842410;-0.093805;,
  -0.068687;0.833820;-0.115912;,
  -0.066946;0.803343;-0.096918;,
  -0.051649;0.777562;-0.104287;,
  -0.061970;0.913441;-0.120597;,
  -0.075918;0.926619;-0.091888;,
  -0.084394;0.923341;-0.053629;,
  -0.071350;0.939339;-0.065282;,
  -0.037156;0.949482;-0.058096;,
  -0.054308;0.946366;-0.059974;,
  -0.034110;0.849840;-0.009788;,
  -0.084394;0.923341;-0.053629;,
  -0.071350;0.939339;-0.065282;,
  -0.091402;0.832276;-0.061729;,
  -0.098323;0.879330;-0.059922;,
  -0.090646;0.860341;-0.061762;,
  -0.102846;0.861867;-0.048604;,
  -0.102846;0.861867;-0.048604;,
  -0.091402;0.832276;-0.061729;,
  -0.098323;0.879330;-0.059922;,
  -0.087982;0.873304;-0.073277;,
  -0.087750;0.848261;-0.075765;,
  -0.085071;0.829911;-0.060656;,
  -0.069056;0.855748;-0.119713;,
  -0.087750;0.848261;-0.075765;,
  -0.058183;0.775894;-0.019071;,
  -0.060267;0.802640;-0.029613;,
  -0.080637;0.763316;0.000807;,
  -0.071860;0.825129;-0.039669;,
  0.048344;0.477565;0.086519;,
  0.046704;0.443538;0.082499;,
  0.024754;0.410762;0.054180;,
  0.012844;0.430790;0.024418;,
  -0.054308;0.946366;-0.059974;,
  -0.037156;0.949482;-0.058096;,
  -0.053182;0.807770;-0.114722;,
  -0.046299;0.829264;-0.125325;,
  -0.046205;0.819703;-0.123984;,
  -0.049339;0.854450;-0.125059;,
  0.039221;0.600605;0.057549;,
  -0.080637;0.763316;0.000807;,
  -0.157887;-0.001225;0.012792;,
  -0.052393;0.801336;-0.113416;,
  -0.044648;0.798423;-0.119962;,
  -0.044617;0.803753;-0.117184;,
  -0.044466;0.806861;-0.122569;,
  -0.074467;0.734049;0.067146;,
  -0.071604;0.713297;0.038790;,
  -0.084407;0.705055;0.028892;,
  -0.101187;0.701811;0.003701;,
  -0.084842;0.873833;-0.034239;,
  -0.063567;0.200616;-0.011316;,
  -0.019246;0.129608;-0.039915;,
  -0.068006;0.126946;0.009826;,
  -0.020289;0.206934;-0.044700;,
  -0.072472;0.262242;-0.026708;,
  -0.025394;0.264697;-0.047559;,
  -0.047330;0.354123;-0.025908;,
  -0.021325;0.353991;-0.041021;,
  -0.032530;0.441626;-0.027454;,
  -0.019758;0.438988;-0.039304;,
  -0.019699;0.480133;-0.029181;,
  -0.049015;0.486624;0.002150;,
  -0.020017;0.063498;-0.039267;,
  -0.069459;0.056254;0.022941;,
  -0.019056;0.082417;0.132333;,
  -0.095719;0.163232;0.116643;,
  -0.082051;0.088765;0.125315;,
  -0.025042;0.153467;0.107996;,
  -0.096938;0.235887;0.100000;,
  -0.034600;0.220060;0.083027;,
  -0.036662;0.256559;0.066645;,
  -0.094342;0.264648;0.061807;,
  -0.087920;0.343737;0.095284;,
  -0.006882;0.327002;0.076820;,
  0.046704;0.443539;0.082499;,
  0.006774;0.431842;0.101414;,
  -0.071604;0.713297;0.038790;,
  -0.069246;0.451379;0.004743;,
  -0.098339;0.358128;-0.003988;,
  -0.121822;0.259722;-0.015349;,
  -0.110279;0.203122;0.023509;,
  -0.105051;0.134159;0.050113;,
  -0.101533;0.063075;0.081304;,
  0.120390;0.344352;-0.021903;,
  0.073499;0.430476;0.055268;,
  0.101684;0.418550;0.012601;,
  0.104355;0.269349;-0.064237;,
  0.129301;0.230416;-0.045738;,
  0.136173;0.156492;-0.052459;,
  0.128801;0.083661;-0.059679;,
  -0.051477;0.419843;0.100452;;
  916;
  3;0,1,2;,
  3;1,0,3;,
  3;4,5,6;,
  3;5,4,7;,
  3;8,9,10;,
  3;9,8,11;,
  3;12,13,14;,
  3;13,12,15;,
  3;16,12,17;,
  3;12,16,15;,
  3;18,19,20;,
  3;19,18,16;,
  3;6,21,22;,
  3;21,6,5;,
  3;14,23,24;,
  3;23,14,13;,
  3;25,26,27;,
  3;26,25,28;,
  3;29,30,31;,
  3;30,29,32;,
  3;30,33,31;,
  3;33,30,34;,
  3;35,36,37;,
  3;36,35,38;,
  3;38,39,36;,
  3;39,38,40;,
  3;37,41,42;,
  3;41,37,36;,
  3;36,43,41;,
  3;43,36,39;,
  3;42,30,32;,
  3;30,42,41;,
  3;41,34,30;,
  3;34,41,43;,
  3;44,45,46;,
  3;45,44,47;,
  3;48,49,50;,
  3;49,48,51;,
  3;50,52,53;,
  3;52,50,49;,
  3;54,55,56;,
  3;55,54,57;,
  3;57,58,55;,
  3;58,57,59;,
  3;56,60,61;,
  3;60,56,55;,
  3;55,62,60;,
  3;62,55,58;,
  3;61,49,51;,
  3;49,61,60;,
  3;60,52,49;,
  3;52,60,62;,
  3;32,19,63;,
  3;19,32,29;,
  3;64,65,66;,
  3;65,64,20;,
  3;14,67,12;,
  3;67,14,68;,
  3;68,69,67;,
  3;69,68,70;,
  3;70,42,69;,
  3;42,70,37;,
  3;48,34,51;,
  3;34,48,33;,
  3;51,43,61;,
  3;43,51,34;,
  3;43,56,61;,
  3;56,43,39;,
  3;39,54,56;,
  3;54,39,40;,
  3;12,63,17;,
  3;63,12,67;,
  3;67,32,63;,
  3;32,67,69;,
  3;69,42,32;,
  3;71,72,25;,
  3;73,74,75;,
  3;74,73,76;,
  3;74,77,75;,
  3;77,74,78;,
  3;79,78,80;,
  3;78,79,77;,
  3;81,82,83;,
  3;82,84,85;,
  3;84,82,86;,
  3;87,88,89;,
  3;88,90,89;,
  3;90,88,91;,
  3;92,93,94;,
  3;92,89,93;,
  3;92,87,89;,
  3;89,95,93;,
  3;95,89,90;,
  3;96,93,82;,
  3;93,86,82;,
  3;86,93,95;,
  3;97,98,99;,
  3;98,97,100;,
  3;100,101,98;,
  3;101,100,102;,
  3;103,104,105;,
  3;104,103,106;,
  3;106,107,104;,
  3;107,106,108;,
  3;105,109,110;,
  3;109,105,104;,
  3;104,111,109;,
  3;111,104,107;,
  3;110,100,97;,
  3;100,110,109;,
  3;109,102,100;,
  3;102,109,111;,
  3;112,113,114;,
  3;113,112,115;,
  3;116,117,118;,
  3;117,116,119;,
  3;120,121,122;,
  3;121,120,123;,
  3;120,124,125;,
  3;124,120,122;,
  3;126,124,127;,
  3;124,126,125;,
  3;95,97,86;,
  3;97,95,110;,
  3;86,99,84;,
  3;99,86,97;,
  3;90,103,105;,
  3;103,90,91;,
  3;105,95,90;,
  3;95,105,110;,
  3;128,96,129;,
  3;96,128,94;,
  3;129,130,128;,
  3;130,129,131;,
  3;72,28,25;,
  3;28,72,132;,
  3;10,133,8;,
  3;134,135,136;,
  3;135,134,137;,
  3;81,137,134;,
  3;138,11,139;,
  3;138,9,11;,
  3;138,140,9;,
  3;141,11,142;,
  3;11,141,139;,
  3;128,130,143;,
  3;94,144,92;,
  3;94,143,144;,
  3;94,128,143;,
  3;145,87,146;,
  3;87,145,147;,
  3;75,148,73;,
  3;148,75,149;,
  3;150,147,145;,
  3;7,149,75;,
  3;148,151,73;,
  3;102,152,101;,
  3;152,102,126;,
  3;102,125,126;,
  3;125,102,111;,
  3;111,120,125;,
  3;120,111,107;,
  3;120,108,123;,
  3;108,120,107;,
  3;8,153,154;,
  3;153,8,133;,
  3;154,155,8;,
  3;155,154,156;,
  3;122,114,113;,
  3;114,122,121;,
  3;121,112,114;,
  3;112,121,157;,
  3;158,124,159;,
  3;124,158,127;,
  3;159,122,113;,
  3;122,159,124;,
  3;126,160,152;,
  3;160,126,161;,
  3;162,121,123;,
  3;121,162,163;,
  3;121,164,157;,
  3;164,121,163;,
  3;165,126,127;,
  3;126,165,161;,
  3;161,166,160;,
  3;166,161,167;,
  3;162,118,163;,
  3;118,162,116;,
  3;163,117,164;,
  3;117,163,118;,
  3;165,167,161;,
  3;167,165,168;,
  3;169,170,171;,
  3;170,169,172;,
  3;173,174,175;,
  3;174,173,176;,
  3;177,178,179;,
  3;178,177,173;,
  3;180,178,181;,
  3;178,180,182;,
  3;183,169,171;,
  3;169,183,184;,
  3;174,185,186;,
  3;185,174,176;,
  3;46,187,44;,
  3;187,46,188;,
  3;180,169,182;,
  3;169,180,172;,
  3;20,29,65;,
  3;19,29,20;,
  3;29,31,189;,
  3;31,190,189;,
  3;190,31,33;,
  3;33,191,190;,
  3;191,33,48;,
  3;191,50,192;,
  3;50,191,48;,
  3;192,53,193;,
  3;53,192,50;,
  3;194,171,185;,
  3;171,194,183;,
  3;171,186,185;,
  3;186,171,170;,
  3;185,176,194;,
  3;194,173,177;,
  3;173,194,176;,
  3;178,175,181;,
  3;175,178,173;,
  3;179,182,184;,
  3;182,179,178;,
  3;182,169,184;,
  3;16,17,19;,
  3;17,63,19;,
  3;65,195,66;,
  3;196,197,198;,
  3;197,196,199;,
  3;200,154,153;,
  3;154,200,201;,
  3;202,203,204;,
  3;205,206,207;,
  3;196,208,209;,
  3;208,196,198;,
  3;210,209,211;,
  3;209,210,196;,
  3;212,213,214;,
  3;213,212,215;,
  3;212,214,211;,
  3;201,216,217;,
  3;216,201,200;,
  3;218,219,220;,
  3;219,218,217;,
  3;210,199,196;,
  3;213,205,207;,
  3;221,222,223;,
  3;198,197,224;,
  3;224,225,226;,
  3;225,224,197;,
  3;227,213,207;,
  3;228,229,214;,
  3;229,228,230;,
  3;220,231,232;,
  3;213,228,214;,
  3;156,201,233;,
  3;201,156,154;,
  3;233,217,218;,
  3;217,233,201;,
  3;219,217,234;,
  3;235,219,234;,
  3;236,237,238;,
  3;237,236,239;,
  3;209,240,211;,
  3;240,209,241;,
  3;211,242,212;,
  3;242,211,240;,
  3;243,239,244;,
  3;239,243,237;,
  3;244,236,245;,
  3;236,244,239;,
  3;246,221,223;,
  3;221,246,215;,
  3;221,212,247;,
  3;212,221,215;,
  3;199,248,2;,
  3;248,199,249;,
  3;133,10,250;,
  3;249,210,251;,
  3;210,249,199;,
  3;210,211,251;,
  3;252,1,253;,
  3;1,252,2;,
  3;20,254,18;,
  3;254,20,64;,
  3;24,68,14;,
  3;68,24,255;,
  3;68,256,70;,
  3;256,68,255;,
  3;256,37,70;,
  3;37,256,257;,
  3;258,2,252;,
  3;2,258,199;,
  3;257,259,37;,
  3;37,259,35;,
  3;260,204,261;,
  3;204,260,202;,
  3;262,263,223;,
  3;263,262,264;,
  3;197,258,225;,
  3;258,197,199;,
  3;265,203,227;,
  3;265,207,266;,
  3;207,265,227;,
  3;223,267,246;,
  3;267,223,263;,
  3;88,87,147;,
  3;83,82,85;,
  3;78,16,18;,
  3;16,78,74;,
  3;74,15,16;,
  3;15,74,76;,
  3;15,71,13;,
  3;71,15,76;,
  3;13,268,23;,
  3;268,13,71;,
  3;248,269,2;,
  3;2,269,0;,
  3;136,129,134;,
  3;129,136,131;,
  3;134,96,81;,
  3;96,134,129;,
  3;96,82,81;,
  3;93,96,94;,
  3;29,189,65;,
  3;205,215,246;,
  3;267,205,246;,
  3;205,267,206;,
  3;205,213,215;,
  3;187,188,270;,
  3;224,271,272;,
  3;222,221,208;,
  3;224,222,198;,
  3;272,273,262;,
  3;273,272,271;,
  3;263,274,275;,
  3;273,276,262;,
  3;277,271,278;,
  3;271,277,273;,
  3;222,272,262;,
  3;272,222,224;,
  3;222,208,198;,
  3;209,221,247;,
  3;221,209,208;,
  3;223,222,262;,
  3;266,206,279;,
  3;206,266,207;,
  3;206,280,279;,
  3;280,206,267;,
  3;280,263,275;,
  3;263,280,267;,
  3;264,262,276;,
  3;76,73,72;,
  3;138,281,140;,
  3;73,132,72;,
  3;132,73,151;,
  3;72,71,76;,
  3;271,226,278;,
