xof 0303txt 0032
template ColorRGBA {
 <35ff44e0-6c7c-11cf-8f52-0040333594a3>
 FLOAT red;
 FLOAT green;
 FLOAT blue;
 FLOAT alpha;
}

template ColorRGB {
 <d3e16e81-7835-11cf-8f52-0040333594a3>
 FLOAT red;
 FLOAT green;
 FLOAT blue;
}

template Material {
 <3d82ab4d-62da-11cf-ab39-0020af71e433>
 ColorRGBA faceColor;
 FLOAT power;
 ColorRGB specularColor;
 ColorRGB emissiveColor;
 [...]
}

template TextureFilename {
 <a42790e1-7810-11cf-8f52-0040333594a3>
 STRING filename;
}

template Frame {
 <3d82ab46-62da-11cf-ab39-0020af71e433>
 [...]
}

template Matrix4x4 {
 <f6f23f45-7686-11cf-8f52-0040333594a3>
 array FLOAT matrix[16];
}

template FrameTransformMatrix {
 <f6f23f41-7686-11cf-8f52-0040333594a3>
 Matrix4x4 frameMatrix;
}

template Vector {
 <3d82ab5e-62da-11cf-ab39-0020af71e433>
 FLOAT x;
 FLOAT y;
 FLOAT z;
}

template MeshFace {
 <3d82ab5f-62da-11cf-ab39-0020af71e433>
 DWORD nFaceVertexIndices;
 array DWORD faceVertexIndices[nFaceVertexIndices];
}

template Mesh {
 <3d82ab44-62da-11cf-ab39-0020af71e433>
 DWORD nVertices;
 array Vector vertices[nVertices];
 DWORD nFaces;
 array MeshFace faces[nFaces];
 [...]
}

template MeshMaterialList {
 <f6f23f42-7686-11cf-8f52-0040333594a3>
 DWORD nMaterials;
 DWORD nFaceIndexes;
 array DWORD faceIndexes[nFaceIndexes];
 [Material <3d82ab4d-62da-11cf-ab39-0020af71e433>]
}

template VertexElement {
 <f752461c-1e23-48f6-b9f8-8350850f336f>
 DWORD Type;
 DWORD Method;
 DWORD Usage;
 DWORD UsageIndex;
}

template DeclData {
 <bf22e553-292c-4781-9fea-62bd554bdd93>
 DWORD nElements;
 array VertexElement Elements[nElements];
 DWORD nDWords;
 array DWORD data[nDWords];
}

template XSkinMeshHeader {
 <3cf169ce-ff7c-44ab-93c0-f78f62d172e2>
 WORD nMaxSkinWeightsPerVertex;
 WORD nMaxSkinWeightsPerFace;
 WORD nBones;
}

template SkinWeights {
 <6f0d123b-bad2-4167-a0d0-80224f25fabb>
 STRING transformNodeName;
 DWORD nWeights;
 array DWORD vertexIndices[nWeights];
 array FLOAT weights[nWeights];
 Matrix4x4 matrixOffset;
}

template AnimTicksPerSecond {
 <9e415a43-7ba6-4a73-8743-b73d47e88476>
 DWORD AnimTicksPerSecond;
}

template Animation {
 <3d82ab4f-62da-11cf-ab39-0020af71e433>
 [...]
}

template AnimationSet {
 <3d82ab50-62da-11cf-ab39-0020af71e433>
 [Animation <3d82ab4f-62da-11cf-ab39-0020af71e433>]
}

template FloatKeys {
 <10dd46a9-775b-11cf-8f52-0040333594a3>
 DWORD nValues;
 array FLOAT values[nValues];
}

template TimedFloatKeys {
 <f406b180-7b3b-11cf-8f52-0040333594a3>
 DWORD time;
 FloatKeys tfkeys;
}

template AnimationKey {
 <10dd46a8-775b-11cf-8f52-0040333594a3>
 DWORD keyType;
 DWORD nKeys;
 array TimedFloatKeys keys[nKeys];
}


Material _03_-_Default {
 1.000000;1.000000;1.000000;1.000000;;
 9.999999;
 0.000000;0.000000;0.000000;;
 0.000000;0.000000;0.000000;;

 TextureFilename {
  "MaleBody_full.png";
 }
}

Frame Dummy01 {
 

 FrameTransformMatrix {
  1.000000,0.000000,0.000000,0.000000,0.000000,-0.000000,-1.000000,0.000000,0.000000,1.000000,-0.000000,0.000000,0.000000,0.000000,0.000000,1.000000;;
 }

 Frame Bip01 {
  

  FrameTransformMatrix {
   0.000001,0.997770,-0.066745,0.000000,-0.000000,0.066745,0.997770,0.000000,1.000000,-0.000001,0.000000,0.000000,0.003000,-0.018501,0.505041,1.000000;;
  }

  Frame Bip01_Pelvis {
   

   FrameTransformMatrix {
    0.000000,1.000000,-0.000001,0.000000,-0.000001,0.000001,1.000000,0.000000,1.000000,0.000000,0.000001,0.000000,0.000000,0.000000,0.000000,1.000000;;
   }

   Frame Bip01_Spine {
    

    FrameTransformMatrix {
     0.998191,0.000001,-0.060114,0.000000,-0.000001,1.000000,0.000004,0.000000,0.060114,-0.000004,0.998191,0.000000,0.051628,0.000000,-0.000085,1.000000;;
    }

    Frame Bip01_Spine1 {
     

     FrameTransformMatrix {
      0.991416,-0.000000,-0.130742,0.000000,0.000000,1.000000,-0.000000,0.000000,0.130742,-0.000000,0.991416,0.000000,0.106469,0.000000,-0.000084,1.000000;;
     }

     Frame Bip01_Neck {
      

      FrameTransformMatrix {
       0.942045,0.000001,0.335487,0.000000,-0.000001,1.000000,-0.000000,0.000000,-0.335487,-0.000000,0.942045,0.000000,0.130514,0.000000,0.004627,1.000000;;
      }

      Frame Bip01_Head {
       

       FrameTransformMatrix {
        0.997437,0.035610,0.062066,0.000000,-0.026029,0.988518,-0.148846,0.000000,-0.066654,0.146849,0.986911,0.000000,0.033674,0.000000,0.000000,1.000000;;
       }

       Frame Bip01_HeadNub {
        

        FrameTransformMatrix {
         1.000000,-0.000000,0.000000,0.000000,-0.000000,1.000000,0.000000,0.000000,0.000000,-0.000000,1.000000,0.000000,0.169824,0.000000,0.000000,1.000000;;
        }
       }
      }

      Frame Bip01_L_Clavicle {
       

       FrameTransformMatrix {
        -0.380152,0.920191,0.093451,0.000000,0.861766,0.389076,-0.325545,0.000000,-0.335923,-0.043224,-0.940897,0.000000,-0.024193,0.015715,0.003704,1.000000;;
       }

       Frame Bip01_L_UpperArm {
        

        FrameTransformMatrix {
         0.703293,-0.689978,0.171198,0.000000,0.678193,0.578986,-0.452582,0.000000,0.213150,0.434403,0.875135,0.000000,0.087086,-0.000000,0.000000,1.000000;;
        }

        Frame Bip01_L_Forearm {
         

         FrameTransformMatrix {
          -0.348019,0.000000,-0.937488,0.000000,0.000000,1.000000,0.000000,0.000000,0.937488,-0.000000,-0.348019,0.000000,0.137062,-0.000000,0.000000,1.000000;;
         }

         Frame Bip01_L_Hand {
          

          FrameTransformMatrix {
           0.987475,-0.133701,-0.083763,0.000000,0.053242,-0.217371,0.974636,0.000000,-0.148518,-0.966889,-0.207530,0.000000,0.137062,0.000000,0.000000,1.000000;;
          }

          Frame Bip01_L_Finger0 {
           

           FrameTransformMatrix {
            0.910822,-0.208259,0.356416,0.000000,0.362261,0.817216,-0.448247,0.000000,-0.197918,0.537389,0.819782,0.000000,0.057681,-0.023605,-0.000272,1.000000;;
           }

           Frame Bip01_L_Finger0Nub {
            

            FrameTransformMatrix {
             1.000000,-0.000000,-0.000000,0.000000,0.000000,1.000000,-0.000000,0.000000,0.000000,0.000000,1.000000,0.000000,0.029435,0.000000,0.000000,1.000000;;
            }
           }
          }

          Frame Bip01_L_Finger1 {
           

           FrameTransformMatrix {
            0.326699,-0.000753,0.945128,0.000000,0.000000,1.000000,0.000796,0.000000,-0.945128,-0.000260,0.326698,0.000000,0.084102,0.000000,0.000000,1.000000;;
           }

           Frame Bip01_L_Finger1Nub {
            

            FrameTransformMatrix {
             1.000000,0.000000,-0.000000,0.000000,-0.000000,1.000000,0.000000,0.000000,0.000000,0.000000,1.000000,0.000000,0.047988,0.000000,0.000000,1.000000;;
            }
           }
          }
         }
        }
       }
      }

      Frame Bip01_R_Clavicle {
       

       FrameTransformMatrix {
        -0.322107,-0.939692,0.115003,0.000000,-0.884981,0.342021,0.315959,0.000000,-0.336237,-0.000003,-0.941777,0.000000,-0.024193,-0.015714,0.003704,1.000000;;
       }

       Frame Bip01_R_UpperArm {
        

        FrameTransformMatrix {
         0.502155,0.801153,0.325569,0.000000,-0.855620,0.514928,0.052579,0.000000,-0.125521,-0.304965,0.944055,0.000000,0.087086,0.000000,0.000000,1.000000;;
        }

        Frame Bip01_R_Forearm {
         

         FrameTransformMatrix {
          0.930541,-0.000000,-0.366186,0.000000,0.000000,1.000000,0.000000,0.000000,0.366186,-0.000000,0.930542,0.000000,0.137062,0.000000,-0.000000,1.000000;;
         }

         Frame Bip01_R_Hand {
          

          FrameTransformMatrix {
           0.983484,0.147768,0.104518,0.000000,0.084612,0.135124,-0.987209,0.000000,-0.160001,0.979748,0.120389,0.000000,0.137062,0.000000,-0.000000,1.000000;;
          }

          Frame Bip01_R_Finger0 {
           

           FrameTransformMatrix {
            0.829256,0.514255,0.218807,0.000000,-0.558537,0.749101,0.356210,0.000000,0.019274,-0.417601,0.908427,0.000000,0.057681,0.023605,-0.000272,1.000000;;
           }

           Frame Bip01_R_Finger0Nub {
            

            FrameTransformMatrix {
             -1.000000,0.000000,0.000000,0.000000,-0.000000,1.000000,0.000000,0.000000,-0.000000,-0.000000,-1.000000,0.000000,0.029435,0.000000,0.000000,1.000000;;
            }
           }
          }

          Frame Bip01_R_Finger1 {
           

           FrameTransformMatrix {
            0.989590,0.000115,0.143914,0.000000,0.000000,1.000000,-0.000796,0.000000,-0.143914,0.000788,0.989590,0.000000,0.084102,0.000000,0.000000,1.000000;;
           }

           Frame Bip01_R_Finger1Nub {
            

            FrameTransformMatrix {
             -1.000000,0.000000,0.000000,0.000000,-0.000000,1.000000,-0.000000,0.000000,0.000000,-0.000000,-1.000000,0.000000,0.047988,-0.000000,0.000000,1.000000;;
            }
           }
          }
         }
        }
       }
      }
     }

     Frame Bip01_BackPack {
      

      FrameTransformMatrix {
       0.190104,-0.000002,-0.981764,0.000000,0.000003,1.000000,-0.000002,0.000000,0.981764,-0.000002,0.190104,0.000000,0.063697,-0.000000,-0.088856,1.000000;;
      }

      Frame Bip01_BackPackNub {
       

       FrameTransformMatrix {
        0.000796,0.000003,1.000000,0.000000,-0.000000,-1.000000,0.000003,0.000000,1.000000,-0.000000,-0.000796,0.000000,0.053240,-0.000000,0.000000,1.000000;;
       }
      }
     }
    }

    Frame Bip01_L_Thigh {
     

     FrameTransformMatrix {
      -0.997137,0.028511,0.070040,0.000000,-0.028263,-0.999590,0.004522,0.000000,0.070140,0.002530,0.997534,0.000000,-0.051540,0.055225,-0.003019,1.000000;;
     }

     Frame Bip01_L_Calf {
      

      FrameTransformMatrix {
       0.966680,-0.000000,-0.255987,0.000000,0.000000,1.000000,0.000000,0.000000,0.255987,0.000000,0.966680,0.000000,0.237500,0.000000,-0.000000,1.000000;;
      }

      Frame Bip01_L_Foot {
       

       FrameTransformMatrix {
        0.980599,0.028293,0.193972,0.000000,-0.026914,0.999590,-0.009741,0.000000,-0.194168,0.004331,0.980959,0.000000,0.206841,-0.000000,0.000000,1.000000;;
       }

       Frame Bip01_L_Toe0 {
        

        FrameTransformMatrix {
         -0.000000,-0.000000,1.000000,0.000000,0.000000,1.000000,0.000000,0.000000,-1.000000,0.000000,-0.000000,0.000000,0.065373,-0.000000,0.066450,1.000000;;
        }

        Frame Bip01_L_Toe0Nub {
         

         FrameTransformMatrix {
          -1.000000,0.000000,0.000000,0.000000,-0.000000,1.000000,-0.000000,0.000000,0.000000,-0.000000,-1.000000,0.000000,0.006735,0.000000,-0.000000,1.000000;;
         }
        }
       }
      }
     }
    }

    Frame Bip01_R_Thigh {
     

     FrameTransformMatrix {
      -0.996757,-0.048065,0.064538,0.000000,0.048041,-0.998844,-0.001916,0.000000,0.064555,0.001191,0.997914,0.000000,-0.051540,-0.055225,-0.003019,1.000000;;
     }

     Frame Bip01_R_Calf {
      

      FrameTransformMatrix {
       0.969670,-0.000000,-0.244418,0.000000,0.000000,1.000000,-0.000000,0.000000,0.244418,0.000000,0.969670,0.000000,0.237500,0.000000,0.000000,1.000000;;
      }

      Frame Bip01_R_Foot {
       

       FrameTransformMatrix {
        0.981078,-0.048053,0.187557,0.000000,0.046897,0.998843,0.010595,0.000000,-0.187849,-0.001599,0.982196,0.000000,0.206841,0.000000,-0.000000,1.000000;;
       }

       Frame Bip01_R_Toe0 {
        

        FrameTransformMatrix {
         -0.000000,-0.000000,1.000000,0.000000,0.000000,1.000000,0.000000,0.000000,-1.000000,0.000000,-0.000000,0.000000,0.065373,-0.000000,0.066450,1.000000;;
        }

        Frame Bip01_R_Toe0Nub {
         

         FrameTransformMatrix {
          1.000000,0.000000,0.000000,0.000000,-0.000000,1.000000,0.000000,0.000000,-0.000000,-0.000000,1.000000,0.000000,0.006735,0.000000,0.000000,1.000000;;
         }
        }
       }
      }
     }
    }
   }

   Frame Bip01_DressFront {
    

    FrameTransformMatrix {
     -0.994664,-0.000002,0.103165,0.000000,-0.000002,1.000000,-0.000001,0.000000,-0.103165,-0.000002,-0.994664,0.000000,-0.043987,0.001399,0.061087,1.000000;;
    }

    Frame Bip01_DressFront02 {
     

     FrameTransformMatrix {
      1.000000,-0.000000,0.000000,0.000000,-0.000000,1.000000,0.000000,0.000000,0.000000,0.000000,1.000000,0.000000,0.183324,-0.000000,-0.000132,1.000000;;
     }

     Frame Bip01_DressFrontNub {
      

      FrameTransformMatrix {
       0.000796,0.000003,1.000000,0.000000,0.000000,-1.000000,0.000003,0.000000,1.000000,-0.000000,-0.000796,0.000000,0.165302,0.000000,0.000000,1.000000;;
      }
     }
    }
   }

   Frame Bip01_DressBack {
    

    FrameTransformMatrix {
     -0.983925,-0.000002,0.178582,0.000000,-0.000002,1.000000,-0.000001,0.000000,-0.178582,-0.000002,-0.983925,0.000000,-0.047707,0.000000,-0.078281,1.000000;;
    }

    Frame Bip01_DressBack02 {
     

     FrameTransformMatrix {
      0.990815,0.000000,0.135222,0.000000,-0.000000,1.000000,-0.000000,0.000000,-0.135222,-0.000000,0.990815,0.000000,0.176173,-0.000000,-0.000108,1.000000;;
     }

     Frame Bip01_DressBackNub {
      

      FrameTransformMatrix {
       0.000796,0.000003,1.000000,0.000000,0.000000,-1.000000,0.000003,0.000000,1.000000,-0.000000,-0.000796,0.000000,0.136508,0.000000,0.000000,1.000000;;
      }
     }
    }
   }
  }

  Frame Bip01_Prop1 {
   

   FrameTransformMatrix {
    -0.269876,0.151329,0.950929,0.000000,0.962883,0.037552,0.267293,0.000000,0.004740,0.987770,-0.155846,0.000000,-0.016287,-0.111232,-0.137992,1.000000;;
   }
  }

  Frame Bip01_Prop2 {
   

   FrameTransformMatrix {
    0.862407,0.156681,-0.481357,0.000000,-0.219390,0.972636,-0.076470,0.000000,0.456204,0.171553,0.873182,0.000000,0.149689,0.125263,0.022517,1.000000;;
   }
  }
 }
}

Frame Translation_Data {
 

 FrameTransformMatrix {
  1.000000,0.000000,0.000000,0.000000,0.000000,-0.000000,-1.000000,0.000000,0.000000,1.000000,-0.000000,0.000000,0.000000,-0.000000,0.000000,1.000000;;
 }
}

Frame Body {
 

 FrameTransformMatrix {
  1.000000,0.000000,0.000000,0.000000,0.000000,1.000000,0.000000,0.000000,0.000000,0.000000,1.000000,0.000000,0.000000,0.000000,0.000000,1.000000;;
 }

 Mesh Body {
  617;
  0.071430;0.765234;0.000807;,
  0.036278;0.767436;-0.003401;,
  0.031068;0.793587;0.017569;,
  0.078110;0.747193;-0.006222;,
  0.087276;0.739734;-0.009921;,
  0.057006;0.706302;-0.038358;,
  0.043921;0.739736;-0.025604;,
  0.093646;0.704415;-0.007144;,
  0.032035;0.807424;0.057839;,
  0.080748;0.777679;0.077942;,
  0.074401;0.780288;0.049577;,
  0.049861;0.782602;0.084511;,
  0.086349;0.556877;0.053764;,
  0.045914;0.565148;0.071802;,
  0.045026;0.553806;0.078369;,
  0.079569;0.566593;0.049595;,
  0.074273;0.564717;-0.006330;,
  0.087221;0.538892;0.014453;,
  0.046439;0.558715;-0.036788;,
  0.072694;0.513798;-0.013434;,
  0.044023;0.503599;-0.022314;,
  0.003000;0.706257;-0.046006;,
  0.003000;0.742003;-0.028003;,
  0.003000;0.563022;0.071811;,
  0.003000;0.549529;0.078424;,
  0.055058;0.653029;0.079813;,
  0.003000;0.687962;0.094515;,
  0.003000;0.653645;0.083936;,
  0.059989;0.690485;0.090412;,
  0.059660;0.465790;-0.025133;,
  0.103219;0.364277;-0.003541;,
  0.065310;0.367828;-0.031927;,
  0.094252;0.463441;0.011730;,
  0.065242;0.272351;-0.039035;,
  0.094065;0.271159;0.005325;,
  0.010875;0.465905;-0.004158;,
  0.024016;0.361866;0.068945;,
  0.015105;0.447704;0.089059;,
  0.017616;0.366069;-0.006638;,
  0.040349;0.273320;0.043994;,
  0.037389;0.270183;0.001923;,
  0.103588;0.361856;0.061184;,
  0.089132;0.444423;0.070440;,
  0.081068;0.275837;0.043693;,
  0.088920;-0.001438;0.054149;,
  0.049355;-0.001522;0.099609;,
  0.044025;-0.001415;0.051082;,
  0.084211;-0.001545;0.099342;,
  0.066626;0.216375;-0.007763;,
  0.094866;0.145564;0.033841;,
  0.065636;0.143419;0.005177;,
  0.098046;0.219076;0.020882;,
  0.086655;0.067737;0.049196;,
  0.066770;0.065913;0.020588;,
  0.025274;0.201672;0.018280;,
  0.033397;0.158699;0.070661;,
  0.026683;0.224209;0.069239;,
  0.036082;0.144465;0.030358;,
  0.053883;0.080243;0.071445;,
  0.050120;0.059932;0.046016;,
  0.095474;0.157170;0.070593;,
  0.098613;0.231626;0.068700;,
  0.078009;0.085142;0.070847;,
  0.093324;0.510442;0.021536;,
  0.003000;0.495137;-0.033661;,
  0.010875;0.465905;-0.004158;,
  0.003000;0.461651;-0.017386;,
  0.095057;0.508820;0.076107;,
  0.045026;0.509111;0.100165;,
  0.089210;0.458269;0.075357;,
  0.043795;0.462720;0.097357;,
  0.050486;0.608631;0.068967;,
  0.086731;0.653340;0.061872;,
  0.098217;0.660195;0.045378;,
  0.074861;0.617152;-0.007069;,
  0.091743;0.669587;-0.007807;,
  0.082480;0.610969;0.043426;,
  0.057400;0.671524;-0.043761;,
  0.051920;0.615356;-0.036739;,
  0.003000;0.671424;-0.050344;,
  0.003000;0.610994;-0.041839;,
  0.117455;0.710583;-0.008276;,
  0.142915;0.666950;-0.004683;,
  0.067569;0.704064;0.010816;,
  0.118049;0.611666;0.033252;,
  0.089281;0.646597;0.012613;,
  0.161569;0.625846;0.017321;,
  0.085630;0.702534;0.068982;,
  0.089281;0.646597;0.012613;,
  0.105914;0.656147;0.075840;,
  0.130613;0.592805;0.061644;,
  0.118049;0.611666;0.033252;,
  0.094758;0.707217;0.073796;,
  0.159562;0.676827;0.058577;,
  0.133741;0.719180;0.055044;,
  0.174021;0.606676;0.045612;,
  0.131196;0.717987;0.017269;,
  0.155991;0.647497;0.009419;,
  0.088541;0.637791;-0.031448;,
  0.103180;0.633646;0.027294;,
  0.123008;0.646708;-0.040390;,
  0.077574;0.637460;-0.069944;,
  0.097806;0.642771;-0.083614;,
  0.103180;0.633646;0.027294;,
  0.108911;0.584692;-0.037729;,
  0.118033;0.572748;0.025712;,
  0.088541;0.637791;-0.031448;,
  0.088958;0.600566;-0.077192;,
  0.077574;0.637460;-0.069944;,
  0.135366;0.591860;-0.044272;,
  0.170485;0.586731;0.007953;,
  0.105102;0.606016;-0.087823;,
  -0.000975;0.656975;-0.142061;,
  0.031602;0.611882;-0.129328;,
  0.014556;0.656827;-0.126485;,
  0.016230;0.612563;-0.144638;,
  0.028712;0.672672;-0.134496;,
  0.037836;0.668960;-0.148040;,
  0.028604;0.665523;-0.143139;,
  0.035628;0.680766;-0.139267;,
  0.054902;0.605035;-0.095613;,
  0.055443;0.658696;-0.123279;,
  0.043242;0.607932;-0.130990;,
  0.056266;0.654268;-0.088803;,
  0.053669;0.609545;-0.147924;,
  0.086390;0.605335;-0.116585;,
  0.089155;0.656728;-0.109297;,
  0.066087;0.658224;-0.140101;,
  0.104560;0.762586;0.051395;,
  0.111118;0.767425;0.022616;,
  0.074401;0.780288;0.049577;,
  0.073941;0.779208;0.025287;,
  0.096798;0.696502;0.073715;,
  0.041721;0.804868;0.031004;,
  0.101797;0.755563;-0.001235;,
  0.078110;0.747193;-0.006222;,
  0.071430;0.765234;0.000807;,
  0.092633;0.728019;-0.003757;,
  0.099422;0.738075;0.077418;,
  0.060778;0.727397;0.092870;,
  0.101880;0.742517;0.074396;,
  0.003000;0.721637;0.095483;,
  0.003000;0.779191;0.078327;,
  0.080748;0.777679;0.077942;,
  0.101880;0.742517;0.074396;,
  0.085204;0.725635;0.017728;,
  0.100261;0.732249;0.063299;,
  0.067569;0.704064;0.010816;,
  0.098937;0.697725;0.041423;,
  0.092012;0.699189;0.006717;,
  0.087276;0.739734;-0.009921;,
  0.104288;0.698378;0.057582;,
  0.056266;0.654268;-0.088803;,
  0.037302;0.834219;0.032784;,
  0.026834;0.839210;0.052575;,
  0.003132;0.808832;0.062574;,
  0.000416;0.842454;0.058667;,
  0.066087;0.658224;-0.140101;,
  -0.000975;0.656975;-0.142061;,
  0.016230;0.612563;-0.144638;,
  0.034132;0.669743;-0.115515;,
  0.052792;0.681399;-0.129186;,
  0.034132;0.669743;-0.115515;,
  0.038368;0.658566;-0.128703;,
  0.061331;0.662272;-0.136751;,
  0.061331;0.662272;-0.136751;,
  0.028712;0.672672;-0.134496;,
  0.035628;0.680766;-0.139267;,
  0.037836;0.668960;-0.148040;,
  0.095162;0.020228;-0.022685;,
  0.064907;-0.001385;-0.067432;,
  0.063586;0.017194;-0.060195;,
  0.100721;-0.001397;-0.029922;,
  0.045608;0.031888;0.088978;,
  0.044025;-0.001415;0.051082;,
  0.049355;-0.001522;0.099609;,
  0.042654;0.023542;0.048549;,
  0.053883;0.080243;0.071445;,
  0.087148;0.034910;0.088447;,
  0.078009;0.085142;0.070847;,
  0.088920;-0.001438;0.054149;,
  0.084211;-0.001545;0.099342;,
  0.090071;0.033508;0.051678;,
  0.066770;0.065913;0.020588;,
  0.086655;0.067737;0.049196;,
  0.036094;0.014160;-0.049741;,
  0.029967;-0.001374;-0.056978;,
  0.100721;-0.001397;-0.029922;,
  0.029967;-0.001374;-0.056978;,
  0.017616;0.366069;-0.006638;,
  0.037389;0.270183;0.001923;,
  0.025274;0.201672;0.018280;,
  0.036082;0.144465;0.030358;,
  0.050120;0.059932;0.046016;,
  0.050120;0.059932;0.046016;,
  0.003000;0.452537;0.033807;,
  0.049913;0.836083;0.016652;,
  0.035009;0.822560;-0.001212;,
  0.044229;0.828786;-0.002713;,
  0.030488;0.828307;0.015754;,
  0.039208;0.859254;0.034723;,
  0.028529;0.872796;0.051608;,
  0.028598;0.969331;-0.024778;,
  0.013019;0.956364;-0.052560;,
  0.009237;0.973716;-0.028564;,
  0.048192;0.895019;-0.055473;,
  0.032395;0.892570;-0.064259;,
  0.043985;0.924366;-0.053527;,
  0.051003;0.848055;-0.008983;,
  0.055243;0.863973;0.015790;,
  0.047294;0.848875;0.022847;,
  0.054567;0.901647;0.025989;,
  0.058612;0.907105;0.002412;,
  0.054951;0.934419;-0.036987;,
  0.059623;0.941987;-0.010511;,
  0.058292;0.897575;-0.023114;,
  0.049664;0.908520;0.040518;,
  0.036103;0.920464;0.056999;,
  -0.004210;0.923320;0.061735;,
  0.032797;0.963689;0.035252;,
  -0.001165;0.967372;0.039831;,
  0.058082;0.875547;-0.017617;,
  0.043597;0.835843;-0.021923;,
  0.047174;0.865867;-0.041379;,
  0.030407;0.809343;-0.030684;,
  0.009261;0.806099;-0.021255;,
  0.012450;0.803960;-0.042045;,
  0.038679;0.945044;-0.049455;,
  0.047755;0.959452;-0.019414;,
  0.050526;0.957466;0.019762;,
  0.038861;0.972675;0.005817;,
  0.021000;0.979213;0.008320;,
  0.003669;0.981751;0.007537;,
  -0.003353;0.883335;0.057901;,
  0.050526;0.957466;0.019762;,
  0.038861;0.972675;0.005817;,
  0.061585;0.866538;0.015595;,
  0.066644;0.913844;0.016961;,
  0.069985;0.896852;0.029356;,
  0.059941;0.894547;0.014588;,
  0.069985;0.896852;0.029356;,
  0.061585;0.866538;0.015595;,
  0.066644;0.913844;0.016961;,
  0.058612;0.907105;0.002412;,
  0.059557;0.882015;0.000689;,
  0.055243;0.863973;0.015790;,
  0.047402;0.887688;-0.045755;,
  0.059557;0.882015;0.000689;,
  0.041721;0.804868;0.031004;,
  0.037302;0.834219;0.032784;,
  0.073941;0.779208;0.025287;,
  0.039208;0.859254;0.034723;,
  0.003000;0.786208;-0.002903;,
  0.003000;0.764498;-0.012870;,
  0.003000;0.556320;-0.040332;,
  0.003000;0.506467;0.100110;,
  0.003000;0.472173;0.099357;,
  0.000200;0.448715;0.089342;,
  0.004619;0.812091;-0.006551;,
  0.003000;0.452537;0.033807;,
  0.021000;0.979213;0.008320;,
  0.003669;0.981751;0.007537;,
  0.032509;0.839309;-0.041700;,
  0.026600;0.860260;-0.053862;,
  0.026614;0.850740;-0.052257;,
  0.014643;0.944743;-0.062674;,
  0.016117;0.920838;-0.071262;,
  0.028756;0.885538;-0.053924;,
  0.003000;0.607876;0.071034;,
  0.073941;0.779208;0.025287;,
  0.064907;-0.001385;-0.067432;,
  0.025159;0.829527;-0.047858;,
  0.031742;0.832886;-0.040328;,
  0.024542;0.834921;-0.045280;,
  0.014713;0.848756;-0.058860;,
  0.016300;0.855390;-0.069545;,
  0.025097;0.837883;-0.050721;,
  0.013087;0.835042;-0.047600;,
  0.013812;0.827317;-0.052002;,
  0.016598;0.890121;-0.073044;,
  0.015813;0.881616;-0.067523;,
  0.100261;0.732249;0.063299;,
  0.014368;0.837191;-0.056086;,
  0.081386;0.726272;0.035114;,
  0.085204;0.725635;0.017728;,
  0.087276;0.739734;-0.009921;,
  0.049664;0.908520;0.040518;,
  0.066626;0.216375;-0.007763;,
  0.036448;0.142866;-0.022766;,
  0.025841;0.219427;-0.030911;,
  0.065636;0.143419;0.005177;,
  0.065242;0.272351;-0.039035;,
  0.027716;0.276196;-0.041422;,
  0.065310;0.367828;-0.031927;,
  0.015112;0.369285;-0.034893;,
  0.059660;0.465791;-0.025133;,
  0.011427;0.458115;-0.034735;,
  0.044023;0.503600;-0.022314;,
  0.037484;0.070381;-0.020356;,
  0.066770;0.065913;0.020588;,
  0.038191;0.153748;0.096353;,
  0.004822;0.082455;0.108892;,
  0.041619;0.084211;0.105576;,
  0.004514;0.155619;0.102253;,
  0.004831;0.222116;0.087442;,
  0.031000;0.224390;0.083222;,
  0.006142;0.283488;0.084218;,
  0.032997;0.273173;0.074252;,
  0.022805;0.361670;0.083859;,
  0.002059;0.371119;0.091920;,
  0.003000;0.444383;0.099903;,
  0.081386;0.726272;0.035114;,
  -0.065097;0.767158;-0.000456;,
  -0.030278;0.767436;-0.003401;,
  -0.072355;0.748808;-0.007272;,
  -0.025068;0.793587;0.017569;,
  -0.082018;0.740096;-0.010663;,
  -0.051006;0.706302;-0.038358;,
  -0.087646;0.704415;-0.007144;,
  -0.037921;0.739736;-0.025604;,
  -0.026035;0.807424;0.057839;,
  -0.074500;0.778242;0.077612;,
  -0.043861;0.782602;0.084511;,
  -0.068682;0.782391;0.048356;,
  -0.080349;0.556877;0.053764;,
  -0.039914;0.565148;0.071802;,
  -0.073569;0.566593;0.049595;,
  -0.039026;0.553806;0.078369;,
  -0.068273;0.564717;-0.006330;,
  -0.081221;0.538892;0.014453;,
  -0.040439;0.558715;-0.036788;,
  -0.066661;0.513811;-0.013445;,
  -0.038023;0.503599;-0.022314;,
  0.003000;0.563022;0.071811;,
  0.003000;0.549529;0.078424;,
  -0.049058;0.653029;0.079813;,
  0.003000;0.687962;0.094515;,
  -0.053989;0.690485;0.090412;,
  0.003000;0.653645;0.083936;,
  -0.054168;0.465604;-0.024965;,
  -0.099937;0.365071;-0.002870;,
  -0.088896;0.463968;0.011845;,
  -0.061896;0.367713;-0.031178;,
  -0.063686;0.272440;-0.037752;,
  -0.092648;0.271834;0.006552;,
  -0.005602;0.464851;-0.003817;,
  -0.020977;0.361504;0.069832;,
  -0.014309;0.365154;-0.005757;,
  -0.009105;0.447704;0.089059;,
  -0.039005;0.272950;0.045386;,
  -0.035993;0.269736;0.003303;,
  -0.100514;0.363023;0.061867;,
  -0.084103;0.445031;0.070636;,
  -0.079665;0.276272;0.044973;,
  -0.091698;-0.001438;0.054148;,
  -0.052132;-0.001522;0.099608;,
  -0.086988;-0.001545;0.099341;,
  -0.046802;-0.001415;0.051081;,
  -0.066259;0.216587;-0.006790;,
  -0.096021;0.146090;0.034281;,
  -0.097706;0.219730;0.021779;,
  -0.066752;0.143547;0.005688;,
  -0.089414;0.067925;0.049172;,
  -0.069498;0.065961;0.020596;,
  -0.025285;0.200905;0.019279;,
  -0.034416;0.157772;0.071362;,
  -0.037260;0.143849;0.030961;,
  -0.026403;0.223144;0.070376;,
  -0.056508;0.079913;0.071543;,
  -0.052897;0.059932;0.046015;,
  -0.096511;0.157473;0.071103;,
  -0.098170;0.231987;0.069675;,
  -0.080575;0.085131;0.070916;,
  -0.087324;0.510442;0.021536;,
  -0.005602;0.464851;-0.003817;,
  -0.089057;0.508820;0.076107;,
  -0.039026;0.509111;0.100165;,
  -0.083712;0.458634;0.075453;,
  -0.038177;0.462748;0.097462;,
  -0.044486;0.608631;0.068967;,
  -0.080731;0.653340;0.061872;,
  -0.092217;0.660195;0.045378;,
  -0.068861;0.617152;-0.007069;,
  -0.076480;0.610969;0.043426;,
  -0.085743;0.669587;-0.007807;,
  -0.051400;0.671524;-0.043761;,
  -0.045920;0.615356;-0.036739;,
  -0.121638;0.711401;-0.001680;,
  -0.067835;0.711699;-0.002534;,
  -0.138223;0.665324;0.011235;,
  -0.096487;0.602266;0.022274;,
  -0.143801;0.612875;0.025448;,
  -0.079880;0.652248;0.007350;,
  -0.062789;0.710936;0.058177;,
  -0.073054;0.662893;0.072200;,
  -0.079880;0.652248;0.007350;,
  -0.090147;0.611822;0.075626;,
  -0.096487;0.602266;0.022274;,
  -0.070008;0.714753;0.066035;,
  -0.131439;0.676292;0.076121;,
  -0.114338;0.721145;0.063130;,
  -0.137319;0.622348;0.078851;,
  -0.125794;0.718399;0.027128;,
  -0.152965;0.591875;0.018697;,
  -0.120071;0.519771;0.012976;,
  -0.154531;0.532274;0.014865;,
  -0.097796;0.576154;0.015597;,
  -0.131046;0.480568;0.014933;,
  -0.157380;0.482054;0.015300;,
  -0.097796;0.576154;0.015597;,
  -0.124564;0.521544;0.069989;,
  -0.120071;0.519771;0.012976;,
  -0.093566;0.576165;0.078384;,
  -0.137644;0.480466;0.053966;,
  -0.131046;0.480568;0.014933;,
  -0.150928;0.531432;0.071101;,
  -0.148428;0.591842;0.081619;,
  -0.155808;0.480054;0.052999;,
  -0.148520;0.348649;0.003542;,
  -0.129092;0.374139;0.050760;,
  -0.146767;0.361612;0.049410;,
  -0.130573;0.361341;0.004362;,
  -0.131389;0.398306;-0.017238;,
  -0.146525;0.392775;-0.012681;,
  -0.140663;0.400475;-0.023976;,
  -0.135963;0.390208;-0.010969;,
  -0.127138;0.447888;0.054471;,
  -0.142884;0.420469;0.003038;,
  -0.122401;0.448497;0.004981;,
  -0.139706;0.412711;0.055143;,
  -0.158302;0.405621;0.053715;,
  -0.164827;0.450640;0.052617;,
  -0.160825;0.452234;0.000815;,
  -0.161648;0.413835;0.003651;,
  -0.099552;0.767429;0.048278;,
  -0.104826;0.772551;0.019312;,
  -0.068682;0.782391;0.048356;,
  -0.067549;0.781625;0.023702;,
  -0.090798;0.696502;0.073715;,
  -0.035721;0.804868;0.031004;,
  -0.096219;0.759964;-0.003867;,
  -0.072355;0.748808;-0.007272;,
  -0.091983;0.732488;-0.007641;,
  -0.065097;0.767158;-0.000456;,
  -0.091623;0.738998;0.076108;,
  -0.093913;0.743503;0.073120;,
  -0.054778;0.727397;0.092870;,
  0.003000;0.721637;0.095483;,
  0.003000;0.779191;0.078327;,
  -0.074500;0.778242;0.077612;,
  -0.093913;0.743503;0.073120;,
  -0.079951;0.726553;0.016625;,
  -0.067835;0.711699;-0.002534;,
  -0.093422;0.733667;0.061620;,
  -0.092937;0.697725;0.041423;,
  -0.086013;0.699189;0.006717;,
  -0.082018;0.740096;-0.010663;,
  -0.098288;0.698378;0.057582;,
  -0.122401;0.448497;0.004981;,
  -0.032740;0.834006;0.028002;,
  -0.024983;0.839052;0.049036;,
  0.003132;0.808832;0.062574;,
  0.000416;0.842454;0.058667;,
  -0.161648;0.413835;0.003651;,
  -0.148520;0.348649;0.003542;,
  -0.146767;0.361612;0.049410;,
  -0.123054;0.415588;-0.011754;,
  -0.147366;0.418819;-0.020086;,
  -0.123054;0.415588;-0.011754;,
  -0.133351;0.405870;-0.000969;,
  -0.156397;0.414474;-0.000198;,
  -0.156397;0.414474;-0.000198;,
  -0.131389;0.398306;-0.017238;,
  -0.140663;0.400475;-0.023976;,
  -0.146525;0.392775;-0.012681;,
  -0.097939;0.020228;-0.022686;,
  -0.067684;-0.001385;-0.067432;,
  -0.103498;-0.001397;-0.029923;,
  -0.066363;0.017194;-0.060196;,
  -0.048385;0.031888;0.088978;,
  -0.046802;-0.001415;0.051081;,
  -0.045431;0.023542;0.048548;,
  -0.052132;-0.001522;0.099608;,
  -0.056508;0.079913;0.071543;,
  -0.089925;0.034910;0.088447;,
  -0.080575;0.085131;0.070916;,
  -0.091698;-0.001438;0.054148;,
  -0.092848;0.033508;0.051677;,
  -0.086988;-0.001545;0.099341;,
  -0.069498;0.065961;0.020596;,
  -0.089414;0.067925;0.049172;,
  -0.038871;0.014160;-0.049742;,
  -0.032744;-0.001374;-0.056979;,
  -0.103498;-0.001397;-0.029923;,
  -0.032744;-0.001374;-0.056979;,
  -0.014309;0.365154;-0.005757;,
  -0.035993;0.269736;0.003303;,
  -0.025285;0.200905;0.019279;,
  -0.037260;0.143849;0.030961;,
  -0.052897;0.059932;0.046015;,
  -0.052897;0.059932;0.046015;,
  -0.041247;0.835463;0.002731;,
  -0.021512;0.822175;-0.009843;,
  -0.023768;0.828142;0.012049;,
  -0.029946;0.828282;-0.014040;,
  -0.036732;0.858738;0.023126;,
  -0.031760;0.872386;0.042401;,
  -0.010312;0.969066;-0.030720;,
  0.009237;0.973716;-0.028564;,
  -0.018863;0.894562;-0.065713;,
  -0.015819;0.923959;-0.062659;,
  -0.001132;0.892342;-0.069378;,
  -0.034796;0.847471;-0.022086;,
  -0.046447;0.863281;0.000261;,
  -0.040766;0.848276;0.009399;,
  -0.049347;0.900940;0.010121;,
  -0.046243;0.906392;-0.013600;,
  -0.031354;0.933832;-0.050167;,
  -0.038193;0.896918;-0.037848;,
  -0.043815;0.941283;-0.026306;,
  -0.049095;0.907848;0.025436;,
  -0.041231;0.919938;0.045189;,
  -0.004210;0.923320;0.061735;,
  -0.032160;0.963247;0.025332;,
  -0.001165;0.967372;0.039831;,
  -0.039340;0.874884;-0.032494;,
  -0.021710;0.865398;-0.051898;,
  -0.023704;0.835385;-0.032201;,
  -0.008149;0.809081;-0.036572;,
  -0.012246;0.944698;-0.057231;,
  -0.030064;0.958923;-0.031297;,
  -0.044374;0.956820;0.005270;,
  -0.029282;0.972212;-0.004589;,
  0.003669;0.981751;0.007537;,
  -0.013071;0.978981;0.003117;,
  -0.003353;0.883335;0.057901;,
  -0.044374;0.956820;0.005270;,
  -0.029282;0.972212;-0.004589;,
  -0.052476;0.865762;-0.001823;,
  -0.058340;0.912994;-0.002126;,
  -0.050978;0.893793;-0.002351;,
  -0.065002;0.895934;0.008742;,
  -0.065002;0.895934;0.008742;,
  -0.052476;0.865762;-0.001823;,
  -0.058340;0.912994;-0.002126;,
  -0.046243;0.906392;-0.013600;,
  -0.046297;0.881295;-0.015476;,
  -0.046447;0.863281;0.000261;,
  -0.020912;0.887223;-0.056187;,
  -0.046297;0.881295;-0.015476;,
  -0.035721;0.804868;0.031004;,
  -0.032740;0.834006;0.028002;,
  -0.067549;0.781625;0.023702;,
  -0.036732;0.858738;0.023126;,
  0.003000;0.506467;0.100110;,
  0.003000;0.472173;0.099357;,
  0.000200;0.448715;0.089342;,
  0.003000;0.452537;0.033807;,
  -0.013071;0.978981;0.003117;,
  0.003669;0.981751;0.007537;,
  -0.007266;0.839039;-0.047774;,
  0.001725;0.860091;-0.057661;,
  0.001359;0.850568;-0.056114;,
  -0.000651;0.885338;-0.058414;,
  0.003000;0.607876;0.071034;,
  -0.067549;0.781625;0.023702;,
  -0.067684;-0.001385;-0.067432;,
  -0.006857;0.832624;-0.046223;,
  0.001717;0.829368;-0.051437;,
  0.001465;0.834764;-0.048804;,
  0.002519;0.837730;-0.054168;,
  -0.093422;0.733667;0.061620;,
  -0.075738;0.727422;0.033315;,
  -0.079951;0.726553;0.016625;,
  -0.082018;0.740096;-0.010663;,
  -0.049095;0.907848;0.025436;,
  -0.022166;0.219130;-0.030450;,
  0.000657;0.143928;-0.030351;,
  -0.031033;0.142709;-0.023300;,
  0.001180;0.221548;-0.031529;,
  -0.025650;0.275475;-0.040376;,
  0.002895;0.276186;-0.039694;,
  -0.012652;0.368376;-0.034121;,
  0.002956;0.366740;-0.034811;,
  -0.006713;0.457477;-0.034325;,
  0.003018;0.452734;-0.035321;,
  0.003000;0.495137;-0.033661;,
  -0.038023;0.503600;-0.022314;,
  0.000212;0.077723;-0.033236;,
  -0.033457;0.070413;-0.021102;,
  -0.032662;0.079365;0.106166;,
  -0.096511;0.157473;0.071103;,
  -0.080562;0.085132;0.070917;,
  -0.033623;0.153912;0.095289;,
  -0.098170;0.231987;0.069675;,
  -0.034511;0.221048;0.085560;,
  -0.031807;0.273984;0.079486;,
  -0.079665;0.276272;0.044973;,
  -0.100514;0.363023;0.061867;,
  -0.019664;0.360434;0.087255;,
  0.003000;0.472173;0.099357;,
  -0.038177;0.462748;0.097462;,
  -0.075738;0.727422;0.033315;,
  -0.054168;0.465604;-0.024965;,
  -0.061896;0.367713;-0.031178;,
  -0.063686;0.272440;-0.037752;,
  -0.066259;0.216587;-0.006790;,
  -0.066752;0.143547;0.005688;,
  -0.069498;0.065961;0.020596;,
  0.103588;0.361856;0.061185;,
  0.043795;0.462720;0.097357;,
  0.089132;0.444423;0.070440;,
  0.081068;0.275837;0.043693;,
  0.098613;0.231626;0.068700;,
  0.095474;0.157170;0.070593;,
  0.078009;0.085142;0.070847;,
  -0.084103;0.445031;0.070636;;
  916;
  3;0,1,2;,
  3;1,0,3;,
  3;4,5,6;,
  3;5,4,7;,
  3;8,9,10;,
  3;9,8,11;,
  3;12,13,14;,
  3;13,12,15;,
  3;16,12,17;,
  3;12,16,15;,
  3;18,19,20;,
  3;19,18,16;,
  3;6,21,22;,
  3;21,6,5;,
  3;14,23,24;,
  3;23,14,13;,
  3;25,26,27;,
  3;26,25,28;,
  3;29,30,31;,
  3;30,29,32;,
  3;30,33,31;,
  3;33,30,34;,
  3;35,36,37;,
  3;36,35,38;,
  3;38,39,36;,
  3;39,38,40;,
  3;37,41,42;,
  3;41,37,36;,
  3;36,43,41;,
  3;43,36,39;,
  3;42,30,32;,
  3;30,42,41;,
  3;41,34,30;,
  3;34,41,43;,
  3;44,45,46;,
  3;45,44,47;,
  3;48,49,50;,
  3;49,48,51;,
  3;50,52,53;,
  3;52,50,49;,
  3;54,55,56;,
  3;55,54,57;,
  3;57,58,55;,
  3;58,57,59;,
  3;56,60,61;,
  3;60,56,55;,
  3;55,62,60;,
  3;62,55,58;,
  3;61,49,51;,
  3;49,61,60;,
  3;60,52,49;,
  3;52,60,62;,
  3;32,19,63;,
  3;19,32,29;,
  3;64,65,66;,
  3;65,64,20;,
  3;14,67,12;,
  3;67,14,68;,
  3;68,69,67;,
  3;69,68,70;,
  3;70,42,69;,
  3;42,70,37;,
  3;48,34,51;,
  3;34,48,33;,
  3;51,43,61;,
  3;43,51,34;,
  3;43,56,61;,
  3;56,43,39;,
  3;39,54,56;,
  3;54,39,40;,
  3;12,63,17;,
  3;63,12,67;,
  3;67,32,63;,
  3;32,67,69;,
  3;69,42,32;,
  3;71,72,25;,
  3;73,74,75;,
  3;74,73,76;,
  3;74,77,75;,
  3;77,74,78;,
  3;79,78,80;,
  3;78,79,77;,
  3;81,82,83;,
  3;82,84,85;,
  3;84,82,86;,
  3;87,88,89;,
  3;88,90,89;,
  3;90,88,91;,
  3;92,93,94;,
  3;92,89,93;,
  3;92,87,89;,
  3;89,95,93;,
  3;95,89,90;,
  3;96,93,82;,
  3;93,86,82;,
  3;86,93,95;,
  3;97,98,99;,
  3;98,97,100;,
  3;100,101,98;,
  3;101,100,102;,
  3;103,104,105;,
  3;104,103,106;,
  3;106,107,104;,
  3;107,106,108;,
  3;105,109,110;,
  3;109,105,104;,
  3;104,111,109;,
  3;111,104,107;,
  3;110,100,97;,
  3;100,110,109;,
  3;109,102,100;,
  3;102,109,111;,
  3;112,113,114;,
  3;113,112,115;,
  3;116,117,118;,
  3;117,116,119;,
  3;120,121,122;,
  3;121,120,123;,
  3;120,124,125;,
  3;124,120,122;,
  3;126,124,127;,
  3;124,126,125;,
  3;95,97,86;,
  3;97,95,110;,
  3;86,99,84;,
  3;99,86,97;,
  3;90,103,105;,
  3;103,90,91;,
  3;105,95,90;,
  3;95,105,110;,
  3;128,96,129;,
  3;96,128,94;,
  3;129,130,128;,
  3;130,129,131;,
  3;72,28,25;,
  3;28,72,132;,
  3;10,133,8;,
  3;134,135,136;,
  3;135,134,137;,
  3;81,137,134;,
  3;138,11,139;,
  3;138,9,11;,
  3;138,140,9;,
  3;141,11,142;,
  3;11,141,139;,
  3;128,130,143;,
  3;94,144,92;,
  3;94,143,144;,
  3;94,128,143;,
  3;145,87,146;,
  3;87,145,147;,
  3;75,148,73;,
  3;148,75,149;,
  3;150,147,145;,
  3;7,149,75;,
  3;148,151,73;,
  3;102,152,101;,
  3;152,102,126;,
  3;102,125,126;,
  3;125,102,111;,
  3;111,120,125;,
  3;120,111,107;,
  3;120,108,123;,
  3;108,120,107;,
  3;8,153,154;,
  3;153,8,133;,
  3;154,155,8;,
  3;155,154,156;,
  3;122,114,113;,
  3;114,122,121;,
  3;121,112,114;,
  3;112,121,157;,
  3;158,124,159;,
  3;124,158,127;,
  3;159,122,113;,
  3;122,159,124;,
  3;126,160,152;,
  3;160,126,161;,
  3;162,121,123;,
  3;121,162,163;,
  3;121,164,157;,
  3;164,121,163;,
  3;165,126,127;,
  3;126,165,161;,
  3;161,166,160;,
  3;166,161,167;,
  3;162,118,163;,
  3;118,162,116;,
  3;163,117,164;,
  3;117,163,118;,
  3;165,167,161;,
  3;167,165,168;,
  3;169,170,171;,
  3;170,169,172;,
  3;173,174,175;,
  3;174,173,176;,
  3;177,178,179;,
  3;178,177,173;,
  3;180,178,181;,
  3;178,180,182;,
  3;183,169,171;,
  3;169,183,184;,
  3;174,185,186;,
  3;185,174,176;,
  3;46,187,44;,
  3;187,46,188;,
  3;180,169,182;,
  3;169,180,172;,
  3;20,29,65;,
  3;19,29,20;,
  3;29,31,189;,
  3;31,190,189;,
  3;190,31,33;,
  3;33,191,190;,
  3;191,33,48;,
  3;191,50,192;,
  3;50,191,48;,
  3;192,53,193;,
  3;53,192,50;,
  3;194,171,185;,
  3;171,194,183;,
  3;171,186,185;,
  3;186,171,170;,
  3;185,176,194;,
  3;194,173,177;,
  3;173,194,176;,
  3;178,175,181;,
  3;175,178,173;,
  3;179,182,184;,
  3;182,179,178;,
  3;182,169,184;,
  3;16,17,19;,
  3;17,63,19;,
  3;65,195,66;,
  3;196,197,198;,
  3;197,196,199;,
  3;200,154,153;,
  3;154,200,201;,
  3;202,203,204;,
  3;205,206,207;,
  3;196,208,209;,
  3;208,196,198;,
  3;210,209,211;,
  3;209,210,196;,
  3;212,213,214;,
  3;213,212,215;,
  3;212,214,211;,
  3;201,216,217;,
  3;216,201,200;,
  3;218,219,220;,
  3;219,218,217;,
  3;210,199,196;,
  3;213,205,207;,
  3;221,222,223;,
  3;198,197,224;,
  3;224,225,226;,
  3;225,224,197;,
  3;227,213,207;,
  3;228,229,214;,
  3;229,228,230;,
  3;220,231,232;,
  3;213,228,214;,
  3;156,201,233;,
  3;201,156,154;,
  3;233,217,218;,
  3;217,233,201;,
  3;219,217,234;,
  3;235,219,234;,
  3;236,237,238;,
  3;237,236,239;,
  3;209,240,211;,
  3;240,209,241;,
  3;211,242,212;,
  3;242,211,240;,
  3;243,239,244;,
  3;239,243,237;,
  3;244,236,245;,
  3;236,244,239;,
  3;246,221,223;,
  3;221,246,215;,
  3;221,212,247;,
  3;212,221,215;,
  3;199,248,2;,
  3;248,199,249;,
  3;133,10,250;,
  3;249,210,251;,
  3;210,249,199;,
  3;210,211,251;,
  3;252,1,253;,
  3;1,252,2;,
  3;20,254,18;,
  3;254,20,64;,
  3;24,68,14;,
  3;68,24,255;,
  3;68,256,70;,
  3;256,68,255;,
  3;256,37,70;,
  3;37,256,257;,
  3;258,2,252;,
  3;2,258,199;,
  3;257,259,37;,
  3;37,259,35;,
  3;260,204,261;,
  3;204,260,202;,
  3;262,263,223;,
  3;263,262,264;,
  3;197,258,225;,
  3;258,197,199;,
  3;265,203,227;,
  3;265,207,266;,
  3;207,265,227;,
  3;223,267,246;,
  3;267,223,263;,
  3;88,87,147;,
  3;83,82,85;,
  3;78,16,18;,
  3;16,78,74;,
  3;74,15,16;,
  3;15,74,76;,
  3;15,71,13;,
  3;71,15,76;,
  3;13,268,23;,
  3;268,13,71;,
  3;248,269,2;,
  3;2,269,0;,
  3;136,129,134;,
  3;129,136,131;,
  3;134,96,81;,
  3;96,134,129;,
  3;96,82,81;,
  3;93,96,94;,
  3;29,189,65;,
  3;205,215,246;,
  3;267,205,246;,
  3;205,267,206;,
  3;205,213,215;,
  3;187,188,270;,
  3;224,271,272;,
  3;222,221,208;,
  3;224,222,198;,
  3;272,273,262;,
  3;273,272,271;,
  3;263,274,275;,
  3;273,276,262;,
  3;277,271,278;,
  3;271,277,273;,
  3;222,272,262;,
  3;272,222,224;,
  3;222,208,198;,
  3;209,221,247;,
  3;221,209,208;,
  3;223,222,262;,
  3;266,206,279;,
  3;206,266,207;,
  3;206,280,279;,
  3;280,206,267;,
  3;280,263,275;,
  3;263,280,267;,
  3;264,262,276;,
  3;76,73,72;,
  3;138,281,140;,
  3;73,132,72;,
  3;132,73,151;,
  3;72,71,76;,
  3;271,226,278;,
  3;155,11,8;,
  3;276,277,282;,
  3;277,276,273;,
  3;274,276,282;,
  3;276,274,264;,
  3;28,141,26;,
  3;141,28,139;,
  3;139,132,138;,
  3;132,139,28;,
  3;132,281,138;,
  3;281,132,151;,
  3;281,148,283;,
