xof 0303txt 0032
template ColorRGBA {
 <35ff44e0-6c7c-11cf-8f52-0040333594a3>
 FLOAT red;
 FLOAT green;
 FLOAT blue;
 FLOAT alpha;
}

template ColorRGB {
 <d3e16e81-7835-11cf-8f52-0040333594a3>
 FLOAT red;
 FLOAT green;
 FLOAT blue;
}

template Material {
 <3d82ab4d-62da-11cf-ab39-0020af71e433>
 ColorRGBA faceColor;
 FLOAT power;
 ColorRGB specularColor;
 ColorRGB emissiveColor;
 [...]
}

template TextureFilename {
 <a42790e1-7810-11cf-8f52-0040333594a3>
 STRING filename;
}

template Frame {
 <3d82ab46-62da-11cf-ab39-0020af71e433>
 [...]
}

template Matrix4x4 {
 <f6f23f45-7686-11cf-8f52-0040333594a3>
 array FLOAT matrix[16];
}

template FrameTransformMatrix {
 <f6f23f41-7686-11cf-8f52-0040333594a3>
 Matrix4x4 frameMatrix;
}

template Vector {
 <3d82ab5e-62da-11cf-ab39-0020af71e433>
 FLOAT x;
 FLOAT y;
 FLOAT z;
}

template MeshFace {
 <3d82ab5f-62da-11cf-ab39-0020af71e433>
 DWORD nFaceVertexIndices;
 array DWORD faceVertexIndices[nFaceVertexIndices];
}

template Mesh {
 <3d82ab44-62da-11cf-ab39-0020af71e433>
 DWORD nVertices;
 array Vector vertices[nVertices];
 DWORD nFaces;
 array MeshFace faces[nFaces];
 [...]
}

template MeshMaterialList {
 <f6f23f42-7686-11cf-8f52-0040333594a3>
 DWORD nMaterials;
 DWORD nFaceIndexes;
 array DWORD faceIndexes[nFaceIndexes];
 [Material <3d82ab4d-62da-11cf-ab39-0020af71e433>]
}

template VertexElement {
 <f752461c-1e23-48f6-b9f8-8350850f336f>
 DWORD Type;
 DWORD Method;
 DWORD Usage;
 DWORD UsageIndex;
}

template DeclData {
 <bf22e553-292c-4781-9fea-62bd554bdd93>
 DWORD nElements;
 array VertexElement Elements[nElements];
 DWORD nDWords;
 array DWORD data[nDWords];
}

template XSkinMeshHeader {
 <3cf169ce-ff7c-44ab-93c0-f78f62d172e2>
 WORD nMaxSkinWeightsPerVertex;
 WORD nMaxSkinWeightsPerFace;
 WORD nBones;
}

template SkinWeights {
 <6f0d123b-bad2-4167-a0d0-80224f25fabb>
 STRING transformNodeName;
 DWORD nWeights;
 array DWORD vertexIndices[nWeights];
 array FLOAT weights[nWeights];
 Matrix4x4 matrixOffset;
}

template AnimTicksPerSecond {
 <9e415a43-7ba6-4a73-8743-b73d47e88476>
 DWORD AnimTicksPerSecond;
}

template Animation {
 <3d82ab4f-62da-11cf-ab39-0020af71e433>
 [...]
}

template AnimationSet {
 <3d82ab50-62da-11cf-ab39-0020af71e433>
 [Animation <3d82ab4f-62da-11cf-ab39-0020af71e433>]
}

template FloatKeys {
 <10dd46a9-775b-11cf-8f52-0040333594a3>
 DWORD nValues;
 array FLOAT values[nValues];
}

template TimedFloatKeys {
 <f406b180-7b3b-11cf-8f52-0040333594a3>
 DWORD time;
 FloatKeys tfkeys;
}

template AnimationKey {
 <10dd46a8-775b-11cf-8f52-0040333594a3>
 DWORD keyType;
 DWORD nKeys;
 array TimedFloatKeys keys[nKeys];
}


Material _02_-_Default {
 1.000000;1.000000;1.000000;1.000000;;
 9.999999;
 0.000000;0.000000;0.000000;;
 0.000000;0.000000;0.000000;;

 TextureFilename {
  "MaleBody_noTrans.png";
 }
}

Frame Dummy01 {
 

 FrameTransformMatrix {
  1.000000,0.000000,0.000000,0.000000,0.000000,-0.000000,-1.000000,0.000000,0.000000,1.000000,-0.000000,0.000000,0.000000,0.000000,0.000000,1.000000;;
 }

 Frame Bip01 {
  

  FrameTransformMatrix {
   -0.506866,0.861239,0.036820,0.000000,0.011092,-0.036193,0.999283,0.000000,0.861954,0.506911,0.008792,0.000000,0.007035,-0.016474,0.484587,1.000000;;
  }

  Frame Bip01_Pelvis {
   

   FrameTransformMatrix {
    -0.000000,0.999955,-0.009510,0.000000,-0.000001,0.009510,0.999955,0.000000,1.000000,0.000000,0.000001,0.000000,0.000000,0.000000,0.000000,1.000000;;
   }

   Frame Bip01_Spine {
    

    FrameTransformMatrix {
     0.975540,0.024213,0.218484,0.000000,-0.057898,0.987123,0.149118,0.000000,-0.212060,-0.158120,0.964380,0.000000,0.051649,0.000504,-0.000082,1.000000;;
    }

    Frame Bip01_Spine1 {
     

     FrameTransformMatrix {
      0.986087,0.020903,0.164910,0.000000,-0.011284,0.998191,-0.059054,0.000000,-0.165846,0.056372,0.984539,0.000000,0.106494,-0.000005,-0.000083,1.000000;;
     }

     Frame Bip01_Neck {
      

      FrameTransformMatrix {
       1.000000,0.000000,0.000000,0.000000,0.000000,1.000000,-0.000000,0.000000,0.000000,0.000000,1.000000,0.000000,0.130505,0.000000,0.004625,1.000000;;
      }

      Frame Bip01_Head {
       

       FrameTransformMatrix {
        0.988371,0.090529,-0.122181,0.000000,-0.144337,0.811383,-0.566414,0.000000,0.047859,0.577462,0.815014,0.000000,0.033674,0.000000,-0.000000,1.000000;;
       }

       Frame Bip01_HeadNub {
        

        FrameTransformMatrix {
         1.000000,0.000000,0.000000,0.000000,0.000000,1.000000,-0.000000,0.000000,0.000000,0.000000,1.000000,0.000000,0.169824,0.000000,-0.000000,1.000000;;
        }
       }
      }

      Frame Bip01_L_Clavicle {
       

       FrameTransformMatrix {
        -0.183300,0.982149,-0.042239,0.000000,0.983057,0.183096,-0.008684,0.000000,-0.000796,-0.043115,-0.999070,0.000000,-0.024025,0.015715,-0.004625,1.000000;;
       }

       Frame Bip01_L_UpperArm {
        

        FrameTransformMatrix {
         0.510571,-0.856353,-0.077308,0.000000,0.850967,0.516138,-0.097250,0.000000,0.123182,-0.016134,0.992253,0.000000,0.087086,0.000000,0.000000,1.000000;;
        }

        Frame Bip01_L_Forearm {
         

         FrameTransformMatrix {
          0.073681,0.000000,-0.997282,0.000000,0.000000,1.000000,0.000000,0.000000,0.997282,-0.000000,0.073681,0.000000,0.137062,0.000000,0.000000,1.000000;;
         }

         Frame Bip01_L_Hand {
          

          FrameTransformMatrix {
           0.998200,-0.029582,-0.052177,0.000000,-0.021396,-0.988303,0.150995,0.000000,-0.056033,-0.149607,-0.987157,0.000000,0.137062,-0.000000,0.000000,1.000000;;
          }

          Frame Bip01_L_Finger0 {
           

           FrameTransformMatrix {
            0.370242,-0.503806,0.780450,0.000000,0.794693,0.606833,0.014732,0.000000,-0.481025,0.614764,0.625046,0.000000,0.057681,-0.023605,-0.000272,1.000000;;
           }

           Frame Bip01_L_Finger0Nub {
            

            FrameTransformMatrix {
             1.000000,0.000000,-0.000000,0.000000,0.000000,1.000000,0.000000,0.000000,0.000000,0.000000,1.000000,0.000000,0.029435,0.000000,-0.000000,1.000000;;
            }
           }
          }

          Frame Bip01_L_Finger1 {
           

           FrameTransformMatrix {
            0.069697,-0.000794,0.997568,0.000000,0.000000,1.000000,0.000796,0.000000,-0.997568,-0.000056,0.069697,0.000000,0.084102,0.000000,0.000000,1.000000;;
           }

           Frame Bip01_L_Finger1Nub {
            

            FrameTransformMatrix {
             1.000000,0.000000,0.000000,0.000000,0.000000,1.000000,0.000000,0.000000,0.000000,0.000000,1.000000,0.000000,0.047988,0.000000,0.000000,1.000000;;
            }
           }
          }
         }
        }
       }
      }

      Frame Bip01_R_Clavicle {
       

       FrameTransformMatrix {
        -0.110877,-0.991390,-0.069660,0.000000,-0.993834,0.110549,0.008569,0.000000,-0.000794,0.070180,-0.997534,0.000000,-0.024025,-0.015715,-0.004625,1.000000;;
       }

       Frame Bip01_R_UpperArm {
        

        FrameTransformMatrix {
         0.651635,0.740172,0.165880,0.000000,-0.593849,0.361755,0.718663,0.000000,0.471927,-0.566814,0.675283,0.000000,0.087086,0.000000,-0.000000,1.000000;;
        }

        Frame Bip01_R_Forearm {
         

         FrameTransformMatrix {
          0.077695,0.000000,-0.996977,0.000000,0.000000,1.000000,0.000000,0.000000,0.996977,0.000000,0.077695,0.000000,0.137062,0.000000,-0.000000,1.000000;;
         }

         Frame Bip01_R_Hand {
          

          FrameTransformMatrix {
           0.980893,-0.122975,0.150752,0.000000,0.189688,0.432409,-0.881499,0.000000,0.043215,0.893252,0.447474,0.000000,0.137062,0.000000,0.000000,1.000000;;
          }

          Frame Bip01_R_Finger0 {
           

           FrameTransformMatrix {
            -0.119180,0.310912,0.942937,0.000000,-0.869175,0.426392,-0.250450,0.000000,-0.479928,-0.849426,0.219420,0.000000,0.057681,0.023605,-0.000272,1.000000;;
           }

           Frame Bip01_R_Finger0Nub {
            

            FrameTransformMatrix {
             -1.000000,0.000000,-0.000000,0.000000,0.000000,1.000000,-0.000000,0.000000,0.000000,-0.000000,-1.000000,0.000000,0.029435,0.000000,0.000000,1.000000;;
            }
           }
          }

          Frame Bip01_R_Finger1 {
           

           FrameTransformMatrix {
            0.224599,0.000776,0.974451,0.000000,0.000000,1.000000,-0.000796,0.000000,-0.974451,0.000179,0.224599,0.000000,0.084102,-0.000000,0.000000,1.000000;;
           }

           Frame Bip01_R_Finger1Nub {
            

            FrameTransformMatrix {
             -1.000000,0.000000,0.000000,0.000000,0.000000,1.000000,-0.000000,0.000000,-0.000000,0.000000,-1.000000,0.000000,0.047988,0.000000,0.000000,1.000000;;
            }
           }
          }
         }
        }
       }
      }
     }

     Frame Bip01_BackPack {
      

      FrameTransformMatrix {
       0.068803,-0.000002,-0.997630,0.000000,0.000003,1.000000,-0.000002,0.000000,0.997630,-0.000003,0.068803,0.000000,0.063696,-0.000000,-0.088851,1.000000;;
      }

      Frame Bip01_BackPackNub {
       

       FrameTransformMatrix {
        0.000796,0.000003,1.000000,0.000000,-0.000000,-1.000000,0.000003,0.000000,1.000000,-0.000000,-0.000796,0.000000,0.053240,-0.000000,0.000000,1.000000;;
       }
      }
     }
    }

    Frame Bip01_L_Thigh {
     

     FrameTransformMatrix {
      -0.848145,0.371821,0.377357,0.000000,-0.094243,-0.806849,0.583193,0.000000,0.521313,0.459069,0.719366,0.000000,-0.049043,0.057019,0.002379,1.000000;;
     }

     Frame Bip01_L_Calf {
      

      FrameTransformMatrix {
       0.891738,0.000000,-0.452552,0.000000,0.000000,1.000000,0.000000,0.000000,0.452552,0.000000,0.891738,0.000000,0.237500,-0.000000,0.000000,1.000000;;
      }

      Frame Bip01_L_Foot {
       

       FrameTransformMatrix {
        0.980497,0.162183,0.111003,0.000000,-0.164773,0.986225,0.014507,0.000000,-0.107121,-0.032514,0.993714,0.000000,0.206841,0.000000,-0.000000,1.000000;;
       }

       Frame Bip01_L_Toe0 {
        

        FrameTransformMatrix {
         -0.274764,-0.025160,0.961182,0.000000,0.058098,0.997397,0.042716,0.000000,-0.959755,0.067580,-0.272587,0.000000,0.065373,-0.000000,0.066450,1.000000;;
        }

        Frame Bip01_L_Toe0Nub {
         

         FrameTransformMatrix {
          -1.000000,-0.000000,-0.000000,0.000000,-0.000000,1.000000,-0.000000,0.000000,0.000000,-0.000000,-1.000000,0.000000,0.006735,0.000000,0.000000,1.000000;;
         }
        }
       }
      }
     }
    }

    Frame Bip01_R_Thigh {
     

     FrameTransformMatrix {
      -0.906819,-0.101598,0.409093,0.000000,0.163161,-0.979467,0.118422,0.000000,0.388662,0.174136,0.904776,0.000000,-0.051717,-0.052010,0.019843,1.000000;;
     }

     Frame Bip01_R_Calf {
      

      FrameTransformMatrix {
       0.830414,-0.000000,-0.557147,0.000000,0.000000,1.000000,-0.000000,0.000000,0.557147,0.000000,0.830414,0.000000,0.237500,-0.000000,0.000000,1.000000;;
      }

      Frame Bip01_R_Foot {
       

       FrameTransformMatrix {
        0.915039,-0.184887,0.358498,0.000000,0.228711,0.969901,-0.083562,0.000000,-0.332258,0.158455,0.929783,0.000000,0.206841,0.000000,-0.000000,1.000000;;
       }

       Frame Bip01_R_Toe0 {
        

        FrameTransformMatrix {
         0.793109,-0.384600,0.472293,0.000000,-0.009867,0.767207,0.641324,0.000000,-0.609000,-0.513300,0.604684,0.000000,0.065373,0.000000,0.066450,1.000000;;
        }

        Frame Bip01_R_Toe0Nub {
         

         FrameTransformMatrix {
          1.000000,-0.000000,0.000000,0.000000,0.000000,1.000000,-0.000000,0.000000,0.000000,-0.000000,1.000000,0.000000,0.006735,0.000000,0.000000,1.000000;;
         }
        }
       }
      }
     }
    }
   }

   Frame Bip01_DressFront {
    

    FrameTransformMatrix {
     -0.997354,-0.051360,-0.051450,0.000000,-0.051294,0.998680,-0.002606,0.000000,0.051516,0.000040,-0.998672,0.000000,-0.044009,0.001399,0.061087,1.000000;;
    }

    Frame Bip01_DressFront02 {
     

     FrameTransformMatrix {
      1.000000,0.000000,0.000000,0.000000,0.000000,1.000000,-0.000000,0.000000,-0.000000,0.000000,1.000000,0.000000,0.183324,0.000000,-0.000132,1.000000;;
     }

     Frame Bip01_DressFrontNub {
      

      FrameTransformMatrix {
       0.000796,0.000003,1.000000,0.000000,-0.000000,-1.000000,0.000003,0.000000,1.000000,0.000000,-0.000796,0.000000,0.165302,0.000000,0.000000,1.000000;;
      }
     }
    }
   }

   Frame Bip01_DressBack {
    

    FrameTransformMatrix {
     -0.996897,-0.075511,0.022223,0.000000,-0.074193,0.995718,0.055147,0.000000,-0.026292,0.053327,-0.998231,0.000000,-0.047729,-0.000007,-0.078279,1.000000;;
    }

    Frame Bip01_DressBack02 {
     

     FrameTransformMatrix {
      0.974078,0.000001,0.226213,0.000000,-0.000001,1.000000,-0.000000,0.000000,-0.226213,-0.000000,0.974078,0.000000,0.176183,-0.000000,-0.000106,1.000000;;
     }

     Frame Bip01_DressBackNub {
      

      FrameTransformMatrix {
       0.000796,0.000003,1.000000,0.000000,-0.000000,-1.000000,0.000003,0.000000,1.000000,0.000000,-0.000796,0.000000,0.136508,0.000000,0.000000,1.000000;;
      }
     }
    }
   }
  }

  Frame Bip01_Prop1 {
   

   FrameTransformMatrix {
    -0.742824,-0.200880,0.638638,0.000000,0.593371,0.244212,0.766988,0.000000,-0.310036,0.948687,-0.062210,0.000000,0.045146,-0.008415,-0.107078,1.000000;;
   }
  }

  Frame Bip01_Prop2 {
   

   FrameTransformMatrix {
    0.337755,-0.805624,-0.486715,0.000000,-0.797902,-0.519364,0.305963,0.000000,-0.499273,0.285010,-0.818227,0.000000,0.150739,0.057097,0.128406,1.000000;;
   }
  }
 }
}

Frame Translation_Data {
 

 FrameTransformMatrix {
  1.000000,0.000000,0.000000,0.000000,0.000000,-0.000000,-1.000000,0.000000,0.000000,1.000000,-0.000000,0.000000,0.000000,-0.000000,0.000000,1.000000;;
 }
}

Frame Body {
 

 FrameTransformMatrix {
  1.000000,0.000000,0.000000,0.000000,0.000000,1.000000,0.000000,0.000000,0.000000,0.000000,1.000000,0.000000,0.000000,0.000000,0.000000,1.000000;;
 }

 Mesh Body {
  617;
  0.021815;0.730305;-0.090792;,
  -0.009180;0.724523;-0.071276;,
  -0.008552;0.757632;-0.063440;,
  0.029942;0.709839;-0.093679;,
  0.035501;0.696329;-0.096014;,
  0.003738;0.657684;-0.083471;,
  -0.008122;0.689504;-0.080826;,
  0.050830;0.666972;-0.081985;,
  0.010567;0.787559;-0.040264;,
  0.067517;0.770565;-0.043017;,
  0.045120;0.766408;-0.060957;,
  0.044977;0.777583;-0.022339;,
  0.098654;0.534011;0.009628;,
  0.073727;0.542303;0.043727;,
  0.075359;0.527656;0.051334;,
  0.090408;0.545068;0.007318;,
  0.056288;0.545861;-0.036784;,
  0.078872;0.520207;-0.026256;,
  0.016569;0.541155;-0.047781;,
  0.052451;0.498611;-0.044596;,
  0.021751;0.488122;-0.039341;,
  -0.043883;0.656507;-0.056936;,
  -0.043160;0.691850;-0.059560;,
  0.037457;0.539858;0.066439;,
  0.039002;0.522629;0.072249;,
  0.079230;0.650281;0.020690;,
  0.037573;0.695111;0.050957;,
  0.040214;0.653950;0.055157;,
  0.080586;0.693820;0.013311;,
  0.050157;0.460188;-0.063034;,
  0.111001;0.366503;-0.081955;,
  0.069432;0.373125;-0.103946;,
  0.091511;0.452301;-0.036074;,
  0.079171;0.281730;-0.142401;,
  0.113075;0.275091;-0.103030;,
  0.009114;0.448922;-0.040938;,
  0.043076;0.330451;-0.006993;,
  0.051074;0.420488;0.065207;,
  0.026071;0.356788;-0.076192;,
  0.064572;0.261022;-0.060709;,
  0.056932;0.266761;-0.101282;,
  0.120401;0.344319;-0.021831;,
  0.101704;0.418526;0.012671;,
  0.104365;0.269329;-0.064162;,
  0.140104;-0.001473;-0.079981;,
  0.103051;-0.002980;-0.032475;,
  0.095109;-0.001671;-0.080626;,
  0.137842;-0.002763;-0.034618;,
  0.091779;0.218942;-0.120240;,
  0.133260;0.148868;-0.090050;,
  0.101728;0.145632;-0.116049;,
  0.125395;0.223039;-0.094390;,
  0.137089;0.068916;-0.083301;,
  0.115059;0.067448;-0.110306;,
  0.055665;0.195837;-0.092556;,
  0.074790;0.149158;-0.046602;,
  0.059428;0.212827;-0.039604;,
  0.075090;0.139796;-0.088392;,
  0.105346;0.076422;-0.057525;,
  0.100597;0.059824;-0.084427;,
  0.136181;0.156489;-0.052379;,
  0.129308;0.230413;-0.045659;,
  0.128808;0.083658;-0.059598;,
  0.086668;0.491294;-0.026080;,
  -0.019659;0.480130;-0.029113;,
  0.009114;0.448922;-0.040938;,
  -0.012661;0.445146;-0.018468;,
  0.115690;0.484069;0.019627;,
  0.084736;0.480955;0.065605;,
  0.105101;0.432045;0.018639;,
  0.073530;0.430464;0.055337;,
  0.075655;0.599510;0.027144;,
  0.093919;0.643843;-0.011840;,
  0.092370;0.644689;-0.032830;,
  0.049265;0.590140;-0.046840;,
  0.054907;0.637008;-0.070649;,
  0.085745;0.595165;-0.012021;,
  0.006520;0.628716;-0.076828;,
  0.013790;0.582514;-0.055072;,
  -0.041393;0.632250;-0.048846;,
  -0.027547;0.578624;-0.028472;,
  0.072978;0.696095;-0.118612;,
  0.099756;0.653131;-0.120005;,
  0.033340;0.691564;-0.082502;,
  0.088153;0.600570;-0.074857;,
  0.056523;0.634647;-0.082868;,
  0.123156;0.613461;-0.105875;,
  0.070817;0.696250;-0.034696;,
  0.056523;0.634647;-0.082868;,
  0.094017;0.650886;-0.030945;,
  0.116856;0.589568;-0.043203;,
  0.088153;0.600570;-0.074857;,
  0.080866;0.701433;-0.033926;,
  0.137263;0.669699;-0.068089;,
  0.110219;0.711397;-0.066385;,
  0.151782;0.602175;-0.074181;,
  0.094551;0.706193;-0.100478;,
  0.113034;0.622291;-0.119366;,
  0.045710;0.582479;-0.133371;,
  0.070116;0.607921;-0.083984;,
  0.074191;0.592966;-0.154016;,
  0.034336;0.564222;-0.170172;,
  0.045252;0.564313;-0.183707;,
  0.070116;0.607921;-0.083984;,
  0.079384;0.537245;-0.123686;,
  0.101588;0.556347;-0.065874;,
  0.045710;0.582479;-0.133371;,
  0.043839;0.537075;-0.157997;,
  0.034336;0.564222;-0.170172;,
  0.101202;0.545720;-0.139377;,
  0.144233;0.570780;-0.101042;,
  0.060301;0.533192;-0.174046;,
  -0.026844;0.562847;-0.251895;,
  -0.019424;0.536873;-0.201626;,
  -0.007809;0.562216;-0.240888;,
  -0.037946;0.537705;-0.212912;,
  0.015362;0.567628;-0.248066;,
  0.007580;0.555303;-0.256311;,
  0.004942;0.564081;-0.250223;,
  0.020688;0.562300;-0.256974;,
  0.000169;0.553497;-0.176472;,
  0.019170;0.542501;-0.232714;,
  -0.019745;0.531217;-0.198897;,
  0.029575;0.569389;-0.213281;,
  -0.016770;0.512197;-0.204142;,
  0.017331;0.519812;-0.174992;,
  0.049127;0.535844;-0.212861;,
  0.021252;0.522993;-0.236123;,
  0.072258;0.760313;-0.074833;,
  0.060629;0.752366;-0.101196;,
  0.045120;0.766408;-0.060957;,
  0.030720;0.755418;-0.079038;,
  0.099697;0.691456;-0.022652;,
  0.004717;0.773241;-0.064167;,
  0.047040;0.730180;-0.109651;,
  0.029942;0.709839;-0.093679;,
  0.021815;0.730305;-0.090792;,
  0.049499;0.707159;-0.102204;,
  0.090975;0.732654;-0.039233;,
  0.071577;0.731901;-0.001309;,
  0.090253;0.735274;-0.044557;,
  0.027455;0.729974;0.036479;,
  0.004470;0.773360;0.001893;,
  0.067517;0.770565;-0.043017;,
  0.090253;0.735274;-0.044557;,
  0.053177;0.697928;-0.071201;,
  0.086367;0.723264;-0.049384;,
  0.033340;0.691564;-0.082502;,
  0.083311;0.679797;-0.047712;,
  0.058257;0.667722;-0.069220;,
  0.035501;0.696329;-0.096014;,
  0.096411;0.686560;-0.039409;,
  0.029575;0.569389;-0.213281;,
  0.002858;0.802248;-0.052179;,
  0.001316;0.808609;-0.031076;,
  -0.010752;0.791882;-0.020496;,
  -0.019450;0.812588;-0.015813;,
  0.021252;0.522993;-0.236123;,
  -0.026844;0.562847;-0.251895;,
  -0.037946;0.537705;-0.212912;,
  0.026442;0.565579;-0.231596;,
  0.032934;0.548330;-0.249798;,
  0.026442;0.565579;-0.231596;,
  0.011817;0.555945;-0.234774;,
  0.017347;0.533662;-0.243644;,
  0.017347;0.533662;-0.243644;,
  0.015362;0.567628;-0.248066;,
  0.020688;0.562300;-0.256974;,
  0.007580;0.555303;-0.256311;,
  0.142074;0.022185;-0.156455;,
  0.109563;0.001518;-0.200051;,
  0.108536;0.019897;-0.192277;,
  0.147349;0.000789;-0.164536;,
  0.098560;0.030665;-0.042022;,
  0.095109;-0.001671;-0.080626;,
  0.103051;-0.002980;-0.032475;,
  0.093471;0.023332;-0.082436;,
  0.105346;0.076422;-0.057525;,
  0.139994;0.033976;-0.044710;,
  0.128808;0.083658;-0.059598;,
  0.140104;-0.001473;-0.079981;,
  0.137842;-0.002763;-0.034618;,
  0.140934;0.033531;-0.081608;,
  0.115059;0.067448;-0.110306;,
  0.137089;0.068916;-0.083301;,
  0.081665;0.016415;-0.180440;,
  0.075238;0.001030;-0.187735;,
  0.147349;0.000789;-0.164536;,
  0.075238;0.001030;-0.187735;,
  0.026071;0.356788;-0.076192;,
  0.056932;0.266761;-0.101282;,
  0.055665;0.195837;-0.092556;,
  0.075090;0.139796;-0.088392;,
  0.100597;0.059824;-0.084427;,
  0.100597;0.059824;-0.084427;,
  0.012884;0.430787;0.024486;,
  0.013260;0.804949;-0.059816;,
  -0.003896;0.791428;-0.075532;,
  0.004840;0.797928;-0.078265;,
  -0.009649;0.795350;-0.064162;,
  0.004928;0.827428;-0.039733;,
  -0.003340;0.840310;-0.021073;,
  -0.017205;0.938456;-0.094074;,
  -0.036562;0.925689;-0.119469;,
  -0.037013;0.942407;-0.094742;,
  -0.000859;0.865377;-0.129296;,
  -0.017757;0.862701;-0.135623;,
  -0.005388;0.894553;-0.125979;,
  0.010129;0.817501;-0.085002;,
  0.017755;0.832982;-0.060769;,
  0.011331;0.817529;-0.052968;,
  0.017790;0.870394;-0.049624;,
  0.018042;0.876470;-0.073395;,
  0.007754;0.904530;-0.111059;,
  0.016260;0.911640;-0.085422;,
  0.014027;0.867494;-0.098807;,
  0.015019;0.876816;-0.034345;,
  0.003879;0.888034;-0.015684;,
  -0.035284;0.889714;-0.004769;,
  -0.003714;0.931620;-0.035556;,
  -0.036646;0.934300;-0.025745;,
  0.015168;0.845353;-0.093909;,
  0.001106;0.805382;-0.096966;,
  0.000966;0.835908;-0.115964;,
  -0.012663;0.778739;-0.104282;,
  -0.032032;0.774730;-0.091818;,
  -0.032023;0.773131;-0.112898;,
  -0.010477;0.914989;-0.120615;,
  0.002769;0.928974;-0.091956;,
  0.011565;0.926209;-0.053729;,
  -0.002447;0.941404;-0.065332;,
  -0.019857;0.947409;-0.059960;,
  -0.037156;0.949502;-0.058020;,
  -0.034111;0.849860;-0.009712;,
  0.011565;0.926209;-0.053729;,
  -0.002447;0.941404;-0.065332;,
  0.023932;0.835718;-0.061864;,
  0.028057;0.883101;-0.060078;,
  0.033648;0.865938;-0.048778;,
  0.021512;0.863690;-0.061891;,
  0.033648;0.865938;-0.048778;,
  0.023932;0.835718;-0.061864;,
  0.028057;0.883101;-0.060078;,
  0.018042;0.876470;-0.073395;,
  0.019286;0.851458;-0.075884;,
  0.017755;0.832982;-0.060769;,
  0.000020;0.857818;-0.119763;,
  0.019286;0.851458;-0.075884;,
  0.004717;0.773241;-0.064167;,
  0.002858;0.802248;-0.052179;,
  0.030720;0.755418;-0.079038;,
  0.004928;0.827428;-0.039733;,
  -0.040535;0.742971;-0.058952;,
  -0.040523;0.718752;-0.057491;,
  -0.022031;0.538611;-0.027780;,
  0.048384;0.477562;0.086587;,
  0.046744;0.443536;0.082567;,
  0.024778;0.410742;0.054250;,
  -0.040832;0.778004;-0.072766;,
  0.012884;0.430787;0.024486;,
  -0.019857;0.947409;-0.059960;,
  -0.037156;0.949502;-0.058020;,
  -0.012962;0.808984;-0.114719;,
  -0.021146;0.830031;-0.125294;,
  -0.020669;0.820481;-0.123954;,
  -0.036245;0.914339;-0.130007;,
  -0.035560;0.890674;-0.139329;,
  -0.019604;0.855352;-0.125037;,
  0.039266;0.600627;0.057607;,
  0.030720;0.755418;-0.079038;,
  0.109563;0.001518;-0.200051;,
  -0.020945;0.799146;-0.119929;,
  -0.013363;0.802514;-0.113411;,
  -0.021283;0.804465;-0.117150;,
  -0.033393;0.818327;-0.128708;,
  -0.033617;0.825232;-0.139337;,
  -0.021637;0.807558;-0.122534;,
  -0.032957;0.804332;-0.117688;,
  -0.032740;0.796727;-0.122346;,
  -0.034655;0.860027;-0.141950;,
  -0.034389;0.851385;-0.136594;,
  0.086367;0.723264;-0.049384;,
  -0.033043;0.806699;-0.126212;,
  0.058278;0.705902;-0.056469;,
  0.053177;0.697928;-0.071201;,
  0.035501;0.696329;-0.096014;,
  0.015019;0.876816;-0.034345;,
  0.091779;0.218942;-0.120240;,
  0.039642;0.134902;-0.083995;,
  0.023787;0.211173;-0.085807;,
  0.101728;0.145632;-0.116049;,
  0.079171;0.281730;-0.142401;,
  0.022620;0.274019;-0.099907;,
  0.069432;0.373125;-0.103946;,
  0.006600;0.362836;-0.073467;,
  0.050157;0.460188;-0.063034;,
  -0.002189;0.448357;-0.057093;,
  0.021751;0.488122;-0.039341;,
  0.044717;0.062347;-0.084500;,
  0.115059;0.067448;-0.110306;,
  0.081616;0.140081;-0.012119;,
  0.047368;0.063944;0.110227;,
  0.094510;0.071081;-0.010239;,
  0.041430;0.135512;0.095251;,
  0.031106;0.199949;0.073652;,
  0.065122;0.212140;-0.026139;,
  0.030321;0.258762;0.073989;,
  0.060956;0.253542;-0.031175;,
  0.043967;0.325496;0.007096;,
  0.032884;0.338268;0.066543;,
  0.046368;0.415783;0.083410;,
  0.058278;0.705902;-0.056469;,
  -0.091472;0.737923;-0.009366;,
  -0.063203;0.726836;-0.032472;,
  -0.098571;0.717895;-0.001265;,
  -0.054118;0.759583;-0.030710;,
  -0.101148;0.701852;0.003756;,
  -0.083068;0.661427;-0.019360;,
  -0.094868;0.673253;0.025621;,
  -0.074553;0.692347;-0.033109;,
  -0.036568;0.789577;-0.006407;,
  -0.059243;0.777390;0.046639;,
  -0.031098;0.780839;0.032304;,
  -0.068790;0.774106;0.017813;,
  -0.045044;0.530962;0.094069;,
  0.001231;0.541635;0.089336;,
  -0.038939;0.543878;0.088695;,
  0.002904;0.526118;0.093911;,
  -0.064114;0.544752;0.038965;,
  -0.066329;0.517126;0.059068;,
  -0.056814;0.540480;-0.001614;,
  -0.068520;0.495694;0.025260;,
  -0.048975;0.486621;0.002219;,
  0.037457;0.539858;0.066439;,
  0.039002;0.522629;0.072249;,
  -0.003379;0.653875;0.083880;,
  0.037573;0.695111;0.050957;,
  -0.011015;0.697769;0.080962;,
  0.040214;0.653950;0.055157;,
  -0.069209;0.451362;0.004810;,
  -0.117928;0.355854;0.039269;,
  -0.081724;0.447755;0.053806;,
  -0.098303;0.358107;-0.003920;,
  -0.121783;0.259718;-0.015282;,
  -0.124792;0.262377;0.036455;,
  -0.018710;0.441832;-0.000980;,
  -0.016096;0.330942;0.062562;,
  -0.045794;0.345592;-0.005810;,
  0.030205;0.420045;0.077470;,
  -0.059715;0.256289;0.041920;,
  -0.078204;0.253212;0.005313;,
  -0.087884;0.343716;0.095352;,
  -0.051440;0.419828;0.100520;,
  -0.094304;0.264645;0.061874;,
  -0.098284;-0.001503;0.121538;,
  -0.038773;-0.001072;0.131044;,
  -0.065687;-0.001526;0.153192;,
  -0.065808;-0.000927;0.090394;,
  -0.110236;0.203140;0.023575;,
  -0.114796;0.145473;0.088353;,
  -0.121880;0.215290;0.062714;,
  -0.105008;0.134178;0.050179;,
  -0.101680;0.069980;0.115277;,
  -0.101487;0.063088;0.081369;,
  -0.061878;0.187366;0.027707;,
  -0.042756;0.155780;0.085093;,
  -0.066626;0.135300;0.056025;,
  -0.035637;0.218378;0.065870;,
  -0.061897;0.081807;0.113190;,
  -0.074337;0.060337;0.090875;,
  -0.095676;0.163251;0.116709;,
  -0.096895;0.235906;0.100065;,
  -0.082017;0.088778;0.125387;,
  -0.069054;0.487989;0.065426;,
  -0.018710;0.441832;-0.000980;,
  -0.043019;0.480701;0.112889;,
  0.012281;0.479417;0.108182;,
  -0.044529;0.431908;0.105259;,
  0.006813;0.431833;0.101482;,
  0.000273;0.602279;0.084649;,
  -0.038952;0.649624;0.089798;,
  -0.058728;0.651263;0.082750;,
  -0.064811;0.594331;0.040183;,
  -0.040425;0.599800;0.084228;,
  -0.085917;0.643135;0.037073;,
  -0.079806;0.632472;-0.010793;,
  -0.063868;0.585367;0.004170;,
  -0.121651;0.698124;0.030599;,
  -0.068028;0.701832;0.033140;,
  -0.138331;0.667093;0.066983;,
  -0.095392;0.640565;0.115850;,
  -0.143275;0.645286;0.109648;,
  -0.079600;0.658540;0.075199;,
  -0.068721;0.736907;0.082951;,
  -0.079171;0.705393;0.121783;,
  -0.079600;0.658540;0.075199;,
  -0.097211;0.652766;0.158282;,
  -0.095392;0.640565;0.115850;,
  -0.076735;0.744037;0.086606;,
  -0.137955;0.714226;0.113404;,
  -0.120726;0.744259;0.077708;,
  -0.144976;0.657245;0.152205;,
  -0.128666;0.720246;0.049508;,
  -0.144664;0.644036;0.090733;,
  -0.095821;0.587642;0.063386;,
  -0.131973;0.593639;0.061263;,
  -0.087746;0.638220;0.095923;,
  -0.096572;0.548626;0.046175;,
  -0.122984;0.549348;0.039184;,
  -0.087746;0.638220;0.095923;,
  -0.110868;0.561662;0.112095;,
  -0.095821;0.587642;0.063386;,
  -0.095167;0.610266;0.151978;,
  -0.113159;0.531719;0.076970;,
  -0.096572;0.548626;0.046175;,
  -0.138538;0.566690;0.110323;,
  -0.151747;0.616170;0.146737;,
  -0.128526;0.530221;0.071082;,
  -0.078794;0.445103;0.007716;,
  -0.115387;0.466219;0.046079;,
  -0.113534;0.445352;0.040397;,
  -0.080338;0.466385;0.013060;,
  -0.075790;0.501616;0.017355;,
  -0.076558;0.487967;0.007682;,
  -0.072831;0.502278;0.006089;,
  -0.075415;0.490450;0.018341;,
  -0.110267;0.498763;0.066940;,
  -0.102285;0.497369;0.007111;,
  -0.083181;0.516326;0.029124;,
  -0.124059;0.470402;0.046909;,
  -0.140323;0.469446;0.035390;,
  -0.142558;0.511719;0.052079;,
  -0.114988;0.531205;0.012553;,
  -0.119610;0.496112;-0.002623;,
  -0.088685;0.773799;0.040576;,
  -0.110810;0.766619;0.021770;,
  -0.068790;0.774106;0.017813;,
  -0.080594;0.763356;0.000860;,
  -0.051068;0.697956;0.088695;,
  -0.058142;0.775932;-0.019016;,
  -0.116437;0.742483;0.007460;,
  -0.098571;0.717895;-0.001265;,
  -0.106148;0.715749;0.016946;,
  -0.091472;0.737923;-0.009366;,
  -0.066377;0.742969;0.074019;,
  -0.071342;0.746113;0.071498;,
  -0.022221;0.735916;0.066064;,
  0.027455;0.729974;0.036479;,
  0.004470;0.773360;0.001893;,
  -0.059243;0.777390;0.046639;,
  -0.071342;0.746113;0.071498;,
  -0.084367;0.705096;0.028946;,
  -0.068028;0.701832;0.033140;,
  -0.074430;0.734091;0.067201;,
  -0.070892;0.686445;0.066175;,
  -0.084815;0.673889;0.036447;,
  -0.101148;0.701852;0.003756;,
  -0.066393;0.693579;0.080829;,
  -0.083181;0.516326;0.029124;,
  -0.060242;0.802653;-0.029544;,
  -0.045366;0.808909;-0.014330;,
  -0.010752;0.791882;-0.020496;,
  -0.019450;0.812588;-0.015813;,
  -0.119610;0.496112;-0.002623;,
  -0.078794;0.445103;0.007716;,
  -0.113534;0.445352;0.040397;,
  -0.090760;0.514302;0.020984;,
  -0.088342;0.509215;-0.004299;,
  -0.090760;0.514302;0.020984;,
  -0.093071;0.496745;0.019191;,
  -0.100917;0.490858;-0.003382;,
  -0.100917;0.490858;-0.003382;,
  -0.075790;0.501616;0.017355;,
  -0.072831;0.502278;0.006089;,
  -0.076558;0.487967;0.007682;,
  -0.152562;0.020038;0.066750;,
  -0.157835;-0.001225;0.012854;,
  -0.161255;-0.001658;0.064601;,
  -0.152363;0.017373;0.017699;,
  -0.043046;0.032376;0.120735;,
  -0.065808;-0.000927;0.090394;,
  -0.066626;0.024043;0.087758;,
  -0.038773;-0.001072;0.131044;,
  -0.061897;0.081807;0.113190;,
  -0.075286;0.034884;0.146990;,
  -0.082017;0.088778;0.125387;,
  -0.098284;-0.001503;0.121538;,
  -0.101096;0.033424;0.120641;,
  -0.065687;-0.001526;0.153192;,
  -0.101487;0.063088;0.081369;,
  -0.101680;0.069980;0.115277;,
  -0.124537;0.014686;0.008066;,
  -0.124325;-0.000775;-0.001531;,
  -0.161255;-0.001658;0.064601;,
  -0.124325;-0.000775;-0.001531;,
  -0.045794;0.345592;-0.005810;,
  -0.078204;0.253212;0.005313;,
  -0.061878;0.187366;0.027707;,
  -0.066626;0.135300;0.056025;,
  -0.074337;0.060337;0.090875;,
  -0.074337;0.060337;0.090875;,
  -0.078918;0.802213;-0.059647;,
  -0.061048;0.789732;-0.075427;,
  -0.058528;0.795664;-0.046628;,
  -0.070164;0.795702;-0.078127;,
  -0.071860;0.825149;-0.039593;,
  -0.064302;0.838501;-0.020961;,
  -0.056549;0.937288;-0.094002;,
  -0.037013;0.942407;-0.094742;,
  -0.068662;0.863364;-0.129172;,
  -0.065859;0.892758;-0.125868;,
  -0.051659;0.861695;-0.135561;,
  -0.076629;0.814927;-0.084842;,
  -0.085071;0.829931;-0.060580;,
  -0.077713;0.814886;-0.052805;,
  -0.087284;0.867275;-0.049431;,
  -0.087983;0.873324;-0.073200;,
  -0.079515;0.901940;-0.110898;,
  -0.083536;0.864599;-0.098628;,
  -0.088333;0.908536;-0.085230;,
  -0.084842;0.873853;-0.034162;,
  -0.074319;0.885713;-0.015541;,
  -0.035284;0.889714;-0.004769;,
  -0.069397;0.929671;-0.035435;,
  -0.036646;0.934300;-0.025745;,
  -0.083343;0.842430;-0.093728;,
  -0.068687;0.833840;-0.115836;,
  -0.066947;0.803363;-0.096841;,
  -0.051650;0.777582;-0.104211;,
  -0.061971;0.913461;-0.120520;,
  -0.075919;0.926639;-0.091812;,
  -0.084395;0.923361;-0.053553;,
  -0.071351;0.939359;-0.065206;,
  -0.037156;0.949502;-0.058020;,
  -0.054308;0.946386;-0.059897;,
  -0.034111;0.849860;-0.009712;,
  -0.084395;0.923361;-0.053553;,
  -0.071351;0.939359;-0.065206;,
  -0.091403;0.832296;-0.061653;,
  -0.098324;0.879350;-0.059846;,
  -0.090646;0.860361;-0.061685;,
  -0.102846;0.861887;-0.048528;,
  -0.102846;0.861887;-0.048528;,
  -0.091403;0.832296;-0.061653;,
  -0.098324;0.879350;-0.059846;,
  -0.087983;0.873324;-0.073200;,
  -0.087751;0.848281;-0.075688;,
  -0.085071;0.829931;-0.060580;,
  -0.069057;0.855768;-0.119636;,
  -0.087751;0.848281;-0.075688;,
  -0.058142;0.775932;-0.019016;,
  -0.060242;0.802653;-0.029544;,
  -0.080594;0.763356;0.000860;,
  -0.071860;0.825149;-0.039593;,
  0.048384;0.477562;0.086587;,
  0.046744;0.443536;0.082567;,
  0.024778;0.410742;0.054250;,
  0.012884;0.430787;0.024486;,
  -0.054308;0.946386;-0.059897;,
  -0.037156;0.949502;-0.058020;,
  -0.053182;0.807790;-0.114645;,
  -0.046300;0.829284;-0.125248;,
  -0.046205;0.819723;-0.123908;,
  -0.049340;0.854470;-0.124983;,
  0.039266;0.600627;0.057607;,
  -0.080594;0.763356;0.000860;,
  -0.157835;-0.001225;0.012854;,
  -0.052394;0.801356;-0.113340;,
  -0.044649;0.798443;-0.119886;,
  -0.044617;0.803773;-0.117107;,
  -0.044467;0.806881;-0.122492;,
  -0.074430;0.734091;0.067201;,
  -0.071567;0.713339;0.038844;,
  -0.084367;0.705096;0.028946;,
  -0.101148;0.701852;0.003756;,
  -0.084842;0.873853;-0.034162;,
  -0.063526;0.200623;-0.011249;,
  -0.019212;0.129608;-0.039845;,
  -0.067965;0.126954;0.009893;,
  -0.020255;0.206935;-0.044630;,
  -0.072434;0.262232;-0.026640;,
  -0.025359;0.264686;-0.047490;,
  -0.047292;0.354110;-0.025840;,
  -0.021290;0.353980;-0.040952;,
  -0.032493;0.441612;-0.027387;,
  -0.019723;0.438977;-0.039235;,
  -0.019659;0.480130;-0.029113;,
  -0.048975;0.486622;0.002219;,
  -0.019984;0.063498;-0.039197;,
  -0.069418;0.056261;0.023008;,
  -0.019013;0.082436;0.132399;,
  -0.095676;0.163251;0.116709;,
  -0.082005;0.088778;0.125380;,
  -0.024999;0.153486;0.108062;,
  -0.096895;0.235906;0.100065;,
  -0.034558;0.220079;0.083092;,
  -0.036623;0.256556;0.066711;,
  -0.094304;0.264645;0.061874;,
  -0.087884;0.343716;0.095352;,
  -0.006883;0.326984;0.076907;,
  0.046744;0.443536;0.082567;,
  0.006813;0.431833;0.101482;,
  -0.071567;0.713339;0.038844;,
  -0.069209;0.451362;0.004810;,
  -0.098303;0.358107;-0.003920;,
  -0.121783;0.259718;-0.015282;,
  -0.110236;0.203140;0.023575;,
  -0.105008;0.134178;0.050179;,
  -0.101487;0.063088;0.081369;,
  0.120401;0.344320;-0.021831;,
  0.073530;0.430464;0.055337;,
  0.101704;0.418526;0.012671;,
  0.104365;0.269329;-0.064162;,
  0.129308;0.230413;-0.045659;,
  0.136181;0.156489;-0.052379;,
  0.128808;0.083658;-0.059598;,
  -0.051440;0.419828;0.100520;;
  916;
  3;0,1,2;,
  3;1,0,3;,
  3;4,5,6;,
  3;5,4,7;,
  3;8,9,10;,
  3;9,8,11;,
  3;12,13,14;,
  3;13,12,15;,
  3;16,12,17;,
  3;12,16,15;,
  3;18,19,20;,
  3;19,18,16;,
  3;6,21,22;,
  3;21,6,5;,
  3;14,23,24;,
  3;23,14,13;,
  3;25,26,27;,
  3;26,25,28;,
  3;29,30,31;,
  3;30,29,32;,
  3;30,33,31;,
  3;33,30,34;,
  3;35,36,37;,
  3;36,35,38;,
  3;38,39,36;,
  3;39,38,40;,
  3;37,41,42;,
  3;41,37,36;,
  3;36,43,41;,
  3;43,36,39;,
  3;42,30,32;,
  3;30,42,41;,
  3;41,34,30;,
  3;34,41,43;,
  3;44,45,46;,
  3;45,44,47;,
  3;48,49,50;,
  3;49,48,51;,
  3;50,52,53;,
  3;52,50,49;,
  3;54,55,56;,
  3;55,54,57;,
  3;57,58,55;,
  3;58,57,59;,
  3;56,60,61;,
  3;60,56,55;,
  3;55,62,60;,
  3;62,55,58;,
  3;61,49,51;,
  3;49,61,60;,
  3;60,52,49;,
  3;52,60,62;,
  3;32,19,63;,
  3;19,32,29;,
  3;64,65,66;,
  3;65,64,20;,
  3;14,67,12;,
  3;67,14,68;,
  3;68,69,67;,
  3;69,68,70;,
  3;70,42,69;,
  3;42,70,37;,
  3;48,34,51;,
  3;34,48,33;,
  3;51,43,61;,
  3;43,51,34;,
  3;43,56,61;,
  3;56,43,39;,
  3;39,54,56;,
  3;54,39,40;,
  3;12,63,17;,
  3;63,12,67;,
  3;67,32,63;,
  3;32,67,69;,
  3;69,42,32;,
  3;71,72,25;,
  3;73,74,75;,
  3;74,73,76;,
  3;74,77,75;,
  3;77,74,78;,
  3;79,78,80;,
  3;78,79,77;,
  3;81,82,83;,
  3;82,84,85;,
  3;84,82,86;,
  3;87,88,89;,
  3;88,90,89;,
  3;90,88,91;,
  3;92,93,94;,
  3;92,89,93;,
  3;92,87,89;,
  3;89,95,93;,
  3;95,89,90;,
  3;96,93,82;,
  3;93,86,82;,
  3;86,93,95;,
  3;97,98,99;,
  3;98,97,100;,
  3;100,101,98;,
  3;101,100,102;,
  3;103,104,105;,
  3;104,103,106;,
  3;106,107,104;,
  3;107,106,108;,
  3;105,109,110;,
  3;109,105,104;,
  3;104,111,109;,
  3;111,104,107;,
  3;110,100,97;,
  3;100,110,109;,
  3;109,102,100;,
  3;102,109,111;,
  3;112,113,114;,
  3;113,112,115;,
  3;116,117,118;,
  3;117,116,119;,
  3;120,121,122;,
  3;121,120,123;,
  3;120,124,125;,
  3;124,120,122;,
  3;126,124,127;,
  3;124,126,125;,
  3;95,97,86;,
  3;97,95,110;,
  3;86,99,84;,
  3;99,86,97;,
  3;90,103,105;,
  3;103,90,91;,
  3;105,95,90;,
  3;95,105,110;,
  3;128,96,129;,
  3;96,128,94;,
  3;129,130,128;,
  3;130,129,131;,
  3;72,28,25;,
  3;28,72,132;,
  3;10,133,8;,
  3;134,135,136;,
  3;135,134,137;,
  3;81,137,134;,
  3;138,11,139;,
  3;138,9,11;,
  3;138,140,9;,
  3;141,11,142;,
  3;11,141,139;,
  3;128,130,143;,
  3;94,144,92;,
  3;94,143,144;,
  3;94,128,143;,
  3;145,87,146;,
  3;87,145,147;,
  3;75,148,73;,
  3;148,75,149;,
  3;150,147,145;,
  3;7,149,75;,
  3;148,151,73;,
  3;102,152,101;,
  3;152,102,126;,
  3;102,125,126;,
  3;125,102,111;,
  3;111,120,125;,
  3;120,111,107;,
  3;120,108,123;,
  3;108,120,107;,
  3;8,153,154;,
  3;153,8,133;,
  3;154,155,8;,
  3;155,154,156;,
  3;122,114,113;,
  3;114,122,121;,
  3;121,112,114;,
  3;112,121,157;,
  3;158,124,159;,
  3;124,158,127;,
  3;159,122,113;,
  3;122,159,124;,
  3;126,160,152;,
  3;160,126,161;,
  3;162,121,123;,
  3;121,162,163;,
  3;121,164,157;,
  3;164,121,163;,
  3;165,126,127;,
  3;126,165,161;,
  3;161,166,160;,
  3;166,161,167;,
  3;162,118,163;,
  3;118,162,116;,
  3;163,117,164;,
  3;117,163,118;,
  3;165,167,161;,
  3;167,165,168;,
  3;169,170,171;,
  3;170,169,172;,
  3;173,174,175;,
  3;174,173,176;,
  3;177,178,179;,
  3;178,177,173;,
  3;180,178,181;,
  3;178,180,182;,
  3;183,169,171;,
  3;169,183,184;,
  3;174,185,186;,
  3;185,174,176;,
  3;46,187,44;,
  3;187,46,188;,
  3;180,169,182;,
  3;169,180,172;,
  3;20,29,65;,
  3;19,29,20;,
  3;29,31,189;,
  3;31,190,189;,
  3;190,31,33;,
  3;33,191,190;,
  3;191,33,48;,
  3;191,50,192;,
  3;50,191,48;,
  3;192,53,193;,
  3;53,192,50;,
  3;194,171,185;,
  3;171,194,183;,
  3;171,186,185;,
  3;186,171,170;,
  3;185,176,194;,
  3;194,173,177;,
  3;173,194,176;,
  3;178,175,181;,
  3;175,178,173;,
  3;179,182,184;,
  3;182,179,178;,
  3;182,169,184;,
  3;16,17,19;,
  3;17,63,19;,
  3;65,195,66;,
  3;196,197,198;,
  3;197,196,199;,
  3;200,154,153;,
  3;154,200,201;,
  3;202,203,204;,
  3;205,206,207;,
  3;196,208,209;,
  3;208,196,198;,
  3;210,209,211;,
  3;209,210,196;,
  3;212,213,214;,
  3;213,212,215;,
  3;212,214,211;,
  3;201,216,217;,
  3;216,201,200;,
  3;218,219,220;,
  3;219,218,217;,
  3;210,199,196;,
  3;213,205,207;,
  3;221,222,223;,
  3;198,197,224;,
  3;224,225,226;,
  3;225,224,197;,
  3;227,213,207;,
  3;228,229,214;,
  3;229,228,230;,
  3;220,231,232;,
  3;213,228,214;,
  3;156,201,233;,
  3;201,156,154;,
  3;233,217,218;,
  3;217,233,201;,
  3;219,217,234;,
  3;235,219,234;,
  3;236,237,238;,
  3;237,236,239;,
  3;209,240,211;,
  3;240,209,241;,
  3;211,242,212;,
  3;242,211,240;,
  3;243,239,244;,
  3;239,243,237;,
  3;244,236,245;,
  3;236,244,239;,
  3;246,221,223;,
  3;221,246,215;,
  3;221,212,247;,
  3;212,221,215;,
  3;199,248,2;,
  3;248,199,249;,
  3;133,10,250;,
  3;249,210,251;,
  3;210,249,199;,
  3;210,211,251;,
  3;252,1,253;,
  3;1,252,2;,
  3;20,254,18;,
  3;254,20,64;,
  3;24,68,14;,
  3;68,24,255;,
  3;68,256,70;,
  3;256,68,255;,
  3;256,37,70;,
  3;37,256,257;,
  3;258,2,252;,
  3;2,258,199;,
  3;257,259,37;,
  3;37,259,35;,
  3;260,204,261;,
  3;204,260,202;,
  3;262,263,223;,
  3;263,262,264;,
  3;197,258,225;,
  3;258,197,199;,
  3;265,203,227;,
  3;265,207,266;,
  3;207,265,227;,
  3;223,267,246;,
  3;267,223,263;,
  3;88,87,147;,
  3;83,82,85;,
  3;78,16,18;,
  3;16,78,74;,
  3;74,15,16;,
  3;15,74,76;,
  3;15,71,13;,
  3;71,15,76;,
  3;13,268,23;,
  3;268,13,71;,
  3;248,269,2;,
  3;2,269,0;,
  3;136,129,134;,
  3;129,136,131;,
  3;134,96,81;,
  3;96,134,129;,
  3;96,82,81;,
  3;93,96,94;,
  3;29,189,65;,
  3;205,215,246;,
  3;267,205,246;,
  3;205,267,206;,
  3;205,213,215;,
  3;187,188,270;,
  3;224,271,272;,
  3;222,221,208;,
  3;224,222,198;,
  3;272,273,262;,
  3;273,272,271;,
  3;263,274,275;,
  3;273,276,262;,
  3;277,271,278;,
  3;271,277,273;,
  3;222,272,262;,
  3;272,222,224;,
  3;222,208,198;,
  3;209,221,247;,
  3;221,209,208;,
  3;223,222,262;,
  3;266,206,279;,
  3;206,266,207;,
  3;206,280,279;,
  3;280,206,267;,
  3;280,263,275;,
  3;263,280,267;,
  3;264,262,276;,
  3;76,73,72;,
  3;138,281,140;,
  3;73,132,72;,
  3;132,73,151;,
  3;72,71,76;,
  3;271,226,278;,
  3;155,11,8;,
