xof 0303txt 0032
template ColorRGBA {
 <35ff44e0-6c7c-11cf-8f52-0040333594a3>
 FLOAT red;
 FLOAT green;
 FLOAT blue;
 FLOAT alpha;
}

template ColorRGB {
 <d3e16e81-7835-11cf-8f52-0040333594a3>
 FLOAT red;
 FLOAT green;
 FLOAT blue;
}

template Material {
 <3d82ab4d-62da-11cf-ab39-0020af71e433>
 ColorRGBA faceColor;
 FLOAT power;
 ColorRGB specularColor;
 ColorRGB emissiveColor;
 [...]
}

template TextureFilename {
 <a42790e1-7810-11cf-8f52-0040333594a3>
 STRING filename;
}

template Frame {
 <3d82ab46-62da-11cf-ab39-0020af71e433>
 [...]
}

template Matrix4x4 {
 <f6f23f45-7686-11cf-8f52-0040333594a3>
 array FLOAT matrix[16];
}

template FrameTransformMatrix {
 <f6f23f41-7686-11cf-8f52-0040333594a3>
 Matrix4x4 frameMatrix;
}

template Vector {
 <3d82ab5e-62da-11cf-ab39-0020af71e433>
 FLOAT x;
 FLOAT y;
 FLOAT z;
}

template MeshFace {
 <3d82ab5f-62da-11cf-ab39-0020af71e433>
 DWORD nFaceVertexIndices;
 array DWORD faceVertexIndices[nFaceVertexIndices];
}

template Mesh {
 <3d82ab44-62da-11cf-ab39-0020af71e433>
 DWORD nVertices;
 array Vector vertices[nVertices];
 DWORD nFaces;
 array MeshFace faces[nFaces];
 [...]
}

template MeshMaterialList {
 <f6f23f42-7686-11cf-8f52-0040333594a3>
 DWORD nMaterials;
 DWORD nFaceIndexes;
 array DWORD faceIndexes[nFaceIndexes];
 [Material <3d82ab4d-62da-11cf-ab39-0020af71e433>]
}

template VertexElement {
 <f752461c-1e23-48f6-b9f8-8350850f336f>
 DWORD Type;
 DWORD Method;
 DWORD Usage;
 DWORD UsageIndex;
}

template DeclData {
 <bf22e553-292c-4781-9fea-62bd554bdd93>
 DWORD nElements;
 array VertexElement Elements[nElements];
 DWORD nDWords;
 array DWORD data[nDWords];
}

template XSkinMeshHeader {
 <3cf169ce-ff7c-44ab-93c0-f78f62d172e2>
 WORD nMaxSkinWeightsPerVertex;
 WORD nMaxSkinWeightsPerFace;
 WORD nBones;
}

template SkinWeights {
 <6f0d123b-bad2-4167-a0d0-80224f25fabb>
 STRING transformNodeName;
 DWORD nWeights;
 array DWORD vertexIndices[nWeights];
 array FLOAT weights[nWeights];
 Matrix4x4 matrixOffset;
}

template AnimTicksPerSecond {
 <9e415a43-7ba6-4a73-8743-b73d47e88476>
 DWORD AnimTicksPerSecond;
}

template Animation {
 <3d82ab4f-62da-11cf-ab39-0020af71e433>
 [...]
}

template AnimationSet {
 <3d82ab50-62da-11cf-ab39-0020af71e433>
 [Animation <3d82ab4f-62da-11cf-ab39-0020af71e433>]
}

template FloatKeys {
 <10dd46a9-775b-11cf-8f52-0040333594a3>
 DWORD nValues;
 array FLOAT values[nValues];
}

template TimedFloatKeys {
 <f406b180-7b3b-11cf-8f52-0040333594a3>
 DWORD time;
 FloatKeys tfkeys;
}

template AnimationKey {
 <10dd46a8-775b-11cf-8f52-0040333594a3>
 DWORD keyType;
 DWORD nKeys;
 array TimedFloatKeys keys[nKeys];
}


Material _03_-_Default {
 1.000000;1.000000;1.000000;1.000000;;
 9.999999;
 0.000000;0.000000;0.000000;;
 0.000000;0.000000;0.000000;;

 TextureFilename {
  "MaleBody_full.png";
 }
}

Frame Dummy01 {
 

 FrameTransformMatrix {
  1.000000,0.000000,0.000000,0.000000,0.000000,-0.000000,-1.000000,0.000000,0.000000,1.000000,-0.000000,0.000000,0.000000,0.000000,0.000000,1.000000;;
 }

 Frame Bip01 {
  

  FrameTransformMatrix {
   0.037300,0.212295,-0.976494,0.000000,-0.143977,0.968120,0.204975,0.000000,0.988878,0.132948,0.066676,0.000000,0.001562,-0.010727,0.211147,1.000000;;
  }

  Frame Bip01_Pelvis {
   

   FrameTransformMatrix {
    -0.000329,0.999904,0.013870,0.000000,-0.006467,-0.013872,0.999883,0.000000,0.999979,0.000239,0.006471,0.000000,0.000000,0.000000,0.000000,1.000000;;
   }

   Frame Bip01_Spine {
    

    FrameTransformMatrix {
     0.969516,0.066938,0.235707,0.000000,-0.054212,0.996721,-0.060071,0.000000,-0.238956,0.045462,0.969966,0.000000,0.051649,-0.000720,-0.000070,1.000000;;
    }

    Frame Bip01_Spine1 {
     

     FrameTransformMatrix {
      0.944414,0.325953,0.042859,0.000000,-0.299874,0.907520,-0.294080,0.000000,-0.134752,0.264881,0.954819,0.000000,0.106491,-0.000022,-0.000081,1.000000;;
     }

     Frame Bip01_Neck {
      

      FrameTransformMatrix {
       0.875282,0.003342,-0.483602,0.000000,-0.003357,0.999994,0.000836,0.000000,0.483602,0.000891,0.875287,0.000000,0.130492,-0.000000,0.004629,1.000000;;
      }

      Frame Bip01_Head {
       

       FrameTransformMatrix {
        0.973562,-0.143983,-0.177329,0.000000,0.199975,0.912434,0.357035,0.000000,0.110394,-0.383057,0.917104,0.000000,0.033674,0.000000,0.000000,1.000000;;
       }

       Frame Bip01_HeadNub {
        

        FrameTransformMatrix {
         1.000000,-0.000000,0.000000,0.000000,0.000000,1.000000,0.000000,0.000000,-0.000000,0.000000,1.000000,0.000000,0.169824,-0.000000,0.000000,1.000000;;
        }
       }
      }

      Frame Bip01_L_Clavicle {
       

       FrameTransformMatrix {
        -0.120296,0.981733,0.147411,0.000000,0.871773,0.033431,0.488768,0.000000,0.474912,0.187305,-0.859869,0.000000,-0.018726,0.015791,-0.015649,1.000000;;
       }

       Frame Bip01_L_UpperArm {
        

        FrameTransformMatrix {
         0.479376,-0.197969,-0.854989,0.000000,0.019051,0.976343,-0.215387,0.000000,0.877403,0.086963,0.471807,0.000000,0.087086,0.000000,0.000000,1.000000;;
        }

        Frame Bip01_L_Forearm {
         

         FrameTransformMatrix {
          0.237461,0.000000,-0.971397,0.000000,-0.000000,1.000000,0.000000,0.000000,0.971397,-0.000000,0.237461,0.000000,0.137062,-0.000000,0.000000,1.000000;;
         }

         Frame Bip01_L_Hand {
          

          FrameTransformMatrix {
           0.463126,0.662499,-0.588735,0.000000,-0.234154,0.732126,0.639660,0.000000,0.854802,-0.158388,0.494193,0.000000,0.137062,-0.000000,-0.000000,1.000000;;
          }

          Frame Bip01_L_Finger0 {
           

           FrameTransformMatrix {
            0.360231,-0.929414,0.080149,0.000000,0.926550,0.346491,-0.146458,0.000000,0.108349,0.127021,0.985965,0.000000,0.057681,-0.023605,-0.000272,1.000000;;
           }

           Frame Bip01_L_Finger0Nub {
            

            FrameTransformMatrix {
             1.000000,-0.000000,0.000000,0.000000,0.000000,1.000000,-0.000000,0.000000,-0.000000,0.000000,1.000000,0.000000,0.029435,0.000000,0.000000,1.000000;;
            }
           }
          }

          Frame Bip01_L_Finger1 {
           

           FrameTransformMatrix {
            0.996901,0.000063,-0.078660,0.000000,-0.000000,1.000000,0.000796,0.000000,0.078660,-0.000794,0.996901,0.000000,0.084102,-0.000000,-0.000000,1.000000;;
           }

           Frame Bip01_L_Finger1Nub {
            

            FrameTransformMatrix {
             1.000000,0.000000,-0.000000,0.000000,0.000000,1.000000,0.000000,0.000000,0.000000,-0.000000,1.000000,0.000000,0.047988,0.000000,0.000000,1.000000;;
            }
           }
          }
         }
        }
       }
      }

      Frame Bip01_R_Clavicle {
       

       FrameTransformMatrix {
        0.235771,-0.968217,0.083468,0.000000,-0.843508,-0.246541,-0.477192,0.000000,0.482603,0.042102,-0.874827,0.000000,-0.018831,-0.015638,-0.015677,1.000000;;
       }

       Frame Bip01_R_UpperArm {
        

        FrameTransformMatrix {
         0.798918,0.140130,-0.584888,0.000000,-0.587300,-0.027869,-0.808889,0.000000,-0.129650,0.989741,0.060034,0.000000,0.087086,0.000000,-0.000000,1.000000;;
        }

        Frame Bip01_R_Forearm {
         

         FrameTransformMatrix {
          0.250428,0.000000,-0.968135,0.000000,0.000000,1.000000,-0.000000,0.000000,0.968135,0.000000,0.250428,0.000000,0.137062,0.000000,-0.000000,1.000000;;
         }

         Frame Bip01_R_Hand {
          

          FrameTransformMatrix {
           0.961328,0.086049,-0.261619,0.000000,-0.257354,0.618936,-0.742083,0.000000,0.098070,0.780714,0.617146,0.000000,0.137062,-0.000000,-0.000000,1.000000;;
          }

          Frame Bip01_R_Finger0 {
           

           FrameTransformMatrix {
            0.692409,0.184599,0.697491,0.000000,-0.558537,0.749101,0.356210,0.000000,-0.456735,-0.636217,0.621789,0.000000,0.057681,0.023605,-0.000272,1.000000;;
           }

           Frame Bip01_R_Finger0Nub {
            

            FrameTransformMatrix {
             -1.000000,-0.000000,-0.000000,0.000000,0.000000,1.000000,-0.000000,0.000000,0.000000,-0.000000,-1.000000,0.000000,0.029435,0.000000,-0.000000,1.000000;;
            }
           }
          }

          Frame Bip01_R_Finger1 {
           

           FrameTransformMatrix {
            0.996594,-0.000066,-0.082465,0.000000,0.000000,1.000000,-0.000796,0.000000,0.082465,0.000794,0.996593,0.000000,0.084102,0.000000,0.000000,1.000000;;
           }

           Frame Bip01_R_Finger1Nub {
            

            FrameTransformMatrix {
             -1.000000,0.000000,-0.000000,0.000000,0.000000,1.000000,-0.000000,0.000000,0.000000,0.000000,-1.000000,0.000000,0.047988,0.000000,-0.000000,1.000000;;
            }
           }
          }
         }
        }
       }
      }
     }

     Frame Bip01_BackPack {
      

      FrameTransformMatrix {
       -0.194819,-0.162967,-0.967206,0.000000,-0.086007,0.985140,-0.148665,0.000000,0.977061,0.054224,-0.205941,0.000000,0.035864,0.002817,-0.087814,1.000000;;
      }

      Frame Bip01_BackPackNub {
       

       FrameTransformMatrix {
        0.000796,0.000003,1.000000,0.000000,0.000000,-1.000000,0.000003,0.000000,1.000000,0.000000,-0.000796,0.000000,0.053240,0.000000,0.000000,1.000000;;
       }
      }
     }
    }

    Frame Bip01_L_Thigh {
     

     FrameTransformMatrix {
      0.474734,0.246731,0.844838,0.000000,0.258114,-0.956725,0.134368,0.000000,0.841431,0.154275,-0.517874,0.000000,-0.046313,0.058558,0.014953,1.000000;;
     }

     Frame Bip01_L_Calf {
      

      FrameTransformMatrix {
       -0.845693,0.000000,-0.533669,0.000000,0.000000,1.000000,0.000000,0.000000,0.533669,-0.000000,-0.845693,0.000000,0.237500,-0.000000,-0.000000,1.000000;;
      }

      Frame Bip01_L_Foot {
       

       FrameTransformMatrix {
        0.712020,0.140827,0.687892,0.000000,-0.008161,0.981274,-0.192442,0.000000,-0.702112,0.131409,0.699836,0.000000,0.206841,0.000000,0.000000,1.000000;;
       }

       Frame Bip01_L_Toe0 {
        

        FrameTransformMatrix {
         0.451053,-0.330978,0.828858,0.000000,0.422315,0.897296,0.128489,0.000000,-0.786258,0.292084,0.544505,0.000000,0.065373,-0.000000,0.066450,1.000000;;
        }

        Frame Bip01_L_Toe0Nub {
         

         FrameTransformMatrix {
          -1.000000,0.000000,-0.000000,0.000000,0.000000,1.000000,0.000000,0.000000,0.000000,0.000000,-1.000000,0.000000,0.006735,-0.000000,0.000000,1.000000;;
         }
        }
       }
      }
     }
    }

    Frame Bip01_R_Thigh {
     

     FrameTransformMatrix {
      -0.461647,-0.322125,0.826509,0.000000,-0.045958,-0.921799,-0.384933,0.000000,0.885873,-0.215688,0.410742,0.000000,-0.053706,-0.051531,0.009932,1.000000;;
     }

     Frame Bip01_R_Calf {
      

      FrameTransformMatrix {
       0.147706,0.000000,-0.989031,0.000000,0.000000,1.000000,-0.000000,0.000000,0.989031,0.000000,0.147706,0.000000,0.237500,-0.000000,-0.000000,1.000000;;
      }

      Frame Bip01_R_Foot {
       

       FrameTransformMatrix {
        0.997506,0.013884,0.069208,0.000000,-0.010764,0.998918,-0.045250,0.000000,-0.069761,0.044393,0.996576,0.000000,0.206841,0.000000,0.000000,1.000000;;
       }

       Frame Bip01_R_Toe0 {
        

        FrameTransformMatrix {
         0.177216,-0.169542,0.969459,0.000000,-0.485360,0.841874,0.235953,0.000000,-0.856166,-0.512352,0.066905,0.000000,0.065373,-0.000000,0.066450,1.000000;;
        }

        Frame Bip01_R_Toe0Nub {
         

         FrameTransformMatrix {
          1.000000,-0.000000,0.000000,0.000000,0.000000,1.000000,-0.000000,0.000000,0.000000,0.000000,1.000000,0.000000,0.006735,-0.000000,0.000000,1.000000;;
         }
        }
       }
      }
     }
    }
   }

   Frame Bip01_DressFront {
    

    FrameTransformMatrix {
     0.226121,0.055378,0.972524,0.000000,0.268672,0.956110,-0.116912,0.000000,-0.936315,0.287726,0.201318,0.000000,0.013993,0.001336,0.046717,1.000000;;
    }

    Frame Bip01_DressFront02 {
     

     FrameTransformMatrix {
      -0.343397,-0.753680,0.560397,0.000000,-0.145746,0.632216,0.760961,0.000000,-0.927813,0.179636,-0.326947,0.000000,0.183447,-0.000024,0.000043,1.000000;;
     }

     Frame Bip01_DressFrontNub {
      

      FrameTransformMatrix {
       0.000796,0.000003,1.000000,0.000000,-0.000000,-1.000000,0.000003,0.000000,1.000000,-0.000000,-0.000796,0.000000,0.165302,-0.000000,0.000000,1.000000;;
      }
     }
    }
   }

   Frame Bip01_DressBack {
    

    FrameTransformMatrix {
     -0.582663,-0.102553,0.806218,0.000000,0.176610,0.952323,0.248776,0.000000,-0.793293,0.287339,-0.536772,0.000000,-0.059577,-0.007359,-0.083035,1.000000;;
    }

    Frame Bip01_DressBack02 {
     

     FrameTransformMatrix {
      0.808453,-0.339316,0.480904,0.000000,0.210752,0.929801,0.301751,0.000000,-0.549534,-0.142600,0.823212,0.000000,0.176218,0.000016,-0.000089,1.000000;;
     }

     Frame Bip01_DressBackNub {
      

      FrameTransformMatrix {
       0.000796,0.000003,1.000000,0.000000,-0.000000,-1.000000,0.000003,0.000000,1.000000,-0.000000,-0.000796,0.000000,0.136508,0.000000,0.000000,1.000000;;
      }
     }
    }
   }
  }

  Frame Bip01_Prop1 {
   

   FrameTransformMatrix {
    0.823913,-0.565226,-0.041078,0.000000,-0.273676,-0.460304,0.844525,0.000000,-0.496256,-0.684573,-0.533939,0.000000,0.315217,0.478188,-0.010342,1.000000;;
   }
  }

  Frame Bip01_Prop2 {
   

   FrameTransformMatrix {
    0.318700,0.917290,-0.238765,0.000000,-0.380259,-0.107007,-0.918669,0.000000,-0.868236,0.383573,0.314705,0.000000,0.271629,0.179539,0.098438,1.000000;;
   }
  }
 }
}

Frame Translation_Data {
 

 FrameTransformMatrix {
  1.000000,0.000000,0.000000,0.000000,0.000000,-0.000000,-1.000000,0.000000,0.000000,1.000000,-0.000000,0.000000,0.000000,0.000000,0.000000,1.000000;;
 }
}

Frame Body {
 

 FrameTransformMatrix {
  1.000000,0.000000,0.000000,0.000000,0.000000,1.000000,0.000000,0.000000,0.000000,0.000000,1.000000,0.000000,0.000000,0.000000,0.000000,1.000000;;
 }

 Mesh Body {
  617;
  0.090329;0.211141;-0.232774;,
  0.058367;0.201747;-0.230354;,
  0.055123;0.214967;-0.261723;,
  0.095972;0.212356;-0.210150;,
  0.096319;0.221337;-0.190872;,
  0.063790;0.183946;-0.166128;,
  0.063695;0.188725;-0.196877;,
  0.087272;0.225513;-0.164073;,
  0.046087;0.249748;-0.282872;,
  0.076548;0.290364;-0.251217;,
  0.083327;0.257008;-0.257119;,
  0.044978;0.284485;-0.263793;,
  0.076004;0.264888;-0.038749;,
  0.033289;0.281878;-0.039642;,
  0.034623;0.284780;-0.024108;,
  0.067608;0.263398;-0.049441;,
  0.065462;0.208519;-0.059358;,
  0.080628;0.222337;-0.032619;,
  0.040154;0.175584;-0.057347;,
  0.070385;0.193021;-0.014351;,
  0.043811;0.174448;-0.004076;,
  0.017179;0.158394;-0.174277;,
  0.029251;0.169621;-0.208453;,
  -0.008982;0.278019;-0.033088;,
  -0.006439;0.280727;-0.015051;,
  0.021035;0.295505;-0.139682;,
  -0.028708;0.290138;-0.185509;,
  -0.028554;0.285739;-0.145880;,
  0.024669;0.305587;-0.176781;,
  0.070292;0.196052;-0.034044;,
  0.141563;0.114454;-0.066050;,
  0.106217;0.121749;-0.096919;,
  0.102212;0.193842;-0.003884;,
  0.136541;0.016609;-0.121096;,
  0.159830;0.028063;-0.101309;,
  0.023929;0.180841;-0.041331;,
  0.061875;0.061070;-0.017751;,
  0.018712;0.264204;0.083552;,
  0.059532;0.097720;-0.084254;,
  0.105353;0.019913;-0.100780;,
  0.106479;0.013616;-0.113982;,
  0.138348;0.082907;-0.009573;,
  0.098428;0.179031;0.037945;,
  0.143881;0.030569;-0.092739;,
  0.069341;0.096377;0.138641;,
  0.023731;0.135736;0.140309;,
  0.027215;0.089759;0.124266;,
  0.056901;0.138385;0.150691;,
  0.120887;0.022074;-0.055930;,
  0.119050;0.085133;0.003759;,
  0.096163;0.051326;0.007504;,
  0.145996;0.056287;-0.059675;,
  0.085713;0.115654;0.070817;,
  0.071575;0.084990;0.070185;,
  0.073047;0.039436;-0.059715;,
  0.058570;0.100832;-0.033689;,
  0.071794;0.082182;-0.095463;,
  0.064185;0.067138;-0.007857;,
  0.054394;0.129017;0.048905;,
  0.049638;0.105979;0.068945;,
  0.116395;0.116964;-0.017815;,
  0.141581;0.098254;-0.085437;,
  0.078601;0.133281;0.050635;,
  0.090206;0.221858;-0.004249;,
  0.004697;0.158386;0.005687;,
  0.023929;0.180841;-0.041331;,
  0.008580;0.164939;0.042131;,
  0.090236;0.273931;0.012243;,
  0.039802;0.293598;0.024555;,
  0.093672;0.216796;0.046559;,
  0.046883;0.234523;0.058363;,
  0.021999;0.285143;-0.093663;,
  0.054871;0.286764;-0.134491;,
  0.070385;0.273586;-0.137777;,
  0.058803;0.216195;-0.097677;,
  0.077931;0.220727;-0.140303;,
  0.057227;0.266532;-0.093983;,
  0.054377;0.177504;-0.140651;,
  0.041742;0.183223;-0.094945;,
  0.001408;0.156073;-0.148212;,
  -0.004607;0.169077;-0.091491;,
  0.113026;0.197798;-0.230616;,
  0.145720;0.162048;-0.215850;,
  0.087212;0.217555;-0.187733;,
  0.156395;0.146488;-0.148098;,
  0.119423;0.171507;-0.162850;,
  0.177938;0.136935;-0.190522;,
  0.135457;0.249190;-0.168148;,
  0.119423;0.171507;-0.162850;,
  0.166741;0.214798;-0.146964;,
  0.196465;0.160027;-0.128457;,
  0.156395;0.146488;-0.148098;,
  0.144149;0.253429;-0.174057;,
  0.192987;0.205595;-0.200164;,
  0.160368;0.240541;-0.213872;,
  0.218017;0.150305;-0.170662;,
  0.136685;0.216140;-0.230563;,
  0.164002;0.131310;-0.200474;,
  0.111688;0.087441;-0.159823;,
  0.136897;0.141918;-0.150945;,
  0.129996;0.083046;-0.191334;,
  0.095263;0.042237;-0.158156;,
  0.104637;0.040707;-0.181919;,
  0.136897;0.141918;-0.150945;,
  0.159362;0.064560;-0.137970;,
  0.186414;0.119909;-0.118493;,
  0.111688;0.087441;-0.159823;,
  0.128950;0.026968;-0.153453;,
  0.095263;0.042237;-0.158156;,
  0.173272;0.061596;-0.162296;,
  0.213335;0.109471;-0.167792;,
  0.133269;0.024898;-0.164587;,
  0.037048;0.020770;-0.272294;,
  0.077146;-0.017310;-0.258197;,
  0.034746;0.005462;-0.256665;,
  0.078956;-0.001977;-0.273453;,
  0.032961;0.032776;-0.196717;,
  0.034910;0.039307;-0.212014;,
  0.029811;0.030775;-0.207294;,
  0.035410;0.044116;-0.197948;,
  0.112353;-0.003214;-0.188209;,
  0.062598;0.026558;-0.205037;,
  0.102323;-0.002431;-0.224190;,
  0.069215;0.015954;-0.172593;,
  0.104301;0.011999;-0.237828;,
  0.124427;0.030172;-0.201287;,
  0.079992;0.051301;-0.184517;,
  0.066548;0.040304;-0.218891;,
  0.113159;0.260418;-0.250398;,
  0.124310;0.232764;-0.249544;,
  0.083327;0.257008;-0.257119;,
  0.088073;0.230147;-0.254121;,
  0.064356;0.302102;-0.172447;,
  0.063167;0.230234;-0.272383;,
  0.118164;0.212232;-0.233421;,
  0.095972;0.212356;-0.210150;,
  0.090329;0.211141;-0.232774;,
  0.105957;0.216789;-0.209952;,
  0.084208;0.301913;-0.205347;,
  0.033669;0.304276;-0.211668;,
  0.089645;0.298861;-0.208502;,
  -0.019961;0.283987;-0.221181;,
  0.004755;0.260355;-0.270552;,
  0.076548;0.290364;-0.251217;,
  0.089645;0.298861;-0.208502;,
  0.086508;0.245545;-0.187034;,
  0.091727;0.289185;-0.199218;,
  0.087212;0.217555;-0.187733;,
  0.076110;0.272901;-0.166652;,
  0.080434;0.238341;-0.162231;,
  0.096319;0.221337;-0.190872;,
  0.076345;0.289568;-0.169592;,
  0.069215;0.015954;-0.172593;,
  0.057541;0.249173;-0.295945;,
  0.042290;0.264138;-0.287853;,
  0.019346;0.242054;-0.292297;,
  0.015377;0.264119;-0.288131;,
  0.066548;0.040304;-0.218891;,
  0.037048;0.020770;-0.272294;,
  0.078956;-0.001977;-0.273453;,
  0.047198;0.024122;-0.185735;,
  0.054980;0.046838;-0.195450;,
  0.047198;0.024122;-0.185735;,
  0.046236;0.022562;-0.203439;,
  0.061647;0.038036;-0.214790;,
  0.061647;0.038036;-0.214790;,
  0.032961;0.032776;-0.196717;,
  0.035410;0.044116;-0.197948;,
  0.034910;0.039307;-0.212014;,
  0.094324;0.031978;0.098138;,
  0.067881;-0.019773;0.095450;,
  0.070122;-0.006890;0.080341;,
  0.095330;0.018432;0.117279;,
  0.030610;0.136587;0.105736;,
  0.027215;0.089759;0.124266;,
  0.023731;0.135736;0.140309;,
  0.032760;0.095593;0.100467;,
  0.054394;0.129017;0.048905;,
  0.070959;0.140563;0.115280;,
  0.078601;0.133281;0.050635;,
  0.069341;0.096377;0.138641;,
  0.056901;0.138385;0.150691;,
  0.079834;0.105812;0.106555;,
  0.071575;0.084990;0.070185;,
  0.085713;0.115654;0.070817;,
  0.041379;-0.000379;0.077949;,
  0.032840;-0.012868;0.088066;,
  0.095330;0.018432;0.117279;,
  0.032840;-0.012868;0.088066;,
  0.059532;0.097720;-0.084254;,
  0.106479;0.013616;-0.113982;,
  0.073047;0.039436;-0.059715;,
  0.064185;0.067138;-0.007857;,
  0.049638;0.105979;0.068945;,
  0.049638;0.105979;0.068945;,
  0.008006;0.211618;0.065034;,
  0.073671;0.233508;-0.317514;,
  0.059610;0.210575;-0.318259;,
  0.067508;0.214454;-0.325231;,
  0.055899;0.231359;-0.302656;,
  0.061015;0.262086;-0.318598;,
  0.049854;0.282976;-0.313955;,
  0.027101;0.298293;-0.433961;,
  0.011378;0.268781;-0.441990;,
  0.007019;0.297730;-0.436151;,
  0.055711;0.224927;-0.408521;,
  0.039791;0.216188;-0.410231;,
  0.046948;0.246969;-0.426412;,
  0.070430;0.224155;-0.344041;,
  0.074256;0.253057;-0.338117;,
  0.069569;0.246815;-0.321384;,
  0.068353;0.286995;-0.356479;,
  0.069270;0.274601;-0.377635;,
  0.057588;0.266291;-0.423529;,
  0.063363;0.290460;-0.410776;,
  0.068179;0.249933;-0.389158;,
  0.063742;0.301796;-0.349994;,
  0.049976;0.321111;-0.344028;,
  0.010346;0.324300;-0.335367;,
  0.037653;0.336507;-0.388338;,
  0.004111;0.340516;-0.381495;,
  0.072086;0.238076;-0.370193;,
  0.063971;0.206004;-0.343542;,
  0.060780;0.213969;-0.378458;,
  0.054555;0.180290;-0.329291;,
  0.035180;0.183445;-0.316591;,
  0.036758;0.167544;-0.330435;,
  0.038721;0.264265;-0.436684;,
  0.048028;0.296036;-0.426867;,
  0.054666;0.322184;-0.398256;,
  0.039438;0.322635;-0.416415;,
  0.021053;0.328087;-0.415889;,
  0.003542;0.328419;-0.415057;,
  0.017389;0.293180;-0.310951;,
  0.054666;0.322184;-0.398256;,
  0.039438;0.322635;-0.416415;,
  0.080047;0.255088;-0.341146;,
  0.077389;0.290012;-0.373372;,
  0.084591;0.286761;-0.353596;,
  0.073750;0.274247;-0.360679;,
  0.084591;0.286761;-0.353596;,
  0.080047;0.255088;-0.341146;,
  0.077389;0.290012;-0.373372;,
  0.069270;0.274601;-0.377635;,
  0.074153;0.255573;-0.361904;,
  0.074256;0.253057;-0.338117;,
  0.057028;0.226463;-0.396491;,
  0.074153;0.255573;-0.361904;,
  0.063167;0.230234;-0.272383;,
  0.057541;0.249173;-0.295945;,
  0.088073;0.230147;-0.254121;,
  0.061015;0.262086;-0.318598;,
  0.035255;0.186145;-0.257166;,
  0.031385;0.180100;-0.233365;,
  -0.002423;0.168191;-0.051260;,
  -0.001473;0.289882;0.032025;,
  0.003111;0.279869;0.064512;,
  0.009308;0.183035;0.049716;,
  0.038872;0.198425;-0.305987;,
  0.008006;0.211618;0.065034;,
  0.021053;0.328087;-0.415889;,
  0.003542;0.328419;-0.415057;,
  0.050699;0.194041;-0.357923;,
  0.040347;0.200138;-0.379774;,
  0.042068;0.194480;-0.372142;,
  0.013950;0.253512;-0.441518;,
  0.018528;0.230553;-0.431554;,
  0.038317;0.218217;-0.397456;,
  -0.024042;0.278104;-0.094058;,
  0.088073;0.230147;-0.254121;,
  0.067881;-0.019773;0.095450;,
  0.044518;0.182369;-0.354287;,
  0.051123;0.190384;-0.352430;,
  0.043264;0.187983;-0.356032;,
  0.030099;0.187809;-0.373324;,
  0.029591;0.185142;-0.385707;,
  0.042825;0.186315;-0.362007;,
  0.031781;0.185832;-0.355696;,
  0.033355;0.177287;-0.353674;,
  0.023871;0.207450;-0.411941;,
  0.025000;0.205213;-0.402084;,
  0.091727;0.289185;-0.199218;,
  0.031909;0.181493;-0.363405;,
  0.078141;0.260507;-0.190428;,
  0.086508;0.245545;-0.187034;,
  0.096319;0.221337;-0.190872;,
  0.063742;0.301796;-0.349994;,
  0.120887;0.022074;-0.055930;,
  0.026417;0.017324;0.025634;,
  0.047592;0.001138;-0.045600;,
  0.096163;0.051326;0.007504;,
  0.136541;0.016609;-0.121096;,
  0.074755;0.019009;-0.125572;,
  0.106217;0.121749;-0.096919;,
  0.043199;0.103135;-0.084722;,
  0.070292;0.196052;-0.034044;,
  0.021505;0.180415;-0.046711;,
  0.043811;0.174448;-0.004076;,
  -0.001290;0.026371;0.090587;,
  0.071575;0.084990;0.070185;,
  0.053210;0.118673;-0.004752;,
  -0.009926;0.058321;0.296552;,
  0.035616;0.138957;0.057306;,
  -0.004454;0.075927;0.231502;,
  -0.000344;0.083865;0.169159;,
  0.073372;0.096344;-0.098802;,
  -0.000920;0.106711;0.150840;,
  0.095552;0.023206;-0.094847;,
  0.059792;0.053814;-0.004830;,
  0.006855;0.155546;0.102878;,
  -0.000629;0.263615;0.096289;,
  0.078141;0.260507;-0.190428;,
  -0.025680;0.164459;-0.275771;,
  -0.000205;0.174720;-0.246739;,
  -0.042023;0.155273;-0.259269;,
  0.005722;0.192173;-0.275551;,
  -0.051449;0.152408;-0.236204;,
  -0.033919;0.146944;-0.185626;,
  -0.076726;0.163408;-0.196799;,
  -0.008329;0.155490;-0.217025;,
  -0.005014;0.226169;-0.297180;,
  -0.061522;0.228213;-0.290142;,
  -0.037502;0.246425;-0.286867;,
  -0.034158;0.210556;-0.295605;,
  -0.089114;0.253197;-0.019057;,
  -0.051747;0.275047;-0.030632;,
  -0.084114;0.251211;-0.033366;,
  -0.048633;0.278885;-0.014179;,
  -0.075767;0.197174;-0.044394;,
  -0.086217;0.210523;-0.012721;,
  -0.045922;0.168670;-0.048227;,
  -0.067873;0.180522;0.000555;,
  -0.037457;0.168694;0.005616;,
  -0.008982;0.278019;-0.033088;,
  -0.006439;0.280727;-0.015051;,
  -0.076405;0.268255;-0.149773;,
  -0.028708;0.290138;-0.185509;,
  -0.078436;0.266541;-0.197355;,
  -0.028554;0.285739;-0.145880;,
  -0.065699;0.154392;0.010334;,
  -0.123469;0.091374;0.080067;,
  -0.093743;0.180386;0.041319;,
  -0.092560;0.070366;0.050763;,
  -0.109785;-0.020258;0.115828;,
  -0.127717;0.016225;0.136170;,
  -0.018622;0.151677;0.015054;,
  -0.031806;0.106546;0.133925;,
  -0.041399;0.069893;0.068077;,
  -0.005269;0.262505;0.086412;,
  -0.067655;0.028631;0.143433;,
  -0.074109;-0.001227;0.129647;,
  -0.110143;0.122455;0.135310;,
  -0.081444;0.204842;0.093243;,
  -0.106740;0.040045;0.145841;,
  -0.068109;0.106648;0.388140;,
  -0.017792;0.135775;0.372269;,
  -0.050910;0.146422;0.374471;,
  -0.026411;0.089826;0.386327;,
  -0.096558;0.003030;0.187271;,
  -0.101846;0.060025;0.252587;,
  -0.119719;0.038566;0.183289;,
  -0.080869;0.024996;0.256279;,
  -0.077788;0.082952;0.324602;,
  -0.066090;0.050721;0.330621;,
  -0.048179;0.018446;0.192384;,
  -0.035910;0.076380;0.226290;,
  -0.046445;0.040694;0.247496;,
  -0.040158;0.064271;0.161683;,
  -0.042660;0.092255;0.304476;,
  -0.042704;0.070792;0.329772;,
  -0.094942;0.093593;0.234945;,
  -0.110120;0.082528;0.162804;,
  -0.066544;0.097683;0.302199;,
  -0.088728;0.209188;0.017090;,
  -0.018622;0.151677;0.015054;,
  -0.092132;0.261018;0.033992;,
  -0.043454;0.287703;0.034484;,
  -0.080408;0.228463;0.083821;,
  -0.034943;0.251194;0.084259;,
  -0.069311;0.267041;-0.095722;,
  -0.101853;0.242935;-0.150722;,
  -0.107839;0.223745;-0.156234;,
  -0.079377;0.188802;-0.100793;,
  -0.095603;0.236235;-0.097429;,
  -0.088175;0.174274;-0.157505;,
  -0.047447;0.149029;-0.151196;,
  -0.052325;0.164576;-0.097066;,
  -0.081726;0.166431;-0.335250;,
  -0.036056;0.147456;-0.314041;,
  -0.113350;0.128030;-0.344748;,
  -0.098191;0.061559;-0.327394;,
  -0.137263;0.086420;-0.341905;,
  -0.065733;0.095573;-0.328345;,
  -0.061302;0.135690;-0.259856;,
  -0.088643;0.093034;-0.266425;,
  -0.065733;0.095573;-0.328345;,
  -0.121147;0.042660;-0.291224;,
  -0.098191;0.061559;-0.327394;,
  -0.070207;0.140606;-0.254859;,
  -0.136233;0.125799;-0.282716;,
  -0.104443;0.162899;-0.273443;,
  -0.160178;0.067254;-0.305784;,
  -0.097376;0.169981;-0.309978;,
  -0.130992;0.094815;-0.356504;,
  -0.080638;0.050977;-0.399590;,
  -0.110904;0.070319;-0.407157;,
  -0.083856;0.065934;-0.340870;,
  -0.078737;0.031509;-0.435903;,
  -0.097021;0.047311;-0.449266;,
  -0.083856;0.065934;-0.340870;,
  -0.118995;0.009941;-0.388696;,
  -0.080638;0.050977;-0.399590;,
  -0.119126;0.016185;-0.324403;,
  -0.108579;0.009142;-0.437510;,
  -0.078737;0.031509;-0.435903;,
  -0.142050;0.025147;-0.394289;,
  -0.165963;0.045006;-0.339891;,
  -0.118449;0.017469;-0.443478;,
  -0.021424;0.033700;-0.551626;,
  -0.059200;-0.008225;-0.543144;,
  -0.061727;0.008669;-0.556537;,
  -0.018415;0.016819;-0.537847;,
  -0.025887;0.010043;-0.490450;,
  -0.027829;0.018994;-0.504470;,
  -0.019113;0.019335;-0.492423;,
  -0.029738;0.008761;-0.500906;,
  -0.096641;-0.004561;-0.472887;,
  -0.048564;0.029944;-0.484855;,
  -0.055134;0.015276;-0.454024;,
  -0.085969;0.000989;-0.508259;,
  -0.088594;0.016750;-0.520209;,
  -0.110560;0.029311;-0.482391;,
  -0.067908;0.051038;-0.462123;,
  -0.053109;0.044932;-0.497151;,
  -0.051540;0.201537;-0.320083;,
  -0.043400;0.172991;-0.321293;,
  -0.034158;0.210556;-0.295605;,
  -0.022157;0.187101;-0.296002;,
  -0.105346;0.237837;-0.206311;,
  -0.004982;0.198790;-0.291467;,
  -0.042635;0.156111;-0.302942;,
  -0.042023;0.155273;-0.259269;,
  -0.056149;0.159454;-0.296031;,
  -0.025680;0.164459;-0.275771;,
  -0.090532;0.218021;-0.255435;,
  -0.089918;0.213177;-0.259891;,
  -0.068026;0.257350;-0.240117;,
  -0.019961;0.283987;-0.221181;,
  0.004755;0.260355;-0.270552;,
  -0.061522;0.228213;-0.290142;,
  -0.089918;0.213177;-0.259891;,
  -0.065919;0.176445;-0.236830;,
  -0.036056;0.147456;-0.314041;,
  -0.088803;0.205121;-0.255947;,
  -0.097462;0.207170;-0.201288;,
  -0.080609;0.177355;-0.194367;,
  -0.051449;0.152408;-0.236204;,
  -0.106907;0.220172;-0.206160;,
  -0.055134;0.015276;-0.454024;,
  -0.007677;0.228299;-0.303214;,
  -0.005960;0.248695;-0.293231;,
  0.019346;0.242054;-0.292297;,
  0.015377;0.264119;-0.288131;,
  -0.053109;0.044932;-0.497151;,
  -0.021424;0.033700;-0.551626;,
  -0.061727;0.008669;-0.556537;,
  -0.035848;0.012671;-0.473359;,
  -0.026576;0.035001;-0.482651;,
  -0.035848;0.012671;-0.473359;,
  -0.043251;0.014851;-0.489398;,
  -0.044145;0.038583;-0.495859;,
  -0.044145;0.038583;-0.495859;,
  -0.025887;0.010043;-0.490450;,
  -0.019113;0.019335;-0.492423;,
  -0.027829;0.018994;-0.504470;,
  -0.098858;0.032762;0.390808;,
  -0.079564;-0.011746;0.422926;,
  -0.102962;0.033649;0.413901;,
  -0.079028;-0.010500;0.402989;,
  -0.022181;0.116024;0.343391;,
  -0.026411;0.089826;0.386327;,
  -0.029521;0.080450;0.363228;,
  -0.017792;0.135775;0.372269;,
  -0.042660;0.092255;0.304476;,
  -0.062162;0.127708;0.343175;,
  -0.066544;0.097683;0.302199;,
  -0.068109;0.106648;0.388140;,
  -0.075072;0.095459;0.355660;,
  -0.050910;0.146422;0.374471;,
  -0.066090;0.050721;0.330621;,
  -0.077788;0.082952;0.324602;,
  -0.049572;-0.008744;0.401102;,
  -0.043498;-0.013126;0.417689;,
  -0.102962;0.033649;0.413901;,
  -0.043498;-0.013126;0.417689;,
  -0.041399;0.069893;0.068077;,
  -0.074109;-0.001227;0.129647;,
  -0.048179;0.018446;0.192384;,
  -0.046445;0.040694;0.247496;,
  -0.042704;0.070792;0.329772;,
  -0.042704;0.070792;0.329772;,
  -0.017043;0.218443;-0.310548;,
  0.003366;0.201235;-0.313940;,
  0.005379;0.215189;-0.308286;,
  -0.006303;0.202196;-0.319562;,
  -0.014553;0.249536;-0.312794;,
  -0.010139;0.273013;-0.309347;,
  -0.011618;0.291863;-0.430988;,
  0.007019;0.297730;-0.436151;,
  -0.011015;0.213845;-0.403396;,
  -0.012562;0.237086;-0.421842;,
  0.006428;0.210648;-0.407669;,
  -0.014949;0.209976;-0.337485;,
  -0.026936;0.236252;-0.330346;,
  -0.018059;0.232262;-0.314654;,
  -0.035051;0.269822;-0.348538;,
  -0.035070;0.257273;-0.369622;,
  -0.028294;0.252029;-0.416933;,
  -0.027833;0.233988;-0.381785;,
  -0.039567;0.273366;-0.402871;,
  -0.034532;0.285475;-0.342447;,
  -0.026979;0.308331;-0.338118;,
  0.010346;0.324300;-0.335367;,
  -0.026986;0.325772;-0.383374;,
  0.004111;0.340516;-0.381495;,
  -0.024859;0.221977;-0.362748;,
  -0.007766;0.202585;-0.373194;,
  -0.003000;0.194882;-0.338399;,
  0.016188;0.173919;-0.326345;,
  -0.011953;0.255849;-0.432792;,
  -0.029409;0.283176;-0.420920;,
  -0.039769;0.306501;-0.391004;,
  -0.028371;0.311374;-0.411208;,
  0.003542;0.328419;-0.415057;,
  -0.012851;0.322457;-0.413285;,
  0.017389;0.293180;-0.310951;,
  -0.039769;0.306501;-0.391004;,
  -0.028371;0.311374;-0.411208;,
  -0.033454;0.236238;-0.332430;,
  -0.046982;0.269358;-0.363821;,
  -0.036626;0.255917;-0.352202;,
  -0.049733;0.264453;-0.343281;,
  -0.049733;0.264453;-0.343281;,
  -0.033454;0.236238;-0.332430;,
  -0.046982;0.269358;-0.363821;,
  -0.035070;0.257273;-0.369622;,
  -0.031183;0.238080;-0.353815;,
  -0.026936;0.236252;-0.330346;,
  -0.010951;0.215173;-0.391271;,
  -0.031183;0.238080;-0.353815;,
  -0.004982;0.198790;-0.291467;,
  -0.007677;0.228299;-0.303214;,
  -0.022157;0.187101;-0.296002;,
  -0.014553;0.249536;-0.312794;,
  -0.001473;0.289882;0.032025;,
  0.003111;0.279869;0.064512;,
  0.009308;0.183035;0.049716;,
  0.008006;0.211618;0.065034;,
  -0.012851;0.322457;-0.413285;,
  0.003542;0.328419;-0.415057;,
  0.011119;0.187467;-0.354884;,
  0.015593;0.196027;-0.377873;,
  0.016937;0.190306;-0.370212;,
  0.009054;0.213357;-0.395208;,
  -0.024042;0.278104;-0.094058;,
  -0.022157;0.187101;-0.296002;,
  -0.079564;-0.011746;0.422926;,
  0.012714;0.184005;-0.349481;,
  0.021191;0.178496;-0.352496;,
  0.020300;0.184169;-0.354268;,
  0.020358;0.182584;-0.360282;,
  -0.088803;0.205121;-0.255947;,
  -0.066633;0.191940;-0.238156;,
  -0.065919;0.176445;-0.236830;,
  -0.051449;0.152408;-0.236204;,
  -0.034532;0.285475;-0.342447;,
  -0.048657;-0.008938;0.060651;,
  -0.028430;0.001745;0.052631;,
  -0.066517;0.002439;0.128063;,
  -0.002003;-0.002034;-0.016263;,
  -0.045427;-0.020299;0.023670;,
  0.010944;0.011095;-0.071196;,
  -0.026302;0.064726;0.006129;,
  0.009699;0.080238;-0.041443;,
  -0.016805;0.142607;-0.008501;,
  0.003119;0.157463;-0.021235;,
  0.004697;0.158386;0.005687;,
  -0.037457;0.168694;0.005616;,
  -0.050891;0.001190;0.111658;,
  -0.078457;0.007925;0.193193;,
  -0.016200;0.111351;0.300367;,
  -0.094942;0.093593;0.234945;,
  -0.066531;0.097680;0.302197;,
  -0.030697;0.096203;0.230368;,
  -0.110120;0.082528;0.162804;,
  -0.043619;0.081257;0.162085;,
  -0.053181;0.050256;0.152935;,
  -0.106740;0.040045;0.145841;,
  -0.110143;0.122455;0.135310;,
  -0.026874;0.114135;0.148909;,
  0.003111;0.279869;0.064512;,
  -0.034943;0.251194;0.084259;,
  -0.066633;0.191940;-0.238156;,
  -0.065699;0.154392;0.010334;,
  -0.092560;0.070366;0.050763;,
  -0.109785;-0.020258;0.115828;,
  -0.096558;0.003030;0.187270;,
  -0.080869;0.024996;0.256279;,
  -0.066090;0.050721;0.330621;,
  0.138348;0.082907;-0.009573;,
  0.046883;0.234523;0.058363;,
  0.098428;0.179031;0.037945;,
  0.143881;0.030569;-0.092739;,
  0.141581;0.098254;-0.085437;,
  0.116395;0.116964;-0.017815;,
  0.078601;0.133281;0.050635;,
  -0.081444;0.204842;0.093243;;
  916;
  3;0,1,2;,
  3;1,0,3;,
  3;4,5,6;,
  3;5,4,7;,
  3;8,9,10;,
  3;9,8,11;,
  3;12,13,14;,
  3;13,12,15;,
  3;16,12,17;,
  3;12,16,15;,
  3;18,19,20;,
  3;19,18,16;,
  3;6,21,22;,
  3;21,6,5;,
  3;14,23,24;,
  3;23,14,13;,
  3;25,26,27;,
  3;26,25,28;,
  3;29,30,31;,
  3;30,29,32;,
  3;30,33,31;,
  3;33,30,34;,
  3;35,36,37;,
  3;36,35,38;,
  3;38,39,36;,
  3;39,38,40;,
  3;37,41,42;,
  3;41,37,36;,
  3;36,43,41;,
  3;43,36,39;,
  3;42,30,32;,
  3;30,42,41;,
  3;41,34,30;,
  3;34,41,43;,
  3;44,45,46;,
  3;45,44,47;,
  3;48,49,50;,
  3;49,48,51;,
  3;50,52,53;,
  3;52,50,49;,
  3;54,55,56;,
  3;55,54,57;,
  3;57,58,55;,
  3;58,57,59;,
  3;56,60,61;,
  3;60,56,55;,
  3;55,62,60;,
  3;62,55,58;,
  3;61,49,51;,
  3;49,61,60;,
  3;60,52,49;,
  3;52,60,62;,
  3;32,19,63;,
  3;19,32,29;,
  3;64,65,66;,
  3;65,64,20;,
  3;14,67,12;,
  3;67,14,68;,
  3;68,69,67;,
  3;69,68,70;,
  3;70,42,69;,
  3;42,70,37;,
  3;48,34,51;,
  3;34,48,33;,
  3;51,43,61;,
  3;43,51,34;,
  3;43,56,61;,
  3;56,43,39;,
  3;39,54,56;,
  3;54,39,40;,
  3;12,63,17;,
  3;63,12,67;,
  3;67,32,63;,
  3;32,67,69;,
  3;69,42,32;,
  3;71,72,25;,
  3;73,74,75;,
  3;74,73,76;,
  3;74,77,75;,
  3;77,74,78;,
  3;79,78,80;,
  3;78,79,77;,
  3;81,82,83;,
  3;82,84,85;,
  3;84,82,86;,
  3;87,88,89;,
  3;88,90,89;,
  3;90,88,91;,
  3;92,93,94;,
  3;92,89,93;,
  3;92,87,89;,
  3;89,95,93;,
  3;95,89,90;,
  3;96,93,82;,
  3;93,86,82;,
  3;86,93,95;,
  3;97,98,99;,
  3;98,97,100;,
  3;100,101,98;,
  3;101,100,102;,
  3;103,104,105;,
  3;104,103,106;,
  3;106,107,104;,
  3;107,106,108;,
  3;105,109,110;,
  3;109,105,104;,
  3;104,111,109;,
  3;111,104,107;,
  3;110,100,97;,
  3;100,110,109;,
  3;109,102,100;,
  3;102,109,111;,
  3;112,113,114;,
  3;113,112,115;,
  3;116,117,118;,
  3;117,116,119;,
  3;120,121,122;,
  3;121,120,123;,
  3;120,124,125;,
  3;124,120,122;,
  3;126,124,127;,
  3;124,126,125;,
  3;95,97,86;,
  3;97,95,110;,
  3;86,99,84;,
  3;99,86,97;,
  3;90,103,105;,
  3;103,90,91;,
  3;105,95,90;,
  3;95,105,110;,
  3;128,96,129;,
  3;96,128,94;,
  3;129,130,128;,
  3;130,129,131;,
  3;72,28,25;,
  3;28,72,132;,
  3;10,133,8;,
  3;134,135,136;,
  3;135,134,137;,
  3;81,137,134;,
  3;138,11,139;,
  3;138,9,11;,
  3;138,140,9;,
  3;141,11,142;,
  3;11,141,139;,
  3;128,130,143;,
  3;94,144,92;,
  3;94,143,144;,
  3;94,128,143;,
  3;145,87,146;,
  3;87,145,147;,
  3;75,148,73;,
  3;148,75,149;,
  3;150,147,145;,
  3;7,149,75;,
  3;148,151,73;,
  3;102,152,101;,
  3;152,102,126;,
  3;102,125,126;,
  3;125,102,111;,
  3;111,120,125;,
  3;120,111,107;,
  3;120,108,123;,
  3;108,120,107;,
  3;8,153,154;,
  3;153,8,133;,
  3;154,155,8;,
  3;155,154,156;,
  3;122,114,113;,
  3;114,122,121;,
  3;121,112,114;,
  3;112,121,157;,
  3;158,124,159;,
  3;124,158,127;,
  3;159,122,113;,
  3;122,159,124;,
  3;126,160,152;,
  3;160,126,161;,
  3;162,121,123;,
  3;121,162,163;,
  3;121,164,157;,
  3;164,121,163;,
  3;165,126,127;,
  3;126,165,161;,
  3;161,166,160;,
  3;166,161,167;,
  3;162,118,163;,
  3;118,162,116;,
  3;163,117,164;,
  3;117,163,118;,
  3;165,167,161;,
  3;167,165,168;,
  3;169,170,171;,
  3;170,169,172;,
  3;173,174,175;,
  3;174,173,176;,
  3;177,178,179;,
  3;178,177,173;,
  3;180,178,181;,
  3;178,180,182;,
  3;183,169,171;,
  3;169,183,184;,
  3;174,185,186;,
  3;185,174,176;,
  3;46,187,44;,
  3;187,46,188;,
  3;180,169,182;,
  3;169,180,172;,
  3;20,29,65;,
  3;19,29,20;,
  3;29,31,189;,
  3;31,190,189;,
  3;190,31,33;,
  3;33,191,190;,
  3;191,33,48;,
  3;191,50,192;,
  3;50,191,48;,
  3;192,53,193;,
  3;53,192,50;,
  3;194,171,185;,
  3;171,194,183;,
  3;171,186,185;,
  3;186,171,170;,
  3;185,176,194;,
  3;194,173,177;,
  3;173,194,176;,
  3;178,175,181;,
  3;175,178,173;,
  3;179,182,184;,
  3;182,179,178;,
  3;182,169,184;,
  3;16,17,19;,
  3;17,63,19;,
  3;65,195,66;,
  3;196,197,198;,
  3;197,196,199;,
  3;200,154,153;,
  3;154,200,201;,
  3;202,203,204;,
  3;205,206,207;,
  3;196,208,209;,
  3;208,196,198;,
  3;210,209,211;,
  3;209,210,196;,
  3;212,213,214;,
  3;213,212,215;,
  3;212,214,211;,
  3;201,216,217;,
  3;216,201,200;,
  3;218,219,220;,
  3;219,218,217;,
  3;210,199,196;,
  3;213,205,207;,
  3;221,222,223;,
  3;198,197,224;,
  3;224,225,226;,
  3;225,224,197;,
  3;227,213,207;,
  3;228,229,214;,
  3;229,228,230;,
  3;220,231,232;,
  3;213,228,214;,
  3;156,201,233;,
  3;201,156,154;,
  3;233,217,218;,
  3;217,233,201;,
  3;219,217,234;,
  3;235,219,234;,
  3;236,237,238;,
  3;237,236,239;,
  3;209,240,211;,
  3;240,209,241;,
  3;211,242,212;,
  3;242,211,240;,
  3;243,239,244;,
  3;239,243,237;,
  3;244,236,245;,
  3;236,244,239;,
  3;246,221,223;,
  3;221,246,215;,
  3;221,212,247;,
  3;212,221,215;,
  3;199,248,2;,
  3;248,199,249;,
  3;133,10,250;,
  3;249,210,251;,
  3;210,249,199;,
  3;210,211,251;,
  3;252,1,253;,
  3;1,252,2;,
  3;20,254,18;,
  3;254,20,64;,
  3;24,68,14;,
  3;68,24,255;,
  3;68,256,70;,
  3;256,68,255;,
  3;256,37,70;,
  3;37,256,257;,
  3;258,2,252;,
  3;2,258,199;,
  3;257,259,37;,
  3;37,259,35;,
  3;260,204,261;,
  3;204,260,202;,
  3;262,263,223;,
  3;263,262,264;,
  3;197,258,225;,
  3;258,197,199;,
  3;265,203,227;,
  3;265,207,266;,
  3;207,265,227;,
  3;223,267,246;,
  3;267,223,263;,
  3;88,87,147;,
  3;83,82,85;,
  3;78,16,18;,
  3;16,78,74;,
  3;74,15,16;,
  3;15,74,76;,
  3;15,71,13;,
  3;71,15,76;,
  3;13,268,23;,
  3;268,13,71;,
  3;248,269,2;,
  3;2,269,0;,
  3;136,129,134;,
  3;129,136,131;,
  3;134,96,81;,
  3;96,134,129;,
  3;96,82,81;,
  3;93,96,94;,
  3;29,189,65;,
  3;205,215,246;,
  3;267,205,246;,
  3;205,267,206;,
  3;205,213,215;,
  3;187,188,270;,
  3;224,271,272;,
  3;222,221,208;,
  3;224,222,198;,
  3;272,273,262;,
  3;273,272,271;,
  3;263,274,275;,
  3;273,276,262;,
  3;277,271,278;,
  3;271,277,273;,
  3;222,272,262;,
  3;272,222,224;,
  3;222,208,198;,
  3;209,221,247;,
  3;221,209,208;,
  3;223,222,262;,
  3;266,206,279;,
  3;206,266,207;,
  3;206,280,279;,
  3;280,206,267;,
  3;280,263,275;,
  3;263,280,267;,
  3;264,262,276;,
  3;76,73,72;,
  3;138,281,140;,
  3;73,132,72;,
  3;132,73,151;,
  3;72,71,76;,
  3;271,226,278;,
