xof 0303txt 0032
template ColorRGBA {
 <35ff44e0-6c7c-11cf-8f52-0040333594a3>
 FLOAT red;
 FLOAT green;
 FLOAT blue;
 FLOAT alpha;
}

template ColorRGB {
 <d3e16e81-7835-11cf-8f52-0040333594a3>
 FLOAT red;
 FLOAT green;
 FLOAT blue;
}

template Material {
 <3d82ab4d-62da-11cf-ab39-0020af71e433>
 ColorRGBA faceColor;
 FLOAT power;
 ColorRGB specularColor;
 ColorRGB emissiveColor;
 [...]
}

template TextureFilename {
 <a42790e1-7810-11cf-8f52-0040333594a3>
 STRING filename;
}

template Frame {
 <3d82ab46-62da-11cf-ab39-0020af71e433>
 [...]
}

template Matrix4x4 {
 <f6f23f45-7686-11cf-8f52-0040333594a3>
 array FLOAT matrix[16];
}

template FrameTransformMatrix {
 <f6f23f41-7686-11cf-8f52-0040333594a3>
 Matrix4x4 frameMatrix;
}

template Vector {
 <3d82ab5e-62da-11cf-ab39-0020af71e433>
 FLOAT x;
 FLOAT y;
 FLOAT z;
}

template MeshFace {
 <3d82ab5f-62da-11cf-ab39-0020af71e433>
 DWORD nFaceVertexIndices;
 array DWORD faceVertexIndices[nFaceVertexIndices];
}

template Mesh {
 <3d82ab44-62da-11cf-ab39-0020af71e433>
 DWORD nVertices;
 array Vector vertices[nVertices];
 DWORD nFaces;
 array MeshFace faces[nFaces];
 [...]
}

template MeshMaterialList {
 <f6f23f42-7686-11cf-8f52-0040333594a3>
 DWORD nMaterials;
 DWORD nFaceIndexes;
 array DWORD faceIndexes[nFaceIndexes];
 [Material <3d82ab4d-62da-11cf-ab39-0020af71e433>]
}

template VertexElement {
 <f752461c-1e23-48f6-b9f8-8350850f336f>
 DWORD Type;
 DWORD Method;
 DWORD Usage;
 DWORD UsageIndex;
}

template DeclData {
 <bf22e553-292c-4781-9fea-62bd554bdd93>
 DWORD nElements;
 array VertexElement Elements[nElements];
 DWORD nDWords;
 array DWORD data[nDWords];
}

template XSkinMeshHeader {
 <3cf169ce-ff7c-44ab-93c0-f78f62d172e2>
 WORD nMaxSkinWeightsPerVertex;
 WORD nMaxSkinWeightsPerFace;
 WORD nBones;
}

template SkinWeights {
 <6f0d123b-bad2-4167-a0d0-80224f25fabb>
 STRING transformNodeName;
 DWORD nWeights;
 array DWORD vertexIndices[nWeights];
 array FLOAT weights[nWeights];
 Matrix4x4 matrixOffset;
}

template AnimTicksPerSecond {
 <9e415a43-7ba6-4a73-8743-b73d47e88476>
 DWORD AnimTicksPerSecond;
}

template Animation {
 <3d82ab4f-62da-11cf-ab39-0020af71e433>
 [...]
}

template AnimationSet {
 <3d82ab50-62da-11cf-ab39-0020af71e433>
 [Animation <3d82ab4f-62da-11cf-ab39-0020af71e433>]
}

template FloatKeys {
 <10dd46a9-775b-11cf-8f52-0040333594a3>
 DWORD nValues;
 array FLOAT values[nValues];
}

template TimedFloatKeys {
 <f406b180-7b3b-11cf-8f52-0040333594a3>
 DWORD time;
 FloatKeys tfkeys;
}

template AnimationKey {
 <10dd46a8-775b-11cf-8f52-0040333594a3>
 DWORD keyType;
 DWORD nKeys;
 array TimedFloatKeys keys[nKeys];
}


Material _03_-_Default {
 1.000000;1.000000;1.000000;1.000000;;
 9.999999;
 0.000000;0.000000;0.000000;;
 0.000000;0.000000;0.000000;;

 TextureFilename {
  "MaleBody_full.png";
 }
}

Frame Dummy01 {
 

 FrameTransformMatrix {
  1.000000,0.000000,0.000000,0.000000,0.000000,-0.000000,-1.000000,0.000000,0.000000,1.000000,-0.000000,0.000000,0.000000,0.000000,0.000000,1.000000;;
 }

 Frame Bip01 {
  

  FrameTransformMatrix {
   -0.458022,0.877436,-0.142553,0.000000,-0.053770,0.132724,0.989694,0.000000,0.887313,0.460967,-0.013611,0.000000,0.023113,-0.104097,0.497156,1.000000;;
  }

  Frame Bip01_Pelvis {
   

   FrameTransformMatrix {
    -0.000000,0.999742,0.022700,0.000000,-0.000001,-0.022700,0.999742,0.000000,1.000000,-0.000000,0.000001,0.000000,0.000000,0.000000,0.000000,1.000000;;
   }

   Frame Bip01_Spine {
    

    FrameTransformMatrix {
     0.985530,-0.005885,0.169400,0.000000,-0.021424,0.987058,0.158925,0.000000,-0.168143,-0.160255,0.972649,0.000000,0.051634,-0.001158,-0.000082,1.000000;;
    }

    Frame Bip01_Spine1 {
     

     FrameTransformMatrix {
      0.997391,0.004752,0.072029,0.000000,-0.000676,0.998403,-0.056498,0.000000,-0.072182,0.056302,0.995801,0.000000,0.106486,-0.000005,-0.000084,1.000000;;
     }

     Frame Bip01_Neck {
      

      FrameTransformMatrix {
       0.924272,0.221763,0.310714,0.000000,-0.127731,0.946697,-0.295720,0.000000,-0.359732,0.233638,0.903331,0.000000,0.130514,-0.000006,0.004628,1.000000;;
      }

      Frame Bip01_Head {
       

       FrameTransformMatrix {
        0.978313,0.191432,-0.079104,0.000000,-0.205408,0.945801,-0.251529,0.000000,0.026666,0.262323,0.964612,0.000000,0.033674,0.000000,0.000000,1.000000;;
       }

       Frame Bip01_HeadNub {
        

        FrameTransformMatrix {
         1.000000,0.000000,0.000000,0.000000,-0.000000,1.000000,-0.000000,0.000000,-0.000000,-0.000000,1.000000,0.000000,0.169824,0.000000,0.000000,1.000000;;
        }
       }
      }

      Frame Bip01_L_Clavicle {
       

       FrameTransformMatrix {
        -0.123152,0.901555,0.414767,0.000000,0.947862,0.230647,-0.219906,0.000000,-0.293922,0.366060,-0.882955,0.000000,-0.020166,0.019321,0.008138,1.000000;;
       }

       Frame Bip01_L_UpperArm {
        

        FrameTransformMatrix {
         0.538726,-0.842001,-0.028416,0.000000,0.840322,0.534627,0.089630,0.000000,-0.060277,-0.072165,0.995570,0.000000,0.087086,0.000000,0.000000,1.000000;;
        }

        Frame Bip01_L_Forearm {
         

         FrameTransformMatrix {
          0.777932,0.000000,-0.628348,0.000000,-0.000000,1.000000,-0.000000,0.000000,0.628348,-0.000000,0.777932,0.000000,0.137062,0.000000,0.000000,1.000000;;
         }

         Frame Bip01_L_Hand {
          

          FrameTransformMatrix {
           0.980281,0.141186,-0.138262,0.000000,0.076028,0.376349,0.923353,0.000000,0.182399,-0.915657,0.358194,0.000000,0.137062,-0.000000,0.000000,1.000000;;
          }

          Frame Bip01_L_Finger0 {
           

           FrameTransformMatrix {
            0.235353,-0.564101,0.791454,0.000000,0.835198,0.533842,0.132129,0.000000,-0.497046,0.629924,0.596777,0.000000,0.057681,-0.023605,-0.000272,1.000000;;
           }

           Frame Bip01_L_Finger0Nub {
            

            FrameTransformMatrix {
             1.000000,0.000000,-0.000000,0.000000,0.000000,1.000000,-0.000000,0.000000,-0.000000,-0.000000,1.000000,0.000000,0.029435,0.000000,-0.000000,1.000000;;
            }
           }
          }

          Frame Bip01_L_Finger1 {
           

           FrameTransformMatrix {
            0.384780,-0.000735,0.923008,0.000000,-0.000000,1.000000,0.000796,0.000000,-0.923008,-0.000306,0.384780,0.000000,0.084102,0.000000,0.000000,1.000000;;
           }

           Frame Bip01_L_Finger1Nub {
            

            FrameTransformMatrix {
             1.000000,0.000000,0.000000,0.000000,0.000000,1.000000,0.000000,0.000000,-0.000000,-0.000000,1.000000,0.000000,0.047988,0.000000,0.000000,1.000000;;
            }
           }
          }
         }
        }
       }
      }

      Frame Bip01_R_Clavicle {
       

       FrameTransformMatrix {
        -0.433829,-0.895929,-0.095413,0.000000,-0.841813,0.365306,0.397369,0.000000,-0.321159,0.252711,-0.912685,0.000000,-0.027136,-0.010433,0.000796,1.000000;;
       }

       Frame Bip01_R_UpperArm {
        

        FrameTransformMatrix {
         0.546402,0.829748,-0.113854,0.000000,-0.547445,0.456720,0.701221,0.000000,0.633836,-0.320819,0.703795,0.000000,0.087086,0.000000,0.000000,1.000000;;
        }

        Frame Bip01_R_Forearm {
         

         FrameTransformMatrix {
          0.581193,-0.000000,-0.813766,0.000000,0.000000,1.000000,0.000000,0.000000,0.813766,0.000000,0.581193,0.000000,0.137062,0.000000,0.000000,1.000000;;
         }

         Frame Bip01_R_Hand {
          

          FrameTransformMatrix {
           0.854274,-0.003112,0.519813,0.000000,0.481808,0.380117,-0.789539,0.000000,-0.195133,0.924933,0.326224,0.000000,0.137062,0.000000,0.000000,1.000000;;
          }

          Frame Bip01_R_Finger0 {
           

           FrameTransformMatrix {
            0.166554,0.297180,0.940183,0.000000,-0.870771,0.491689,-0.001159,0.000000,-0.462622,-0.818491,0.340669,0.000000,0.057681,0.023605,-0.000272,1.000000;;
           }

           Frame Bip01_R_Finger0Nub {
            

            FrameTransformMatrix {
             -1.000000,-0.000000,0.000000,0.000000,0.000000,1.000000,-0.000000,0.000000,-0.000000,0.000000,-1.000000,0.000000,0.029435,0.000000,-0.000000,1.000000;;
            }
           }
          }

          Frame Bip01_R_Finger1 {
           

           FrameTransformMatrix {
            0.329982,0.000752,0.943987,0.000000,0.000000,1.000000,-0.000796,0.000000,-0.943987,0.000263,0.329982,0.000000,0.084102,0.000000,-0.000000,1.000000;;
           }

           Frame Bip01_R_Finger1Nub {
            

            FrameTransformMatrix {
             -1.000000,0.000000,0.000000,0.000000,-0.000000,1.000000,-0.000000,0.000000,-0.000000,-0.000000,-1.000000,0.000000,0.047988,0.000000,-0.000000,1.000000;;
            }
           }
          }
         }
        }
       }
      }
     }

     Frame Bip01_BackPack {
      

      FrameTransformMatrix {
       0.190105,-0.000002,-0.981764,0.000000,0.000003,1.000000,-0.000002,0.000000,0.981764,-0.000002,0.190104,0.000000,0.063697,-0.000000,-0.088856,1.000000;;
      }

      Frame Bip01_BackPackNub {
       

       FrameTransformMatrix {
        0.000796,0.000003,1.000000,0.000000,0.000000,-1.000000,0.000003,0.000000,1.000000,-0.000000,-0.000796,0.000000,0.053240,0.000000,-0.000000,1.000000;;
       }
      }
     }
    }

    Frame Bip01_L_Thigh {
     

     FrameTransformMatrix {
      -0.821490,0.246122,0.514372,0.000000,-0.026542,-0.917581,0.396663,0.000000,0.569605,0.312202,0.760316,0.000000,-0.051205,0.056773,-0.000274,1.000000;;
     }

     Frame Bip01_L_Calf {
      

      FrameTransformMatrix {
       0.891807,0.000000,-0.452416,0.000000,0.000000,1.000000,0.000000,0.000000,0.452415,-0.000000,0.891807,0.000000,0.237500,-0.000000,-0.000000,1.000000;;
      }

      Frame Bip01_L_Foot {
       

       FrameTransformMatrix {
        0.982212,0.071013,0.173832,0.000000,-0.051268,0.991977,-0.115556,0.000000,-0.180643,0.104589,0.977972,0.000000,0.206841,0.000000,-0.000000,1.000000;;
       }

       Frame Bip01_L_Toe0 {
        

        FrameTransformMatrix {
         -0.000000,-0.348380,0.937354,0.000000,0.000001,0.937353,0.348380,0.000000,-1.000000,0.000001,0.000000,0.000000,0.065373,0.000000,0.066450,1.000000;;
        }

        Frame Bip01_L_Toe0Nub {
         

         FrameTransformMatrix {
          -1.000000,0.000000,0.000000,0.000000,-0.000000,1.000000,-0.000000,0.000000,-0.000000,-0.000000,-1.000000,0.000000,0.006735,0.000000,0.000000,1.000000;;
         }
        }
       }
      }
     }
    }

    Frame Bip01_R_Thigh {
     

     FrameTransformMatrix {
      -0.933138,-0.081295,0.350206,0.000000,0.079271,-0.996650,-0.020136,0.000000,0.350669,0.008971,0.936456,0.000000,-0.050555,-0.052248,0.017427,1.000000;;
     }

     Frame Bip01_R_Calf {
      

      FrameTransformMatrix {
       0.907485,0.000000,-0.420086,0.000000,-0.000000,1.000000,-0.000000,0.000000,0.420086,-0.000000,0.907484,0.000000,0.237500,0.000000,0.000000,1.000000;;
      }

      Frame Bip01_R_Foot {
       

       FrameTransformMatrix {
        0.984148,-0.020582,0.176150,0.000000,0.038673,0.994246,-0.099894,0.000000,-0.173081,0.105123,0.979282,0.000000,0.206841,0.000000,0.000000,1.000000;;
       }

       Frame Bip01_R_Toe0 {
        

        FrameTransformMatrix {
         -0.243697,-0.662116,0.708671,0.000000,-0.007368,0.731943,0.681326,0.000000,-0.969823,0.160816,-0.183251,0.000000,0.065373,0.000000,0.066450,1.000000;;
        }

        Frame Bip01_R_Toe0Nub {
         

         FrameTransformMatrix {
          1.000000,-0.000000,0.000000,0.000000,0.000000,1.000000,0.000000,0.000000,0.000000,0.000000,1.000000,0.000000,0.006735,0.000000,0.000000,1.000000;;
         }
        }
       }
      }
     }
    }
   }

   Frame Bip01_DressFront {
    

    FrameTransformMatrix {
     -0.950549,-0.013330,0.310289,0.000000,0.067067,0.966696,0.246984,0.000000,-0.303248,0.255581,-0.917998,0.000000,-0.043957,0.001362,0.061076,1.000000;;
    }

    Frame Bip01_DressFront02 {
     

     FrameTransformMatrix {
      0.978429,0.000001,0.206584,0.000000,-0.000001,1.000000,-0.000000,0.000000,-0.206584,-0.000000,0.978429,0.000000,0.183352,0.000000,-0.000129,1.000000;;
     }

     Frame Bip01_DressFrontNub {
      

      FrameTransformMatrix {
       0.000796,0.000003,1.000000,0.000000,0.000000,-1.000000,0.000003,0.000000,1.000000,-0.000000,-0.000796,0.000000,0.165302,0.000000,-0.000000,1.000000;;
      }
     }
    }
   }

   Frame Bip01_DressBack {
    

    FrameTransformMatrix {
     -0.912186,-0.025811,0.408962,0.000000,0.045202,0.985586,0.163026,0.000000,-0.407275,0.167196,-0.897871,0.000000,-0.047675,-0.000023,-0.078293,1.000000;;
    }

    Frame Bip01_DressBack02 {
     

     FrameTransformMatrix {
      0.931719,0.000001,0.363181,0.000000,-0.000001,1.000000,-0.000000,0.000000,-0.363181,-0.000000,0.931719,0.000000,0.176198,-0.000000,-0.000101,1.000000;;
     }

     Frame Bip01_DressBackNub {
      

      FrameTransformMatrix {
       0.000796,0.000003,1.000000,0.000000,0.000000,-1.000000,0.000003,0.000000,1.000000,0.000000,-0.000796,0.000000,0.136508,0.000000,0.000000,1.000000;;
      }
     }
    }
   }
  }

  Frame Bip01_Prop1 {
   

   FrameTransformMatrix {
    -0.794144,-0.110254,0.597645,0.000000,0.606298,-0.076278,0.791571,0.000000,-0.041686,0.990972,0.127423,0.000000,0.054373,-0.069352,-0.115006,1.000000;;
   }
  }

  Frame Bip01_Prop2 {
   

   FrameTransformMatrix {
    0.087903,-0.976438,0.197085,0.000000,0.995613,0.079752,-0.048935,0.000000,0.032065,0.200522,0.979165,0.000000,0.092444,-0.030105,0.128330,1.000000;;
   }
  }
 }
}

Frame Translation_Data {
 

 FrameTransformMatrix {
  1.000000,0.000000,0.000000,0.000000,0.000000,-0.000000,-1.000000,0.000000,0.000000,1.000000,-0.000000,0.000000,0.000000,-0.000000,0.000000,1.000000;;
 }
}

Frame Body {
 

 FrameTransformMatrix {
  1.000000,0.000000,0.000000,0.000000,0.000000,1.000000,0.000000,0.000000,0.000000,0.000000,1.000000,0.000000,0.000000,0.000000,0.000000,1.000000;;
 }

 Mesh Body {
  617;
  0.032205;0.726912;-0.026873;,
  0.004160;0.729982;-0.009656;,
  0.004893;0.763263;-0.002895;,
  0.038798;0.707501;-0.027313;,
  0.049510;0.699860;-0.031411;,
  0.016938;0.661172;-0.018883;,
  0.005422;0.694583;-0.017656;,
  0.063944;0.670824;-0.015773;,
  0.022516;0.794793;0.019796;,
  0.079799;0.774638;0.019597;,
  0.059292;0.762931;-0.000926;,
  0.056430;0.784848;0.039340;,
  0.113194;0.548489;0.092777;,
  0.085825;0.561581;0.123762;,
  0.087795;0.548794;0.133732;,
  0.104374;0.558847;0.088208;,
  0.072738;0.550546;0.042930;,
  0.095968;0.527540;0.059102;,
  0.033886;0.542222;0.030961;,
  0.071071;0.501946;0.043733;,
  0.040814;0.491129;0.049314;,
  -0.031829;0.661357;0.005509;,
  -0.030505;0.697984;0.001915;,
  0.048479;0.561402;0.144801;,
  0.050501;0.546053;0.153382;,
  0.087907;0.662054;0.089058;,
  0.044875;0.707076;0.114844;,
  0.047326;0.667927;0.121361;,
  0.089518;0.703714;0.079275;,
  0.060098;0.464423;0.031499;,
  0.107416;0.365273;0.013920;,
  0.063470;0.373511;-0.002090;,
  0.103985;0.456983;0.054483;,
  0.060054;0.278340;-0.031408;,
  0.099244;0.272442;0.002842;,
  0.019879;0.460156;0.060726;,
  0.049896;0.342883;0.101801;,
  0.066440;0.444964;0.165833;,
  0.024026;0.363913;0.033539;,
  0.057246;0.266951;0.053316;,
  0.043645;0.269455;0.013993;,
  0.124657;0.348184;0.073970;,
  0.117580;0.429954;0.107408;,
  0.096478;0.271239;0.042976;,
  0.114546;-0.001438;0.042890;,
  0.093296;-0.001522;0.099286;,
  0.071394;-0.001415;0.055655;,
  0.125876;-0.001545;0.086892;,
  0.071325;0.217058;-0.004734;,
  0.111756;0.146710;0.026234;,
  0.076308;0.143885;0.005835;,
  0.108864;0.220534;0.015110;,
  0.110609;0.068119;0.040207;,
  0.083453;0.066111;0.018468;,
  0.038496;0.200082;0.030459;,
  0.061203;0.156463;0.077769;,
  0.051966;0.221641;0.080062;,
  0.054092;0.143163;0.037686;,
  0.085310;0.079409;0.071135;,
  0.075343;0.059932;0.048784;,
  0.121245;0.157598;0.061971;,
  0.121086;0.232143;0.061588;,
  0.108124;0.084999;0.063774;,
  0.104726;0.499510;0.064975;,
  -0.000812;0.483312;0.058767;,
  0.019879;0.460156;0.060726;,
  0.006761;0.451185;0.075992;,
  0.131332;0.501992;0.112615;,
  0.097937;0.505920;0.156788;,
  0.122105;0.446667;0.115236;,
  0.090304;0.452334;0.153775;,
  0.085327;0.613334;0.099980;,
  0.104105;0.653120;0.057780;,
  0.103444;0.652160;0.036654;,
  0.062508;0.595056;0.025912;,
  0.067706;0.640559;-0.002263;,
  0.097290;0.605020;0.061847;,
  0.019686;0.630824;-0.010015;,
  0.027603;0.585426;0.016849;,
  -0.029372;0.634654;0.015702;,
  -0.014826;0.583157;0.041862;,
  0.082450;0.676483;-0.047184;,
  0.103305;0.631143;-0.038565;,
  0.037004;0.681208;-0.018759;,
  0.074216;0.577981;0.003302;,
  0.052373;0.622651;-0.008173;,
  0.115638;0.584228;-0.021303;,
  0.066100;0.688450;0.034277;,
  0.052373;0.622651;-0.008173;,
  0.082276;0.641836;0.047534;,
  0.099330;0.586811;0.049499;,
  0.074216;0.577981;0.003302;,
  0.076455;0.692594;0.036283;,
  0.133265;0.650648;0.017099;,
  0.111933;0.694813;0.008882;,
  0.140668;0.592933;0.025024;,
  0.101748;0.686643;-0.026677;,
  0.114938;0.568310;-0.033848;,
  0.072499;0.501661;-0.025443;,
  0.066159;0.558488;-0.005133;,
  0.103417;0.510434;-0.043177;,
  0.075294;0.460390;-0.031928;,
  0.096780;0.461177;-0.048685;,
  0.066159;0.558488;-0.005133;,
  0.108973;0.492914;0.017766;,
  0.098751;0.548133;0.047939;,
  0.072499;0.501661;-0.025443;,
  0.104418;0.451760;-0.007412;,
  0.075294;0.460390;-0.031928;,
  0.132494;0.500001;0.003960;,
  0.147310;0.557966;0.019461;,
  0.117043;0.452369;-0.018253;,
  0.050378;0.354287;-0.066110;,
  0.094516;0.376332;-0.037429;,
  0.051242;0.374908;-0.058501;,
  0.093213;0.356110;-0.045210;,
  0.041089;0.409877;-0.062026;,
  0.044810;0.397579;-0.072767;,
  0.042572;0.398759;-0.062058;,
  0.038794;0.411168;-0.073391;,
  0.098297;0.413659;-0.016052;,
  0.069606;0.411770;-0.069141;,
  0.104826;0.385588;-0.039827;,
  0.059073;0.430305;-0.041675;,
  0.115952;0.385019;-0.056380;,
  0.122833;0.427415;-0.041355;,
  0.082497;0.445962;-0.068394;,
  0.082366;0.410936;-0.084405;,
  0.086236;0.744914;-0.014875;,
  0.073023;0.734925;-0.039736;,
  0.059292;0.762931;-0.000926;,
  0.044231;0.750386;-0.018472;,
  0.110188;0.699250;0.044343;,
  0.018243;0.778934;-0.003439;,
  0.055624;0.714719;-0.044563;,
  0.038798;0.707501;-0.027313;,
  0.032205;0.726912;-0.026873;,
  0.055012;0.692741;-0.034688;,
  0.101428;0.737652;0.026473;,
  0.081792;0.739991;0.063449;,
  0.100788;0.739712;0.021095;,
  0.036035;0.739867;0.099290;,
  0.014867;0.781836;0.061908;,
  0.079799;0.774638;0.019597;,
  0.100788;0.739712;0.021095;,
  0.063747;0.700332;-0.004819;,
  0.096372;0.725666;0.016705;,
  0.037004;0.681208;-0.018759;,
  0.094915;0.685946;0.019231;,
  0.070822;0.672395;-0.002707;,
  0.049510;0.699860;-0.031411;,
  0.107638;0.693302;0.027731;,
  0.059073;0.430305;-0.041675;,
  0.017585;0.803958;-0.001584;,
  0.011184;0.818657;0.014734;,
  0.000138;0.800147;0.037803;,
  -0.013320;0.826822;0.022567;,
  0.082366;0.410936;-0.084405;,
  0.050378;0.354287;-0.066110;,
  0.093213;0.356110;-0.045210;,
  0.053396;0.424426;-0.056103;,
  0.053523;0.421569;-0.081848;,
  0.053396;0.424426;-0.056103;,
  0.058795;0.407759;-0.059240;,
  0.068975;0.405534;-0.081538;,
  0.068975;0.405534;-0.081538;,
  0.041089;0.409877;-0.062026;,
  0.038794;0.411168;-0.073391;,
  0.044810;0.397579;-0.072767;,
  0.093629;0.020228;-0.031305;,
  0.049681;-0.001385;-0.062709;,
  0.050964;0.017194;-0.055465;,
  0.096319;-0.001397;-0.040026;,
  0.086081;0.031888;0.090626;,
  0.071394;-0.001415;0.055655;,
  0.093296;-0.001522;0.099286;,
  0.069227;0.023542;0.053759;,
  0.085310;0.079409;0.071135;,
  0.124833;0.034910;0.075657;,
  0.108124;0.084999;0.063774;,
  0.114546;-0.001438;0.042890;,
  0.125876;-0.001545;0.086892;,
  0.114763;0.033508;0.040173;,
  0.083453;0.066111;0.018468;,
  0.110609;0.068119;0.040207;,
  0.028836;0.014160;-0.036089;,
  0.020571;-0.001374;-0.040738;,
  0.096319;-0.001397;-0.040026;,
  0.020571;-0.001374;-0.040738;,
  0.024026;0.363913;0.033539;,
  0.043645;0.269455;0.013993;,
  0.038496;0.200082;0.030459;,
  0.054092;0.143163;0.037686;,
  0.075343;0.059932;0.048784;,
  0.075343;0.059932;0.048784;,
  0.030298;0.446005;0.122068;,
  0.028682;0.796257;-0.013033;,
  0.011130;0.778349;-0.022799;,
  0.020632;0.782342;-0.027249;,
  0.007696;0.791326;-0.012390;,
  0.021604;0.825836;-0.005749;,
  0.013677;0.846209;0.004478;,
  0.014178;0.902248;-0.105127;,
  -0.004936;0.880850;-0.124085;,
  -0.005046;0.906820;-0.109365;,
  0.024828;0.820209;-0.102976;,
  0.008127;0.816148;-0.109085;,
  0.023164;0.848040;-0.113243;,
  0.028290;0.796456;-0.041343;,
  0.036101;0.820554;-0.025744;,
  0.027683;0.810669;-0.012617;,
  0.039381;0.858914;-0.032189;,
  0.041599;0.853733;-0.056070;,
  0.036408;0.862703;-0.103020;,
  0.044146;0.879893;-0.082412;,
  0.038113;0.834671;-0.075227;,
  0.036434;0.871642;-0.021621;,
  0.025482;0.890725;-0.010940;,
  -0.013849;0.899743;-0.005698;,
  0.023573;0.921298;-0.048542;,
  -0.009405;0.930293;-0.044124;,
  0.036678;0.817011;-0.061030;,
  0.018749;0.780919;-0.047588;,
  0.022839;0.799716;-0.077964;,
  0.002730;0.754808;-0.043769;,
  -0.017621;0.758095;-0.032739;,
  -0.016591;0.747276;-0.050873;,
  0.019924;0.869019;-0.117903;,
  0.032913;0.893372;-0.097152;,
  0.039209;0.907336;-0.060934;,
  0.027520;0.916682;-0.079316;,
  0.010551;0.925616;-0.078828;,
  -0.006521;0.929523;-0.079679;,
  -0.016531;0.861882;0.007477;,
  0.039209;0.907336;-0.060934;,
  0.027520;0.916682;-0.079316;,
  0.042580;0.822090;-0.027328;,
  0.051480;0.864906;-0.046113;,
  0.054620;0.854238;-0.027951;,
  0.043074;0.847213;-0.039852;,
  0.054620;0.854238;-0.027951;,
  0.042580;0.822090;-0.027328;,
  0.051480;0.864906;-0.046113;,
  0.041599;0.853733;-0.056070;,
  0.040385;0.830210;-0.047205;,
  0.036101;0.820554;-0.025744;,
  0.024382;0.817648;-0.091058;,
  0.040385;0.830210;-0.047205;,
  0.018243;0.778934;-0.003439;,
  0.017585;0.803958;-0.001584;,
  0.044231;0.750386;-0.018472;,
  0.021604;0.825836;-0.005749;,
  -0.027233;0.748684;0.000521;,
  -0.027796;0.724939;0.002956;,
  -0.005631;0.541376;0.049232;,
  0.060588;0.504797;0.176204;,
  0.060344;0.470568;0.178427;,
  0.042318;0.432797;0.156983;,
  -0.021811;0.768822;-0.019883;,
  0.030298;0.446005;0.122068;,
  0.010551;0.925616;-0.078828;,
  -0.006521;0.929523;-0.079679;,
  0.006151;0.777180;-0.066386;,
  0.000798;0.791813;-0.085854;,
  0.000208;0.783852;-0.080423;,
  -0.005203;0.866001;-0.128493;,
  -0.006447;0.840676;-0.126379;,
  0.004936;0.814428;-0.096581;,
  0.047543;0.616651;0.128533;,
  0.044231;0.750386;-0.018472;,
  0.049681;-0.001385;-0.062709;,
  -0.002502;0.766618;-0.067497;,
  0.005009;0.772014;-0.062420;,
  -0.002443;0.772627;-0.067379;,
  -0.012383;0.780674;-0.084953;,
  -0.011293;0.782119;-0.097500;,
  -0.002171;0.773014;-0.073580;,
  -0.014020;0.773060;-0.068926;,
  -0.014329;0.764181;-0.069732;,
  -0.008574;0.812087;-0.115193;,
  -0.009505;0.806741;-0.106592;,
  0.096372;0.725666;0.016705;,
  -0.013380;0.771382;-0.077589;,
  0.068802;0.709289;0.009097;,
  0.063747;0.700332;-0.004819;,
  0.049510;0.699860;-0.031411;,
  0.036434;0.871642;-0.021621;,
  0.071325;0.217058;-0.004734;,
  0.028450;0.138469;0.007712;,
  0.014222;0.214833;0.004904;,
  0.076308;0.143885;0.005835;,
  0.060054;0.278340;-0.031408;,
  0.011906;0.276013;-0.007238;,
  0.063470;0.373511;-0.002090;,
  0.008413;0.366636;0.021870;,
  0.060098;0.464423;0.031499;,
  0.009982;0.453598;0.040280;,
  0.040814;0.491129;0.049314;,
  0.031785;0.065875;0.009991;,
  0.083453;0.066111;0.018468;,
  0.071798;0.151822;0.104295;,
  0.052446;0.088589;0.177695;,
  0.079951;0.082326;0.110478;,
  0.046709;0.160853;0.166699;,
  0.037164;0.225830;0.150078;,
  0.059680;0.221729;0.092500;,
  0.035063;0.287602;0.146374;,
  0.057868;0.262689;0.083692;,
  0.052624;0.339240;0.116057;,
  0.043482;0.364759;0.155973;,
  0.058538;0.443131;0.177369;,
  0.068802;0.709289;0.009097;,
  -0.080144;0.739996;0.045268;,
  -0.051508;0.734179;0.026579;,
  -0.086385;0.720861;0.053216;,
  -0.042354;0.766815;0.026996;,
  -0.090985;0.711086;0.061854;,
  -0.072653;0.668374;0.040965;,
  -0.086429;0.682911;0.084679;,
  -0.063032;0.699744;0.026902;,
  -0.026510;0.798473;0.050369;,
  -0.051969;0.785927;0.104270;,
  -0.021962;0.790758;0.090366;,
  -0.063146;0.777155;0.075978;,
  -0.034886;0.554502;0.169098;,
  0.011018;0.565422;0.165297;,
  -0.029099;0.565700;0.162315;,
  0.013131;0.551826;0.172214;,
  -0.051504;0.556925;0.111912;,
  -0.053660;0.533616;0.136222;,
  -0.041837;0.546110;0.073004;,
  -0.053607;0.506300;0.107408;,
  -0.032068;0.494089;0.086878;,
  0.048479;0.561402;0.144801;,
  0.050501;0.546053;0.153382;,
  0.002471;0.669473;0.148025;,
  0.044875;0.707076;0.114844;,
  -0.005021;0.711313;0.142429;,
  0.047326;0.667927;0.121361;,
  -0.054761;0.459343;0.097505;,
  -0.089319;0.365361;0.149617;,
  -0.062926;0.461817;0.147328;,
  -0.075018;0.363552;0.104366;,
  -0.089034;0.265606;0.107341;,
  -0.086308;0.272052;0.159372;,
  -0.005020;0.453840;0.086996;,
  0.016561;0.353252;0.162873;,
  -0.022016;0.355757;0.097475;,
  0.044934;0.445837;0.176918;,
  -0.020371;0.270337;0.158555;,
  -0.042788;0.263290;0.123962;,
  -0.052047;0.363707;0.202564;,
  -0.028095;0.443810;0.194650;,
  -0.053143;0.278170;0.181555;,
  -0.049932;0.015663;0.257635;,
  0.010001;0.017549;0.263675;,
  -0.015694;0.023084;0.286570;,
  -0.019161;0.007904;0.225730;,
  -0.072067;0.212825;0.145310;,
  -0.069709;0.155145;0.210195;,
  -0.080188;0.224831;0.185373;,
  -0.063359;0.143967;0.171266;,
  -0.053214;0.081177;0.235207;,
  -0.055624;0.071358;0.201865;,
  -0.023306;0.197772;0.144903;,
  0.001552;0.166516;0.200234;,
  -0.024620;0.145663;0.173507;,
  0.005919;0.229198;0.180470;,
  -0.013828;0.092749;0.229169;,
  -0.027525;0.067451;0.211225;,
  -0.048292;0.173226;0.236654;,
  -0.052135;0.245842;0.220244;,
  -0.033011;0.100826;0.242262;,
  -0.055744;0.506027;0.147682;,
  -0.005020;0.453840;0.086996;,
  -0.032217;0.508633;0.196909;,
  0.023272;0.508952;0.195270;,
  -0.025879;0.457849;0.197712;,
  0.023993;0.460491;0.193780;,
  0.007293;0.620047;0.153488;,
  -0.033311;0.665052;0.152625;,
  -0.052823;0.665730;0.144509;,
  -0.055582;0.605215;0.106886;,
  -0.033319;0.616257;0.151405;,
  -0.077936;0.653206;0.098259;,
  -0.069594;0.638577;0.051606;,
  -0.052787;0.592342;0.071972;,
  -0.107362;0.696335;0.065734;,
  -0.055641;0.703676;0.078644;,
  -0.123892;0.652813;0.085670;,
  -0.082917;0.608400;0.124361;,
  -0.129886;0.611759;0.112484;,
  -0.066104;0.647180;0.100458;,
  -0.067890;0.717970;0.136588;,
  -0.078556;0.673669;0.159693;,
  -0.066104;0.647180;0.100458;,
  -0.093552;0.616356;0.173786;,
  -0.082917;0.608400;0.124361;,
  -0.077265;0.722526;0.141036;,
  -0.136417;0.679616;0.144841;,
  -0.119291;0.722013;0.125290;,
  -0.140401;0.619550;0.162016;,
  -0.119922;0.709317;0.089607;,
  -0.130654;0.601167;0.097732;,
  -0.080659;0.540577;0.085768;,
  -0.116074;0.546610;0.078231;,
  -0.075006;0.595541;0.110849;,
  -0.080555;0.499135;0.073925;,
  -0.105928;0.498894;0.064332;,
  -0.075006;0.595541;0.110849;,
  -0.102346;0.522770;0.135633;,
  -0.080659;0.540577;0.085768;,
  -0.090091;0.576083;0.169075;,
  -0.100770;0.491060;0.105372;,
  -0.080555;0.499135;0.073925;,
  -0.129420;0.527797;0.129651;,
  -0.145442;0.581766;0.156069;,
  -0.115811;0.485829;0.098040;,
  -0.064010;0.384391;0.093136;,
  -0.099576;0.423603;0.114448;,
  -0.099457;0.402478;0.119432;,
  -0.063777;0.405700;0.087680;,
  -0.057599;0.432707;0.074019;,
  -0.062111;0.416874;0.070952;,
  -0.054984;0.427778;0.063774;,
  -0.059993;0.423296;0.079632;,
  -0.096644;0.465128;0.113472;,
  -0.084951;0.432107;0.064299;,
  -0.066967;0.460281;0.073875;,
  -0.109600;0.430178;0.110924;,
  -0.125124;0.422880;0.100732;,
  -0.127731;0.467468;0.092036;,
  -0.097435;0.463341;0.049999;,
  -0.101650;0.425487;0.055707;,
  -0.087124;0.769597;0.095693;,
  -0.106086;0.760687;0.074346;,
  -0.063146;0.777155;0.075978;,
  -0.072926;0.764971;0.056726;,
  -0.045415;0.711757;0.148288;,
  -0.047276;0.783847;0.037016;,
  -0.106750;0.737571;0.058251;,
  -0.086385;0.720861;0.053216;,
  -0.093475;0.714262;0.065728;,
  -0.080144;0.739996;0.045268;,
  -0.060235;0.751838;0.132758;,
  -0.065155;0.754413;0.129828;,
  -0.014862;0.747278;0.126363;,
  0.036035;0.739867;0.099290;,
  0.014867;0.781836;0.061908;,
  -0.051969;0.785927;0.104270;,
  -0.065155;0.754413;0.129828;,
  -0.074756;0.712799;0.086595;,
  -0.055641;0.703676;0.078644;,
  -0.068047;0.741256;0.125088;,
  -0.064236;0.698738;0.125546;,
  -0.076842;0.684264;0.095934;,
  -0.090985;0.711086;0.061854;,
  -0.060390;0.706808;0.139976;,
  -0.066967;0.460281;0.073875;,
  -0.051410;0.807938;0.005325;,
  -0.039859;0.821601;0.019845;,
  0.000138;0.800147;0.037803;,
  -0.013320;0.826822;0.022567;,
  -0.101650;0.425487;0.055707;,
  -0.064010;0.384391;0.093136;,
  -0.099457;0.402478;0.119432;,
  -0.068777;0.448932;0.070855;,
  -0.068637;0.433158;0.050310;,
  -0.068777;0.448932;0.070855;,
  -0.075471;0.433415;0.076441;,
  -0.085362;0.420575;0.057919;,
  -0.085362;0.420575;0.057919;,
  -0.057599;0.432707;0.074019;,
  -0.054984;0.427778;0.063774;,
  -0.062111;0.416874;0.070952;,
  -0.107009;0.023599;0.202037;,
  -0.115192;-0.010427;0.155562;,
  -0.115850;0.002195;0.205859;,
  -0.109431;0.008705;0.155288;,
  0.005255;0.047401;0.245519;,
  -0.019161;0.007904;0.225730;,
  -0.020067;0.031423;0.216945;,
  0.010001;0.017549;0.263675;,
  -0.013828;0.092749;0.229169;,
  -0.025534;0.056915;0.271910;,
  -0.033011;0.100826;0.242262;,
  -0.049932;0.015663;0.257635;,
  -0.052715;0.049287;0.248129;,
  -0.015694;0.023084;0.286570;,
  -0.055624;0.071358;0.201865;,
  -0.053214;0.081177;0.235207;,
  -0.082164;0.003258;0.145232;,
  -0.082495;-0.014119;0.139833;,
  -0.115850;0.002195;0.205859;,
  -0.082495;-0.014119;0.139833;,
  -0.022016;0.355757;0.097475;,
  -0.042788;0.263290;0.123962;,
  -0.023306;0.197772;0.144903;,
  -0.024620;0.145663;0.173507;,
  -0.027525;0.067451;0.211225;,
  -0.027525;0.067451;0.211225;,
  -0.063147;0.800140;-0.020565;,
  -0.045805;0.780756;-0.027469;,
  -0.045750;0.794408;-0.007039;,
  -0.054087;0.785502;-0.033378;,
  -0.054893;0.829071;-0.012024;,
  -0.047054;0.848778;-0.000504;,
  -0.025017;0.903905;-0.108343;,
  -0.005046;0.906820;-0.109365;,
  -0.042718;0.823065;-0.108517;,
  -0.037078;0.850588;-0.118185;,
  -0.025646;0.817576;-0.111855;,
  -0.058139;0.800111;-0.048433;,
  -0.066335;0.824886;-0.034147;,
  -0.061023;0.814420;-0.019893;,
  -0.065294;0.863341;-0.040776;,
  -0.064024;0.858200;-0.064734;,
  -0.050531;0.866379;-0.110152;,
  -0.059080;0.838782;-0.083200;,
  -0.060050;0.884300;-0.090959;,
  -0.063049;0.875849;-0.029782;,
  -0.052419;0.894019;-0.017330;,
  -0.013849;0.899743;-0.005698;,
  -0.041861;0.924065;-0.053909;,
  -0.009405;0.930293;-0.044124;,
  -0.061459;0.821161;-0.069081;,
  -0.046550;0.802651;-0.083656;,
  -0.049046;0.783786;-0.053149;,
  -0.036109;0.756451;-0.046955;,
  -0.031374;0.871188;-0.122111;,
  -0.045477;0.896687;-0.103582;,
  -0.056388;0.911378;-0.068776;,
  -0.041122;0.919585;-0.084947;,
  -0.006521;0.929523;-0.079679;,
  -0.023770;0.927067;-0.081643;,
  -0.016531;0.861882;0.007477;,
  -0.056388;0.911378;-0.068776;,
  -0.041122;0.919585;-0.084947;,
  -0.072318;0.826949;-0.036753;,
  -0.074421;0.870230;-0.056441;,
  -0.068659;0.851938;-0.049017;,
  -0.081357;0.859988;-0.039105;,
  -0.081357;0.859988;-0.039105;,
  -0.072318;0.826949;-0.036753;,
  -0.074421;0.870230;-0.056441;,
  -0.064024;0.858200;-0.064734;,
  -0.066246;0.834720;-0.055952;,
  -0.066335;0.824886;-0.034147;,
  -0.044433;0.820558;-0.096703;,
  -0.066246;0.834720;-0.055952;,
  -0.047276;0.783847;0.037016;,
  -0.051410;0.807938;0.005325;,
  -0.072926;0.764971;0.056726;,
  -0.054893;0.829071;-0.012024;,
  0.060588;0.504797;0.176204;,
  0.060344;0.470568;0.178427;,
  0.042318;0.432797;0.156983;,
  0.030298;0.446005;0.122068;,
  -0.023770;0.927067;-0.081643;,
  -0.006521;0.929523;-0.079679;,
  -0.033917;0.778874;-0.069673;,
  -0.024260;0.792873;-0.087910;,
  -0.025232;0.784928;-0.082510;,
  -0.024687;0.815681;-0.099011;,
  0.047543;0.616651;0.128533;,
  -0.072926;0.764971;0.056726;,
  -0.115192;-0.010427;0.155562;,
  -0.033873;0.773658;-0.065609;,
  -0.026116;0.767617;-0.069434;,
  -0.025689;0.773610;-0.069286;,
  -0.024915;0.773976;-0.075446;,
  -0.068047;0.741256;0.125088;,
  -0.063066;0.721575;0.097650;,
  -0.074756;0.712799;0.086595;,
  -0.090985;0.711086;0.061854;,
  -0.063049;0.875849;-0.029782;,
  -0.040872;0.207719;0.082562;,
  -0.012623;0.135510;0.046250;,
  -0.040881;0.133921;0.104056;,
  -0.014842;0.212770;0.040316;,
  -0.052269;0.265021;0.071501;,
  -0.020445;0.269222;0.034545;,
  -0.029567;0.357137;0.068197;,
  -0.010118;0.356838;0.046661;,
  -0.016943;0.445368;0.064496;,
  -0.003048;0.442039;0.054471;,
  -0.000812;0.483312;0.058767;,
  -0.032068;0.494089;0.086878;,
  -0.012964;0.069349;0.048231;,
  -0.039178;0.063181;0.117178;,
  0.025182;0.095183;0.238725;,
  -0.048292;0.173226;0.236654;,
  -0.032999;0.100825;0.242255;,
  0.016198;0.166267;0.215715;,
  -0.052135;0.245842;0.220244;,
  0.008574;0.230927;0.197518;,
  0.005476;0.273689;0.181087;,
  -0.053143;0.278170;0.181555;,
  -0.052047;0.363707;0.202564;,
  0.027730;0.352126;0.176306;,
  0.060344;0.470568;0.178427;,
  0.023993;0.460491;0.193780;,
  -0.063066;0.721575;0.097650;,
  -0.054761;0.459343;0.097505;,
  -0.075018;0.363552;0.104366;,
  -0.089034;0.265606;0.107341;,
  -0.072067;0.212825;0.145310;,
  -0.063359;0.143967;0.171266;,
  -0.055624;0.071358;0.201865;,
  0.124657;0.348184;0.073970;,
  0.090304;0.452334;0.153775;,
  0.117580;0.429954;0.107408;,
  0.096478;0.271239;0.042976;,
  0.121086;0.232143;0.061588;,
  0.121245;0.157598;0.061971;,
  0.108124;0.084999;0.063774;,
  -0.028095;0.443810;0.194650;;
  916;
  3;0,1,2;,
  3;1,0,3;,
  3;4,5,6;,
  3;5,4,7;,
  3;8,9,10;,
  3;9,8,11;,
  3;12,13,14;,
  3;13,12,15;,
  3;16,12,17;,
  3;12,16,15;,
  3;18,19,20;,
  3;19,18,16;,
  3;6,21,22;,
  3;21,6,5;,
  3;14,23,24;,
  3;23,14,13;,
  3;25,26,27;,
  3;26,25,28;,
  3;29,30,31;,
  3;30,29,32;,
  3;30,33,31;,
  3;33,30,34;,
  3;35,36,37;,
  3;36,35,38;,
  3;38,39,36;,
  3;39,38,40;,
  3;37,41,42;,
  3;41,37,36;,
  3;36,43,41;,
  3;43,36,39;,
  3;42,30,32;,
  3;30,42,41;,
  3;41,34,30;,
  3;34,41,43;,
  3;44,45,46;,
  3;45,44,47;,
  3;48,49,50;,
  3;49,48,51;,
  3;50,52,53;,
  3;52,50,49;,
  3;54,55,56;,
  3;55,54,57;,
  3;57,58,55;,
  3;58,57,59;,
  3;56,60,61;,
  3;60,56,55;,
  3;55,62,60;,
  3;62,55,58;,
  3;61,49,51;,
  3;49,61,60;,
  3;60,52,49;,
  3;52,60,62;,
  3;32,19,63;,
  3;19,32,29;,
  3;64,65,66;,
  3;65,64,20;,
  3;14,67,12;,
  3;67,14,68;,
  3;68,69,67;,
  3;69,68,70;,
  3;70,42,69;,
  3;42,70,37;,
  3;48,34,51;,
  3;34,48,33;,
  3;51,43,61;,
  3;43,51,34;,
  3;43,56,61;,
  3;56,43,39;,
  3;39,54,56;,
  3;54,39,40;,
  3;12,63,17;,
  3;63,12,67;,
  3;67,32,63;,
  3;32,67,69;,
  3;69,42,32;,
  3;71,72,25;,
  3;73,74,75;,
  3;74,73,76;,
  3;74,77,75;,
  3;77,74,78;,
  3;79,78,80;,
  3;78,79,77;,
  3;81,82,83;,
  3;82,84,85;,
  3;84,82,86;,
  3;87,88,89;,
  3;88,90,89;,
  3;90,88,91;,
  3;92,93,94;,
  3;92,89,93;,
  3;92,87,89;,
  3;89,95,93;,
  3;95,89,90;,
  3;96,93,82;,
  3;93,86,82;,
  3;86,93,95;,
  3;97,98,99;,
  3;98,97,100;,
  3;100,101,98;,
  3;101,100,102;,
  3;103,104,105;,
  3;104,103,106;,
  3;106,107,104;,
  3;107,106,108;,
  3;105,109,110;,
  3;109,105,104;,
  3;104,111,109;,
  3;111,104,107;,
  3;110,100,97;,
  3;100,110,109;,
  3;109,102,100;,
  3;102,109,111;,
  3;112,113,114;,
  3;113,112,115;,
  3;116,117,118;,
  3;117,116,119;,
  3;120,121,122;,
  3;121,120,123;,
  3;120,124,125;,
  3;124,120,122;,
  3;126,124,127;,
  3;124,126,125;,
  3;95,97,86;,
  3;97,95,110;,
  3;86,99,84;,
  3;99,86,97;,
  3;90,103,105;,
  3;103,90,91;,
  3;105,95,90;,
  3;95,105,110;,
  3;128,96,129;,
  3;96,128,94;,
  3;129,130,128;,
  3;130,129,131;,
  3;72,28,25;,
  3;28,72,132;,
  3;10,133,8;,
  3;134,135,136;,
  3;135,134,137;,
  3;81,137,134;,
  3;138,11,139;,
  3;138,9,11;,
  3;138,140,9;,
  3;141,11,142;,
  3;11,141,139;,
  3;128,130,143;,
  3;94,144,92;,
  3;94,143,144;,
  3;94,128,143;,
  3;145,87,146;,
  3;87,145,147;,
  3;75,148,73;,
  3;148,75,149;,
  3;150,147,145;,
  3;7,149,75;,
  3;148,151,73;,
  3;102,152,101;,
  3;152,102,126;,
  3;102,125,126;,
  3;125,102,111;,
  3;111,120,125;,
  3;120,111,107;,
  3;120,108,123;,
  3;108,120,107;,
  3;8,153,154;,
  3;153,8,133;,
  3;154,155,8;,
  3;155,154,156;,
  3;122,114,113;,
  3;114,122,121;,
  3;121,112,114;,
  3;112,121,157;,
  3;158,124,159;,
  3;124,158,127;,
  3;159,122,113;,
  3;122,159,124;,
  3;126,160,152;,
  3;160,126,161;,
  3;162,121,123;,
  3;121,162,163;,
  3;121,164,157;,
  3;164,121,163;,
  3;165,126,127;,
  3;126,165,161;,
  3;161,166,160;,
  3;166,161,167;,
  3;162,118,163;,
  3;118,162,116;,
  3;163,117,164;,
  3;117,163,118;,
  3;165,167,161;,
  3;167,165,168;,
  3;169,170,171;,
  3;170,169,172;,
  3;173,174,175;,
  3;174,173,176;,
  3;177,178,179;,
  3;178,177,173;,
  3;180,178,181;,
  3;178,180,182;,
  3;183,169,171;,
  3;169,183,184;,
  3;174,185,186;,
  3;185,174,176;,
  3;46,187,44;,
  3;187,46,188;,
  3;180,169,182;,
  3;169,180,172;,
  3;20,29,65;,
  3;19,29,20;,
  3;29,31,189;,
  3;31,190,189;,
  3;190,31,33;,
  3;33,191,190;,
  3;191,33,48;,
  3;191,50,192;,
  3;50,191,48;,
  3;192,53,193;,
  3;53,192,50;,
  3;194,171,185;,
  3;171,194,183;,
  3;171,186,185;,
  3;186,171,170;,
  3;185,176,194;,
  3;194,173,177;,
  3;173,194,176;,
  3;178,175,181;,
  3;175,178,173;,
  3;179,182,184;,
  3;182,179,178;,
  3;182,169,184;,
  3;16,17,19;,
  3;17,63,19;,
  3;65,195,66;,
  3;196,197,198;,
  3;197,196,199;,
  3;200,154,153;,
  3;154,200,201;,
  3;202,203,204;,
  3;205,206,207;,
  3;196,208,209;,
  3;208,196,198;,
  3;210,209,211;,
  3;209,210,196;,
  3;212,213,214;,
  3;213,212,215;,
  3;212,214,211;,
  3;201,216,217;,
  3;216,201,200;,
  3;218,219,220;,
  3;219,218,217;,
  3;210,199,196;,
  3;213,205,207;,
  3;221,222,223;,
  3;198,197,224;,
  3;224,225,226;,
  3;225,224,197;,
  3;227,213,207;,
  3;228,229,214;,
  3;229,228,230;,
  3;220,231,232;,
  3;213,228,214;,
  3;156,201,233;,
  3;201,156,154;,
  3;233,217,218;,
  3;217,233,201;,
  3;219,217,234;,
  3;235,219,234;,
  3;236,237,238;,
  3;237,236,239;,
  3;209,240,211;,
  3;240,209,241;,
  3;211,242,212;,
  3;242,211,240;,
  3;243,239,244;,
  3;239,243,237;,
  3;244,236,245;,
  3;236,244,239;,
  3;246,221,223;,
  3;221,246,215;,
  3;221,212,247;,
  3;212,221,215;,
  3;199,248,2;,
  3;248,199,249;,
  3;133,10,250;,
  3;249,210,251;,
  3;210,249,199;,
  3;210,211,251;,
  3;252,1,253;,
  3;1,252,2;,
  3;20,254,18;,
  3;254,20,64;,
  3;24,68,14;,
  3;68,24,255;,
  3;68,256,70;,
  3;256,68,255;,
  3;256,37,70;,
  3;37,256,257;,
  3;258,2,252;,
  3;2,258,199;,
  3;257,259,37;,
  3;37,259,35;,
  3;260,204,261;,
  3;204,260,202;,
  3;262,263,223;,
  3;263,262,264;,
  3;197,258,225;,
  3;258,197,199;,
  3;265,203,227;,
  3;265,207,266;,
  3;207,265,227;,
  3;223,267,246;,
  3;267,223,263;,
  3;88,87,147;,
  3;83,82,85;,
  3;78,16,18;,
  3;16,78,74;,
  3;74,15,16;,
  3;15,74,76;,
  3;15,71,13;,
  3;71,15,76;,
  3;13,268,23;,
  3;268,13,71;,
  3;248,269,2;,
  3;2,269,0;,
  3;136,129,134;,
  3;129,136,131;,
  3;134,96,81;,
  3;96,134,129;,
  3;96,82,81;,
  3;93,96,94;,
  3;29,189,65;,
  3;205,215,246;,
  3;267,205,246;,
  3;205,267,206;,
  3;205,213,215;,
  3;187,188,270;,
  3;224,271,272;,
  3;222,221,208;,
  3;224,222,198;,
  3;272,273,262;,
  3;273,272,271;,
  3;263,274,275;,
  3;273,276,262;,
  3;277,271,278;,
  3;271,277,273;,
  3;222,272,262;,
  3;272,222,224;,
  3;222,208,198;,
  3;209,221,247;,
  3;221,209,208;,
  3;223,222,262;,
  3;266,206,279;,
  3;206,266,207;,
  3;206,280,279;,
  3;280,206,267;,
  3;280,263,275;,
  3;263,280,267;,
  3;264,262,276;,
  3;76,73,72;,
  3;138,281,140;,
  3;73,132,72;,
  3;132,73,151;,
  3;72,71,76;,
  3;271,226,278;,
  3;155,11,8;,
  3;276,277,282;,
  3;277,276,273;,
  3;274,276,282;,
  3;276,274,264;,
  3;28,141,26;,
  3;141,28,139;,
  3;139,132,138;,
  3;132,139,28;,
  3;132,281,138;,
  3;281,132,151;,
  3;281,148,283;,
  3;148,281,151;,
