xof 0303txt 0032
template ColorRGBA {
 <35ff44e0-6c7c-11cf-8f52-0040333594a3>
 FLOAT red;
 FLOAT green;
 FLOAT blue;
 FLOAT alpha;
}

template ColorRGB {
 <d3e16e81-7835-11cf-8f52-0040333594a3>
 FLOAT red;
 FLOAT green;
 FLOAT blue;
}

template Material {
 <3d82ab4d-62da-11cf-ab39-0020af71e433>
 ColorRGBA faceColor;
 FLOAT power;
 ColorRGB specularColor;
 ColorRGB emissiveColor;
 [...]
}

template TextureFilename {
 <a42790e1-7810-11cf-8f52-0040333594a3>
 STRING filename;
}

template Frame {
 <3d82ab46-62da-11cf-ab39-0020af71e433>
 [...]
}

template Matrix4x4 {
 <f6f23f45-7686-11cf-8f52-0040333594a3>
 array FLOAT matrix[16];
}

template FrameTransformMatrix {
 <f6f23f41-7686-11cf-8f52-0040333594a3>
 Matrix4x4 frameMatrix;
}

template Vector {
 <3d82ab5e-62da-11cf-ab39-0020af71e433>
 FLOAT x;
 FLOAT y;
 FLOAT z;
}

template MeshFace {
 <3d82ab5f-62da-11cf-ab39-0020af71e433>
 DWORD nFaceVertexIndices;
 array DWORD faceVertexIndices[nFaceVertexIndices];
}

template Mesh {
 <3d82ab44-62da-11cf-ab39-0020af71e433>
 DWORD nVertices;
 array Vector vertices[nVertices];
 DWORD nFaces;
 array MeshFace faces[nFaces];
 [...]
}

template MeshMaterialList {
 <f6f23f42-7686-11cf-8f52-0040333594a3>
 DWORD nMaterials;
 DWORD nFaceIndexes;
 array DWORD faceIndexes[nFaceIndexes];
 [Material <3d82ab4d-62da-11cf-ab39-0020af71e433>]
}

template VertexElement {
 <f752461c-1e23-48f6-b9f8-8350850f336f>
 DWORD Type;
 DWORD Method;
 DWORD Usage;
 DWORD UsageIndex;
}

template DeclData {
 <bf22e553-292c-4781-9fea-62bd554bdd93>
 DWORD nElements;
 array VertexElement Elements[nElements];
 DWORD nDWords;
 array DWORD data[nDWords];
}

template XSkinMeshHeader {
 <3cf169ce-ff7c-44ab-93c0-f78f62d172e2>
 WORD nMaxSkinWeightsPerVertex;
 WORD nMaxSkinWeightsPerFace;
 WORD nBones;
}

template SkinWeights {
 <6f0d123b-bad2-4167-a0d0-80224f25fabb>
 STRING transformNodeName;
 DWORD nWeights;
 array DWORD vertexIndices[nWeights];
 array FLOAT weights[nWeights];
 Matrix4x4 matrixOffset;
}

template AnimTicksPerSecond {
 <9e415a43-7ba6-4a73-8743-b73d47e88476>
 DWORD AnimTicksPerSecond;
}

template Animation {
 <3d82ab4f-62da-11cf-ab39-0020af71e433>
 [...]
}

template AnimationSet {
 <3d82ab50-62da-11cf-ab39-0020af71e433>
 [Animation <3d82ab4f-62da-11cf-ab39-0020af71e433>]
}

template FloatKeys {
 <10dd46a9-775b-11cf-8f52-0040333594a3>
 DWORD nValues;
 array FLOAT values[nValues];
}

template TimedFloatKeys {
 <f406b180-7b3b-11cf-8f52-0040333594a3>
 DWORD time;
 FloatKeys tfkeys;
}

template AnimationKey {
 <10dd46a8-775b-11cf-8f52-0040333594a3>
 DWORD keyType;
 DWORD nKeys;
 array TimedFloatKeys keys[nKeys];
}


Material _03_-_Default {
 1.000000;1.000000;1.000000;1.000000;;
 9.999999;
 0.000000;0.000000;0.000000;;
 0.000000;0.000000;0.000000;;

 TextureFilename {
  "MaleBody_full.png";
 }
}

Frame Dummy01 {
 

 FrameTransformMatrix {
  1.000000,0.000000,0.000000,0.000000,0.000000,-0.000000,-1.000000,0.000000,0.000000,1.000000,-0.000000,0.000000,0.000000,0.000000,0.000000,1.000000;;
 }

 Frame Bip01 {
  

  FrameTransformMatrix {
   -0.027253,0.999439,0.019494,0.000000,-0.006106,-0.019667,0.999788,0.000000,0.999610,0.027128,0.006638,0.000000,0.000000,-0.150989,0.315377,1.000000;;
  }

  Frame Bip01_Pelvis {
   

   FrameTransformMatrix {
    -0.010582,0.998073,0.061146,0.000000,0.002028,-0.061127,0.998128,0.000000,0.999942,0.010686,-0.001377,0.000000,0.000000,0.000000,0.000000,1.000000;;
   }

   Frame Bip01_Spine {
    

    FrameTransformMatrix {
     0.953691,-0.058016,0.295139,0.000000,0.061145,0.998128,-0.001375,0.000000,-0.294507,0.019357,0.955453,0.000000,0.051559,-0.003158,0.000471,1.000000;;
    }

    Frame Bip01_Spine1 {
     

     FrameTransformMatrix {
      0.991473,0.000000,0.130310,0.000000,-0.000000,1.000000,-0.000000,0.000000,-0.130310,-0.000000,0.991473,0.000000,0.106491,-0.000000,-0.000084,1.000000;;
     }

     Frame Bip01_Neck {
      

      FrameTransformMatrix {
       0.903366,0.000001,0.428870,0.000000,-0.000001,1.000000,-0.000000,0.000000,-0.428870,-0.000000,0.903366,0.000000,0.130516,0.000000,0.004628,1.000000;;
      }

      Frame Bip01_Head {
       

       FrameTransformMatrix {
        0.968422,-0.000001,-0.249317,0.000000,0.000001,1.000000,-0.000000,0.000000,0.249317,-0.000000,0.968422,0.000000,0.033674,0.000000,0.000000,1.000000;;
       }

       Frame Bip01_HeadNub {
        

        FrameTransformMatrix {
         1.000000,-0.000000,-0.000000,0.000000,0.000000,1.000000,-0.000000,0.000000,0.000000,-0.000000,1.000000,0.000000,0.169824,-0.000000,0.000000,1.000000;;
        }
       }
      }

      Frame Bip01_L_Clavicle {
       

       FrameTransformMatrix {
        -0.000000,1.000000,-0.000003,0.000000,0.903024,-0.000001,-0.429589,0.000000,-0.429589,-0.000003,-0.903024,0.000000,-0.023698,0.015715,0.006128,1.000000;;
       }

       Frame Bip01_L_UpperArm {
        

        FrameTransformMatrix {
         -0.025058,-0.831443,-0.555045,0.000000,0.884150,0.240677,-0.400442,0.000000,0.466531,-0.500777,0.729089,0.000000,0.087086,0.000000,0.000000,1.000000;;
        }

        Frame Bip01_L_Forearm {
         

         FrameTransformMatrix {
          0.811916,-0.000000,-0.583774,0.000000,0.000000,1.000000,-0.000000,0.000000,0.583774,0.000000,0.811916,0.000000,0.137062,0.000000,-0.000000,1.000000;;
         }

         Frame Bip01_L_Hand {
          

          FrameTransformMatrix {
           0.947482,-0.313004,-0.065618,0.000000,0.246442,0.583821,0.773576,0.000000,-0.203823,-0.749120,0.630298,0.000000,0.137062,0.000000,0.000000,1.000000;;
          }

          Frame Bip01_L_Finger0 {
           

           FrameTransformMatrix {
            0.829256,-0.514255,0.218807,0.000000,0.558537,0.749101,-0.356210,0.000000,0.019274,0.417601,0.908427,0.000000,0.057681,-0.023605,-0.000272,1.000000;;
           }

           Frame Bip01_L_Finger0Nub {
            

            FrameTransformMatrix {
             1.000000,0.000000,0.000000,0.000000,0.000000,1.000000,0.000000,0.000000,-0.000000,0.000000,1.000000,0.000000,0.029435,0.000000,0.000000,1.000000;;
            }
           }
          }

          Frame Bip01_L_Finger1 {
           

           FrameTransformMatrix {
            0.989590,-0.000115,0.143914,0.000000,-0.000000,1.000000,0.000796,0.000000,-0.143914,-0.000788,0.989590,0.000000,0.084102,0.000000,0.000000,1.000000;;
           }

           Frame Bip01_L_Finger1Nub {
            

            FrameTransformMatrix {
             1.000000,0.000000,-0.000000,0.000000,-0.000000,1.000000,0.000000,0.000000,0.000000,0.000000,1.000000,0.000000,0.047988,-0.000000,0.000000,1.000000;;
            }
           }
          }
         }
        }
       }
      }

      Frame Bip01_R_Clavicle {
       

       FrameTransformMatrix {
        -0.000000,-1.000000,0.000003,0.000000,-0.903024,0.000001,0.429589,0.000000,-0.429589,-0.000003,-0.903024,0.000000,-0.023698,-0.015714,0.006128,1.000000;;
       }

       Frame Bip01_R_UpperArm {
        

        FrameTransformMatrix {
         0.264513,0.918903,-0.292659,0.000000,-0.725426,0.389548,0.567459,0.000000,0.635444,0.062202,0.769637,0.000000,0.087086,0.000000,0.000000,1.000000;;
        }

        Frame Bip01_R_Forearm {
         

         FrameTransformMatrix {
          0.372056,-0.000000,-0.928210,0.000000,0.000000,1.000000,-0.000000,0.000000,0.928210,0.000000,0.372056,0.000000,0.137062,0.000000,0.000000,1.000000;;
         }

         Frame Bip01_R_Hand {
          

          FrameTransformMatrix {
           0.951073,0.246139,0.186752,0.000000,0.183824,0.035034,-0.982335,0.000000,-0.248334,0.968601,-0.011926,0.000000,0.137062,-0.000000,-0.000000,1.000000;;
          }

          Frame Bip01_R_Finger0 {
           

           FrameTransformMatrix {
            0.829256,0.514255,0.218807,0.000000,-0.558537,0.749101,0.356210,0.000000,0.019274,-0.417601,0.908427,0.000000,0.057681,0.023605,-0.000272,1.000000;;
           }

           Frame Bip01_R_Finger0Nub {
            

            FrameTransformMatrix {
             -1.000000,-0.000000,-0.000000,0.000000,0.000000,1.000000,0.000000,0.000000,-0.000000,0.000000,-1.000000,0.000000,0.029435,-0.000000,0.000000,1.000000;;
            }
           }
          }

          Frame Bip01_R_Finger1 {
           

           FrameTransformMatrix {
            0.989590,0.000115,0.143914,0.000000,0.000000,1.000000,-0.000796,0.000000,-0.143914,0.000788,0.989590,0.000000,0.084102,0.000000,-0.000000,1.000000;;
           }

           Frame Bip01_R_Finger1Nub {
            

            FrameTransformMatrix {
             -1.000000,0.000000,0.000000,0.000000,0.000000,1.000000,0.000000,0.000000,-0.000000,-0.000000,-1.000000,0.000000,0.047988,0.000000,-0.000000,1.000000;;
            }
           }
          }
         }
        }
       }
      }
     }

     Frame Bip01_BackPack {
      

      FrameTransformMatrix {
       0.190104,-0.000002,-0.981764,0.000000,0.000003,1.000000,-0.000002,0.000000,0.981764,-0.000002,0.190104,0.000000,0.063697,-0.000000,-0.088856,1.000000;;
      }

      Frame Bip01_BackPackNub {
       

       FrameTransformMatrix {
        0.000796,0.000003,1.000000,0.000000,-0.000000,-1.000000,0.000003,0.000000,1.000000,-0.000000,-0.000796,0.000000,0.053240,0.000000,0.000000,1.000000;;
       }
      }
     }
    }

    Frame Bip01_L_Thigh {
     

     FrameTransformMatrix {
      0.071664,0.106676,0.991708,0.000000,-0.196716,-0.973224,0.118903,0.000000,0.977838,-0.203606,-0.048760,0.000000,-0.052697,0.055122,0.015865,1.000000;;
     }

     Frame Bip01_L_Calf {
      

      FrameTransformMatrix {
       0.090190,-0.000000,-0.995925,0.000000,0.000000,1.000000,0.000000,0.000000,0.995925,-0.000000,0.090190,0.000000,0.237500,0.000000,0.000000,1.000000;;
      }

      Frame Bip01_L_Foot {
       

       FrameTransformMatrix {
        0.967793,0.227723,0.107327,0.000000,-0.222122,0.973065,-0.061691,0.000000,-0.118484,0.035864,0.992308,0.000000,0.206841,0.000000,0.000000,1.000000;;
       }

       Frame Bip01_L_Toe0 {
        

        FrameTransformMatrix {
         -0.000000,-0.000000,1.000000,0.000000,0.000000,1.000000,-0.000000,0.000000,-1.000000,0.000000,-0.000000,0.000000,0.065373,0.000000,0.066450,1.000000;;
        }

        Frame Bip01_L_Toe0Nub {
         

         FrameTransformMatrix {
          -1.000000,0.000000,-0.000000,0.000000,-0.000000,1.000000,-0.000000,0.000000,0.000000,-0.000000,-1.000000,0.000000,0.006735,0.000000,-0.000000,1.000000;;
         }
        }
       }
      }
     }
    }

    Frame Bip01_R_Thigh {
     

     FrameTransformMatrix {
      0.013688,-0.159739,0.987064,0.000000,0.236824,-0.958552,-0.158409,0.000000,0.971456,0.235929,0.024709,0.000000,-0.046289,-0.055122,0.013727,1.000000;;
     }

     Frame Bip01_R_Calf {
      

      FrameTransformMatrix {
       0.002856,-0.000000,-0.999996,0.000000,-0.000000,1.000000,0.000000,0.000000,0.999996,-0.000000,0.002856,0.000000,0.237500,-0.000000,0.000000,1.000000;;
      }

      Frame Bip01_R_Foot {
       

       FrameTransformMatrix {
        0.932092,-0.264076,0.247928,0.000000,0.222529,0.957539,0.183301,0.000000,-0.285806,-0.115682,0.951279,0.000000,0.206841,0.000000,0.000000,1.000000;;
       }

       Frame Bip01_R_Toe0 {
        

        FrameTransformMatrix {
         -0.000000,-0.000000,1.000000,0.000000,0.000000,1.000000,-0.000000,0.000000,-1.000000,0.000000,-0.000000,0.000000,0.065373,0.000000,0.066450,1.000000;;
        }

        Frame Bip01_R_Toe0Nub {
         

         FrameTransformMatrix {
          1.000000,-0.000000,0.000000,0.000000,-0.000000,1.000000,0.000000,0.000000,0.000000,0.000000,1.000000,0.000000,0.006735,0.000000,0.000000,1.000000;;
         }
        }
       }
      }
     }
    }
   }

   Frame Bip01_DressFront {
    

    FrameTransformMatrix {
     -0.295593,-0.000002,0.955314,0.000000,-0.000004,1.000000,0.000001,0.000000,-0.955314,-0.000004,-0.295593,0.000000,-0.043862,0.001399,0.060985,1.000000;;
    }

    Frame Bip01_DressFront02 {
     

     FrameTransformMatrix {
      0.396226,0.000003,0.918153,0.000000,-0.000003,1.000000,-0.000002,0.000000,-0.918153,-0.000002,0.396226,0.000000,0.183445,0.000000,-0.000052,1.000000;;
     }

     Frame Bip01_DressFrontNub {
      

      FrameTransformMatrix {
       0.000796,0.000003,1.000000,0.000000,0.000000,-1.000000,0.000003,0.000000,1.000000,0.000000,-0.000796,0.000000,0.165302,0.000000,0.000000,1.000000;;
      }
     }
    }
   }

   Frame Bip01_DressBack {
    

    FrameTransformMatrix {
     -0.369104,-0.000002,0.929389,0.000000,-0.000004,1.000000,0.000000,0.000000,-0.929389,-0.000004,-0.369104,0.000000,-0.052606,0.000000,-0.080355,1.000000;;
    }

    Frame Bip01_DressBack02 {
     

     FrameTransformMatrix {
      0.767515,0.000002,0.641031,0.000000,-0.000002,1.000000,-0.000001,0.000000,-0.641031,-0.000001,0.767515,0.000000,0.176228,0.000000,-0.000083,1.000000;;
     }

     Frame Bip01_DressBackNub {
      

      FrameTransformMatrix {
       0.000796,0.000003,1.000000,0.000000,0.000000,-1.000000,0.000003,0.000000,1.000000,0.000000,-0.000796,0.000000,0.136508,0.000000,-0.000000,1.000000;;
      }
     }
    }
   }
  }

  Frame Bip01_Prop1 {
   

   FrameTransformMatrix {
    -0.906200,0.150956,0.394985,0.000000,0.398811,0.615581,0.679713,0.000000,-0.140539,0.773481,-0.618043,0.000000,0.153672,-0.028673,-0.024909,1.000000;;
   }
  }

  Frame Bip01_Prop2 {
   

   FrameTransformMatrix {
    0.581454,-0.657508,-0.479159,0.000000,0.067436,0.625876,-0.777002,0.000000,0.810779,0.419478,0.408258,0.000000,0.203748,-0.050801,0.016097,1.000000;;
   }
  }
 }
}

Frame Translation_Data {
 

 FrameTransformMatrix {
  1.000000,0.000000,0.000000,0.000000,0.000000,-0.000000,-1.000000,0.000000,0.000000,1.000000,-0.000000,0.000000,0.000000,-0.000000,0.000000,1.000000;;
 }
}

Frame Body {
 

 FrameTransformMatrix {
  1.000000,0.000000,0.000000,0.000000,0.000000,1.000000,0.000000,0.000000,0.000000,0.000000,1.000000,0.000000,0.000000,0.000000,0.000000,1.000000;;
 }

 Mesh Body {
  617;
  0.064263;0.564091;0.052157;,
  0.029124;0.551306;0.055187;,
  0.023834;0.584377;0.060399;,
  0.075651;0.543798;0.055581;,
  0.080843;0.527532;0.061504;,
  0.050327;0.484777;0.056105;,
  0.036852;0.516262;0.049631;,
  0.087646;0.497323;0.083653;,
  0.025339;0.616690;0.088114;,
  0.075850;0.603070;0.118313;,
  0.066520;0.601021;0.088873;,
  0.044181;0.608553;0.123299;,
  0.087027;0.358944;0.188482;,
  0.046846;0.372160;0.207433;,
  0.046223;0.355761;0.213925;,
  0.079955;0.372731;0.184504;,
  0.073198;0.372523;0.129302;,
  0.085890;0.344824;0.147630;,
  0.044395;0.368541;0.099858;,
  0.068496;0.325415;0.121287;,
  0.039843;0.315658;0.108997;,
  -0.003819;0.480953;0.050805;,
  -0.004145;0.516751;0.047531;,
  0.003910;0.371871;0.208664;,
  0.004035;0.353794;0.214846;,
  0.051898;0.485704;0.186009;,
  -0.000522;0.527640;0.183678;,
  -0.000058;0.487491;0.190962;,
  0.056312;0.528421;0.177363;,
  0.050135;0.330237;0.102113;,
  0.103732;0.306463;0.008153;,
  0.060471;0.325531;0.003649;,
  0.090805;0.307851;0.114169;,
  0.069603;0.291158;-0.103958;,
  0.102697;0.273137;-0.079643;,
  0.006762;0.312811;0.105172;,
  0.042248;0.219994;0.024756;,
  0.010567;0.250910;0.215371;,
  0.019533;0.290620;0.008407;,
  0.054196;0.242210;-0.058142;,
  0.047108;0.262240;-0.083075;,
  0.118123;0.245142;0.023251;,
  0.095390;0.255464;0.131163;,
  0.093623;0.252475;-0.056203;,
  0.138769;-0.000652;-0.047806;,
  0.099203;-0.000736;-0.002346;,
  0.093873;-0.000629;-0.050873;,
  0.134060;-0.000759;-0.002613;,
  0.086675;0.216981;-0.097977;,
  0.128103;0.150117;-0.061160;,
  0.100291;0.144501;-0.090751;,
  0.116520;0.223581;-0.068299;,
  0.135956;0.070328;-0.052352;,
  0.116832;0.067447;-0.081372;,
  0.048812;0.192208;-0.074374;,
  0.064769;0.147606;-0.025257;,
  0.044963;0.210332;-0.021806;,
  0.070807;0.137540;-0.066443;,
  0.101577;0.077135;-0.030071;,
  0.099968;0.060718;-0.055938;,
  0.125867;0.158568;-0.023619;,
  0.113907;0.232042;-0.019657;,
  0.124820;0.085217;-0.029984;,
  0.090532;0.315532;0.151785;,
  -0.001867;0.310579;0.098145;,
  0.006762;0.312811;0.105172;,
  -0.003373;0.275725;0.111151;,
  0.093530;0.308549;0.205876;,
  0.044214;0.309235;0.231357;,
  0.091463;0.260432;0.165383;,
  0.046871;0.254139;0.192785;,
  0.048474;0.434548;0.193353;,
  0.083153;0.479376;0.168610;,
  0.094154;0.479456;0.150595;,
  0.070992;0.420593;0.118647;,
  0.086342;0.467786;0.098520;,
  0.079835;0.429379;0.167757;,
  0.051178;0.455659;0.065806;,
  0.047384;0.410310;0.091867;,
  -0.003392;0.455994;0.060402;,
  -0.001593;0.404702;0.089670;,
  0.102244;0.549368;0.037310;,
  0.108383;0.500175;0.026951;,
  0.056637;0.556495;0.064966;,
  0.060299;0.446115;0.043066;,
  0.053626;0.496714;0.051027;,
  0.104655;0.448418;0.023378;,
  0.079520;0.533535;0.116552;,
  0.053626;0.496714;0.051027;,
  0.080253;0.482886;0.109894;,
  0.081002;0.429625;0.089723;,
  0.060299;0.446115;0.043066;,
  0.090271;0.533203;0.120121;,
  0.135157;0.486625;0.085909;,
  0.128187;0.534786;0.096157;,
  0.125230;0.431805;0.070108;,
  0.120798;0.544436;0.060280;,
  0.101436;0.437863;0.005666;,
  0.042853;0.387060;-0.011679;,
  0.048618;0.432862;0.027704;,
  0.076917;0.392355;-0.024288;,
  0.037837;0.351959;-0.029870;,
  0.058631;0.351873;-0.047506;,
  0.048618;0.432862;0.027704;,
  0.070360;0.354233;0.026264;,
  0.070754;0.396258;0.074100;,
  0.042853;0.387060;-0.011679;,
  0.061398;0.327694;-0.013710;,
  0.037837;0.351959;-0.029870;,
  0.096417;0.358740;0.016528;,
  0.123340;0.401237;0.052289;,
  0.072378;0.327923;-0.022461;,
  -0.036061;0.270569;-0.098086;,
  0.002559;0.250980;-0.060917;,
  -0.036166;0.274965;-0.076533;,
  0.002273;0.247011;-0.082255;,
  -0.029584;0.315532;-0.064508;,
  -0.022910;0.311696;-0.079380;,
  -0.027864;0.306555;-0.071008;,
  -0.028901;0.323648;-0.072862;,
  0.046448;0.298454;-0.025188;,
  0.002184;0.318906;-0.060791;,
  0.032344;0.276513;-0.051937;,
  0.010507;0.332488;-0.029885;,
  0.035521;0.276510;-0.071635;,
  0.063399;0.309440;-0.057179;,
  0.026749;0.345916;-0.062498;,
  0.007106;0.317824;-0.080055;,
  0.093307;0.604790;0.086687;,
  0.097002;0.596362;0.058246;,
  0.066520;0.601021;0.088873;,
  0.061758;0.590611;0.065091;,
  0.092646;0.526529;0.158856;,
  0.034532;0.600963;0.065981;,
  0.093470;0.572957;0.045430;,
  0.075651;0.543798;0.055581;,
  0.064263;0.564091;0.052157;,
  0.092949;0.557071;0.055033;,
  0.095505;0.566221;0.136811;,
  0.056329;0.565030;0.157866;,
  0.097888;0.568629;0.131532;,
  -0.001262;0.560969;0.164578;,
  -0.002720;0.602192;0.120926;,
  0.075850;0.603070;0.118313;,
  0.097888;0.568629;0.131532;,
  0.083311;0.531924;0.090387;,
  0.098121;0.558694;0.125088;,
  0.056637;0.556495;0.064966;,
  0.094081;0.513168;0.129597;,
  0.086400;0.498880;0.098335;,
  0.080843;0.527532;0.061504;,
  0.099759;0.521019;0.143499;,
  0.010507;0.332488;-0.029885;,
  0.030410;0.623462;0.049267;,
  0.021595;0.637557;0.065542;,
  -0.003617;0.620091;0.092280;,
  -0.004333;0.644082;0.071767;,
  0.007106;0.317824;-0.080055;,
  -0.036061;0.270569;-0.098086;,
  0.002273;0.247011;-0.082255;,
  -0.019593;0.321800;-0.048411;,
  -0.012756;0.334871;-0.069703;,
  -0.019593;0.321800;-0.048411;,
  -0.013149;0.309741;-0.059807;,
  0.002492;0.319864;-0.075890;,
  0.002492;0.319864;-0.075890;,
  -0.029584;0.315532;-0.064508;,
  -0.028901;0.323648;-0.072862;,
  -0.022910;0.311696;-0.079380;,
  0.145010;0.021014;-0.124640;,
  0.114755;-0.000599;-0.169386;,
  0.113434;0.017980;-0.162150;,
  0.150570;-0.000611;-0.131877;,
  0.095457;0.032674;-0.012976;,
  0.093873;-0.000629;-0.050873;,
  0.099203;-0.000736;-0.002346;,
  0.092502;0.024328;-0.053406;,
  0.101577;0.077135;-0.030071;,
  0.136997;0.035696;-0.013507;,
  0.124820;0.085217;-0.029984;,
  0.138769;-0.000652;-0.047806;,
  0.134060;-0.000759;-0.002613;,
  0.139919;0.034294;-0.050277;,
  0.116832;0.067447;-0.081372;,
  0.135956;0.070328;-0.052352;,
  0.085942;0.014946;-0.151696;,
  0.079816;-0.000588;-0.158933;,
  0.150570;-0.000611;-0.131877;,
  0.079816;-0.000588;-0.158933;,
  0.019533;0.290620;0.008407;,
  0.047108;0.262240;-0.083075;,
  0.048812;0.192208;-0.074374;,
  0.070807;0.137540;-0.066443;,
  0.099968;0.060718;-0.055938;,
  0.099968;0.060718;-0.055938;,
  -0.002617;0.261716;0.161221;,
  0.040856;0.617294;0.030607;,
  0.023170;0.599717;0.020488;,
  0.031938;0.604774;0.015632;,
  0.022238;0.610329;0.037397;,
  0.033285;0.645295;0.042299;,
  0.025610;0.663766;0.055806;,
  0.011592;0.732715;-0.045206;,
  -0.008492;0.712712;-0.064678;,
  -0.008166;0.736637;-0.046827;,
  0.026115;0.651794;-0.054662;,
  0.009047;0.647539;-0.059490;,
  0.022081;0.680526;-0.061063;,
  0.037362;0.620929;0.002746;,
  0.045734;0.643356;0.020410;,
  0.039257;0.631464;0.032962;,
  0.046551;0.682342;0.018617;,
  0.046378;0.680258;-0.005830;,
  0.035686;0.694580;-0.050466;,
  0.044845;0.709545;-0.028734;,
  0.041685;0.663510;-0.026806;,
  0.044204;0.693488;0.030971;,
  0.033633;0.710447;0.045072;,
  -0.005256;0.716436;0.055437;,
  0.026245;0.745222;0.012082;,
  -0.006426;0.751662;0.020978;,
  0.042610;0.644192;-0.014911;,
  0.027909;0.605740;-0.004420;,
  0.027800;0.628317;-0.032402;,
  0.013601;0.578465;-0.002342;,
  -0.005550;0.579181;0.011049;,
  -0.006020;0.570739;-0.008328;,
  0.017405;0.701691;-0.062646;,
  0.031469;0.724044;-0.040398;,
  0.041048;0.733820;-0.003533;,
  0.027009;0.744642;-0.019271;,
  0.009809;0.752440;-0.015904;,
  -0.007413;0.755414;-0.014490;,
  -0.004767;0.677157;0.063871;,
  0.041048;0.733820;-0.003533;,
  0.027009;0.744642;-0.019271;,
  0.051925;0.645451;0.018378;,
  0.056772;0.690689;0.004404;,
  0.062358;0.678084;0.020634;,
  0.049910;0.671901;0.009184;,
  0.062358;0.678084;0.020634;,
  0.051925;0.645451;0.018378;,
  0.056772;0.690689;0.004404;,
  0.046378;0.680258;-0.005830;,
  0.047206;0.655797;0.000033;,
  0.045734;0.643356;0.020410;,
  0.027090;0.647774;-0.043187;,
  0.047206;0.655797;0.000033;,
  0.034532;0.600963;0.065981;,
  0.030410;0.623462;0.049267;,
  0.061758;0.590611;0.065091;,
  0.033285;0.645295;0.042299;,
  -0.004491;0.567491;0.047204;,
  -0.004275;0.543800;0.049367;,
  0.000835;0.368099;0.097583;,
  0.002117;0.308901;0.232326;,
  0.000139;0.274892;0.228312;,
  0.008203;0.235813;0.156809;,
  -0.005154;0.586011;0.027306;,
  -0.002617;0.261716;0.161221;,
  0.009809;0.752440;-0.015904;,
  -0.007413;0.755414;-0.014490;,
  0.013514;0.603595;-0.022147;,
  0.005409;0.620160;-0.038931;,
  0.005777;0.611574;-0.034530;,
  -0.008566;0.698524;-0.070896;,
  -0.008425;0.673101;-0.071918;,
  0.007323;0.644119;-0.047048;,
  0.001068;0.434409;0.196820;,
  0.061758;0.590611;0.065091;,
  0.114755;-0.000599;-0.169386;,
  0.005279;0.592760;-0.023703;,
  0.013048;0.597925;-0.018776;,
  0.005078;0.598702;-0.022825;,
  -0.007077;0.608241;-0.038111;,
  -0.007431;0.611270;-0.050415;,
  0.004653;0.599860;-0.028920;,
  -0.006606;0.598642;-0.023106;,
  -0.006600;0.589926;-0.025004;,
  -0.008021;0.643284;-0.064319;,
  -0.007764;0.636881;-0.056422;,
  0.098121;0.558694;0.125088;,
  -0.006842;0.598076;-0.031932;,
  0.079197;0.540390;0.105949;,
  0.083311;0.531924;0.090387;,
  0.080843;0.527532;0.061504;,
  0.044204;0.693488;0.030971;,
  0.086675;0.216981;-0.097977;,
  0.042882;0.113346;-0.099452;,
  0.026888;0.189097;-0.100705;,
  0.100291;0.144501;-0.090751;,
  0.069603;0.291158;-0.103958;,
  0.021584;0.262451;-0.090776;,
  0.060471;0.325531;0.003649;,
  0.006892;0.284733;0.004871;,
  0.050135;0.330237;0.102113;,
  0.001593;0.309390;0.090153;,
  0.039843;0.315658;0.108997;,
  0.049088;0.041455;-0.103540;,
  0.116832;0.067447;-0.081372;,
  0.064955;0.134415;0.000705;,
  -0.019620;0.027148;-0.004982;,
  0.080439;0.066871;0.001409;,
  -0.015550;0.094422;0.014764;,
  -0.012095;0.160023;0.024183;,
  0.048970;0.210233;-0.007730;,
  -0.008407;0.207598;0.051172;,
  0.049975;0.225799;-0.040776;,
  0.044276;0.205667;0.028574;,
  -0.005025;0.215107;0.108062;,
  -0.001547;0.252236;0.213465;,
  0.079197;0.540390;0.105949;,
  -0.072819;0.563178;0.055874;,
  -0.037405;0.550865;0.056993;,
  -0.083739;0.542740;0.059907;,
  -0.032280;0.584004;0.061922;,
  -0.087991;0.525520;0.066345;,
  -0.057643;0.484060;0.059036;,
  -0.093576;0.496119;0.088572;,
  -0.044958;0.515719;0.051852;,
  -0.032708;0.616305;0.089689;,
  -0.081443;0.602874;0.122072;,
  -0.049505;0.607930;0.125841;,
  -0.072936;0.601116;0.091231;,
  -0.079348;0.368020;0.193535;,
  -0.038843;0.375785;0.209979;,
  -0.072932;0.379199;0.189049;,
  -0.037667;0.360338;0.216472;,
  -0.069116;0.378543;0.133532;,
  -0.082225;0.353996;0.152736;,
  -0.042342;0.372210;0.102436;,
  -0.068933;0.332882;0.125264;,
  -0.042044;0.320125;0.111484;,
  0.003910;0.371871;0.208664;,
  0.004035;0.353794;0.214846;,
  -0.052178;0.485013;0.188834;,
  -0.000522;0.527640;0.183678;,
  -0.057621;0.527665;0.180455;,
  -0.000058;0.487491;0.190962;,
  -0.054657;0.333721;0.103593;,
  -0.117676;0.305590;0.017579;,
  -0.094834;0.313636;0.120741;,
  -0.074534;0.322791;0.007665;,
  -0.095755;0.280657;-0.096020;,
  -0.126352;0.266995;-0.067666;,
  -0.011398;0.314397;0.104085;,
  -0.057423;0.218159;0.033651;,
  -0.034372;0.286798;0.010654;,
  -0.013596;0.252229;0.216104;,
  -0.076539;0.237152;-0.049404;,
  -0.071759;0.253812;-0.075791;,
  -0.132297;0.245860;0.037923;,
  -0.100654;0.261703;0.140852;,
  -0.115271;0.248893;-0.044351;,
  -0.163187;-0.000652;-0.003408;,
  -0.123622;-0.000736;0.042052;,
  -0.158478;-0.000759;0.041784;,
  -0.118292;-0.000629;-0.006476;,
  -0.113587;0.208377;-0.079183;,
  -0.151377;0.149036;-0.028261;,
  -0.139498;0.220242;-0.047515;,
  -0.127455;0.138228;-0.059751;,
  -0.159748;0.071236;-0.007313;,
  -0.143095;0.065152;-0.037100;,
  -0.073568;0.185993;-0.056779;,
  -0.084210;0.149568;-0.000066;,
  -0.095366;0.133849;-0.038310;,
  -0.063070;0.211408;-0.008296;,
  -0.123727;0.079309;0.011484;,
  -0.124387;0.060718;-0.011541;,
  -0.144465;0.162761;0.007088;,
  -0.130867;0.235574;-0.001311;,
  -0.146722;0.087888;0.012465;,
  -0.089764;0.325369;0.157260;,
  -0.011398;0.314397;0.104085;,
  -0.090225;0.318574;0.211456;,
  -0.039676;0.313812;0.233905;,
  -0.094644;0.268233;0.173257;,
  -0.048823;0.258696;0.197504;,
  -0.046447;0.434498;0.195960;,
  -0.084244;0.478264;0.173153;,
  -0.096206;0.478192;0.155762;,
  -0.072653;0.420517;0.122592;,
  -0.079038;0.429295;0.172120;,
  -0.091075;0.466608;0.103335;,
  -0.057580;0.454937;0.068758;,
  -0.050402;0.410258;0.094553;,
  -0.110047;0.536967;0.049950;,
  -0.067991;0.540618;0.083322;,
  -0.129663;0.490334;0.052292;,
  -0.104793;0.440454;0.095741;,
  -0.143556;0.446507;0.067151;,
  -0.081776;0.480840;0.087029;,
  -0.102640;0.541935;0.133418;,
  -0.118023;0.493768;0.140736;,
  -0.081776;0.480840;0.087029;,
  -0.132610;0.432199;0.134637;,
  -0.104793;0.440454;0.095741;,
  -0.113317;0.545517;0.134676;,
  -0.165975;0.503583;0.105980;,
  -0.145875;0.549026;0.103983;,
  -0.171276;0.438026;0.106132;,
  -0.131764;0.544523;0.069118;,
  -0.136195;0.446698;0.051098;,
  -0.072685;0.400246;0.040033;,
  -0.103348;0.406904;0.020984;,
  -0.089367;0.439150;0.083510;,
  -0.060167;0.371260;0.014157;,
  -0.078629;0.370642;-0.003892;,
  -0.089367;0.439150;0.083510;,
  -0.106164;0.361388;0.065393;,
  -0.072685;0.400246;0.040033;,
  -0.119644;0.395819;0.118162;,
  -0.084382;0.344130;0.029863;,
  -0.060167;0.371260;0.014157;,
  -0.129622;0.366946;0.050803;,
  -0.166222;0.403429;0.085957;,
  -0.095967;0.342959;0.015110;,
  0.006735;0.275833;-0.051258;,
  -0.017444;0.269243;0.000012;,
  -0.021693;0.257410;-0.017681;,
  0.011334;0.288171;-0.033636;,
  0.000754;0.329638;-0.035121;,
  -0.008566;0.319898;-0.045056;,
  -0.003397;0.333844;-0.045179;,
  -0.000873;0.318751;-0.037273;,
  -0.058995;0.323422;0.028205;,
  -0.029207;0.331826;-0.023634;,
  -0.031989;0.355589;0.001594;,
  -0.048190;0.293991;0.007884;,
  -0.056046;0.286182;-0.008711;,
  -0.084955;0.319982;0.000898;,
  -0.057864;0.354210;-0.027325;,
  -0.038427;0.323061;-0.038953;,
  -0.100489;0.603550;0.091910;,
  -0.105574;0.595034;0.063695;,
  -0.072936;0.601116;0.091231;,
  -0.069964;0.589739;0.068656;,
  -0.094877;0.525283;0.163946;,
  -0.042879;0.600449;0.068082;,
  -0.101772;0.571122;0.050412;,
  -0.083739;0.542740;0.059907;,
  -0.099064;0.550656;0.061868;,
  -0.072819;0.563178;0.055874;,
  -0.100894;0.566486;0.142456;,
  -0.103735;0.569068;0.137312;,
  -0.059182;0.564263;0.161001;,
  -0.001262;0.560969;0.164578;,
  -0.002720;0.602192;0.120926;,
  -0.081443;0.602874;0.122072;,
  -0.103735;0.569068;0.137312;,
  -0.089326;0.530390;0.095346;,
  -0.067991;0.540618;0.083322;,
  -0.103903;0.558379;0.131149;,
  -0.097719;0.511894;0.134803;,
  -0.091556;0.497699;0.103165;,
  -0.087991;0.525520;0.066345;,
  -0.102738;0.519674;0.148994;,
  -0.031989;0.355589;0.001594;,
  -0.039968;0.622995;0.051177;,
  -0.030471;0.637211;0.066955;,
  -0.003617;0.620091;0.092280;,
  -0.004333;0.644082;0.071767;,
  -0.038427;0.323061;-0.038953;,
  0.006735;0.275833;-0.051258;,
  -0.021693;0.257410;-0.017681;,
  -0.005940;0.340855;-0.020035;,
  -0.020014;0.344194;-0.041523;,
  -0.005940;0.340855;-0.020035;,
  -0.012717;0.324902;-0.024082;,
  -0.033374;0.326880;-0.037315;,
  -0.033374;0.326880;-0.037315;,
  0.000754;0.329638;-0.035121;,
  -0.003397;0.333844;-0.045179;,
  -0.008566;0.319898;-0.045056;,
  -0.169429;0.021014;-0.080243;,
  -0.139174;-0.000599;-0.124989;,
  -0.174988;-0.000611;-0.087479;,
  -0.137853;0.017980;-0.117752;,
  -0.119875;0.032674;0.031421;,
  -0.118292;-0.000629;-0.006476;,
  -0.116921;0.024328;-0.009008;,
  -0.123622;-0.000736;0.042052;,
  -0.123727;0.079309;0.011484;,
  -0.161415;0.035696;0.030890;,
  -0.146722;0.087888;0.012465;,
  -0.163187;-0.000652;-0.003408;,
  -0.164337;0.034294;-0.005880;,
  -0.158478;-0.000759;0.041784;,
  -0.143095;0.065152;-0.037100;,
  -0.159748;0.071236;-0.007313;,
  -0.110361;0.014946;-0.107299;,
  -0.104234;-0.000588;-0.114535;,
  -0.174988;-0.000611;-0.087479;,
  -0.104234;-0.000588;-0.114535;,
  -0.034372;0.286798;0.010654;,
  -0.071759;0.253812;-0.075791;,
  -0.073568;0.185993;-0.056779;,
  -0.095366;0.133849;-0.038310;,
  -0.124387;0.060718;-0.011541;,
  -0.124387;0.060718;-0.011541;,
  -0.051328;0.616682;0.033109;,
  -0.033985;0.599337;0.022040;,
  -0.032279;0.609967;0.038876;,
  -0.043070;0.604276;0.017668;,
  -0.043507;0.644785;0.044383;,
  -0.035355;0.663361;0.057461;,
  -0.027754;0.732453;-0.044138;,
  -0.008166;0.736637;-0.046827;,
  -0.041692;0.651344;-0.052822;,
  -0.038393;0.680124;-0.059421;,
  -0.024857;0.647314;-0.058570;,
  -0.049399;0.620353;0.005101;,
  -0.057097;0.642673;0.023201;,
  -0.049792;0.630873;0.035379;,
  -0.058528;0.681644;0.021469;,
  -0.059653;0.679554;-0.002953;,
  -0.051588;0.694000;-0.048097;,
  -0.055883;0.662862;-0.024158;,
  -0.059753;0.708851;-0.025896;,
  -0.055662;0.692825;0.033682;,
  -0.044568;0.709927;0.047195;,
  -0.005256;0.716436;0.055437;,
  -0.039442;0.744786;0.013865;,
  -0.006426;0.751662;0.020978;,
  -0.055905;0.643538;-0.012237;,
  -0.041856;0.627854;-0.030512;,
  -0.040148;0.605288;-0.002573;,
  -0.025388;0.578206;-0.001284;,
  -0.034091;0.701349;-0.061248;,
  -0.047223;0.723521;-0.038262;,
  -0.054917;0.733183;-0.000929;,
  -0.041898;0.744185;-0.017401;,
  -0.007413;0.755414;-0.014490;,
  -0.024645;0.752211;-0.014969;,
  -0.004767;0.677157;0.063871;,
  -0.054917;0.733183;-0.000929;,
  -0.041898;0.744185;-0.017401;,
  -0.063416;0.644685;0.021509;,
  -0.069615;0.689850;0.007834;,
  -0.062254;0.671157;0.012228;,
  -0.074144;0.677177;0.024339;,
  -0.074144;0.677177;0.024339;,
  -0.063416;0.644685;0.021509;,
  -0.069615;0.689850;0.007834;,
  -0.059653;0.679554;-0.002953;,
  -0.059837;0.655086;0.002938;,
  -0.057097;0.642673;0.023201;,
  -0.041990;0.647315;-0.041312;,
  -0.059837;0.655086;0.002938;,
  -0.042879;0.600449;0.068082;,
  -0.039968;0.622995;0.051177;,
  -0.069964;0.589739;0.068656;,
  -0.043507;0.644785;0.044383;,
  0.002117;0.308901;0.232326;,
  0.000139;0.274892;0.228312;,
  0.008203;0.235813;0.156809;,
  -0.002617;0.261716;0.161221;,
  -0.024645;0.752211;-0.014969;,
  -0.007413;0.755414;-0.014490;,
  -0.026708;0.603328;-0.021055;,
  -0.019746;0.619992;-0.038249;,
  -0.019761;0.611404;-0.033837;,
  -0.022415;0.643922;-0.046241;,
  0.001068;0.434409;0.196820;,
  -0.069964;0.589739;0.068656;,
  -0.139174;-0.000599;-0.124989;,
  -0.025985;0.597666;-0.017717;,
  -0.018426;0.592602;-0.023059;,
  -0.018258;0.598547;-0.022191;,
  -0.018179;0.599708;-0.028301;,
  -0.103903;0.558379;0.131149;,
  -0.084719;0.539075;0.110791;,
  -0.089326;0.530390;0.095346;,
  -0.087991;0.525520;0.066345;,
  -0.055662;0.692825;0.033682;,
  -0.056889;0.183795;-0.093086;,
  -0.017328;0.104521;-0.097309;,
  -0.074838;0.109965;-0.085593;,
  -0.014629;0.181448;-0.093396;,
  -0.048230;0.257816;-0.088427;,
  -0.011777;0.245271;-0.078270;,
  -0.024695;0.283081;0.004682;,
  -0.007979;0.263702;0.003036;,
  -0.009409;0.310206;0.088421;,
  -0.003770;0.290331;0.084758;,
  -0.001867;0.310579;0.098145;,
  -0.042044;0.320125;0.111484;,
  -0.019755;0.039179;-0.104502;,
  -0.086328;0.039383;-0.083464;,
  -0.090319;0.068774;0.035312;,
  -0.144465;0.162761;0.007088;,
  -0.146709;0.087887;0.012465;,
  -0.078302;0.140375;0.022246;,
  -0.130867;0.235574;-0.001311;,
  -0.069282;0.212175;0.007875;,
  -0.070818;0.222062;-0.028843;,
  -0.115271;0.248893;-0.044351;,
  -0.132297;0.245860;0.037923;,
  -0.060018;0.201551;0.038537;,
  0.000139;0.274892;0.228312;,
  -0.048823;0.258696;0.197504;,
  -0.084719;0.539075;0.110791;,
  -0.054657;0.333721;0.103593;,
  -0.074534;0.322791;0.007665;,
  -0.095755;0.280657;-0.096020;,
  -0.113587;0.208377;-0.079183;,
  -0.127455;0.138228;-0.059751;,
  -0.143095;0.065152;-0.037100;,
  0.118123;0.245142;0.023251;,
  0.046871;0.254139;0.192785;,
  0.095390;0.255464;0.131163;,
  0.093623;0.252475;-0.056203;,
  0.113907;0.232042;-0.019657;,
  0.125867;0.158568;-0.023619;,
  0.124820;0.085217;-0.029984;,
  -0.100654;0.261703;0.140852;;
  916;
  3;0,1,2;,
  3;1,0,3;,
  3;4,5,6;,
  3;5,4,7;,
  3;8,9,10;,
  3;9,8,11;,
  3;12,13,14;,
  3;13,12,15;,
  3;16,12,17;,
  3;12,16,15;,
  3;18,19,20;,
  3;19,18,16;,
  3;6,21,22;,
  3;21,6,5;,
  3;14,23,24;,
  3;23,14,13;,
  3;25,26,27;,
  3;26,25,28;,
  3;29,30,31;,
  3;30,29,32;,
  3;30,33,31;,
  3;33,30,34;,
  3;35,36,37;,
  3;36,35,38;,
  3;38,39,36;,
  3;39,38,40;,
  3;37,41,42;,
  3;41,37,36;,
  3;36,43,41;,
  3;43,36,39;,
  3;42,30,32;,
  3;30,42,41;,
  3;41,34,30;,
  3;34,41,43;,
  3;44,45,46;,
  3;45,44,47;,
  3;48,49,50;,
  3;49,48,51;,
  3;50,52,53;,
  3;52,50,49;,
  3;54,55,56;,
  3;55,54,57;,
  3;57,58,55;,
  3;58,57,59;,
  3;56,60,61;,
  3;60,56,55;,
  3;55,62,60;,
  3;62,55,58;,
  3;61,49,51;,
  3;49,61,60;,
  3;60,52,49;,
  3;52,60,62;,
  3;32,19,63;,
  3;19,32,29;,
  3;64,65,66;,
  3;65,64,20;,
  3;14,67,12;,
  3;67,14,68;,
  3;68,69,67;,
  3;69,68,70;,
  3;70,42,69;,
  3;42,70,37;,
  3;48,34,51;,
  3;34,48,33;,
  3;51,43,61;,
  3;43,51,34;,
  3;43,56,61;,
  3;56,43,39;,
  3;39,54,56;,
  3;54,39,40;,
  3;12,63,17;,
  3;63,12,67;,
  3;67,32,63;,
  3;32,67,69;,
  3;69,42,32;,
  3;71,72,25;,
  3;73,74,75;,
  3;74,73,76;,
  3;74,77,75;,
  3;77,74,78;,
  3;79,78,80;,
  3;78,79,77;,
  3;81,82,83;,
  3;82,84,85;,
  3;84,82,86;,
  3;87,88,89;,
  3;88,90,89;,
  3;90,88,91;,
  3;92,93,94;,
  3;92,89,93;,
  3;92,87,89;,
  3;89,95,93;,
  3;95,89,90;,
  3;96,93,82;,
  3;93,86,82;,
  3;86,93,95;,
  3;97,98,99;,
  3;98,97,100;,
  3;100,101,98;,
  3;101,100,102;,
  3;103,104,105;,
  3;104,103,106;,
  3;106,107,104;,
  3;107,106,108;,
  3;105,109,110;,
  3;109,105,104;,
  3;104,111,109;,
  3;111,104,107;,
  3;110,100,97;,
  3;100,110,109;,
  3;109,102,100;,
  3;102,109,111;,
  3;112,113,114;,
  3;113,112,115;,
  3;116,117,118;,
  3;117,116,119;,
  3;120,121,122;,
  3;121,120,123;,
  3;120,124,125;,
  3;124,120,122;,
  3;126,124,127;,
  3;124,126,125;,
  3;95,97,86;,
  3;97,95,110;,
  3;86,99,84;,
  3;99,86,97;,
  3;90,103,105;,
  3;103,90,91;,
  3;105,95,90;,
  3;95,105,110;,
  3;128,96,129;,
  3;96,128,94;,
  3;129,130,128;,
  3;130,129,131;,
  3;72,28,25;,
  3;28,72,132;,
  3;10,133,8;,
  3;134,135,136;,
  3;135,134,137;,
  3;81,137,134;,
  3;138,11,139;,
  3;138,9,11;,
  3;138,140,9;,
  3;141,11,142;,
  3;11,141,139;,
  3;128,130,143;,
  3;94,144,92;,
  3;94,143,144;,
  3;94,128,143;,
  3;145,87,146;,
  3;87,145,147;,
  3;75,148,73;,
  3;148,75,149;,
  3;150,147,145;,
  3;7,149,75;,
  3;148,151,73;,
  3;102,152,101;,
  3;152,102,126;,
  3;102,125,126;,
  3;125,102,111;,
  3;111,120,125;,
  3;120,111,107;,
  3;120,108,123;,
  3;108,120,107;,
  3;8,153,154;,
  3;153,8,133;,
  3;154,155,8;,
  3;155,154,156;,
  3;122,114,113;,
  3;114,122,121;,
  3;121,112,114;,
  3;112,121,157;,
  3;158,124,159;,
  3;124,158,127;,
  3;159,122,113;,
  3;122,159,124;,
  3;126,160,152;,
  3;160,126,161;,
  3;162,121,123;,
  3;121,162,163;,
  3;121,164,157;,
  3;164,121,163;,
  3;165,126,127;,
  3;126,165,161;,
  3;161,166,160;,
  3;166,161,167;,
  3;162,118,163;,
  3;118,162,116;,
  3;163,117,164;,
  3;117,163,118;,
  3;165,167,161;,
  3;167,165,168;,
  3;169,170,171;,
  3;170,169,172;,
  3;173,174,175;,
  3;174,173,176;,
  3;177,178,179;,
  3;178,177,173;,
  3;180,178,181;,
  3;178,180,182;,
  3;183,169,171;,
  3;169,183,184;,
  3;174,185,186;,
  3;185,174,176;,
  3;46,187,44;,
  3;187,46,188;,
  3;180,169,182;,
  3;169,180,172;,
  3;20,29,65;,
  3;19,29,20;,
  3;29,31,189;,
  3;31,190,189;,
  3;190,31,33;,
  3;33,191,190;,
  3;191,33,48;,
  3;191,50,192;,
  3;50,191,48;,
  3;192,53,193;,
  3;53,192,50;,
  3;194,171,185;,
  3;171,194,183;,
  3;171,186,185;,
  3;186,171,170;,
  3;185,176,194;,
  3;194,173,177;,
  3;173,194,176;,
  3;178,175,181;,
  3;175,178,173;,
  3;179,182,184;,
  3;182,179,178;,
  3;182,169,184;,
  3;16,17,19;,
  3;17,63,19;,
  3;65,195,66;,
  3;196,197,198;,
  3;197,196,199;,
  3;200,154,153;,
  3;154,200,201;,
  3;202,203,204;,
  3;205,206,207;,
  3;196,208,209;,
  3;208,196,198;,
  3;210,209,211;,
  3;209,210,196;,
  3;212,213,214;,
  3;213,212,215;,
  3;212,214,211;,
  3;201,216,217;,
  3;216,201,200;,
  3;218,219,220;,
  3;219,218,217;,
  3;210,199,196;,
  3;213,205,207;,
  3;221,222,223;,
  3;198,197,224;,
  3;224,225,226;,
  3;225,224,197;,
  3;227,213,207;,
  3;228,229,214;,
  3;229,228,230;,
  3;220,231,232;,
  3;213,228,214;,
  3;156,201,233;,
  3;201,156,154;,
  3;233,217,218;,
  3;217,233,201;,
  3;219,217,234;,
  3;235,219,234;,
  3;236,237,238;,
  3;237,236,239;,
  3;209,240,211;,
  3;240,209,241;,
  3;211,242,212;,
  3;242,211,240;,
  3;243,239,244;,
  3;239,243,237;,
  3;244,236,245;,
  3;236,244,239;,
  3;246,221,223;,
  3;221,246,215;,
  3;221,212,247;,
  3;212,221,215;,
  3;199,248,2;,
  3;248,199,249;,
  3;133,10,250;,
  3;249,210,251;,
  3;210,249,199;,
  3;210,211,251;,
  3;252,1,253;,
  3;1,252,2;,
  3;20,254,18;,
  3;254,20,64;,
  3;24,68,14;,
  3;68,24,255;,
  3;68,256,70;,
  3;256,68,255;,
  3;256,37,70;,
  3;37,256,257;,
  3;258,2,252;,
  3;2,258,199;,
  3;257,259,37;,
  3;37,259,35;,
  3;260,204,261;,
  3;204,260,202;,
  3;262,263,223;,
  3;263,262,264;,
  3;197,258,225;,
  3;258,197,199;,
  3;265,203,227;,
  3;265,207,266;,
  3;207,265,227;,
  3;223,267,246;,
  3;267,223,263;,
  3;88,87,147;,
  3;83,82,85;,
  3;78,16,18;,
  3;16,78,74;,
  3;74,15,16;,
  3;15,74,76;,
  3;15,71,13;,
  3;71,15,76;,
  3;13,268,23;,
  3;268,13,71;,
  3;248,269,2;,
  3;2,269,0;,
  3;136,129,134;,
  3;129,136,131;,
  3;134,96,81;,
  3;96,134,129;,
  3;96,82,81;,
  3;93,96,94;,
  3;29,189,65;,
  3;205,215,246;,
  3;267,205,246;,
  3;205,267,206;,
  3;205,213,215;,
  3;187,188,270;,
  3;224,271,272;,
  3;222,221,208;,
  3;224,222,198;,
  3;272,273,262;,
  3;273,272,271;,
  3;263,274,275;,
  3;273,276,262;,
  3;277,271,278;,
  3;271,277,273;,
  3;222,272,262;,
  3;272,222,224;,
  3;222,208,198;,
  3;209,221,247;,
  3;221,209,208;,
  3;223,222,262;,
  3;266,206,279;,
  3;206,266,207;,
  3;206,280,279;,
  3;280,206,267;,
  3;280,263,275;,
  3;263,280,267;,
  3;264,262,276;,
  3;76,73,72;,
  3;138,281,140;,
  3;73,132,72;,
  3;132,73,151;,
  3;72,71,76;,
  3;271,226,278;,
  3;155,11,8;,
  3;276,277,282;,
  3;277,276,273;,
  3;274,276,282;,
  3;276,274,264;,
  3;28,141,26;,
  3;141,28,139;,
  3;139,132,138;,
