xof 0303txt 0032
template ColorRGBA {
 <35ff44e0-6c7c-11cf-8f52-0040333594a3>
 FLOAT red;
 FLOAT green;
 FLOAT blue;
 FLOAT alpha;
}

template ColorRGB {
 <d3e16e81-7835-11cf-8f52-0040333594a3>
 FLOAT red;
 FLOAT green;
 FLOAT blue;
}

template Material {
 <3d82ab4d-62da-11cf-ab39-0020af71e433>
 ColorRGBA faceColor;
 FLOAT power;
 ColorRGB specularColor;
 ColorRGB emissiveColor;
 [...]
}

template TextureFilename {
 <a42790e1-7810-11cf-8f52-0040333594a3>
 STRING filename;
}

template Frame {
 <3d82ab46-62da-11cf-ab39-0020af71e433>
 [...]
}

template Matrix4x4 {
 <f6f23f45-7686-11cf-8f52-0040333594a3>
 array FLOAT matrix[16];
}

template FrameTransformMatrix {
 <f6f23f41-7686-11cf-8f52-0040333594a3>
 Matrix4x4 frameMatrix;
}

template Vector {
 <3d82ab5e-62da-11cf-ab39-0020af71e433>
 FLOAT x;
 FLOAT y;
 FLOAT z;
}

template MeshFace {
 <3d82ab5f-62da-11cf-ab39-0020af71e433>
 DWORD nFaceVertexIndices;
 array DWORD faceVertexIndices[nFaceVertexIndices];
}

template Mesh {
 <3d82ab44-62da-11cf-ab39-0020af71e433>
 DWORD nVertices;
 array Vector vertices[nVertices];
 DWORD nFaces;
 array MeshFace faces[nFaces];
 [...]
}

template MeshMaterialList {
 <f6f23f42-7686-11cf-8f52-0040333594a3>
 DWORD nMaterials;
 DWORD nFaceIndexes;
 array DWORD faceIndexes[nFaceIndexes];
 [Material <3d82ab4d-62da-11cf-ab39-0020af71e433>]
}

template VertexElement {
 <f752461c-1e23-48f6-b9f8-8350850f336f>
 DWORD Type;
 DWORD Method;
 DWORD Usage;
 DWORD UsageIndex;
}

template DeclData {
 <bf22e553-292c-4781-9fea-62bd554bdd93>
 DWORD nElements;
 array VertexElement Elements[nElements];
 DWORD nDWords;
 array DWORD data[nDWords];
}

template XSkinMeshHeader {
 <3cf169ce-ff7c-44ab-93c0-f78f62d172e2>
 WORD nMaxSkinWeightsPerVertex;
 WORD nMaxSkinWeightsPerFace;
 WORD nBones;
}

template SkinWeights {
 <6f0d123b-bad2-4167-a0d0-80224f25fabb>
 STRING transformNodeName;
 DWORD nWeights;
 array DWORD vertexIndices[nWeights];
 array FLOAT weights[nWeights];
 Matrix4x4 matrixOffset;
}

template AnimTicksPerSecond {
 <9e415a43-7ba6-4a73-8743-b73d47e88476>
 DWORD AnimTicksPerSecond;
}

template Animation {
 <3d82ab4f-62da-11cf-ab39-0020af71e433>
 [...]
}

template AnimationSet {
 <3d82ab50-62da-11cf-ab39-0020af71e433>
 [Animation <3d82ab4f-62da-11cf-ab39-0020af71e433>]
}

template FloatKeys {
 <10dd46a9-775b-11cf-8f52-0040333594a3>
 DWORD nValues;
 array FLOAT values[nValues];
}

template TimedFloatKeys {
 <f406b180-7b3b-11cf-8f52-0040333594a3>
 DWORD time;
 FloatKeys tfkeys;
}

template AnimationKey {
 <10dd46a8-775b-11cf-8f52-0040333594a3>
 DWORD keyType;
 DWORD nKeys;
 array TimedFloatKeys keys[nKeys];
}


Material _03_-_Default {
 1.000000;1.000000;1.000000;1.000000;;
 9.999999;
 0.000000;0.000000;0.000000;;
 0.000000;0.000000;0.000000;;

 TextureFilename {
  "MaleBody_full.png";
 }
}

Frame Dummy01 {
 

 FrameTransformMatrix {
  1.000000,0.000000,0.000000,0.000000,0.000000,-0.000000,-1.000000,0.000000,0.000000,1.000000,-0.000000,0.000000,0.000000,0.000000,0.000000,1.000000;;
 }

 Frame Bip01 {
  

  FrameTransformMatrix {
   -0.489722,0.856106,0.165091,0.000000,0.089573,-0.138947,0.986241,0.000000,0.867265,0.497771,-0.008639,0.000000,0.001703,-0.010862,0.491068,1.000000;;
  }

  Frame Bip01_Pelvis {
   

   FrameTransformMatrix {
    0.000000,0.996195,-0.087157,0.000000,-0.000001,0.087157,0.996195,0.000000,1.000000,0.000000,0.000001,0.000000,0.000000,0.000000,0.000000,1.000000;;
   }

   Frame Bip01_Spine {
    

    FrameTransformMatrix {
     0.978965,0.093084,0.181555,0.000000,-0.106937,0.991935,0.068046,0.000000,-0.173757,-0.086030,0.981024,0.000000,0.051452,0.004508,-0.000083,1.000000;;
    }

    Frame Bip01_Spine1 {
     

     FrameTransformMatrix {
      0.983954,0.064265,0.166449,0.000000,-0.043008,0.990802,-0.128304,0.000000,-0.173164,0.119087,0.977667,0.000000,0.106495,-0.000010,-0.000083,1.000000;;
     }

     Frame Bip01_Neck {
      

      FrameTransformMatrix {
       1.000000,0.000000,-0.000000,0.000000,-0.000000,1.000000,-0.000000,0.000000,0.000000,-0.000000,1.000000,0.000000,0.130504,0.000000,0.004625,1.000000;;
      }

      Frame Bip01_Head {
       

       FrameTransformMatrix {
        0.990674,-0.061064,-0.121803,0.000000,0.011502,0.928240,-0.371804,0.000000,0.135767,0.366936,0.920286,0.000000,0.033674,0.000000,-0.000000,1.000000;;
       }

       Frame Bip01_HeadNub {
        

        FrameTransformMatrix {
         1.000000,0.000000,0.000000,0.000000,0.000000,1.000000,0.000000,0.000000,0.000000,-0.000000,1.000000,0.000000,0.169824,0.000000,0.000000,1.000000;;
        }
       }
      }

      Frame Bip01_L_Clavicle {
       

       FrameTransformMatrix {
        -0.167226,0.985870,0.009800,0.000000,0.985918,0.167226,0.000855,0.000000,-0.000796,0.009805,-0.999952,0.000000,-0.024025,0.015714,-0.004625,1.000000;;
       }

       Frame Bip01_L_UpperArm {
        

        FrameTransformMatrix {
         0.574455,-0.783123,0.238159,0.000000,0.816781,0.567469,-0.104157,0.000000,-0.053580,0.254357,0.965625,0.000000,0.087086,0.000000,0.000000,1.000000;;
        }

        Frame Bip01_L_Forearm {
         

         FrameTransformMatrix {
          0.470767,-0.000000,-0.882258,0.000000,0.000000,1.000000,-0.000000,0.000000,0.882258,0.000000,0.470767,0.000000,0.137062,0.000000,0.000000,1.000000;;
         }

         Frame Bip01_L_Hand {
          

          FrameTransformMatrix {
           0.925928,0.317637,-0.204365,0.000000,0.120819,0.263561,0.957047,0.000000,0.357856,-0.910847,0.205662,0.000000,0.137062,-0.000000,0.000000,1.000000;;
          }

          Frame Bip01_L_Finger0 {
           

           FrameTransformMatrix {
            0.601558,-0.502847,0.620703,0.000000,0.696822,0.710248,-0.099940,0.000000,-0.390599,0.492640,0.777650,0.000000,0.057681,-0.023605,-0.000272,1.000000;;
           }

           Frame Bip01_L_Finger0Nub {
            

            FrameTransformMatrix {
             1.000000,-0.000000,-0.000000,0.000000,0.000000,1.000000,-0.000000,0.000000,-0.000000,-0.000000,1.000000,0.000000,0.029435,0.000000,0.000000,1.000000;;
            }
           }
          }

          Frame Bip01_L_Finger1 {
           

           FrameTransformMatrix {
            0.879300,-0.000379,0.476267,0.000000,0.000000,1.000000,0.000796,0.000000,-0.476267,-0.000700,0.879300,0.000000,0.084102,-0.000000,0.000000,1.000000;;
           }

           Frame Bip01_L_Finger1Nub {
            

            FrameTransformMatrix {
             1.000000,0.000000,-0.000000,0.000000,0.000000,1.000000,0.000000,0.000000,0.000000,0.000000,1.000000,0.000000,0.047988,-0.000000,0.000000,1.000000;;
            }
           }
          }
         }
        }
       }
      }

      Frame Bip01_R_Clavicle {
       

       FrameTransformMatrix {
        -0.041764,-0.999128,0.000036,0.000000,-0.999127,0.041764,0.000796,0.000000,-0.000796,-0.000003,-1.000000,0.000000,-0.024025,-0.015715,-0.004625,1.000000;;
       }

       Frame Bip01_R_UpperArm {
        

        FrameTransformMatrix {
         0.393705,0.869858,0.297227,0.000000,-0.904827,0.309689,0.292200,0.000000,0.162124,-0.383980,0.908997,0.000000,0.087086,0.000000,0.000000,1.000000;;
        }

        Frame Bip01_R_Forearm {
         

         FrameTransformMatrix {
          0.091979,-0.000000,-0.995761,0.000000,0.000000,1.000000,-0.000000,0.000000,0.995761,0.000000,0.091979,0.000000,0.137062,0.000000,0.000000,1.000000;;
         }

         Frame Bip01_R_Hand {
          

          FrameTransformMatrix {
           0.962013,-0.170998,-0.212817,0.000000,-0.195508,0.112571,-0.974220,0.000000,0.190547,0.978819,0.074863,0.000000,0.137062,0.000000,0.000000,1.000000;;
          }

          Frame Bip01_R_Finger0 {
           

           FrameTransformMatrix {
            0.166554,0.297180,0.940183,0.000000,-0.870771,0.491689,-0.001159,0.000000,-0.462621,-0.818491,0.340669,0.000000,0.057681,0.023605,-0.000272,1.000000;;
           }

           Frame Bip01_R_Finger0Nub {
            

            FrameTransformMatrix {
             -1.000000,-0.000000,-0.000000,0.000000,-0.000000,1.000000,0.000000,0.000000,0.000000,-0.000000,-1.000000,0.000000,0.029435,0.000000,-0.000000,1.000000;;
            }
           }
          }

          Frame Bip01_R_Finger1 {
           

           FrameTransformMatrix {
            0.329982,0.000752,0.943986,0.000000,0.000000,1.000000,-0.000796,0.000000,-0.943987,0.000263,0.329982,0.000000,0.084102,0.000000,0.000000,1.000000;;
           }

           Frame Bip01_R_Finger1Nub {
            

            FrameTransformMatrix {
             -1.000000,-0.000000,-0.000000,0.000000,0.000000,1.000000,0.000000,0.000000,-0.000000,0.000000,-1.000000,0.000000,0.047988,0.000000,0.000000,1.000000;;
            }
           }
          }
         }
        }
       }
      }
     }

     Frame Bip01_BackPack {
      

      FrameTransformMatrix {
       0.190104,-0.000002,-0.981764,0.000000,0.000003,1.000000,-0.000002,0.000000,0.981764,-0.000002,0.190104,0.000000,0.063697,-0.000000,-0.088856,1.000000;;
      }

      Frame Bip01_BackPackNub {
       

       FrameTransformMatrix {
        0.000796,0.000003,1.000000,0.000000,0.000000,-1.000000,0.000003,0.000000,1.000000,-0.000000,-0.000796,0.000000,0.053240,-0.000000,0.000000,1.000000;;
       }
      }
     }
    }

    Frame Bip01_L_Thigh {
     

     FrameTransformMatrix {
      -0.943815,0.266119,0.195948,0.000000,-0.171772,-0.901573,0.397065,0.000000,0.282327,0.341098,0.896629,0.000000,-0.045633,0.055817,0.004659,1.000000;;
     }

     Frame Bip01_L_Calf {
      

      FrameTransformMatrix {
       0.960886,0.000000,-0.276945,0.000000,0.000000,1.000000,-0.000000,0.000000,0.276945,0.000000,0.960886,0.000000,0.237500,0.000000,0.000000,1.000000;;
      }

      Frame Bip01_L_Foot {
       

       FrameTransformMatrix {
        0.994111,0.106220,0.021456,0.000000,-0.108135,0.959463,0.260265,0.000000,0.007059,-0.261052,0.965299,0.000000,0.206841,0.000000,-0.000000,1.000000;;
       }

       Frame Bip01_L_Toe0 {
        

        FrameTransformMatrix {
         -0.281149,0.092896,0.955157,0.000000,0.009523,0.995525,-0.094018,0.000000,-0.959617,-0.017337,-0.280775,0.000000,0.065373,-0.000000,0.066450,1.000000;;
        }

        Frame Bip01_L_Toe0Nub {
         

         FrameTransformMatrix {
          -1.000000,0.000000,0.000000,0.000000,0.000000,1.000000,-0.000000,0.000000,-0.000000,0.000000,-1.000000,0.000000,0.006735,0.000000,0.000000,1.000000;;
         }
        }
       }
      }
     }
    }

    Frame Bip01_R_Thigh {
     

     FrameTransformMatrix {
      -0.970148,-0.142899,0.195941,0.000000,0.152878,-0.987563,0.036704,0.000000,0.188259,0.065564,0.979929,0.000000,-0.055914,-0.053743,0.014160,1.000000;;
     }

     Frame Bip01_R_Calf {
      

      FrameTransformMatrix {
       0.860707,-0.000000,-0.509101,0.000000,0.000000,1.000000,0.000000,0.000000,0.509101,0.000000,0.860707,0.000000,0.237500,0.000000,0.000000,1.000000;;
      }

      Frame Bip01_R_Foot {
       

       FrameTransformMatrix {
        0.920342,-0.181367,0.346520,0.000000,0.218726,0.973157,-0.071581,0.000000,-0.324236,0.141672,0.935307,0.000000,0.206841,0.000000,0.000000,1.000000;;
       }

       Frame Bip01_R_Toe0 {
        

        FrameTransformMatrix {
         0.793110,-0.384600,0.472293,0.000000,-0.009867,0.767207,0.641324,0.000000,-0.608999,-0.513300,0.604684,0.000000,0.065373,0.000000,0.066450,1.000000;;
        }

        Frame Bip01_R_Toe0Nub {
         

         FrameTransformMatrix {
          1.000000,0.000000,0.000000,0.000000,0.000000,1.000000,-0.000000,0.000000,-0.000000,0.000000,1.000000,0.000000,0.006735,0.000000,0.000000,1.000000;;
         }
        }
       }
      }
     }
    }
   }

   Frame Bip01_DressFront {
    

    FrameTransformMatrix {
     -0.995138,-0.084051,-0.051337,0.000000,-0.083943,0.996462,-0.004264,0.000000,0.051514,0.000066,-0.998673,0.000000,-0.044009,0.001399,0.061087,1.000000;;
    }

    Frame Bip01_DressFront02 {
     

     FrameTransformMatrix {
      0.997128,0.000000,0.075731,0.000000,-0.000000,1.000000,-0.000000,0.000000,-0.075731,0.000000,0.997128,0.000000,0.183334,0.000000,-0.000131,1.000000;;
     }

     Frame Bip01_DressFrontNub {
      

      FrameTransformMatrix {
       0.000796,0.000003,1.000000,0.000000,0.000000,-1.000000,0.000003,0.000000,1.000000,-0.000000,-0.000796,0.000000,0.165302,-0.000000,0.000000,1.000000;;
      }
     }
    }
   }

   Frame Bip01_DressBack {
    

    FrameTransformMatrix {
     -0.993273,-0.085671,0.077908,0.000000,-0.077908,0.992157,0.097752,0.000000,-0.085671,0.091025,-0.992157,0.000000,-0.047720,-0.000013,-0.078280,1.000000;;
    }

    Frame Bip01_DressBack02 {
     

     FrameTransformMatrix {
      0.931719,0.000001,0.363181,0.000000,-0.000001,1.000000,-0.000000,0.000000,-0.363181,-0.000000,0.931719,0.000000,0.176198,-0.000000,-0.000101,1.000000;;
     }

     Frame Bip01_DressBackNub {
      

      FrameTransformMatrix {
       0.000796,0.000003,1.000000,0.000000,0.000000,-1.000000,0.000003,0.000000,1.000000,-0.000000,-0.000796,0.000000,0.136508,-0.000000,0.000000,1.000000;;
      }
     }
    }
   }
  }

  Frame Bip01_Prop1 {
   

   FrameTransformMatrix {
    -0.248450,-0.133264,0.959434,0.000000,0.603905,0.753115,0.260991,0.000000,-0.757345,0.644250,-0.106632,0.000000,0.110655,-0.008559,-0.113515,1.000000;;
   }
  }

  Frame Bip01_Prop2 {
   

   FrameTransformMatrix {
    0.619219,-0.579509,0.529846,0.000000,0.772153,0.326810,-0.544954,0.000000,0.142647,0.746569,0.649836,0.000000,0.069563,-0.054508,0.212026,1.000000;;
   }
  }
 }
}

Frame Translation_Data {
 

 FrameTransformMatrix {
  1.000000,0.000000,0.000000,0.000000,0.000000,-0.000000,-1.000000,0.000000,0.000000,1.000000,-0.000000,0.000000,0.000000,0.000000,0.000000,1.000000;;
 }
}

Frame Body {
 

 FrameTransformMatrix {
  1.000000,0.000000,0.000000,0.000000,0.000000,1.000000,0.000000,0.000000,0.000000,0.000000,1.000000,0.000000,0.000000,0.000000,0.000000,1.000000;;
 }

 Mesh Body {
  617;
  0.052146;0.744776;-0.060497;,
  0.019544;0.740025;-0.045761;,
  0.021782;0.771768;-0.033699;,
  0.059090;0.723965;-0.064617;,
  0.065088;0.709358;-0.066692;,
  0.026965;0.674438;-0.064384;,
  0.019083;0.706405;-0.059478;,
  0.073860;0.678452;-0.054926;,
  0.039226;0.796598;-0.004077;,
  0.093675;0.774391;-0.000719;,
  0.073367;0.774845;-0.024387;,
  0.068991;0.780928;0.017681;,
  0.093963;0.539674;0.012598;,
  0.069050;0.542401;0.047669;,
  0.069797;0.527831;0.052576;,
  0.087021;0.549831;0.012516;,
  0.054317;0.557896;-0.032152;,
  0.074718;0.531351;-0.025216;,
  0.014770;0.555970;-0.044975;,
  0.048101;0.512309;-0.047567;,
  0.017492;0.502244;-0.043697;,
  -0.024099;0.675175;-0.045427;,
  -0.018743;0.710186;-0.043978;,
  0.031919;0.537815;0.068673;,
  0.032988;0.520419;0.071933;,
  0.084844;0.647177;0.045898;,
  0.042583;0.691926;0.076989;,
  0.042013;0.650394;0.075344;,
  0.090631;0.690552;0.046166;,
  0.042183;0.466393;-0.066184;,
  0.101918;0.369320;-0.076949;,
  0.058682;0.373317;-0.096186;,
  0.085364;0.460787;-0.040820;,
  0.065962;0.281713;-0.124478;,
  0.103482;0.275977;-0.087660;,
  0.002580;0.455490;-0.037419;,
  0.040495;0.341656;0.006686;,
  0.044014;0.420132;0.050743;,
  0.017821;0.360049;-0.063449;,
  0.059184;0.263376;-0.040107;,
  0.047717;0.267982;-0.080509;,
  0.116254;0.354018;-0.015666;,
  0.098246;0.429168;0.009102;,
  0.098497;0.271408;-0.047482;,
  0.129546;-0.000566;-0.077673;,
  0.086402;-0.003828;-0.035721;,
  0.085126;-0.002805;-0.084512;,
  0.121110;-0.002030;-0.033049;,
  0.079330;0.221259;-0.106272;,
  0.122388;0.148618;-0.085977;,
  0.088141;0.147718;-0.108494;,
  0.115650;0.223002;-0.084070;,
  0.124759;0.068784;-0.084176;,
  0.102253;0.068498;-0.110386;,
  0.045985;0.196640;-0.076500;,
  0.069038;0.146453;-0.036422;,
  0.055869;0.209624;-0.023204;,
  0.064570;0.140198;-0.078553;,
  0.093942;0.074756;-0.057526;,
  0.088303;0.058882;-0.087810;,
  0.129568;0.153398;-0.048409;,
  0.125021;0.226706;-0.035667;,
  0.117140;0.082256;-0.059819;,
  0.082175;0.502594;-0.028990;,
  -0.024196;0.493476;-0.035424;,
  0.002580;0.455490;-0.037419;,
  -0.017809;0.457244;-0.029708;,
  0.110226;0.488585;0.015736;,
  0.078357;0.479455;0.060267;,
  0.100805;0.440609;0.012239;,
  0.069016;0.435376;0.048730;,
  0.076442;0.597372;0.043222;,
  0.103180;0.643423;0.014967;,
  0.104578;0.647036;-0.005682;,
  0.057623;0.600241;-0.033494;,
  0.072096;0.647935;-0.048420;,
  0.090395;0.597374;0.005114;,
  0.024489;0.645371;-0.061584;,
  0.022721;0.596935;-0.046209;,
  -0.027036;0.650261;-0.039159;,
  -0.021513;0.593226;-0.024738;,
  0.111137;0.704103;-0.080941;,
  0.143672;0.665965;-0.073738;,
  0.066394;0.695379;-0.052347;,
  0.130219;0.610764;-0.031015;,
  0.097283;0.642975;-0.043579;,
  0.168311;0.628018;-0.055686;,
  0.092888;0.708743;0.000864;,
  0.097283;0.642975;-0.043579;,
  0.121314;0.667964;0.012667;,
  0.154417;0.615093;0.012321;,
  0.130219;0.610764;-0.031015;,
  0.101734;0.715501;0.002988;,
  0.167668;0.691278;-0.017525;,
  0.134999;0.728144;-0.024361;,
  0.192479;0.632124;-0.012252;,
  0.127109;0.718548;-0.060146;,
  0.164750;0.622486;-0.072141;,
  0.124913;0.554603;-0.083037;,
  0.119345;0.600967;-0.044288;,
  0.153681;0.570485;-0.099394;,
  0.127632;0.518098;-0.104333;,
  0.147753;0.525653;-0.120469;,
  0.119345;0.600967;-0.044288;,
  0.165740;0.533991;-0.048653;,
  0.157397;0.575793;-0.000525;,
  0.124913;0.554603;-0.083037;,
  0.158470;0.502232;-0.085859;,
  0.127632;0.518098;-0.104333;,
  0.187584;0.546567;-0.061254;,
  0.202536;0.597285;-0.028191;,
  0.170992;0.508125;-0.096596;,
  0.121045;0.447711;-0.214100;,
  0.147408;0.434607;-0.165213;,
  0.112383;0.450659;-0.194096;,
  0.155544;0.431978;-0.185164;,
  0.098672;0.484480;-0.171008;,
  0.109141;0.482059;-0.183853;,
  0.103812;0.476051;-0.176331;,
  0.099258;0.492335;-0.179614;,
  0.151307;0.470092;-0.112483;,
  0.126191;0.494145;-0.161837;,
  0.160311;0.457002;-0.146298;,
  0.113279;0.497109;-0.129691;,
  0.172497;0.464489;-0.160210;,
  0.176946;0.494328;-0.126147;,
  0.137836;0.523696;-0.143755;,
  0.139932;0.500774;-0.174633;,
  0.101977;0.767277;-0.036169;,
  0.092860;0.763780;-0.064419;,
  0.073367;0.774845;-0.024387;,
  0.061419;0.767276;-0.044835;,
  0.114827;0.690445;0.013406;,
  0.036325;0.785801;-0.030261;,
  0.078391;0.743890;-0.077195;,
  0.059090;0.723965;-0.064617;,
  0.052146;0.744776;-0.060497;,
  0.079340;0.716817;-0.072302;,
  0.112711;0.734531;0.002284;,
  0.087353;0.730513;0.036597;,
  0.113133;0.737977;-0.002751;,
  0.037383;0.729211;0.066256;,
  0.024699;0.778490;0.034357;,
  0.093675;0.774391;-0.000719;,
  0.113133;0.737977;-0.002751;,
  0.078099;0.706625;-0.039944;,
  0.109342;0.726606;-0.010132;,
  0.066394;0.695379;-0.052347;,
  0.101586;0.683629;-0.015014;,
  0.079232;0.676900;-0.041262;,
  0.065088;0.709358;-0.066692;,
  0.113775;0.687939;-0.004113;,
  0.113279;0.497109;-0.129691;,
  0.036174;0.814638;-0.018781;,
  0.033643;0.817527;0.003721;,
  0.015300;0.800986;0.012412;,
  0.011598;0.820467;0.018939;,
  0.139932;0.500774;-0.174633;,
  0.121045;0.447711;-0.214100;,
  0.155544;0.431978;-0.185164;,
  0.103164;0.493336;-0.153698;,
  0.111257;0.507212;-0.174018;,
  0.103164;0.493336;-0.153698;,
  0.114567;0.482961;-0.162594;,
  0.130550;0.496231;-0.175792;,
  0.130550;0.496231;-0.175792;,
  0.098672;0.484480;-0.171008;,
  0.099258;0.492335;-0.179614;,
  0.109141;0.482059;-0.183853;,
  0.140974;0.023277;-0.153255;,
  0.115753;0.001225;-0.200819;,
  0.112835;0.019527;-0.193347;,
  0.148274;0.002156;-0.160431;,
  0.081755;0.029593;-0.045954;,
  0.085126;-0.002805;-0.084512;,
  0.086402;-0.003828;-0.035721;,
  0.082626;0.022101;-0.086649;,
  0.093942;0.074756;-0.057526;,
  0.122972;0.034786;-0.042920;,
  0.117140;0.082256;-0.059819;,
  0.129546;-0.000566;-0.077673;,
  0.121110;-0.002030;-0.033049;,
  0.129012;0.034442;-0.079334;,
  0.102253;0.068498;-0.110386;,
  0.124759;0.068784;-0.084176;,
  0.084773;0.014810;-0.185311;,
  0.080116;-0.000839;-0.193350;,
  0.148274;0.002156;-0.160431;,
  0.080116;-0.000839;-0.193350;,
  0.017821;0.360049;-0.063449;,
  0.047717;0.267982;-0.080509;,
  0.045985;0.196640;-0.076500;,
  0.064570;0.140198;-0.078553;,
  0.088303;0.058882;-0.087810;,
  0.088303;0.058882;-0.087810;,
  0.006737;0.436611;0.011226;,
  0.044308;0.821331;-0.031480;,
  0.025515;0.811093;-0.047795;,
  0.034086;0.817985;-0.050050;,
  0.023704;0.810760;-0.032748;,
  0.038302;0.839558;-0.006786;,
  0.032043;0.848637;0.014683;,
  0.013395;0.958967;-0.036633;,
  -0.008468;0.951326;-0.062055;,
  -0.006310;0.962998;-0.034664;,
  0.025003;0.893968;-0.086521;,
  0.007545;0.892577;-0.091619;,
  0.021365;0.921974;-0.077291;,
  0.039107;0.838480;-0.053401;,
  0.049236;0.849022;-0.027491;,
  0.043262;0.832369;-0.022209;,
  0.051023;0.883605;-0.009474;,
  0.049197;0.894123;-0.031567;,
  0.036019;0.928892;-0.062050;,
  0.046991;0.930948;-0.036448;,
  0.042679;0.890186;-0.057730;,
  0.049800;0.886986;0.006940;,
  0.040649;0.894435;0.028364;,
  0.002701;0.894043;0.043044;,
  0.032097;0.941030;0.017971;,
  0.000270;0.941823;0.031174;,
  0.043839;0.867516;-0.057271;,
  0.028785;0.828889;-0.066551;,
  0.027482;0.862489;-0.079283;,
  0.013888;0.804159;-0.077479;,
  -0.004321;0.797861;-0.064236;,
  -0.006290;0.800330;-0.085141;,
  0.017188;0.941011;-0.067675;,
  0.033293;0.949230;-0.038255;,
  0.045526;0.939181;-0.002260;,
  0.030798;0.956335;-0.009379;,
  0.014078;0.961222;-0.001344;,
  -0.002925;0.962927;0.002584;,
  0.002643;0.855872;0.030507;,
  0.045526;0.939181;-0.002260;,
  0.030798;0.956335;-0.009379;,
  0.055337;0.851910;-0.028623;,
  0.060524;0.898067;-0.018235;,
  0.066803;0.879049;-0.010993;,
  0.053466;0.879371;-0.023090;,
  0.066803;0.879049;-0.010993;,
  0.055337;0.851910;-0.028623;,
  0.060524;0.898067;-0.018235;,
  0.049197;0.894123;-0.031567;,
  0.049722;0.870049;-0.038884;,
  0.049236;0.849022;-0.027491;,
  0.026613;0.884722;-0.078730;,
  0.049722;0.870049;-0.038884;,
  0.036325;0.785801;-0.030261;,
  0.036174;0.814638;-0.018781;,
  0.061419;0.767276;-0.044835;,
  0.038302;0.839558;-0.006786;,
  -0.011682;0.760311;-0.036333;,
  -0.014096;0.736227;-0.038042;,
  -0.024607;0.551741;-0.026744;,
  0.041571;0.473652;0.079922;,
  0.039616;0.440560;0.071107;,
  0.021847;0.418989;0.053023;,
  -0.008657;0.797425;-0.045890;,
  0.006737;0.436611;0.011226;,
  0.014078;0.961222;-0.001344;,
  -0.002925;0.962927;0.002584;,
  0.013210;0.835843;-0.081884;,
  0.004493;0.858537;-0.087434;,
  0.004908;0.848907;-0.087990;,
  -0.009344;0.942205;-0.074545;,
  -0.009980;0.920764;-0.088229;,
  0.006541;0.883338;-0.082502;,
  0.037098;0.597658;0.069681;,
  0.061419;0.767276;-0.044835;,
  0.115753;0.001225;-0.200819;,
  0.004591;0.827196;-0.088097;,
  0.012807;0.829243;-0.081802;,
  0.004615;0.831884;-0.084336;,
  -0.008241;0.847719;-0.091845;,
  -0.009312;0.856533;-0.100894;,
  0.003825;0.835952;-0.088974;,
  -0.007060;0.831872;-0.083785;,
  -0.007421;0.825300;-0.089807;,
  -0.009914;0.891185;-0.096717;,
  -0.009321;0.881677;-0.093155;,
  0.109342;0.726606;-0.010132;,
  -0.007887;0.835828;-0.091656;,
  0.081278;0.712288;-0.023747;,
  0.078099;0.706625;-0.039944;,
  0.065088;0.709358;-0.066692;,
  0.049800;0.886986;0.006940;,
  0.079330;0.221259;-0.106272;,
  0.025505;0.145073;-0.098461;,
  0.010396;0.221450;-0.094313;,
  0.088141;0.147718;-0.108494;,
  0.065962;0.281713;-0.124478;,
  0.010005;0.279255;-0.101969;,
  0.058682;0.373317;-0.096186;,
  -0.003183;0.368936;-0.076288;,
  0.042183;0.466393;-0.066184;,
  -0.009655;0.456004;-0.060364;,
  0.017492;0.502244;-0.043697;,
  0.029651;0.072664;-0.104173;,
  0.102253;0.068498;-0.110386;,
  0.077619;0.136451;-0.009759;,
  0.042202;0.063053;0.069217;,
  0.089508;0.067410;-0.014167;,
  0.034352;0.135119;0.058734;,
  0.022343;0.200322;0.042335;,
  0.062986;0.207871;-0.010536;,
  0.018049;0.260125;0.037755;,
  0.058430;0.256471;-0.009786;,
  0.042504;0.338305;0.021131;,
  0.025252;0.341107;0.050668;,
  0.038304;0.413084;0.067183;,
  0.081278;0.712288;-0.023747;,
  -0.070666;0.757187;0.000089;,
  -0.039933;0.743887;-0.016145;,
  -0.081526;0.737213;0.004869;,
  -0.028384;0.775025;-0.008719;,
  -0.086633;0.719731;0.009079;,
  -0.068047;0.679735;-0.013645;,
  -0.085611;0.687342;0.030237;,
  -0.054054;0.711154;-0.023060;,
  -0.012668;0.799968;0.021763;,
  -0.045157;0.784815;0.068015;,
  -0.014764;0.786366;0.059387;,
  -0.050876;0.787515;0.036261;,
  -0.051360;0.526780;0.093242;,
  -0.005056;0.537385;0.090457;,
  -0.045199;0.540881;0.088859;,
  -0.003478;0.521329;0.093238;,
  -0.068759;0.549565;0.038911;,
  -0.072126;0.518322;0.056272;,
  -0.060242;0.550893;-0.001663;,
  -0.074060;0.501513;0.019495;,
  -0.054033;0.495897;-0.004005;,
  0.031919;0.537815;0.068673;,
  0.032988;0.520419;0.071933;,
  -0.004883;0.651092;0.098089;,
  0.042583;0.691926;0.076989;,
  -0.009628;0.696141;0.099708;,
  0.042013;0.650394;0.075344;,
  -0.075243;0.453992;-0.001839;,
  -0.120622;0.357101;0.038718;,
  -0.086890;0.450143;0.047402;,
  -0.102120;0.358315;-0.005004;,
  -0.123283;0.260051;-0.012615;,
  -0.125113;0.263397;0.039382;,
  -0.024663;0.444047;-0.006980;,
  -0.017645;0.335570;0.060284;,
  -0.049367;0.347052;-0.007784;,
  0.022908;0.418259;0.062455;,
  -0.059725;0.258233;0.043804;,
  -0.079069;0.254380;0.007398;,
  -0.088918;0.347702;0.094412;,
  -0.055813;0.421663;0.092745;,
  -0.094003;0.266444;0.064346;,
  -0.098337;-0.001504;0.121474;,
  -0.038826;-0.001073;0.130980;,
  -0.065739;-0.001527;0.153128;,
  -0.065860;-0.000928;0.090330;,
  -0.110955;0.204190;0.025578;,
  -0.114750;0.145706;0.089669;,
  -0.121963;0.215873;0.065042;,
  -0.105580;0.134871;0.051209;,
  -0.101590;0.069886;0.115361;,
  -0.101753;0.063276;0.081358;,
  -0.062598;0.188195;0.028775;,
  -0.042730;0.155803;0.085454;,
  -0.067111;0.135785;0.056488;,
  -0.035671;0.218619;0.066933;,
  -0.061792;0.081631;0.112988;,
  -0.074390;0.060336;0.090811;,
  -0.095140;0.163049;0.117960;,
  -0.096342;0.235917;0.102274;,
  -0.081784;0.088558;0.125455;,
  -0.075309;0.488620;0.058401;,
  -0.024663;0.444047;-0.006980;,
  -0.050279;0.474343;0.104805;,
  0.005083;0.472954;0.100929;,
  -0.050291;0.430884;0.094937;,
  0.000675;0.430116;0.090672;,
  -0.004411;0.599154;0.092587;,
  -0.041140;0.649720;0.098912;,
  -0.059540;0.654197;0.089778;,
  -0.064733;0.602937;0.041212;,
  -0.044934;0.600355;0.087739;,
  -0.080863;0.654609;0.040549;,
  -0.069276;0.649462;-0.007045;,
  -0.060573;0.598771;0.004647;,
  -0.120746;0.722664;0.034208;,
  -0.068507;0.717525;0.022361;,
  -0.134490;0.686376;0.066754;,
  -0.087828;0.642220;0.095134;,
  -0.133703;0.655502;0.103659;,
  -0.078649;0.667321;0.056329;,
  -0.049969;0.738697;0.076397;,
  -0.057327;0.700399;0.109402;,
  -0.078649;0.667321;0.056329;,
  -0.076824;0.643834;0.138136;,
  -0.087828;0.642220;0.095134;,
  -0.055199;0.745805;0.083507;,
  -0.113198;0.719770;0.119744;,
  -0.098980;0.754849;0.087490;,
  -0.122609;0.656838;0.146699;,
  -0.118254;0.740138;0.058387;,
  -0.139862;0.658873;0.086113;,
  -0.112024;0.603803;0.036053;,
  -0.145529;0.615577;0.045337;,
  -0.085904;0.643377;0.073917;,
  -0.125693;0.572997;0.012690;,
  -0.151872;0.577070;0.014241;,
  -0.085904;0.643377;0.073917;,
  -0.120015;0.569619;0.081236;,
  -0.112024;0.603803;0.036053;,
  -0.085322;0.604369;0.123497;,
  -0.135124;0.546728;0.040361;,
  -0.125693;0.572997;0.012690;,
  -0.145603;0.579086;0.088286;,
  -0.138954;0.619911;0.135570;,
  -0.152992;0.551156;0.041551;,
  -0.141794;0.519819;-0.083064;,
  -0.152322;0.506211;-0.028652;,
  -0.157341;0.494153;-0.045988;,
  -0.136578;0.532453;-0.065829;,
  -0.127262;0.555952;-0.048076;,
  -0.137496;0.551959;-0.060716;,
  -0.130288;0.564049;-0.055910;,
  -0.130412;0.546936;-0.053958;,
  -0.136510;0.522705;0.006159;,
  -0.154850;0.558001;-0.039262;,
  -0.126462;0.563758;-0.020030;,
  -0.160193;0.509368;-0.019475;,
  -0.179815;0.512250;-0.021655;,
  -0.170622;0.535494;0.016368;,
  -0.160677;0.579155;-0.010032;,
  -0.174701;0.559403;-0.039972;,
  -0.076042;0.789365;0.051124;,
  -0.093376;0.786958;0.026880;,
  -0.050876;0.787515;0.036261;,
  -0.059578;0.780193;0.014775;,
  -0.050190;0.699645;0.101531;,
  -0.032880;0.790295;0.004199;,
  -0.099031;0.765367;0.009656;,
  -0.081526;0.737213;0.004869;,
  -0.098860;0.738163;0.016176;,
  -0.070666;0.757187;0.000089;,
  -0.058481;0.747877;0.087652;,
  -0.062467;0.751827;0.084755;,
  -0.015914;0.737218;0.088018;,
  0.037383;0.729211;0.066256;,
  0.024699;0.778490;0.034357;,
  -0.045157;0.784815;0.068015;,
  -0.062467;0.751827;0.084755;,
  -0.074539;0.718736;0.036078;,
  -0.068507;0.717525;0.022361;,
  -0.067337;0.741516;0.077938;,
  -0.067194;0.693039;0.075120;,
  -0.077366;0.685630;0.042367;,
  -0.086633;0.719731;0.009079;,
  -0.064419;0.697874;0.091049;,
  -0.126462;0.563758;-0.020030;,
  -0.029971;0.815992;0.001316;,
  -0.015291;0.818528;0.018588;,
  0.015300;0.800986;0.012412;,
  0.011598;0.820467;0.018939;,
  -0.174701;0.559403;-0.039972;,
  -0.141794;0.519819;-0.083064;,
  -0.157341;0.494153;-0.045988;,
  -0.132849;0.561976;-0.029890;,
  -0.145304;0.574884;-0.048578;,
  -0.132849;0.561976;-0.029890;,
  -0.141764;0.549769;-0.039287;,
  -0.161287;0.559518;-0.050669;,
  -0.161287;0.559518;-0.050669;,
  -0.127262;0.555952;-0.048076;,
  -0.130288;0.564049;-0.055910;,
  -0.137496;0.551959;-0.060716;,
  -0.152615;0.020037;0.066686;,
  -0.157888;-0.001226;0.012790;,
  -0.161308;-0.001658;0.064537;,
  -0.152416;0.017373;0.017635;,
  -0.043099;0.032375;0.120671;,
  -0.065860;-0.000928;0.090330;,
  -0.066679;0.024043;0.087694;,
  -0.038826;-0.001073;0.130980;,
  -0.061792;0.081631;0.112988;,
  -0.075339;0.034883;0.146926;,
  -0.081784;0.088558;0.125455;,
  -0.098337;-0.001504;0.121474;,
  -0.101149;0.033423;0.120577;,
  -0.065739;-0.001527;0.153128;,
  -0.101753;0.063276;0.081358;,
  -0.101590;0.069886;0.115361;,
  -0.124590;0.014685;0.008002;,
  -0.124378;-0.000776;-0.001595;,
  -0.161308;-0.001658;0.064537;,
  -0.124378;-0.000776;-0.001595;,
  -0.049367;0.347052;-0.007784;,
  -0.079069;0.254380;0.007398;,
  -0.062598;0.188195;0.028775;,
  -0.067111;0.135785;0.056488;,
  -0.074390;0.060336;0.090811;,
  -0.074390;0.060336;0.090811;,
  -0.047497;0.818732;-0.023141;,
  -0.031405;0.809482;-0.042624;,
  -0.027534;0.811808;-0.017181;,
  -0.040614;0.815870;-0.043265;,
  -0.038175;0.837392;0.000161;,
  -0.028672;0.846918;0.020198;,
  -0.025790;0.957858;-0.033074;,
  -0.006310;0.962998;-0.034664;,
  -0.042525;0.892057;-0.080387;,
  -0.038861;0.920269;-0.071820;,
  -0.026220;0.891621;-0.088552;,
  -0.047299;0.836034;-0.045552;,
  -0.053173;0.846123;-0.018189;,
  -0.045420;0.829858;-0.014153;,
  -0.053624;0.880643;0.000032;,
  -0.056399;0.891133;-0.021975;,
  -0.050897;0.926431;-0.054155;,
  -0.054488;0.887435;-0.048904;,
  -0.057178;0.927998;-0.026985;,
  -0.049657;0.884170;0.015975;,
  -0.037231;0.892229;0.035438;,
  0.002701;0.894043;0.043044;,
  -0.033319;0.939178;0.023913;,
  0.000270;0.941823;0.031174;,
  -0.054272;0.864738;-0.048359;,
  -0.041889;0.860525;-0.072981;,
  -0.038991;0.826970;-0.060394;,
  -0.024941;0.803060;-0.073952;,
  -0.034097;0.939559;-0.063016;,
  -0.045076;0.947011;-0.031136;,
  -0.050045;0.936475;0.006422;,
  -0.037826;0.954392;-0.003145;,
  -0.002925;0.962927;0.002584;,
  -0.020234;0.960251;0.001773;,
  0.002643;0.855872;0.030507;,
  -0.050045;0.936475;0.006422;,
  -0.037826;0.954392;-0.003145;,
  -0.059530;0.848657;-0.018189;,
  -0.065344;0.894503;-0.006801;,
  -0.058237;0.876208;-0.012943;,
  -0.069138;0.875201;0.001356;,
  -0.069138;0.875201;0.001356;,
  -0.059530;0.848657;-0.018189;,
  -0.065344;0.894503;-0.006801;,
  -0.056399;0.891133;-0.021975;,
  -0.056881;0.867031;-0.029201;,
  -0.053173;0.846123;-0.018189;,
  -0.042184;0.882774;-0.072480;,
  -0.056881;0.867031;-0.029201;,
  -0.032880;0.790295;0.004199;,
  -0.029971;0.815992;0.001316;,
  -0.059578;0.780193;0.014775;,
  -0.038175;0.837392;0.000161;,
  0.041571;0.473652;0.079922;,
  0.039616;0.440560;0.071107;,
  0.021847;0.418989;0.053023;,
  0.006737;0.436611;0.011226;,
  -0.020234;0.960251;0.001773;,
  -0.002925;0.962927;0.002584;,
  -0.026847;0.834709;-0.078245;,
  -0.020559;0.857827;-0.085158;,
  -0.020525;0.848187;-0.085679;,
  -0.023074;0.882499;-0.079812;,
  0.037098;0.597658;0.069681;,
  -0.059578;0.780193;0.014775;,
  -0.157888;-0.001226;0.012790;,
  -0.026065;0.828143;-0.078271;,
  -0.019016;0.826528;-0.085952;,
  -0.018625;0.831226;-0.082225;,
  -0.018912;0.835309;-0.086908;,
  -0.067337;0.741516;0.077938;,
  -0.062682;0.724117;0.048173;,
  -0.074539;0.718736;0.036078;,
  -0.086633;0.719731;0.009079;,
  -0.049657;0.884170;0.015975;,
  -0.070766;0.208480;-0.029669;,
  -0.030903;0.140547;-0.063356;,
  -0.075310;0.134345;-0.011340;,
  -0.031452;0.217880;-0.063763;,
  -0.079172;0.267649;-0.040349;,
  -0.036027;0.274578;-0.067249;,
  -0.053795;0.359767;-0.037111;,
  -0.029667;0.363559;-0.055213;,
  -0.038648;0.447757;-0.035971;,
  -0.025873;0.449073;-0.048171;,
  -0.024196;0.493476;-0.035424;,
  -0.054033;0.495898;-0.004005;,
  -0.032156;0.074631;-0.066439;,
  -0.076864;0.063454;-0.000899;,
  -0.019247;0.081423;0.125718;,
  -0.095140;0.163049;0.117960;,
  -0.081772;0.088558;0.125448;,
  -0.025646;0.152874;0.102826;,
  -0.096342;0.235917;0.102274;,
  -0.034327;0.220093;0.084158;,
  -0.036021;0.259070;0.068318;,
  -0.094003;0.266444;0.064346;,
  -0.088918;0.347702;0.094412;,
  -0.007950;0.332349;0.074500;,
  0.039616;0.440560;0.071107;,
  0.000675;0.430116;0.090672;,
  -0.062682;0.724117;0.048173;,
  -0.075243;0.453992;-0.001839;,
  -0.102120;0.358315;-0.005004;,
  -0.123283;0.260051;-0.012615;,
  -0.110955;0.204190;0.025578;,
  -0.105580;0.134871;0.051209;,
  -0.101753;0.063276;0.081358;,
  0.116254;0.354018;-0.015666;,
  0.069016;0.435376;0.048730;,
  0.098246;0.429168;0.009102;,
  0.098497;0.271408;-0.047483;,
  0.125021;0.226706;-0.035667;,
  0.129568;0.153398;-0.048409;,
  0.117140;0.082256;-0.059819;,
  -0.055813;0.421663;0.092745;;
  916;
  3;0,1,2;,
  3;1,0,3;,
  3;4,5,6;,
  3;5,4,7;,
  3;8,9,10;,
  3;9,8,11;,
  3;12,13,14;,
  3;13,12,15;,
  3;16,12,17;,
  3;12,16,15;,
  3;18,19,20;,
  3;19,18,16;,
  3;6,21,22;,
  3;21,6,5;,
  3;14,23,24;,
  3;23,14,13;,
  3;25,26,27;,
  3;26,25,28;,
  3;29,30,31;,
  3;30,29,32;,
  3;30,33,31;,
  3;33,30,34;,
  3;35,36,37;,
  3;36,35,38;,
  3;38,39,36;,
  3;39,38,40;,
  3;37,41,42;,
  3;41,37,36;,
  3;36,43,41;,
  3;43,36,39;,
  3;42,30,32;,
  3;30,42,41;,
  3;41,34,30;,
  3;34,41,43;,
  3;44,45,46;,
  3;45,44,47;,
  3;48,49,50;,
  3;49,48,51;,
  3;50,52,53;,
  3;52,50,49;,
  3;54,55,56;,
  3;55,54,57;,
  3;57,58,55;,
  3;58,57,59;,
  3;56,60,61;,
  3;60,56,55;,
  3;55,62,60;,
  3;62,55,58;,
  3;61,49,51;,
  3;49,61,60;,
  3;60,52,49;,
  3;52,60,62;,
  3;32,19,63;,
  3;19,32,29;,
  3;64,65,66;,
  3;65,64,20;,
  3;14,67,12;,
  3;67,14,68;,
  3;68,69,67;,
  3;69,68,70;,
  3;70,42,69;,
  3;42,70,37;,
  3;48,34,51;,
  3;34,48,33;,
  3;51,43,61;,
  3;43,51,34;,
  3;43,56,61;,
  3;56,43,39;,
  3;39,54,56;,
  3;54,39,40;,
  3;12,63,17;,
  3;63,12,67;,
  3;67,32,63;,
  3;32,67,69;,
  3;69,42,32;,
  3;71,72,25;,
  3;73,74,75;,
  3;74,73,76;,
  3;74,77,75;,
  3;77,74,78;,
  3;79,78,80;,
  3;78,79,77;,
  3;81,82,83;,
  3;82,84,85;,
  3;84,82,86;,
  3;87,88,89;,
  3;88,90,89;,
  3;90,88,91;,
  3;92,93,94;,
  3;92,89,93;,
  3;92,87,89;,
  3;89,95,93;,
  3;95,89,90;,
  3;96,93,82;,
  3;93,86,82;,
  3;86,93,95;,
  3;97,98,99;,
  3;98,97,100;,
  3;100,101,98;,
  3;101,100,102;,
  3;103,104,105;,
  3;104,103,106;,
  3;106,107,104;,
  3;107,106,108;,
  3;105,109,110;,
  3;109,105,104;,
  3;104,111,109;,
  3;111,104,107;,
  3;110,100,97;,
  3;100,110,109;,
  3;109,102,100;,
  3;102,109,111;,
  3;112,113,114;,
  3;113,112,115;,
  3;116,117,118;,
  3;117,116,119;,
  3;120,121,122;,
  3;121,120,123;,
  3;120,124,125;,
  3;124,120,122;,
  3;126,124,127;,
  3;124,126,125;,
  3;95,97,86;,
  3;97,95,110;,
  3;86,99,84;,
  3;99,86,97;,
  3;90,103,105;,
  3;103,90,91;,
  3;105,95,90;,
  3;95,105,110;,
  3;128,96,129;,
  3;96,128,94;,
  3;129,130,128;,
  3;130,129,131;,
  3;72,28,25;,
  3;28,72,132;,
  3;10,133,8;,
  3;134,135,136;,
  3;135,134,137;,
  3;81,137,134;,
  3;138,11,139;,
  3;138,9,11;,
  3;138,140,9;,
  3;141,11,142;,
  3;11,141,139;,
  3;128,130,143;,
  3;94,144,92;,
  3;94,143,144;,
  3;94,128,143;,
  3;145,87,146;,
  3;87,145,147;,
  3;75,148,73;,
  3;148,75,149;,
  3;150,147,145;,
  3;7,149,75;,
  3;148,151,73;,
  3;102,152,101;,
  3;152,102,126;,
  3;102,125,126;,
  3;125,102,111;,
  3;111,120,125;,
  3;120,111,107;,
  3;120,108,123;,
  3;108,120,107;,
  3;8,153,154;,
  3;153,8,133;,
  3;154,155,8;,
  3;155,154,156;,
  3;122,114,113;,
  3;114,122,121;,
  3;121,112,114;,
  3;112,121,157;,
  3;158,124,159;,
  3;124,158,127;,
  3;159,122,113;,
  3;122,159,124;,
  3;126,160,152;,
  3;160,126,161;,
  3;162,121,123;,
  3;121,162,163;,
  3;121,164,157;,
  3;164,121,163;,
  3;165,126,127;,
  3;126,165,161;,
  3;161,166,160;,
  3;166,161,167;,
  3;162,118,163;,
  3;118,162,116;,
  3;163,117,164;,
  3;117,163,118;,
  3;165,167,161;,
  3;167,165,168;,
  3;169,170,171;,
  3;170,169,172;,
  3;173,174,175;,
  3;174,173,176;,
  3;177,178,179;,
  3;178,177,173;,
  3;180,178,181;,
  3;178,180,182;,
  3;183,169,171;,
  3;169,183,184;,
  3;174,185,186;,
  3;185,174,176;,
  3;46,187,44;,
  3;187,46,188;,
  3;180,169,182;,
  3;169,180,172;,
  3;20,29,65;,
  3;19,29,20;,
  3;29,31,189;,
  3;31,190,189;,
  3;190,31,33;,
  3;33,191,190;,
  3;191,33,48;,
  3;191,50,192;,
  3;50,191,48;,
  3;192,53,193;,
  3;53,192,50;,
  3;194,171,185;,
  3;171,194,183;,
  3;171,186,185;,
  3;186,171,170;,
  3;185,176,194;,
  3;194,173,177;,
  3;173,194,176;,
  3;178,175,181;,
  3;175,178,173;,
  3;179,182,184;,
  3;182,179,178;,
  3;182,169,184;,
  3;16,17,19;,
  3;17,63,19;,
  3;65,195,66;,
  3;196,197,198;,
  3;197,196,199;,
  3;200,154,153;,
  3;154,200,201;,
  3;202,203,204;,
  3;205,206,207;,
  3;196,208,209;,
  3;208,196,198;,
  3;210,209,211;,
  3;209,210,196;,
  3;212,213,214;,
  3;213,212,215;,
  3;212,214,211;,
  3;201,216,217;,
  3;216,201,200;,
  3;218,219,220;,
  3;219,218,217;,
  3;210,199,196;,
  3;213,205,207;,
  3;221,222,223;,
  3;198,197,224;,
  3;224,225,226;,
  3;225,224,197;,
  3;227,213,207;,
  3;228,229,214;,
  3;229,228,230;,
  3;220,231,232;,
  3;213,228,214;,
  3;156,201,233;,
  3;201,156,154;,
  3;233,217,218;,
  3;217,233,201;,
  3;219,217,234;,
  3;235,219,234;,
  3;236,237,238;,
  3;237,236,239;,
  3;209,240,211;,
  3;240,209,241;,
  3;211,242,212;,
  3;242,211,240;,
  3;243,239,244;,
  3;239,243,237;,
  3;244,236,245;,
  3;236,244,239;,
  3;246,221,223;,
  3;221,246,215;,
  3;221,212,247;,
  3;212,221,215;,
  3;199,248,2;,
  3;248,199,249;,
  3;133,10,250;,
  3;249,210,251;,
  3;210,249,199;,
  3;210,211,251;,
  3;252,1,253;,
  3;1,252,2;,
  3;20,254,18;,
  3;254,20,64;,
  3;24,68,14;,
  3;68,24,255;,
  3;68,256,70;,
  3;256,68,255;,
  3;256,37,70;,
  3;37,256,257;,
  3;258,2,252;,
  3;2,258,199;,
  3;257,259,37;,
  3;37,259,35;,
  3;260,204,261;,
  3;204,260,202;,
  3;262,263,223;,
  3;263,262,264;,
  3;197,258,225;,
  3;258,197,199;,
  3;265,203,227;,
  3;265,207,266;,
  3;207,265,227;,
  3;223,267,246;,
  3;267,223,263;,
  3;88,87,147;,
  3;83,82,85;,
  3;78,16,18;,
  3;16,78,74;,
  3;74,15,16;,
  3;15,74,76;,
  3;15,71,13;,
  3;71,15,76;,
  3;13,268,23;,
  3;268,13,71;,
  3;248,269,2;,
  3;2,269,0;,
  3;136,129,134;,
  3;129,136,131;,
  3;134,96,81;,
  3;96,134,129;,
  3;96,82,81;,
  3;93,96,94;,
  3;29,189,65;,
  3;205,215,246;,
  3;267,205,246;,
  3;205,267,206;,
  3;205,213,215;,
  3;187,188,270;,
  3;224,271,272;,
  3;222,221,208;,
  3;224,222,198;,
  3;272,273,262;,
  3;273,272,271;,
  3;263,274,275;,
  3;273,276,262;,
  3;277,271,278;,
  3;271,277,273;,
  3;222,272,262;,
  3;272,222,224;,
  3;222,208,198;,
  3;209,221,247;,
  3;221,209,208;,
  3;223,222,262;,
  3;266,206,279;,
  3;206,266,207;,
  3;206,280,279;,
  3;280,206,267;,
  3;280,263,275;,
  3;263,280,267;,
  3;264,262,276;,
  3;76,73,72;,
  3;138,281,140;,
  3;73,132,72;,
  3;132,73,151;,
  3;72,71,76;,
  3;271,226,278;,
  3;155,11,8;,
  3;276,277,282;,
  3;277,276,273;,
  3;274,276,282;,
  3;276,274,264;,
