xof 0303txt 0032
template ColorRGBA {
 <35ff44e0-6c7c-11cf-8f52-0040333594a3>
 FLOAT red;
 FLOAT green;
 FLOAT blue;
 FLOAT alpha;
}

template ColorRGB {
 <d3e16e81-7835-11cf-8f52-0040333594a3>
 FLOAT red;
 FLOAT green;
 FLOAT blue;
}

template Material {
 <3d82ab4d-62da-11cf-ab39-0020af71e433>
 ColorRGBA faceColor;
 FLOAT power;
 ColorRGB specularColor;
 ColorRGB emissiveColor;
 [...]
}

template TextureFilename {
 <a42790e1-7810-11cf-8f52-0040333594a3>
 STRING filename;
}

template Frame {
 <3d82ab46-62da-11cf-ab39-0020af71e433>
 [...]
}

template Matrix4x4 {
 <f6f23f45-7686-11cf-8f52-0040333594a3>
 array FLOAT matrix[16];
}

template FrameTransformMatrix {
 <f6f23f41-7686-11cf-8f52-0040333594a3>
 Matrix4x4 frameMatrix;
}

template Vector {
 <3d82ab5e-62da-11cf-ab39-0020af71e433>
 FLOAT x;
 FLOAT y;
 FLOAT z;
}

template MeshFace {
 <3d82ab5f-62da-11cf-ab39-0020af71e433>
 DWORD nFaceVertexIndices;
 array DWORD faceVertexIndices[nFaceVertexIndices];
}

template Mesh {
 <3d82ab44-62da-11cf-ab39-0020af71e433>
 DWORD nVertices;
 array Vector vertices[nVertices];
 DWORD nFaces;
 array MeshFace faces[nFaces];
 [...]
}

template MeshMaterialList {
 <f6f23f42-7686-11cf-8f52-0040333594a3>
 DWORD nMaterials;
 DWORD nFaceIndexes;
 array DWORD faceIndexes[nFaceIndexes];
 [Material <3d82ab4d-62da-11cf-ab39-0020af71e433>]
}

template VertexElement {
 <f752461c-1e23-48f6-b9f8-8350850f336f>
 DWORD Type;
 DWORD Method;
 DWORD Usage;
 DWORD UsageIndex;
}

template DeclData {
 <bf22e553-292c-4781-9fea-62bd554bdd93>
 DWORD nElements;
 array VertexElement Elements[nElements];
 DWORD nDWords;
 array DWORD data[nDWords];
}

template XSkinMeshHeader {
 <3cf169ce-ff7c-44ab-93c0-f78f62d172e2>
 WORD nMaxSkinWeightsPerVertex;
 WORD nMaxSkinWeightsPerFace;
 WORD nBones;
}

template SkinWeights {
 <6f0d123b-bad2-4167-a0d0-80224f25fabb>
 STRING transformNodeName;
 DWORD nWeights;
 array DWORD vertexIndices[nWeights];
 array FLOAT weights[nWeights];
 Matrix4x4 matrixOffset;
}

template AnimTicksPerSecond {
 <9e415a43-7ba6-4a73-8743-b73d47e88476>
 DWORD AnimTicksPerSecond;
}

template Animation {
 <3d82ab4f-62da-11cf-ab39-0020af71e433>
 [...]
}

template AnimationSet {
 <3d82ab50-62da-11cf-ab39-0020af71e433>
 [Animation <3d82ab4f-62da-11cf-ab39-0020af71e433>]
}

template FloatKeys {
 <10dd46a9-775b-11cf-8f52-0040333594a3>
 DWORD nValues;
 array FLOAT values[nValues];
}

template TimedFloatKeys {
 <f406b180-7b3b-11cf-8f52-0040333594a3>
 DWORD time;
 FloatKeys tfkeys;
}

template AnimationKey {
 <10dd46a8-775b-11cf-8f52-0040333594a3>
 DWORD keyType;
 DWORD nKeys;
 array TimedFloatKeys keys[nKeys];
}


Material _03_-_Default {
 1.000000;1.000000;1.000000;1.000000;;
 9.999999;
 0.000000;0.000000;0.000000;;
 0.000000;0.000000;0.000000;;

 TextureFilename {
  "MaleBody_full.png";
 }
}

Frame Dummy01 {
 

 FrameTransformMatrix {
  1.000000,0.000000,0.000000,0.000000,0.000000,-0.000000,-1.000000,0.000000,0.000000,1.000000,-0.000000,0.000000,0.000000,0.000000,0.000000,1.000000;;
 }

 Frame Bip01 {
  

  FrameTransformMatrix {
   -0.022051,0.972692,-0.231051,0.000000,-0.000928,0.231087,0.972933,0.000000,0.999757,0.021669,-0.004193,0.000000,0.021002,-0.036518,0.207625,1.000000;;
  }

  Frame Bip01_Pelvis {
   

   FrameTransformMatrix {
    -0.240321,0.960022,-0.143542,0.000000,-0.000002,0.147875,0.989006,0.000000,0.970694,0.237679,-0.035536,0.000000,0.000000,0.000000,0.000000,1.000000;;
   }

   Frame Bip01_Spine {
    

    FrameTransformMatrix {
     0.716127,0.036496,0.697015,0.000000,-0.036058,0.999233,-0.015273,0.000000,-0.697038,-0.014196,0.716894,0.000000,0.049628,0.007637,0.012211,1.000000;;
    }

    Frame Bip01_Spine1 {
     

     FrameTransformMatrix {
      0.982583,0.039538,0.181571,0.000000,-0.043267,0.998925,0.016617,0.000000,-0.180719,-0.024184,0.983237,0.000000,0.106495,0.000002,-0.000083,1.000000;;
     }

     Frame Bip01_Neck {
      

      FrameTransformMatrix {
       0.777332,0.104530,0.620345,0.000000,-0.081755,0.994522,-0.065136,0.000000,-0.623755,-0.000084,0.781620,0.000000,0.130521,0.000000,0.004631,1.000000;;
      }

      Frame Bip01_Head {
       

       FrameTransformMatrix {
        0.880601,0.014329,-0.473643,0.000000,0.027499,0.996313,0.081267,0.000000,0.473061,-0.084588,0.876960,0.000000,0.033674,-0.000000,0.000000,1.000000;;
       }

       Frame Bip01_HeadNub {
        

        FrameTransformMatrix {
         1.000000,0.000000,0.000000,0.000000,0.000000,1.000000,-0.000000,0.000000,0.000000,0.000000,1.000000,0.000000,0.169824,0.000000,0.000000,1.000000;;
        }
       }
      }

      Frame Bip01_L_Clavicle {
       

       FrameTransformMatrix {
        -0.167470,0.962489,0.213469,0.000000,0.765740,0.263371,-0.586752,0.000000,-0.620964,0.065198,-0.781123,0.000000,-0.019918,0.017896,0.011375,1.000000;;
       }

       Frame Bip01_L_UpperArm {
        

        FrameTransformMatrix {
         0.142780,-0.622564,-0.769434,0.000000,0.618097,0.663256,-0.421956,0.000000,0.773026,-0.415338,0.479505,0.000000,0.087086,0.000000,0.000000,1.000000;;
        }

        Frame Bip01_L_Forearm {
         

         FrameTransformMatrix {
          0.654965,0.000000,-0.755659,0.000000,0.000000,1.000000,0.000000,0.000000,0.755659,-0.000000,0.654965,0.000000,0.137062,0.000000,0.000000,1.000000;;
         }

         Frame Bip01_L_Hand {
          

          FrameTransformMatrix {
           0.825557,0.534351,0.181451,0.000000,-0.077951,-0.210475,0.974486,0.000000,0.558909,-0.818638,-0.132106,0.000000,0.137062,0.000000,0.000000,1.000000;;
          }

          Frame Bip01_L_Finger0 {
           

           FrameTransformMatrix {
            0.539809,-0.409565,0.735434,0.000000,0.788204,0.552646,-0.270773,0.000000,-0.295536,0.725838,0.621144,0.000000,0.057681,-0.023605,-0.000272,1.000000;;
           }

           Frame Bip01_L_Finger0Nub {
            

            FrameTransformMatrix {
             1.000000,0.000000,-0.000000,0.000000,0.000000,1.000000,0.000000,0.000000,0.000000,-0.000000,1.000000,0.000000,0.029435,0.000000,0.000000,1.000000;;
            }
           }
          }

          Frame Bip01_L_Finger1 {
           

           FrameTransformMatrix {
            0.663034,-0.000596,0.748589,0.000000,-0.000000,1.000000,0.000796,0.000000,-0.748589,-0.000528,0.663034,0.000000,0.084102,-0.000000,0.000000,1.000000;;
           }

           Frame Bip01_L_Finger1Nub {
            

            FrameTransformMatrix {
             1.000000,0.000000,0.000000,0.000000,-0.000000,1.000000,-0.000000,0.000000,-0.000000,-0.000000,1.000000,0.000000,0.047988,-0.000000,0.000000,1.000000;;
            }
           }
          }
         }
        }
       }
      }

      Frame Bip01_R_Clavicle {
       

       FrameTransformMatrix {
        -0.198149,-0.977225,0.075955,0.000000,-0.758380,0.201943,0.619740,0.000000,-0.620964,0.065198,-0.781123,0.000000,-0.023204,-0.013361,0.011378,1.000000;;
       }

       Frame Bip01_R_UpperArm {
        

        FrameTransformMatrix {
         0.488709,0.213825,-0.845838,0.000000,0.125391,0.942221,0.310639,0.000000,0.863389,-0.257872,0.433661,0.000000,0.087086,0.000000,0.000000,1.000000;;
        }

        Frame Bip01_R_Forearm {
         

         FrameTransformMatrix {
          0.471884,0.000000,-0.881661,0.000000,0.000000,1.000000,-0.000000,0.000000,0.881661,0.000000,0.471884,0.000000,0.137062,-0.000000,-0.000000,1.000000;;
         }

         Frame Bip01_R_Hand {
          

          FrameTransformMatrix {
           0.844660,-0.476988,0.242964,0.000000,0.492007,0.512950,-0.703428,0.000000,0.210899,0.713698,0.667950,0.000000,0.137062,0.000000,-0.000000,1.000000;;
          }

          Frame Bip01_R_Finger0 {
           

           FrameTransformMatrix {
            0.479937,0.181690,0.858283,0.000000,-0.721001,0.639057,0.267890,0.000000,-0.499818,-0.747393,0.437705,0.000000,0.057681,0.023605,-0.000272,1.000000;;
           }

           Frame Bip01_R_Finger0Nub {
            

            FrameTransformMatrix {
             -1.000000,-0.000000,0.000000,0.000000,0.000000,1.000000,-0.000000,0.000000,-0.000000,0.000000,-1.000000,0.000000,0.029435,0.000000,0.000000,1.000000;;
            }
           }
          }

          Frame Bip01_R_Finger1 {
           

           FrameTransformMatrix {
            -0.221747,0.000776,0.975104,0.000000,-0.000000,1.000000,-0.000796,0.000000,-0.975104,-0.000177,-0.221747,0.000000,0.084102,0.000000,0.000000,1.000000;;
           }

           Frame Bip01_R_Finger1Nub {
            

            FrameTransformMatrix {
             -1.000000,0.000000,-0.000000,0.000000,-0.000000,1.000000,0.000000,0.000000,-0.000000,0.000000,-1.000000,0.000000,0.047988,0.000000,-0.000000,1.000000;;
            }
           }
          }
         }
        }
       }
      }
     }

     Frame Bip01_BackPack {
      

      FrameTransformMatrix {
       0.190104,-0.000002,-0.981764,0.000000,0.000003,1.000000,-0.000002,0.000000,0.981764,-0.000002,0.190104,0.000000,0.063697,-0.000000,-0.088856,1.000000;;
      }

      Frame Bip01_BackPackNub {
       

       FrameTransformMatrix {
        0.000796,0.000003,1.000000,0.000000,0.000000,-1.000000,0.000003,0.000000,1.000000,-0.000000,-0.000796,0.000000,0.053240,-0.000000,0.000000,1.000000;;
       }
      }
     }
    }

    Frame Bip01_L_Thigh {
     

     FrameTransformMatrix {
      0.637312,0.549793,0.539963,0.000000,0.427725,-0.835232,0.345599,0.000000,0.641003,0.010701,-0.767464,0.000000,-0.042315,0.049528,0.025163,1.000000;;
     }

     Frame Bip01_L_Calf {
      

      FrameTransformMatrix {
       -0.544154,0.000000,-0.838985,0.000000,-0.000000,1.000000,-0.000000,0.000000,0.838985,-0.000000,-0.544154,0.000000,0.237500,0.000000,0.000000,1.000000;;
      }

      Frame Bip01_L_Foot {
       

       FrameTransformMatrix {
        0.902959,0.018149,0.429343,0.000000,-0.011171,0.999761,-0.018767,0.000000,-0.429582,0.012149,0.902946,0.000000,0.206841,0.000000,-0.000000,1.000000;;
       }

       Frame Bip01_L_Toe0 {
        

        FrameTransformMatrix {
         0.013363,0.134524,0.990820,0.000000,-0.001814,0.990910,-0.134512,0.000000,-0.999909,0.000000,0.013486,0.000000,0.065373,-0.000000,0.066450,1.000000;;
        }

        Frame Bip01_L_Toe0Nub {
         

         FrameTransformMatrix {
          -1.000000,-0.000000,-0.000000,0.000000,0.000000,1.000000,0.000000,0.000000,-0.000000,0.000000,-1.000000,0.000000,0.006735,-0.000000,0.000000,1.000000;;
         }
        }
       }
      }
     }
    }

    Frame Bip01_R_Thigh {
     

     FrameTransformMatrix {
      -0.412404,-0.165301,0.895879,0.000000,0.209541,-0.974245,-0.083302,0.000000,0.886575,0.153369,0.436420,0.000000,-0.046346,-0.060838,0.026731,1.000000;;
     }

     Frame Bip01_R_Calf {
      

      FrameTransformMatrix {
       -0.794180,-0.000000,-0.607682,0.000000,0.000000,1.000000,0.000000,0.000000,0.607682,0.000000,-0.794180,0.000000,0.237500,0.000000,0.000000,1.000000;;
      }

      Frame Bip01_R_Foot {
       

       FrameTransformMatrix {
        0.021827,0.145143,0.989170,0.000000,0.082183,0.985797,-0.146461,0.000000,-0.996378,0.084490,0.009588,0.000000,0.206841,0.000000,0.000000,1.000000;;
       }

       Frame Bip01_R_Toe0 {
        

        FrameTransformMatrix {
         -0.528197,0.049499,0.847678,0.000000,0.256411,0.960994,0.103657,0.000000,-0.809482,0.272105,-0.520286,0.000000,0.065373,0.000000,0.066450,1.000000;;
        }

        Frame Bip01_R_Toe0Nub {
         

         FrameTransformMatrix {
          1.000000,-0.000000,0.000000,0.000000,-0.000000,1.000000,0.000000,0.000000,0.000000,0.000000,1.000000,0.000000,0.006735,0.000000,0.000000,1.000000;;
         }
        }
       }
      }
     }
    }
   }

   Frame Bip01_DressFront {
    

    FrameTransformMatrix {
     -0.381480,0.310081,0.870817,0.000000,0.602851,0.797605,-0.019919,0.000000,-0.700745,0.517374,-0.491203,0.000000,0.014124,0.001324,0.054202,1.000000;;
    }

    Frame Bip01_DressFront02 {
     

     FrameTransformMatrix {
      0.363303,-0.585352,0.724827,0.000000,0.360098,0.805749,0.470211,0.000000,-0.859267,0.090179,0.503515,0.000000,0.183438,-0.000012,-0.000066,1.000000;;
     }

     Frame Bip01_DressFrontNub {
      

      FrameTransformMatrix {
       0.000796,0.000003,1.000000,0.000000,0.000000,-1.000000,0.000003,0.000000,1.000000,0.000000,-0.000796,0.000000,0.165302,0.000000,-0.000000,1.000000;;
      }
     }
    }
   }

   Frame Bip01_DressBack {
    

    FrameTransformMatrix {
     -0.334676,0.000468,0.942333,0.000000,0.556383,0.807186,0.197202,0.000000,-0.760546,0.590297,-0.270406,0.000000,-0.047626,-0.000083,-0.078381,1.000000;;
    }

    Frame Bip01_DressBack02 {
     

     FrameTransformMatrix {
      0.035040,-0.461250,0.886578,0.000000,0.018627,0.887270,0.460874,0.000000,-0.999212,0.000365,0.039681,0.000000,0.176267,0.000000,-0.000004,1.000000;;
     }

     Frame Bip01_DressBackNub {
      

      FrameTransformMatrix {
       0.000796,0.000003,1.000000,0.000000,0.000000,-1.000000,0.000003,0.000000,1.000000,0.000000,-0.000796,0.000000,0.136508,0.000000,0.000000,1.000000;;
      }
     }
    }
   }
  }

  Frame Bip01_Prop1 {
   

   FrameTransformMatrix {
    0.780185,-0.606443,0.153419,0.000000,-0.425574,-0.334816,0.840705,0.000000,-0.458473,-0.721197,-0.519305,0.000000,0.304547,-0.038676,-0.079981,1.000000;;
   }
  }

  Frame Bip01_Prop2 {
   

   FrameTransformMatrix {
    0.778369,-0.580259,0.239668,0.000000,0.626271,0.744348,-0.231799,0.000000,-0.043893,0.330522,0.942777,0.000000,0.279989,-0.063024,0.011635,1.000000;;
   }
  }
 }
}

Frame Translation_Data {
 

 FrameTransformMatrix {
  1.000000,0.000000,0.000000,0.000000,0.000000,-0.000000,-1.000000,0.000000,0.000000,1.000000,-0.000000,0.000000,0.000000,-0.000000,0.000000,1.000000;;
 }
}

Frame Body {
 

 FrameTransformMatrix {
  1.000000,0.000000,0.000000,0.000000,0.000000,1.000000,0.000000,0.000000,0.000000,0.000000,1.000000,0.000000,0.000000,0.000000,0.000000,1.000000;;
 }

 Mesh Body {
  617;
  0.073341;0.375746;-0.148411;,
  0.038709;0.371161;-0.149277;,
  0.031334;0.401715;-0.161697;,
  0.081788;0.361387;-0.135817;,
  0.091149;0.357356;-0.129851;,
  0.063344;0.317493;-0.114379;,
  0.048656;0.338884;-0.135937;,
  0.098673;0.345047;-0.097023;,
  0.029890;0.443711;-0.155098;,
  0.080446;0.448634;-0.118850;,
  0.076212;0.425787;-0.134912;,
  0.047781;0.456169;-0.120392;,
  0.098745;0.267877;0.071205;,
  0.059153;0.276709;0.085341;,
  0.059938;0.257269;0.097737;,
  0.091279;0.280790;0.062545;,
  0.083774;0.273978;0.010272;,
  0.099428;0.253116;0.030570;,
  0.055636;0.262306;-0.016528;,
  0.086007;0.229605;0.006596;,
  0.059046;0.214920;-0.006496;,
  0.009828;0.307295;-0.116991;,
  0.007812;0.335374;-0.138134;,
  0.016957;0.269034;0.087761;,
  0.018970;0.247170;0.099779;,
  0.059816;0.383650;-0.002734;,
  0.005032;0.414461;-0.026236;,
  0.007756;0.382936;0.000953;,
  0.061865;0.416416;-0.032083;,
  0.090132;0.245549;0.001235;,
  0.181604;0.249714;-0.066084;,
  0.145086;0.276835;-0.079737;,
  0.124900;0.218572;0.016982;,
  0.201230;0.268486;-0.179510;,
  0.219394;0.250127;-0.152754;,
  0.051800;0.239983;-0.022351;,
  0.117895;0.175844;-0.111000;,
  0.045387;0.147532;0.101378;,
  0.105779;0.250672;-0.105963;,
  0.166330;0.234466;-0.167613;,
  0.171028;0.250692;-0.182380;,
  0.186944;0.185421;-0.071855;,
  0.130877;0.170250;0.017996;,
  0.201168;0.235786;-0.146459;,
  0.164696;-0.005198;-0.075626;,
  0.107707;-0.005835;-0.056034;,
  0.127345;-0.005070;-0.100723;,
  0.138030;-0.005904;-0.038843;,
  0.195355;0.196692;-0.167413;,
  0.189799;0.137188;-0.104398;,
  0.178646;0.128775;-0.142940;,
  0.208471;0.205616;-0.127873;,
  0.164951;0.064799;-0.080453;,
  0.161905;0.058904;-0.114551;,
  0.145029;0.188956;-0.163971;,
  0.120458;0.159271;-0.107655;,
  0.123875;0.222724;-0.124997;,
  0.140915;0.136011;-0.137228;,
  0.126833;0.080588;-0.080009;,
  0.134820;0.056331;-0.101307;,
  0.173591;0.157026;-0.075598;,
  0.186859;0.228950;-0.090020;,
  0.148250;0.085113;-0.068759;,
  0.109771;0.225356;0.034957;,
  0.018879;0.201662;-0.016197;,
  0.051800;0.239983;-0.022351;,
  0.024478;0.167404;-0.002736;,
  0.115321;0.220003;0.089032;,
  0.067416;0.211539;0.115777;,
  0.122719;0.172182;0.050043;,
  0.078422;0.162155;0.068668;,
  0.059445;0.340664;0.032506;,
  0.092083;0.372484;-0.014870;,
  0.103685;0.364722;-0.030581;,
  0.085240;0.298755;-0.026467;,
  0.098743;0.328447;-0.069946;,
  0.091830;0.328510;0.012148;,
  0.065899;0.298795;-0.092163;,
  0.063508;0.275784;-0.044890;,
  0.011905;0.292021;-0.097212;,
  0.015424;0.264747;-0.043702;,
  0.101263;0.356604;-0.149182;,
  0.107579;0.306368;-0.148018;,
  0.059376;0.370308;-0.118306;,
  0.064950;0.260638;-0.111625;,
  0.056499;0.308935;-0.116806;,
  0.106187;0.257563;-0.137103;,
  0.089401;0.360649;-0.066180;,
  0.056499;0.308935;-0.116806;,
  0.090880;0.309909;-0.060392;,
  0.090281;0.250529;-0.067320;,
  0.064950;0.260638;-0.111625;,
  0.100526;0.361193;-0.064090;,
  0.142109;0.307635;-0.091604;,
  0.134987;0.356843;-0.092515;,
  0.131390;0.247310;-0.092696;,
  0.122756;0.357429;-0.128361;,
  0.100036;0.249922;-0.153077;,
  0.034490;0.205479;-0.159574;,
  0.050511;0.251982;-0.124037;,
  0.066874;0.206274;-0.176837;,
  0.020841;0.170206;-0.182495;,
  0.041798;0.167121;-0.195059;,
  0.050511;0.251982;-0.124037;,
  0.063233;0.171388;-0.123719;,
  0.074883;0.215329;-0.078685;,
  0.034490;0.205479;-0.159574;,
  0.038613;0.145620;-0.157512;,
  0.020841;0.170206;-0.182495;,
  0.088042;0.172446;-0.137041;,
  0.124189;0.213333;-0.107501;,
  0.055095;0.143128;-0.169145;,
  0.016953;0.076674;-0.272293;,
  0.021659;0.077358;-0.215423;,
  0.009722;0.092956;-0.259388;,
  0.028697;0.061602;-0.228590;,
  0.009134;0.126119;-0.252967;,
  0.021431;0.118619;-0.261510;,
  0.012568;0.115781;-0.255640;,
  0.014608;0.131835;-0.261539;,
  0.020125;0.116585;-0.180013;,
  0.034408;0.129917;-0.237139;,
  0.035081;0.090441;-0.202119;,
  0.012225;0.148192;-0.217573;,
  0.053989;0.087664;-0.207853;,
  0.057343;0.123379;-0.179858;,
  0.049963;0.157282;-0.218563;,
  0.053583;0.126202;-0.241016;,
  0.105703;0.420499;-0.125867;,
  0.111862;0.398024;-0.144547;,
  0.076212;0.425787;-0.134912;,
  0.074051;0.403982;-0.149445;,
  0.098895;0.408333;-0.047062;,
  0.040891;0.419398;-0.165470;,
  0.103804;0.372809;-0.145252;,
  0.081788;0.361387;-0.135817;,
  0.073341;0.375746;-0.148411;,
  0.094424;0.366028;-0.127493;,
  0.101421;0.427161;-0.084044;,
  0.061068;0.437586;-0.068289;,
  0.103848;0.426229;-0.089489;,
  0.003589;0.433566;-0.060648;,
  0.001452;0.446254;-0.119310;,
  0.080446;0.448634;-0.118850;,
  0.103848;0.426229;-0.089489;,
  0.089438;0.373267;-0.104234;,
  0.103163;0.413026;-0.087313;,
  0.059376;0.370308;-0.118306;,
  0.102313;0.382263;-0.065493;,
  0.096782;0.353674;-0.085177;,
  0.091149;0.357356;-0.129851;,
  0.106926;0.396437;-0.057497;,
  0.012225;0.148192;-0.217573;,
  0.040690;0.420956;-0.190369;,
  0.030701;0.441522;-0.187086;,
  0.000772;0.446767;-0.153654;,
  0.004504;0.449382;-0.188680;,
  0.053583;0.126202;-0.241016;,
  0.016953;0.076674;-0.272293;,
  0.028697;0.061602;-0.228590;,
  0.011180;0.136291;-0.235921;,
  0.028669;0.143502;-0.253616;,
  0.011180;0.136291;-0.235921;,
  0.020655;0.121728;-0.239786;,
  0.043082;0.127422;-0.248173;,
  0.043082;0.127422;-0.248173;,
  0.009134;0.126119;-0.252967;,
  0.014608;0.131835;-0.261539;,
  0.021431;0.118619;-0.261510;,
  0.208387;0.017487;-0.138780;,
  0.204666;-0.003481;-0.192920;,
  0.199804;0.015002;-0.187085;,
  0.216937;-0.004046;-0.142535;,
  0.109593;0.027720;-0.066702;,
  0.127345;-0.005070;-0.100723;,
  0.107707;-0.005835;-0.056034;,
  0.127287;0.019921;-0.103294;,
  0.126833;0.080588;-0.080009;,
  0.145820;0.030690;-0.046360;,
  0.148250;0.085113;-0.068759;,
  0.164696;-0.005198;-0.075626;,
  0.138030;-0.005904;-0.038843;,
  0.166737;0.029776;-0.076761;,
  0.161905;0.058904;-0.114551;,
  0.164951;0.064799;-0.080453;,
  0.170784;0.011867;-0.191811;,
  0.169179;-0.003560;-0.201332;,
  0.216937;-0.004046;-0.142535;,
  0.169179;-0.003560;-0.201332;,
  0.105779;0.250672;-0.105963;,
  0.171028;0.250692;-0.182380;,
  0.145029;0.188956;-0.163971;,
  0.140915;0.136011;-0.137228;,
  0.134820;0.056331;-0.101307;,
  0.134820;0.056331;-0.101307;,
  0.029103;0.154657;0.047463;,
  0.052599;0.404906;-0.201051;,
  0.034790;0.384783;-0.202483;,
  0.044111;0.386641;-0.208459;,
  0.033379;0.403139;-0.192430;,
  0.045655;0.435060;-0.205594;,
  0.038006;0.457882;-0.203819;,
  0.034375;0.466940;-0.326533;,
  0.014694;0.440046;-0.335019;,
  0.014994;0.469694;-0.331551;,
  0.045453;0.392078;-0.293044;,
  0.028564;0.386127;-0.296518;,
  0.043305;0.413751;-0.313254;,
  0.051202;0.394097;-0.227184;,
  0.059457;0.422285;-0.222451;,
  0.051552;0.418357;-0.206233;,
  0.062339;0.455095;-0.243402;,
  0.063731;0.441024;-0.263455;,
  0.056838;0.431103;-0.309993;,
  0.065228;0.454872;-0.297961;,
  0.059651;0.416053;-0.273569;,
  0.059713;0.470957;-0.238515;,
  0.049063;0.492796;-0.235717;,
  0.009904;0.503526;-0.233042;,
  0.045688;0.506380;-0.282153;,
  0.012849;0.516707;-0.280447;,
  0.058797;0.405308;-0.253586;,
  0.041513;0.377449;-0.226570;,
  0.044442;0.382931;-0.261983;,
  0.025754;0.355029;-0.212358;,
  0.005793;0.362541;-0.202779;,
  0.006226;0.345518;-0.215309;,
  0.039809;0.431303;-0.325584;,
  0.053420;0.461677;-0.316385;,
  0.060935;0.488549;-0.288677;,
  0.048562;0.490135;-0.308833;,
  0.031582;0.498723;-0.311271;,
  0.014474;0.502159;-0.312985;,
  0.007856;0.473783;-0.206109;,
  0.060935;0.488549;-0.288677;,
  0.048562;0.490135;-0.308833;,
  0.065868;0.423021;-0.224729;,
  0.073910;0.455090;-0.258967;,
  0.077738;0.452284;-0.238207;,
  0.065808;0.441301;-0.246038;,
  0.077738;0.452284;-0.238207;,
  0.065868;0.423021;-0.224729;,
  0.073910;0.455090;-0.258967;,
  0.063731;0.441024;-0.263455;,
  0.062935;0.422804;-0.246111;,
  0.059457;0.422285;-0.222451;,
  0.045441;0.394352;-0.281060;,
  0.062935;0.422804;-0.246111;,
  0.040891;0.419398;-0.165470;,
  0.040690;0.420956;-0.190369;,
  0.074051;0.403982;-0.149445;,
  0.045655;0.435060;-0.205594;,
  0.004571;0.378515;-0.164311;,
  0.006051;0.359431;-0.150510;,
  0.012796;0.254033;-0.017410;,
  0.026221;0.203060;0.117845;,
  0.030800;0.169250;0.114296;,
  0.046329;0.151784;0.015612;,
  0.006438;0.376859;-0.188157;,
  0.029103;0.154657;0.047463;,
  0.031582;0.498723;-0.311271;,
  0.014474;0.502159;-0.312985;,
  0.028273;0.366824;-0.241993;,
  0.022169;0.372799;-0.265421;,
  0.021807;0.367579;-0.257307;,
  0.014336;0.424655;-0.333300;,
  0.013278;0.402153;-0.321470;,
  0.025826;0.389430;-0.284226;,
  0.012233;0.336955;0.036211;,
  0.074051;0.403982;-0.149445;,
  0.204666;-0.003481;-0.192920;,
  0.019633;0.356746;-0.238615;,
  0.027295;0.363616;-0.236294;,
  0.019670;0.362328;-0.240843;,
  0.009077;0.363014;-0.259809;,
  0.009716;0.359461;-0.271962;,
  0.019719;0.360273;-0.246713;,
  0.008043;0.362239;-0.242038;,
  0.007744;0.353748;-0.239320;,
  0.011674;0.380176;-0.299991;,
  0.011072;0.378599;-0.289961;,
  0.103163;0.413026;-0.087313;,
  0.008383;0.357322;-0.249385;,
  0.085470;0.388166;-0.095136;,
  0.089438;0.373267;-0.104234;,
  0.091149;0.357356;-0.129851;,
  0.059713;0.470957;-0.238515;,
  0.195355;0.196692;-0.167413;,
  0.149328;0.082350;-0.173675;,
  0.141261;0.154524;-0.190930;,
  0.178646;0.128775;-0.142940;,
  0.201230;0.268486;-0.179510;,
  0.133576;0.242273;-0.183368;,
  0.145086;0.276835;-0.079737;,
  0.082451;0.245294;-0.098472;,
  0.090132;0.245549;0.001236;,
  0.042199;0.251389;-0.021258;,
  0.059046;0.214920;-0.006496;,
  0.149712;0.012559;-0.163939;,
  0.161905;0.058904;-0.114551;,
  0.110726;0.144519;-0.077036;,
  0.080472;-0.018262;0.025188;,
  0.103423;0.079645;-0.054169;,
  0.065517;0.028119;-0.006187;,
  0.051644;0.066592;-0.040374;,
  0.120668;0.226105;-0.111123;,
  0.033104;0.086626;-0.054698;,
  0.154492;0.223827;-0.161478;,
  0.117818;0.160971;-0.112645;,
  0.042772;0.120002;0.006023;,
  0.033427;0.152548;0.097377;,
  0.085470;0.388166;-0.095136;,
  -0.063780;0.372046;-0.151684;,
  -0.027704;0.367090;-0.147737;,
  -0.072270;0.356117;-0.137970;,
  -0.024674;0.398272;-0.160633;,
  -0.077135;0.346158;-0.124694;,
  -0.044339;0.309874;-0.111460;,
  -0.082067;0.332257;-0.092122;,
  -0.033010;0.333879;-0.134044;,
  -0.028043;0.440144;-0.154119;,
  -0.077579;0.441015;-0.118070;,
  -0.045741;0.450437;-0.118224;,
  -0.067852;0.423125;-0.139579;,
  -0.066058;0.244585;0.080474;,
  -0.025788;0.265333;0.089860;,
  -0.060274;0.260493;0.070609;,
  -0.023159;0.245525;0.102410;,
  -0.057297;0.255085;0.017778;,
  -0.067099;0.229580;0.039936;,
  -0.030344;0.250791;-0.011954;,
  -0.050525;0.209830;0.009561;,
  -0.022067;0.203456;-0.001934;,
  0.016957;0.269034;0.087761;,
  0.018970;0.247170;0.099779;,
  -0.043864;0.375061;0.000597;,
  0.005032;0.414461;-0.026236;,
  -0.051767;0.408375;-0.029002;,
  0.007756;0.382936;0.000953;,
  -0.033324;0.173280;-0.012044;,
  -0.085207;0.075952;-0.025955;,
  -0.069867;0.163164;0.021276;,
  -0.045057;0.084591;-0.049804;,
  -0.053802;-0.027410;-0.060616;,
  -0.082409;-0.016622;-0.046961;,
  0.012910;0.165440;0.008989;,
  -0.012184;0.045951;0.046850;,
  0.000327;0.071621;-0.023548;,
  0.021452;0.144150;0.102725;,
  -0.028915;-0.013789;-0.032523;,
  -0.026083;-0.023068;-0.045636;,
  -0.090762;0.054677;0.034970;,
  -0.066405;0.130530;0.074519;,
  -0.069359;-0.009080;-0.034720;,
  -0.083348;0.043875;0.173672;,
  -0.040635;0.056693;0.214210;,
  -0.074165;0.066020;0.212271;,
  -0.040516;0.030082;0.173282;,
  -0.055162;-0.013146;0.006540;,
  -0.076875;0.053282;0.058100;,
  -0.083263;0.016139;-0.006411;,
  -0.050965;0.024032;0.070502;,
  -0.064652;0.094907;0.128441;,
  -0.048355;0.068830;0.128746;,
  -0.010828;0.011543;0.011959;,
  -0.012036;0.076115;0.033993;,
  -0.018832;0.043798;0.061262;,
  -0.007119;0.051373;-0.026855;,
  -0.029424;0.106426;0.120552;,
  -0.031167;0.078764;0.136283;,
  -0.073681;0.083569;0.034474;,
  -0.078822;0.056404;-0.034756;,
  -0.052711;0.110740;0.116176;,
  -0.068823;0.200115;0.045001;,
  0.012910;0.165440;0.008989;,
  -0.066699;0.194278;0.099269;,
  -0.015681;0.199795;0.120451;,
  -0.061821;0.143886;0.086867;,
  -0.014931;0.148555;0.109882;,
  -0.034991;0.331557;0.036071;,
  -0.074677;0.358671;-0.009513;,
  -0.085951;0.349014;-0.024489;,
  -0.057671;0.284974;-0.021071;,
  -0.066232;0.313268;0.018115;,
  -0.078000;0.313807;-0.064268;,
  -0.042445;0.289821;-0.088683;,
  -0.033779;0.266402;-0.041217;,
  -0.080413;0.356029;-0.156345;,
  -0.074165;0.349503;-0.103298;,
  -0.103840;0.315585;-0.175849;,
  -0.125078;0.260164;-0.136713;,
  -0.130786;0.275532;-0.182415;,
  -0.096850;0.294898;-0.120054;,
  -0.132999;0.359467;-0.091005;,
  -0.157268;0.316531;-0.104335;,
  -0.096850;0.294898;-0.120054;,
  -0.174214;0.261593;-0.128508;,
  -0.125078;0.260164;-0.136713;,
  -0.140617;0.365546;-0.096787;,
  -0.164233;0.337546;-0.160135;,
  -0.140925;0.376719;-0.140255;,
  -0.179965;0.276738;-0.174116;,
  -0.107516;0.368741;-0.156228;,
  -0.115406;0.270707;-0.189784;,
  -0.077682;0.205976;-0.163315;,
  -0.083945;0.220363;-0.196499;,
  -0.107333;0.251480;-0.136254;,
  -0.061105;0.166073;-0.178129;,
  -0.060360;0.176189;-0.203330;,
  -0.107333;0.251480;-0.136254;,
  -0.128622;0.181707;-0.172803;,
  -0.077682;0.205976;-0.163315;,
  -0.163545;0.222575;-0.137543;,
  -0.095344;0.156493;-0.190117;,
  -0.061105;0.166073;-0.178129;,
  -0.133271;0.193151;-0.198131;,
  -0.171596;0.241788;-0.190750;,
  -0.092853;0.157989;-0.205972;,
  -0.045445;0.077191;-0.221018;,
  -0.077466;0.120443;-0.240008;,
  -0.080251;0.099466;-0.244838;,
  -0.042144;0.098326;-0.215887;,
  -0.033057;0.094715;-0.211224;,
  -0.027213;0.093541;-0.226874;,
  -0.021558;0.094894;-0.213184;,
  -0.036209;0.090697;-0.221211;,
  -0.091894;0.129375;-0.211088;,
  -0.033120;0.122153;-0.222859;,
  -0.046582;0.125544;-0.190982;,
  -0.081011;0.115356;-0.243965;,
  -0.073574;0.124496;-0.260066;,
  -0.081967;0.159308;-0.231990;,
  -0.034546;0.156649;-0.210865;,
  -0.027674;0.131751;-0.239433;,
  -0.097587;0.419625;-0.137039;,
  -0.101291;0.397213;-0.156377;,
  -0.067852;0.423125;-0.139579;,
  -0.064792;0.401107;-0.153951;,
  -0.088131;0.395098;-0.041991;,
  -0.036365;0.414637;-0.164275;,
  -0.091998;0.371779;-0.155264;,
  -0.072270;0.356117;-0.137970;,
  -0.084694;0.360534;-0.130005;,
  -0.063780;0.372046;-0.151684;,
  -0.098908;0.416461;-0.082661;,
  -0.101797;0.415663;-0.088672;,
  -0.054241;0.430518;-0.065616;,
  0.003589;0.433566;-0.060648;,
  0.001452;0.446254;-0.119310;,
  -0.077579;0.441015;-0.118070;,
  -0.101797;0.415663;-0.088672;,
  -0.079527;0.363852;-0.101790;,
  -0.074165;0.349503;-0.103298;,
  -0.100225;0.402923;-0.086881;,
  -0.088978;0.368727;-0.060307;,
  -0.080701;0.341115;-0.080365;,
  -0.077135;0.346158;-0.124694;,
  -0.095033;0.382146;-0.052021;,
  -0.046582;0.125544;-0.190982;,
  -0.029447;0.418950;-0.195338;,
  -0.021187;0.440038;-0.190762;,
  0.000772;0.446767;-0.153654;,
  0.004504;0.449382;-0.188680;,
  -0.027674;0.131751;-0.239433;,
  -0.045445;0.077191;-0.221018;,
  -0.080251;0.099466;-0.244838;,
  -0.038409;0.111533;-0.201911;,
  -0.015303;0.113800;-0.213399;,
  -0.038409;0.111533;-0.201911;,
  -0.041170;0.108689;-0.219263;,
  -0.023943;0.119512;-0.233114;,
  -0.023943;0.119512;-0.233114;,
  -0.033057;0.094715;-0.211224;,
  -0.021558;0.094894;-0.213184;,
  -0.027213;0.093541;-0.226874;,
  -0.091754;0.023135;0.096788;,
  -0.072860;-0.025873;0.071772;,
  -0.103392;0.003378;0.101801;,
  -0.066076;-0.007428;0.068158;,
  -0.029570;0.077188;0.187737;,
  -0.040516;0.030082;0.173282;,
  -0.033061;0.048593;0.158021;,
  -0.040635;0.056693;0.214210;,
  -0.029424;0.106426;0.120552;,
  -0.068769;0.090661;0.183635;,
  -0.052711;0.110740;0.116176;,
  -0.083348;0.043875;0.173672;,
  -0.075749;0.071190;0.153062;,
  -0.074165;0.066020;0.212271;,
  -0.048355;0.068830;0.128746;,
  -0.064652;0.094907;0.128441;,
  -0.039351;-0.011926;0.079982;,
  -0.038196;-0.029933;0.082356;,
  -0.103392;0.003378;0.101801;,
  -0.038196;-0.029933;0.082356;,
  0.000327;0.071621;-0.023548;,
  -0.026083;-0.023068;-0.045636;,
  -0.010828;0.011543;0.011959;,
  -0.018832;0.043798;0.061262;,
  -0.031167;0.078764;0.136283;,
  -0.031167;0.078764;0.136283;,
  -0.039456;0.406455;-0.206340;,
  -0.022285;0.385744;-0.205762;,
  -0.020951;0.401584;-0.196279;,
  -0.030792;0.387902;-0.212762;,
  -0.031030;0.436350;-0.209999;,
  -0.022874;0.458907;-0.207316;,
  -0.004916;0.467601;-0.328790;,
  0.014994;0.469694;-0.331551;,
  -0.022259;0.393218;-0.296934;,
  -0.017085;0.414767;-0.316723;,
  -0.005292;0.386697;-0.298462;,
  -0.035439;0.395555;-0.232161;,
  -0.043231;0.424013;-0.228350;,
  -0.037372;0.419854;-0.211342;,
  -0.042594;0.456861;-0.249430;,
  -0.042152;0.442806;-0.269537;,
  -0.030314;0.432570;-0.315000;,
  -0.037781;0.417693;-0.279166;,
  -0.039224;0.456630;-0.303962;,
  -0.040014;0.472635;-0.244244;,
  -0.029029;0.494110;-0.240203;,
  0.009904;0.503526;-0.233042;,
  -0.019906;0.507484;-0.285922;,
  0.012849;0.516707;-0.280447;,
  -0.039581;0.406964;-0.259238;,
  -0.025118;0.384101;-0.265979;,
  -0.026448;0.378592;-0.230474;,
  -0.013180;0.355685;-0.214594;,
  -0.011615;0.432169;-0.328539;,
  -0.025163;0.462999;-0.320899;,
  -0.034896;0.490162;-0.294182;,
  -0.020249;0.491293;-0.312786;,
  0.014474;0.502159;-0.312985;,
  -0.002824;0.499302;-0.313247;,
  0.007856;0.473783;-0.206109;,
  -0.034896;0.490162;-0.294182;,
  -0.020249;0.491293;-0.312786;,
  -0.049312;0.424960;-0.231346;,
  -0.052301;0.457214;-0.266218;,
  -0.046200;0.443186;-0.252473;,
  -0.058573;0.454578;-0.246037;,
  -0.058573;0.454578;-0.246037;,
  -0.049312;0.424960;-0.231346;,
  -0.052301;0.457214;-0.266218;,
  -0.042152;0.442806;-0.269537;,
  -0.043958;0.424603;-0.252252;,
  -0.043231;0.424013;-0.228350;,
  -0.023543;0.395513;-0.285023;,
  -0.043958;0.424603;-0.252252;,
  -0.036365;0.414637;-0.164275;,
  -0.029447;0.418950;-0.195338;,
  -0.064792;0.401107;-0.153951;,
  -0.031030;0.436350;-0.209999;,
  0.026221;0.203060;0.117845;,
  0.030800;0.169250;0.114296;,
  0.046329;0.151784;0.015612;,
  0.029103;0.154657;0.047463;,
  -0.002824;0.499302;-0.313247;,
  0.014474;0.502159;-0.312985;,
  -0.011893;0.367500;-0.244301;,
  -0.002950;0.373221;-0.266864;,
  -0.003695;0.368008;-0.258772;,
  -0.003870;0.389930;-0.285932;,
  0.012233;0.336955;0.036211;,
  -0.064792;0.401107;-0.153951;,
  -0.072860;-0.025873;0.071772;,
  -0.011682;0.364272;-0.238533;,
  -0.004039;0.357144;-0.239975;,
  -0.003634;0.362720;-0.242182;,
  -0.003080;0.360657;-0.248023;,
  -0.100225;0.402923;-0.086881;,
  -0.077720;0.378445;-0.092250;,
  -0.079527;0.363852;-0.101790;,
  -0.077135;0.346158;-0.124694;,
  -0.040014;0.472635;-0.244244;,
  0.022558;0.027214;-0.072452;,
  0.090900;0.042740;-0.134332;,
  0.022682;0.008152;-0.035582;,
  0.085345;0.101110;-0.149755;,
  0.019156;0.045985;-0.119160;,
  0.072299;0.152406;-0.157722;,
  0.021905;0.121427;-0.070123;,
  0.051994;0.181333;-0.090359;,
  0.015985;0.186747;-0.021670;,
  0.026680;0.215712;-0.023798;,
  0.018879;0.201662;-0.016197;,
  -0.022067;0.203456;-0.001934;,
  0.095646;-0.007898;-0.124018;,
  0.028159;-0.011972;-0.002472;,
  0.003552;0.112302;0.088124;,
  -0.073681;0.083569;0.034474;,
  -0.052698;0.110738;0.116176;,
  -0.003824;0.086390;0.026343;,
  -0.078822;0.056404;-0.034756;,
  -0.013344;0.067202;-0.030229;,
  -0.021350;-0.006042;-0.023430;,
  -0.069359;-0.009080;-0.034720;,
  -0.090762;0.054677;0.034970;,
  -0.012237;0.039640;0.063179;,
  0.030800;0.169250;0.114296;,
  -0.014931;0.148555;0.109882;,
  -0.077720;0.378445;-0.092250;,
  -0.033324;0.173280;-0.012044;,
  -0.045057;0.084591;-0.049804;,
  -0.053802;-0.027410;-0.060616;,
  -0.055162;-0.013146;0.006540;,
  -0.050965;0.024032;0.070502;,
  -0.048355;0.068830;0.128746;,
  0.186944;0.185421;-0.071855;,
  0.078422;0.162155;0.068668;,
  0.130877;0.170250;0.017996;,
  0.201168;0.235786;-0.146459;,
  0.186859;0.228950;-0.090020;,
  0.173591;0.157026;-0.075598;,
  0.148250;0.085113;-0.068759;,
  -0.066405;0.130530;0.074519;;
  916;
  3;0,1,2;,
  3;1,0,3;,
  3;4,5,6;,
  3;5,4,7;,
  3;8,9,10;,
  3;9,8,11;,
  3;12,13,14;,
  3;13,12,15;,
  3;16,12,17;,
  3;12,16,15;,
  3;18,19,20;,
  3;19,18,16;,
  3;6,21,22;,
  3;21,6,5;,
  3;14,23,24;,
  3;23,14,13;,
  3;25,26,27;,
  3;26,25,28;,
  3;29,30,31;,
  3;30,29,32;,
  3;30,33,31;,
  3;33,30,34;,
  3;35,36,37;,
  3;36,35,38;,
  3;38,39,36;,
  3;39,38,40;,
  3;37,41,42;,
  3;41,37,36;,
  3;36,43,41;,
  3;43,36,39;,
  3;42,30,32;,
  3;30,42,41;,
  3;41,34,30;,
  3;34,41,43;,
  3;44,45,46;,
  3;45,44,47;,
  3;48,49,50;,
  3;49,48,51;,
  3;50,52,53;,
  3;52,50,49;,
  3;54,55,56;,
  3;55,54,57;,
  3;57,58,55;,
  3;58,57,59;,
  3;56,60,61;,
  3;60,56,55;,
  3;55,62,60;,
  3;62,55,58;,
  3;61,49,51;,
  3;49,61,60;,
  3;60,52,49;,
  3;52,60,62;,
  3;32,19,63;,
  3;19,32,29;,
  3;64,65,66;,
  3;65,64,20;,
  3;14,67,12;,
  3;67,14,68;,
  3;68,69,67;,
  3;69,68,70;,
  3;70,42,69;,
  3;42,70,37;,
  3;48,34,51;,
  3;34,48,33;,
  3;51,43,61;,
  3;43,51,34;,
  3;43,56,61;,
  3;56,43,39;,
  3;39,54,56;,
  3;54,39,40;,
  3;12,63,17;,
  3;63,12,67;,
  3;67,32,63;,
  3;32,67,69;,
  3;69,42,32;,
  3;71,72,25;,
  3;73,74,75;,
  3;74,73,76;,
  3;74,77,75;,
  3;77,74,78;,
  3;79,78,80;,
  3;78,79,77;,
  3;81,82,83;,
  3;82,84,85;,
  3;84,82,86;,
  3;87,88,89;,
  3;88,90,89;,
  3;90,88,91;,
  3;92,93,94;,
  3;92,89,93;,
  3;92,87,89;,
  3;89,95,93;,
  3;95,89,90;,
  3;96,93,82;,
  3;93,86,82;,
  3;86,93,95;,
  3;97,98,99;,
  3;98,97,100;,
  3;100,101,98;,
  3;101,100,102;,
  3;103,104,105;,
  3;104,103,106;,
  3;106,107,104;,
  3;107,106,108;,
  3;105,109,110;,
  3;109,105,104;,
  3;104,111,109;,
  3;111,104,107;,
  3;110,100,97;,
  3;100,110,109;,
  3;109,102,100;,
  3;102,109,111;,
  3;112,113,114;,
  3;113,112,115;,
  3;116,117,118;,
  3;117,116,119;,
  3;120,121,122;,
  3;121,120,123;,
  3;120,124,125;,
  3;124,120,122;,
  3;126,124,127;,
  3;124,126,125;,
  3;95,97,86;,
  3;97,95,110;,
  3;86,99,84;,
  3;99,86,97;,
  3;90,103,105;,
  3;103,90,91;,
  3;105,95,90;,
  3;95,105,110;,
  3;128,96,129;,
  3;96,128,94;,
  3;129,130,128;,
  3;130,129,131;,
  3;72,28,25;,
  3;28,72,132;,
  3;10,133,8;,
  3;134,135,136;,
  3;135,134,137;,
  3;81,137,134;,
  3;138,11,139;,
  3;138,9,11;,
  3;138,140,9;,
  3;141,11,142;,
  3;11,141,139;,
  3;128,130,143;,
  3;94,144,92;,
  3;94,143,144;,
  3;94,128,143;,
  3;145,87,146;,
  3;87,145,147;,
  3;75,148,73;,
  3;148,75,149;,
  3;150,147,145;,
  3;7,149,75;,
  3;148,151,73;,
  3;102,152,101;,
  3;152,102,126;,
  3;102,125,126;,
  3;125,102,111;,
  3;111,120,125;,
  3;120,111,107;,
  3;120,108,123;,
  3;108,120,107;,
  3;8,153,154;,
  3;153,8,133;,
  3;154,155,8;,
  3;155,154,156;,
  3;122,114,113;,
  3;114,122,121;,
  3;121,112,114;,
  3;112,121,157;,
  3;158,124,159;,
  3;124,158,127;,
  3;159,122,113;,
  3;122,159,124;,
  3;126,160,152;,
  3;160,126,161;,
  3;162,121,123;,
  3;121,162,163;,
  3;121,164,157;,
  3;164,121,163;,
  3;165,126,127;,
  3;126,165,161;,
  3;161,166,160;,
  3;166,161,167;,
  3;162,118,163;,
  3;118,162,116;,
  3;163,117,164;,
  3;117,163,118;,
  3;165,167,161;,
  3;167,165,168;,
  3;169,170,171;,
  3;170,169,172;,
  3;173,174,175;,
  3;174,173,176;,
  3;177,178,179;,
  3;178,177,173;,
  3;180,178,181;,
  3;178,180,182;,
  3;183,169,171;,
  3;169,183,184;,
  3;174,185,186;,
  3;185,174,176;,
  3;46,187,44;,
  3;187,46,188;,
  3;180,169,182;,
  3;169,180,172;,
  3;20,29,65;,
  3;19,29,20;,
  3;29,31,189;,
  3;31,190,189;,
  3;190,31,33;,
  3;33,191,190;,
  3;191,33,48;,
  3;191,50,192;,
  3;50,191,48;,
  3;192,53,193;,
  3;53,192,50;,
  3;194,171,185;,
  3;171,194,183;,
  3;171,186,185;,
  3;186,171,170;,
  3;185,176,194;,
  3;194,173,177;,
  3;173,194,176;,
  3;178,175,181;,
  3;175,178,173;,
  3;179,182,184;,
  3;182,179,178;,
  3;182,169,184;,
  3;16,17,19;,
  3;17,63,19;,
  3;65,195,66;,
  3;196,197,198;,
  3;197,196,199;,
  3;200,154,153;,
  3;154,200,201;,
  3;202,203,204;,
  3;205,206,207;,
  3;196,208,209;,
  3;208,196,198;,
  3;210,209,211;,
  3;209,210,196;,
  3;212,213,214;,
  3;213,212,215;,
  3;212,214,211;,
  3;201,216,217;,
  3;216,201,200;,
  3;218,219,220;,
  3;219,218,217;,
  3;210,199,196;,
  3;213,205,207;,
  3;221,222,223;,
  3;198,197,224;,
  3;224,225,226;,
  3;225,224,197;,
  3;227,213,207;,
  3;228,229,214;,
  3;229,228,230;,
  3;220,231,232;,
  3;213,228,214;,
  3;156,201,233;,
  3;201,156,154;,
  3;233,217,218;,
  3;217,233,201;,
  3;219,217,234;,
  3;235,219,234;,
  3;236,237,238;,
  3;237,236,239;,
  3;209,240,211;,
  3;240,209,241;,
  3;211,242,212;,
  3;242,211,240;,
  3;243,239,244;,
  3;239,243,237;,
  3;244,236,245;,
  3;236,244,239;,
  3;246,221,223;,
  3;221,246,215;,
  3;221,212,247;,
  3;212,221,215;,
  3;199,248,2;,
  3;248,199,249;,
  3;133,10,250;,
  3;249,210,251;,
  3;210,249,199;,
  3;210,211,251;,
  3;252,1,253;,
  3;1,252,2;,
  3;20,254,18;,
  3;254,20,64;,
  3;24,68,14;,
  3;68,24,255;,
  3;68,256,70;,
  3;256,68,255;,
  3;256,37,70;,
  3;37,256,257;,
  3;258,2,252;,
  3;2,258,199;,
  3;257,259,37;,
  3;37,259,35;,
  3;260,204,261;,
  3;204,260,202;,
  3;262,263,223;,
  3;263,262,264;,
  3;197,258,225;,
  3;258,197,199;,
  3;265,203,227;,
  3;265,207,266;,
  3;207,265,227;,
  3;223,267,246;,
  3;267,223,263;,
  3;88,87,147;,
  3;83,82,85;,
  3;78,16,18;,
  3;16,78,74;,
  3;74,15,16;,
  3;15,74,76;,
  3;15,71,13;,
  3;71,15,76;,
  3;13,268,23;,
  3;268,13,71;,
  3;248,269,2;,
  3;2,269,0;,
  3;136,129,134;,
  3;129,136,131;,
  3;134,96,81;,
  3;96,134,129;,
  3;96,82,81;,
  3;93,96,94;,
  3;29,189,65;,
  3;205,215,246;,
  3;267,205,246;,
  3;205,267,206;,
  3;205,213,215;,
  3;187,188,270;,
  3;224,271,272;,
  3;222,221,208;,
  3;224,222,198;,
  3;272,273,262;,
  3;273,272,271;,
  3;263,274,275;,
  3;273,276,262;,
  3;277,271,278;,
  3;271,277,273;,
  3;222,272,262;,
  3;272,222,224;,
  3;222,208,198;,
  3;209,221,247;,
  3;221,209,208;,
  3;223,222,262;,
  3;266,206,279;,
  3;206,266,207;,
  3;206,280,279;,
  3;280,206,267;,
  3;280,263,275;,
  3;263,280,267;,
  3;264,262,276;,
  3;76,73,72;,
  3;138,281,140;,
  3;73,132,72;,
  3;132,73,151;,
  3;72,71,76;,
