xof 0303txt 0032
template ColorRGBA {
 <35ff44e0-6c7c-11cf-8f52-0040333594a3>
 FLOAT red;
 FLOAT green;
 FLOAT blue;
 FLOAT alpha;
}

template ColorRGB {
 <d3e16e81-7835-11cf-8f52-0040333594a3>
 FLOAT red;
 FLOAT green;
 FLOAT blue;
}

template Material {
 <3d82ab4d-62da-11cf-ab39-0020af71e433>
 ColorRGBA faceColor;
 FLOAT power;
 ColorRGB specularColor;
 ColorRGB emissiveColor;
 [...]
}

template TextureFilename {
 <a42790e1-7810-11cf-8f52-0040333594a3>
 STRING filename;
}

template Frame {
 <3d82ab46-62da-11cf-ab39-0020af71e433>
 [...]
}

template Matrix4x4 {
 <f6f23f45-7686-11cf-8f52-0040333594a3>
 array FLOAT matrix[16];
}

template FrameTransformMatrix {
 <f6f23f41-7686-11cf-8f52-0040333594a3>
 Matrix4x4 frameMatrix;
}

template Vector {
 <3d82ab5e-62da-11cf-ab39-0020af71e433>
 FLOAT x;
 FLOAT y;
 FLOAT z;
}

template MeshFace {
 <3d82ab5f-62da-11cf-ab39-0020af71e433>
 DWORD nFaceVertexIndices;
 array DWORD faceVertexIndices[nFaceVertexIndices];
}

template Mesh {
 <3d82ab44-62da-11cf-ab39-0020af71e433>
 DWORD nVertices;
 array Vector vertices[nVertices];
 DWORD nFaces;
 array MeshFace faces[nFaces];
 [...]
}

template MeshMaterialList {
 <f6f23f42-7686-11cf-8f52-0040333594a3>
 DWORD nMaterials;
 DWORD nFaceIndexes;
 array DWORD faceIndexes[nFaceIndexes];
 [Material <3d82ab4d-62da-11cf-ab39-0020af71e433>]
}

template VertexElement {
 <f752461c-1e23-48f6-b9f8-8350850f336f>
 DWORD Type;
 DWORD Method;
 DWORD Usage;
 DWORD UsageIndex;
}

template DeclData {
 <bf22e553-292c-4781-9fea-62bd554bdd93>
 DWORD nElements;
 array VertexElement Elements[nElements];
 DWORD nDWords;
 array DWORD data[nDWords];
}

template XSkinMeshHeader {
 <3cf169ce-ff7c-44ab-93c0-f78f62d172e2>
 WORD nMaxSkinWeightsPerVertex;
 WORD nMaxSkinWeightsPerFace;
 WORD nBones;
}

template SkinWeights {
 <6f0d123b-bad2-4167-a0d0-80224f25fabb>
 STRING transformNodeName;
 DWORD nWeights;
 array DWORD vertexIndices[nWeights];
 array FLOAT weights[nWeights];
 Matrix4x4 matrixOffset;
}

template AnimTicksPerSecond {
 <9e415a43-7ba6-4a73-8743-b73d47e88476>
 DWORD AnimTicksPerSecond;
}

template Animation {
 <3d82ab4f-62da-11cf-ab39-0020af71e433>
 [...]
}

template AnimationSet {
 <3d82ab50-62da-11cf-ab39-0020af71e433>
 [Animation <3d82ab4f-62da-11cf-ab39-0020af71e433>]
}

template FloatKeys {
 <10dd46a9-775b-11cf-8f52-0040333594a3>
 DWORD nValues;
 array FLOAT values[nValues];
}

template TimedFloatKeys {
 <f406b180-7b3b-11cf-8f52-0040333594a3>
 DWORD time;
 FloatKeys tfkeys;
}

template AnimationKey {
 <10dd46a8-775b-11cf-8f52-0040333594a3>
 DWORD keyType;
 DWORD nKeys;
 array TimedFloatKeys keys[nKeys];
}


Material _02_-_Default {
 1.000000;1.000000;1.000000;1.000000;;
 9.999999;
 0.000000;0.000000;0.000000;;
 0.000000;0.000000;0.000000;;

 TextureFilename {
  "MaleBody_noTrans.png";
 }
}

Frame Dummy01 {
 

 FrameTransformMatrix {
  1.000000,0.000000,0.000000,0.000000,0.000000,-0.000000,-1.000000,0.000000,0.000000,1.000000,-0.000000,0.000000,0.000000,0.000000,0.000000,1.000000;;
 }

 Frame Bip01 {
  

  FrameTransformMatrix {
   -0.489721,0.856107,0.165090,0.000000,0.089574,-0.138946,0.986241,0.000000,0.867266,0.497770,-0.008640,0.000000,0.009533,-0.010862,0.491068,1.000000;;
  }

  Frame Bip01_Pelvis {
   

   FrameTransformMatrix {
    0.000000,0.996195,-0.087157,0.000000,-0.000001,0.087157,0.996195,0.000000,1.000000,0.000000,0.000001,0.000000,0.000000,0.000000,0.000000,1.000000;;
   }

   Frame Bip01_Spine {
    

    FrameTransformMatrix {
     0.989594,0.075840,0.122277,0.000000,-0.105082,0.961449,0.254113,0.000000,-0.098291,-0.264318,0.959414,0.000000,0.051445,0.004523,-0.000081,1.000000;;
    }

    Frame Bip01_Spine1 {
     

     FrameTransformMatrix {
      0.926006,0.059711,0.372757,0.000000,-0.104525,0.989362,0.101179,0.000000,-0.362750,-0.132655,0.922397,0.000000,0.106511,0.000011,-0.000078,1.000000;;
     }

     Frame Bip01_Neck {
      

      FrameTransformMatrix {
       0.940497,-0.009025,0.339682,0.000000,0.171801,0.875098,-0.452424,0.000000,-0.293172,0.483861,0.824578,0.000000,0.130512,-0.000013,0.004630,1.000000;;
      }

      Frame Bip01_Head {
       

       FrameTransformMatrix {
        0.923837,0.124629,-0.361928,0.000000,-0.250462,0.911828,-0.325328,0.000000,0.289471,0.391199,0.873596,0.000000,0.033674,0.000000,0.000000,1.000000;;
       }

       Frame Bip01_HeadNub {
        

        FrameTransformMatrix {
         1.000000,-0.000000,0.000000,0.000000,-0.000000,1.000000,-0.000000,0.000000,0.000000,0.000000,1.000000,0.000000,0.169824,-0.000000,0.000000,1.000000;;
        }
       }
      }

      Frame Bip01_L_Clavicle {
       

       FrameTransformMatrix {
        -0.219742,0.826995,0.517486,0.000000,0.914342,0.359536,-0.186315,0.000000,-0.340137,0.432218,-0.835161,0.000000,-0.024317,0.011729,0.010838,1.000000;;
       }

       Frame Bip01_L_UpperArm {
        

        FrameTransformMatrix {
         0.654346,0.006861,-0.756164,0.000000,0.587314,0.625272,0.513905,0.000000,0.476334,-0.780377,0.405114,0.000000,0.087086,0.000000,-0.000000,1.000000;;
        }

        Frame Bip01_L_Forearm {
         

         FrameTransformMatrix {
          0.485226,-0.000000,-0.874389,0.000000,-0.000000,1.000000,0.000000,0.000000,0.874389,0.000000,0.485226,0.000000,0.137062,-0.000000,0.000000,1.000000;;
         }

         Frame Bip01_L_Hand {
          

          FrameTransformMatrix {
           0.897138,-0.233846,0.374779,0.000000,-0.177573,-0.967737,-0.178757,0.000000,0.404488,0.093819,-0.909718,0.000000,0.137062,0.000000,0.000000,1.000000;;
          }

          Frame Bip01_L_Finger0 {
           

           FrameTransformMatrix {
            0.191229,-0.953701,0.232135,0.000000,0.953255,0.236821,0.187675,0.000000,-0.233961,0.185395,0.954407,0.000000,0.057681,-0.023605,-0.000272,1.000000;;
           }

           Frame Bip01_L_Finger0Nub {
            

            FrameTransformMatrix {
             1.000000,-0.000000,-0.000000,0.000000,-0.000000,1.000000,-0.000000,0.000000,0.000000,0.000000,1.000000,0.000000,0.029435,0.000000,0.000000,1.000000;;
            }
           }
          }

          Frame Bip01_L_Finger1 {
           

           FrameTransformMatrix {
            0.270270,-0.226732,0.935706,0.000000,-0.220296,0.931529,0.289350,0.000000,-0.937242,-0.284335,0.201817,0.000000,0.084102,0.000000,0.000000,1.000000;;
           }

           Frame Bip01_L_Finger1Nub {
            

            FrameTransformMatrix {
             1.000000,-0.000000,-0.000000,0.000000,0.000000,1.000000,-0.000000,0.000000,0.000000,0.000000,1.000000,0.000000,0.047988,0.000000,-0.000000,1.000000;;
            }
           }
          }
         }
        }
       }
      }

      Frame Bip01_R_Clavicle {
       

       FrameTransformMatrix {
        0.165919,-0.952916,-0.253816,0.000000,-0.931251,-0.236077,0.277559,0.000000,-0.324410,0.190315,-0.926574,0.000000,-0.024033,-0.015775,-0.004369,1.000000;;
       }

       Frame Bip01_R_UpperArm {
        

        FrameTransformMatrix {
         0.340798,0.554510,-0.759194,0.000000,-0.599331,0.750313,0.278986,0.000000,0.724333,0.359931,0.588040,0.000000,0.087086,0.000000,0.000000,1.000000;;
        }

        Frame Bip01_R_Forearm {
         

         FrameTransformMatrix {
          -0.479637,0.000000,-0.877467,0.000000,0.000000,1.000000,-0.000000,0.000000,0.877467,-0.000000,-0.479637,0.000000,0.137062,0.000000,-0.000000,1.000000;;
         }

         Frame Bip01_R_Hand {
          

          FrameTransformMatrix {
           0.812145,-0.032169,0.582568,0.000000,0.427777,-0.646171,-0.632036,0.000000,0.396770,0.762514,-0.511023,0.000000,0.137062,0.000000,-0.000000,1.000000;;
          }

          Frame Bip01_R_Finger0 {
           

           FrameTransformMatrix {
            0.588859,0.721892,0.363479,0.000000,-0.753496,0.653020,-0.076225,0.000000,-0.292385,-0.228995,0.928479,0.000000,0.057681,0.023605,-0.000272,1.000000;;
           }

           Frame Bip01_R_Finger0Nub {
            

            FrameTransformMatrix {
             -1.000000,-0.000000,0.000000,0.000000,0.000000,1.000000,0.000000,0.000000,-0.000000,0.000000,-1.000000,0.000000,0.029435,0.000000,-0.000000,1.000000;;
            }
           }
          }

          Frame Bip01_R_Finger1 {
           

           FrameTransformMatrix {
            0.201209,0.000780,0.979548,0.000000,0.000000,1.000000,-0.000796,0.000000,-0.979548,0.000160,0.201209,0.000000,0.084102,0.000000,-0.000000,1.000000;;
           }

           Frame Bip01_R_Finger1Nub {
            

            FrameTransformMatrix {
             -1.000000,-0.000000,0.000000,0.000000,0.000000,1.000000,0.000000,0.000000,0.000000,-0.000000,-1.000000,0.000000,0.047988,0.000000,0.000000,1.000000;;
            }
           }
          }
         }
        }
       }
      }
     }

     Frame Bip01_BackPack {
      

      FrameTransformMatrix {
       0.068803,-0.000002,-0.997630,0.000000,0.000003,1.000000,-0.000002,0.000000,0.997630,-0.000003,0.068803,0.000000,0.063696,-0.000000,-0.088851,1.000000;;
      }

      Frame Bip01_BackPackNub {
       

       FrameTransformMatrix {
        0.000796,0.000003,1.000000,0.000000,0.000000,-1.000000,0.000003,0.000000,1.000000,-0.000000,-0.000796,0.000000,0.053240,0.000000,0.000000,1.000000;;
       }
      }
     }
    }

    Frame Bip01_L_Thigh {
     

     FrameTransformMatrix {
      -0.958172,0.261558,0.116163,0.000000,-0.157572,-0.820971,0.548796,0.000000,0.238908,0.507537,0.827846,0.000000,-0.047055,0.054175,-0.008267,1.000000;;
     }

     Frame Bip01_L_Calf {
      

      FrameTransformMatrix {
       0.952158,-0.000000,-0.305607,0.000000,-0.000000,1.000000,-0.000000,0.000000,0.305607,0.000000,0.952158,0.000000,0.237500,0.000000,0.000000,1.000000;;
      }

      Frame Bip01_L_Foot {
       

       FrameTransformMatrix {
        0.995438,0.089101,0.034110,0.000000,-0.094935,0.960555,0.261385,0.000000,-0.009475,-0.263431,0.964632,0.000000,0.206841,0.000000,-0.000000,1.000000;;
       }

       Frame Bip01_L_Toe0 {
        

        FrameTransformMatrix {
         -0.281148,0.092894,0.955158,0.000000,0.009522,0.995525,-0.094017,0.000000,-0.959617,-0.017338,-0.280775,0.000000,0.065373,0.000000,0.066450,1.000000;;
        }

        Frame Bip01_L_Toe0Nub {
         

         FrameTransformMatrix {
          -1.000000,0.000000,0.000000,0.000000,-0.000000,1.000000,-0.000000,0.000000,-0.000000,0.000000,-1.000000,0.000000,0.006735,-0.000000,0.000000,1.000000;;
         }
        }
       }
      }
     }
    }

    Frame Bip01_R_Thigh {
     

     FrameTransformMatrix {
      -0.973557,-0.149357,0.172859,0.000000,0.187322,-0.955035,0.229824,0.000000,0.130760,0.256127,0.957758,0.000000,-0.055431,-0.052018,0.020927,1.000000;;
     }

     Frame Bip01_R_Calf {
      

      FrameTransformMatrix {
       0.868534,-0.000000,-0.495630,0.000000,0.000000,1.000000,-0.000000,0.000000,0.495630,-0.000000,0.868534,0.000000,0.237500,0.000000,-0.000000,1.000000;;
      }

      Frame Bip01_R_Foot {
       

       FrameTransformMatrix {
        0.923645,-0.196319,0.329148,0.000000,0.231865,0.970075,-0.072057,0.000000,-0.305152,0.142874,0.941525,0.000000,0.206841,0.000000,-0.000000,1.000000;;
       }

       Frame Bip01_R_Toe0 {
        

        FrameTransformMatrix {
         0.793110,-0.384600,0.472293,0.000000,-0.009867,0.767207,0.641324,0.000000,-0.608999,-0.513300,0.604684,0.000000,0.065373,0.000000,0.066450,1.000000;;
        }

        Frame Bip01_R_Toe0Nub {
         

         FrameTransformMatrix {
          1.000000,0.000000,0.000000,0.000000,0.000000,1.000000,-0.000000,0.000000,-0.000000,0.000000,1.000000,0.000000,0.006735,-0.000000,0.000000,1.000000;;
         }
        }
       }
      }
     }
    }
   }

   Frame Bip01_DressFront {
    

    FrameTransformMatrix {
     -0.997354,-0.051360,-0.051450,0.000000,-0.051294,0.998680,-0.002606,0.000000,0.051516,0.000040,-0.998672,0.000000,-0.044009,0.001399,0.061087,1.000000;;
    }

    Frame Bip01_DressFront02 {
     

     FrameTransformMatrix {
      1.000000,0.000000,0.000000,0.000000,0.000000,1.000000,-0.000000,0.000000,0.000000,-0.000000,1.000000,0.000000,0.183324,0.000000,-0.000132,1.000000;;
     }

     Frame Bip01_DressFrontNub {
      

      FrameTransformMatrix {
       0.000796,0.000003,1.000000,0.000000,0.000000,-1.000000,0.000003,0.000000,1.000000,0.000000,-0.000796,0.000000,0.165302,0.000000,0.000000,1.000000;;
      }
     }
    }
   }

   Frame Bip01_DressBack {
    

    FrameTransformMatrix {
     -0.996897,-0.075511,0.022223,0.000000,-0.074193,0.995718,0.055147,0.000000,-0.026292,0.053327,-0.998231,0.000000,-0.047729,-0.000007,-0.078279,1.000000;;
    }

    Frame Bip01_DressBack02 {
     

     FrameTransformMatrix {
      0.974078,0.000001,0.226213,0.000000,-0.000001,1.000000,-0.000000,0.000000,-0.226213,-0.000000,0.974078,0.000000,0.176183,-0.000000,-0.000106,1.000000;;
     }

     Frame Bip01_DressBackNub {
      

      FrameTransformMatrix {
       0.000796,0.000003,1.000000,0.000000,-0.000000,-1.000000,0.000003,0.000000,1.000000,-0.000000,-0.000796,0.000000,0.136508,-0.000000,0.000000,1.000000;;
      }
     }
    }
   }
  }

  Frame Bip01_Prop1 {
   

   FrameTransformMatrix {
    -0.489719,0.089575,0.867267,0.000000,0.856108,-0.138947,0.497769,0.000000,0.165091,0.986240,-0.008641,0.000000,0.191032,0.221051,-0.006622,1.000000;;
   }
  }

  Frame Bip01_Prop2 {
   

   FrameTransformMatrix {
    0.608815,0.492829,0.621662,0.000000,0.778404,-0.522312,-0.348249,0.000000,0.153074,0.695924,-0.701612,0.000000,0.319771,0.180184,0.106473,1.000000;;
   }
  }
 }
}

Frame Translation_Data {
 

 FrameTransformMatrix {
  1.000000,0.000000,0.000000,0.000000,0.000000,-0.000000,-1.000000,0.000000,0.000000,1.000000,-0.000000,0.000000,0.000000,-0.000000,0.000000,1.000000;;
 }
}

Frame Body {
 

 FrameTransformMatrix {
  1.000000,0.000000,0.000000,0.000000,0.000000,1.000000,0.000000,0.000000,0.000000,0.000000,1.000000,0.000000,0.000000,0.000000,0.000000,1.000000;;
 }

 Mesh Body {
  617;
  0.018667;0.733422;-0.075335;,
  -0.005910;0.730930;-0.048595;,
  -0.001409;0.764357;-0.041948;,
  0.024636;0.712678;-0.079314;,
  0.029877;0.700927;-0.082385;,
  0.004104;0.666955;-0.060084;,
  -0.008934;0.695733;-0.057004;,
  0.050618;0.673225;-0.069268;,
  0.023293;0.794483;-0.024757;,
  0.077581;0.770629;-0.042344;,
  0.052533;0.765218;-0.051805;,
  0.061368;0.782009;-0.016855;,
  0.101832;0.539661;0.012666;,
  0.077569;0.542003;0.045251;,
  0.077666;0.527818;0.052643;,
  0.094115;0.549888;0.009673;,
  0.059922;0.558558;-0.033536;,
  0.082587;0.531338;-0.025148;,
  0.020137;0.556811;-0.044904;,
  0.055995;0.512319;-0.047475;,
  0.025361;0.502231;-0.043629;,
  -0.036421;0.667894;-0.023696;,
  -0.037167;0.700278;-0.027549;,
  0.041442;0.537159;0.067466;,
  0.040857;0.520406;0.072000;,
  0.099101;0.649811;0.026284;,
  0.068042;0.697910;0.062043;,
  0.066964;0.653139;0.067086;,
  0.101558;0.695135;0.015990;,
  0.049401;0.467026;-0.066383;,
  0.106949;0.369125;-0.078832;,
  0.063710;0.374244;-0.097798;,
  0.092569;0.460451;-0.041263;,
  0.069085;0.282365;-0.127477;,
  0.106586;0.275956;-0.090835;,
  0.009539;0.456711;-0.037647;,
  0.045380;0.341554;0.004726;,
  0.051882;0.420119;0.050811;,
  0.022747;0.361348;-0.065040;,
  0.062196;0.264106;-0.043225;,
  0.050711;0.268937;-0.083528;,
  0.121264;0.352708;-0.017833;,
  0.105226;0.428280;0.008369;,
  0.101624;0.271448;-0.050706;,
  0.129539;-0.000569;-0.077591;,
  0.086395;-0.003830;-0.035639;,
  0.085119;-0.002807;-0.084431;,
  0.121103;-0.002032;-0.032967;,
  0.081621;0.221362;-0.108613;,
  0.123619;0.148425;-0.087195;,
  0.089356;0.147675;-0.109691;,
  0.117969;0.222920;-0.086445;,
  0.124797;0.068644;-0.084130;,
  0.102295;0.068352;-0.110343;,
  0.047929;0.197699;-0.078458;,
  0.070260;0.147811;-0.037606;,
  0.058020;0.211366;-0.025372;,
  0.065687;0.140967;-0.079634;,
  0.094040;0.075196;-0.057533;,
  0.088296;0.058880;-0.087728;,
  0.130882;0.153683;-0.049707;,
  0.127410;0.227240;-0.038107;,
  0.117307;0.082429;-0.059905;,
  0.090044;0.502580;-0.028922;,
  -0.016327;0.493463;-0.035357;,
  0.009539;0.456711;-0.037647;,
  -0.009940;0.457231;-0.029640;,
  0.118095;0.488572;0.015804;,
  0.086226;0.479442;0.060335;,
  0.108228;0.440049;0.011880;,
  0.076546;0.435071;0.048504;,
  0.090311;0.598647;0.030563;,
  0.107609;0.645406;-0.008288;,
  0.102703;0.648229;-0.028071;,
  0.054977;0.601711;-0.038340;,
  0.059345;0.646919;-0.057944;,
  0.095291;0.598986;-0.009189;,
  0.010490;0.642975;-0.055425;,
  0.018564;0.598201;-0.042350;,
  -0.029979;0.650107;-0.021068;,
  -0.019231;0.594020;-0.011459;,
  0.056315;0.745789;-0.117623;,
  0.057558;0.726389;-0.164389;,
  0.018569;0.720705;-0.088611;,
  0.015156;0.673437;-0.185942;,
  0.009587;0.696562;-0.144411;,
  0.053541;0.697446;-0.203486;,
  0.051417;0.669779;-0.082341;,
  0.009587;0.696562;-0.144411;,
  0.048171;0.645729;-0.127299;,
  0.039982;0.630042;-0.186957;,
  0.015156;0.673437;-0.185942;,
  0.062669;0.668427;-0.082451;,
  0.096320;0.675668;-0.147026;,
  0.094192;0.694426;-0.101018;,
  0.078210;0.653904;-0.204618;,
  0.079335;0.727507;-0.111962;,
  0.045950;0.712190;-0.209883;,
  -0.028385;0.709850;-0.237856;,
  -0.000524;0.684805;-0.190121;,
  0.002574;0.726524;-0.248385;,
  -0.043055;0.728689;-0.277539;,
  -0.031208;0.735567;-0.284543;,
  -0.000524;0.684805;-0.190121;,
  -0.007025;0.667261;-0.269540;,
  0.016547;0.632345;-0.221000;,
  -0.028385;0.709850;-0.237856;,
  -0.040273;0.702783;-0.286223;,
  -0.043055;0.728689;-0.277539;,
  0.016794;0.680225;-0.277201;,
  0.062816;0.659569;-0.240569;,
  -0.024434;0.706056;-0.302494;,
  -0.103272;0.760066;-0.374869;,
  -0.095701;0.739061;-0.322351;,
  -0.083668;0.757130;-0.365332;,
  -0.114794;0.742065;-0.332229;,
  -0.041840;0.752739;-0.361561;,
  -0.051203;0.744770;-0.372931;,
  -0.050538;0.754753;-0.368350;,
  -0.037493;0.743555;-0.367293;,
  -0.079198;0.731523;-0.288814;,
  -0.060706;0.733672;-0.346248;,
  -0.101559;0.719248;-0.316111;,
  -0.047039;0.752495;-0.320407;,
  -0.101187;0.702152;-0.326392;,
  -0.067003;0.696626;-0.296872;,
  -0.032435;0.717682;-0.329488;,
  -0.061325;0.715739;-0.354881;,
  0.073307;0.758949;-0.074932;,
  0.054595;0.751104;-0.096711;,
  0.052533;0.765218;-0.051805;,
  0.031894;0.757934;-0.067634;,
  0.112195;0.692688;-0.022983;,
  0.011699;0.779942;-0.045924;,
  0.038598;0.731473;-0.098309;,
  0.024636;0.712678;-0.079314;,
  0.018667;0.733422;-0.075335;,
  0.042220;0.718170;-0.088920;,
  0.097505;0.728760;-0.046902;,
  0.090394;0.735408;-0.001939;,
  0.095370;0.730944;-0.052252;,
  0.057457;0.736460;0.045940;,
  0.028324;0.780333;0.017073;,
  0.077581;0.770629;-0.042344;,
  0.095370;0.730944;-0.052252;,
  0.052648;0.700448;-0.063612;,
  0.089912;0.720465;-0.055113;,
  0.018569;0.720705;-0.088611;,
  0.090241;0.682917;-0.043537;,
  0.060623;0.673156;-0.058700;,
  0.029877;0.700927;-0.082385;,
  0.105115;0.688546;-0.038425;,
  -0.047039;0.752495;-0.320407;,
  0.004136;0.813791;-0.030586;,
  -0.000744;0.820618;-0.009316;,
  0.007479;0.799787;-0.000823;,
  -0.023519;0.819585;0.004987;,
  -0.061325;0.715739;-0.354881;,
  -0.103272;0.760066;-0.374869;,
  -0.114794;0.742065;-0.332229;,
  -0.041481;0.749034;-0.341956;,
  -0.039379;0.727317;-0.355918;,
  -0.041481;0.749034;-0.341956;,
  -0.056267;0.747994;-0.351809;,
  -0.061393;0.724759;-0.358104;,
  -0.061393;0.724759;-0.358104;,
  -0.041840;0.752739;-0.361561;,
  -0.037493;0.743555;-0.367293;,
  -0.051203;0.744770;-0.372931;,
  0.140967;0.023275;-0.153173;,
  0.115747;0.001223;-0.200737;,
  0.112829;0.019525;-0.193265;,
  0.148267;0.002153;-0.160349;,
  0.081748;0.029591;-0.045872;,
  0.085119;-0.002807;-0.084431;,
  0.086395;-0.003830;-0.035639;,
  0.082619;0.022099;-0.086567;,
  0.094040;0.075196;-0.057533;,
  0.122965;0.034783;-0.042838;,
  0.117307;0.082429;-0.059905;,
  0.129539;-0.000569;-0.077591;,
  0.121103;-0.002032;-0.032967;,
  0.129005;0.034439;-0.079252;,
  0.102295;0.068352;-0.110343;,
  0.124797;0.068644;-0.084130;,
  0.084767;0.014808;-0.185229;,
  0.080109;-0.000842;-0.193268;,
  0.148267;0.002153;-0.160349;,
  0.080109;-0.000842;-0.193268;,
  0.022747;0.361348;-0.065040;,
  0.050711;0.268937;-0.083528;,
  0.047929;0.197699;-0.078458;,
  0.065687;0.140967;-0.079634;,
  0.088296;0.058880;-0.087728;,
  0.088296;0.058880;-0.087728;,
  0.014605;0.436598;0.011293;,
  0.013923;0.815756;-0.041695;,
  -0.001613;0.800209;-0.057221;,
  0.005634;0.808308;-0.060035;,
  -0.005369;0.803104;-0.043278;,
  0.003149;0.835290;-0.019777;,
  -0.005968;0.845482;0.000111;,
  -0.041853;0.943209;-0.065583;,
  -0.060343;0.928512;-0.090578;,
  -0.062046;0.943561;-0.064853;,
  -0.015325;0.876203;-0.106263;,
  -0.031879;0.870866;-0.111761;,
  -0.024687;0.903874;-0.100842;,
  0.006919;0.828838;-0.065809;,
  0.013333;0.844151;-0.041122;,
  0.010278;0.827409;-0.033962;,
  0.007535;0.880325;-0.027643;,
  0.005091;0.887581;-0.050955;,
  -0.012523;0.915260;-0.086102;,
  -0.003676;0.922435;-0.060600;,
  0.000998;0.879368;-0.076612;,
  0.004723;0.885337;-0.011853;,
  -0.006921;0.893378;0.008096;,
  -0.044931;0.887414;0.021339;,
  -0.023411;0.935865;-0.008495;,
  -0.055554;0.932061;0.003352;,
  0.006353;0.857569;-0.073204;,
  -0.000621;0.815935;-0.077978;,
  -0.007432;0.846887;-0.094958;,
  -0.009946;0.787669;-0.086165;,
  -0.027410;0.779596;-0.072883;,
  -0.028556;0.779127;-0.093988;,
  -0.032921;0.922754;-0.093906;,
  -0.020423;0.937378;-0.065229;,
  -0.008692;0.934247;-0.027827;,
  -0.025921;0.947258;-0.037612;,
  -0.043709;0.949745;-0.030874;,
  -0.060934;0.948588;-0.027808;,
  -0.037093;0.848734;0.013814;,
  -0.008692;0.934247;-0.027827;,
  -0.025921;0.947258;-0.037612;,
  0.018841;0.848007;-0.042397;,
  0.014665;0.895200;-0.037844;,
  0.023950;0.878756;-0.028000;,
  0.011535;0.875050;-0.040506;,
  0.023950;0.878756;-0.028000;,
  0.018841;0.848007;-0.042397;,
  0.014665;0.895200;-0.037844;,
  0.005091;0.887581;-0.050955;,
  0.010551;0.863365;-0.055096;,
  0.013333;0.844151;-0.041122;,
  -0.012480;0.868438;-0.097296;,
  0.010551;0.863365;-0.055096;,
  0.011699;0.779942;-0.045924;,
  0.004136;0.813791;-0.030586;,
  0.031894;0.757934;-0.067634;,
  0.003149;0.835290;-0.019777;,
  -0.031601;0.750873;-0.029467;,
  -0.032872;0.727042;-0.027062;,
  -0.018328;0.552360;-0.025365;,
  0.049440;0.473639;0.079990;,
  0.047485;0.440547;0.071175;,
  0.028955;0.418944;0.052579;,
  -0.030542;0.777478;-0.053109;,
  0.014605;0.436598;0.011293;,
  -0.043709;0.949745;-0.030874;,
  -0.060934;0.948588;-0.027808;,
  -0.016281;0.817869;-0.094624;,
  -0.028747;0.837624;-0.103350;,
  -0.026504;0.828260;-0.102650;,
  -0.058749;0.917970;-0.101817;,
  -0.054542;0.895334;-0.112647;,
  -0.031676;0.862761;-0.101574;,
  0.058223;0.598416;0.065162;,
  0.031894;0.757934;-0.067634;,
  0.115747;0.001223;-0.200737;,
  -0.022742;0.807042;-0.099979;,
  -0.015445;0.811374;-0.093709;,
  -0.023821;0.812061;-0.096853;,
  -0.038943;0.824103;-0.106788;,
  -0.041105;0.831400;-0.116926;,
  -0.025081;0.815317;-0.102000;,
  -0.035298;0.809858;-0.096723;,
  -0.034063;0.802670;-0.101859;,
  -0.048432;0.865529;-0.117259;,
  -0.046283;0.856809;-0.112486;,
  0.089912;0.720465;-0.055113;,
  -0.036381;0.812613;-0.105060;,
  0.061540;0.706734;-0.051605;,
  0.052648;0.700448;-0.063612;,
  0.029877;0.700927;-0.082385;,
  0.004723;0.885337;-0.011853;,
  0.081621;0.221362;-0.108613;,
  0.032081;0.145514;-0.105959;,
  0.017861;0.221774;-0.099281;,
  0.089356;0.147675;-0.109691;,
  0.069085;0.282365;-0.127477;,
  0.017372;0.280824;-0.104714;,
  0.063710;0.374244;-0.097798;,
  0.004235;0.370328;-0.077646;,
  0.049401;0.467026;-0.066383;,
  -0.002247;0.457187;-0.060438;,
  0.025361;0.502231;-0.043629;,
  0.035384;0.073314;-0.114075;,
  0.102295;0.068352;-0.110343;,
  0.079421;0.137473;-0.010602;,
  0.043920;0.058903;0.065241;,
  0.090033;0.068134;-0.014475;,
  0.039342;0.131637;0.058120;,
  0.030353;0.198007;0.044585;,
  0.065115;0.209706;-0.012678;,
  0.030103;0.257678;0.044006;,
  0.061390;0.257244;-0.012948;,
  0.047429;0.337970;0.019106;,
  0.034140;0.340456;0.052985;,
  0.046772;0.412960;0.068081;,
  0.061540;0.706734;-0.051605;,
  -0.073292;0.751118;0.017127;,
  -0.047950;0.736746;0.002673;,
  -0.080323;0.731680;0.029602;,
  -0.037374;0.768544;0.000596;,
  -0.076598;0.715748;0.047461;,
  -0.066039;0.674009;0.021489;,
  -0.067112;0.685064;0.067648;,
  -0.060630;0.702885;0.006039;,
  -0.014172;0.798442;0.018892;,
  -0.025277;0.787373;0.076381;,
  0.002168;0.790200;0.055340;,
  -0.047565;0.786026;0.045793;,
  -0.043492;0.526767;0.093310;,
  0.005483;0.536469;0.090514;,
  -0.034502;0.540014;0.090433;,
  0.004391;0.521316;0.093305;,
  -0.059799;0.549367;0.041639;,
  -0.064257;0.518309;0.056339;,
  -0.052831;0.551209;0.000913;,
  -0.066162;0.501525;0.019546;,
  -0.046164;0.495885;-0.003938;,
  0.041442;0.537159;0.067466;,
  0.040857;0.520406;0.072000;,
  0.029138;0.653683;0.102917;,
  0.068042;0.697910;0.062043;,
  0.027541;0.702578;0.102069;,
  0.066964;0.653139;0.067086;,
  -0.067673;0.454124;-0.001664;,
  -0.114580;0.358152;0.039423;,
  -0.079436;0.450648;0.047573;,
  -0.095975;0.358837;-0.004267;,
  -0.118484;0.261137;-0.011388;,
  -0.120384;0.264534;0.040665;,
  -0.017312;0.443454;-0.006605;,
  -0.011960;0.335303;0.061334;,
  -0.043382;0.346814;-0.006868;,
  0.030776;0.418246;0.062523;,
  -0.055077;0.258226;0.045356;,
  -0.074406;0.254694;0.008829;,
  -0.083123;0.348649;0.095240;,
  -0.048659;0.422008;0.093071;,
  -0.089272;0.267052;0.065783;,
  -0.098284;-0.001503;0.121538;,
  -0.038773;-0.001071;0.131045;,
  -0.065687;-0.001525;0.153193;,
  -0.065808;-0.000926;0.090394;,
  -0.107464;0.205124;0.026528;,
  -0.112864;0.146298;0.090190;,
  -0.118403;0.216777;0.066020;,
  -0.103749;0.135529;0.051699;,
  -0.101505;0.069994;0.115419;,
  -0.101694;0.063520;0.081378;,
  -0.059489;0.188040;0.029841;,
  -0.040618;0.154827;0.086384;,
  -0.065295;0.135553;0.057165;,
  -0.032081;0.217597;0.068337;,
  -0.061525;0.081166;0.113227;,
  -0.074337;0.060338;0.090875;,
  -0.093012;0.163008;0.118693;,
  -0.092526;0.235991;0.103511;,
  -0.081442;0.088343;0.125663;,
  -0.067440;0.488607;0.058469;,
  -0.017312;0.443454;-0.006605;,
  -0.042411;0.474331;0.104872;,
  0.012951;0.472941;0.100997;,
  -0.042797;0.431068;0.095138;,
  0.008235;0.430018;0.090886;,
  0.023216;0.599375;0.096898;,
  -0.004921;0.651635;0.114970;,
  -0.025265;0.655312;0.112095;,
  -0.046558;0.602813;0.062046;,
  -0.017009;0.600205;0.101840;,
  -0.059921;0.653521;0.072692;,
  -0.062622;0.647022;0.024656;,
  -0.050557;0.598951;0.025988;,
  -0.112668;0.751893;0.015615;,
  -0.066025;0.726366;0.023888;,
  -0.149215;0.718059;0.006418;,
  -0.140516;0.647346;0.019255;,
  -0.178708;0.676922;0.015529;,
  -0.102915;0.680043;0.007442;,
  -0.081910;0.706713;0.079326;,
  -0.114158;0.667886;0.071405;,
  -0.102915;0.680043;0.007442;,
  -0.155765;0.623394;0.036696;,
  -0.140516;0.647346;0.019255;,
  -0.089198;0.711231;0.086735;,
  -0.160379;0.706183;0.070533;,
  -0.123843;0.738769;0.079266;,
  -0.193931;0.652715;0.032721;,
  -0.122952;0.751855;0.043729;,
  -0.166900;0.699304;0.019587;,
  -0.101656;0.696333;-0.025670;,
  -0.132772;0.715784;-0.026598;,
  -0.119452;0.667298;0.024553;,
  -0.088666;0.717278;-0.064136;,
  -0.107387;0.728111;-0.068271;,
  -0.119452;0.667298;0.024553;,
  -0.133231;0.659043;-0.055442;,
  -0.101656;0.696333;-0.025670;,
  -0.147595;0.619997;-0.005129;,
  -0.104742;0.688345;-0.079165;,
  -0.088666;0.717278;-0.064136;,
  -0.157055;0.674090;-0.055719;,
  -0.194645;0.652005;-0.009972;,
  -0.122043;0.700245;-0.087894;,
  -0.049981;0.735451;-0.168880;,
  -0.072301;0.692586;-0.138529;,
  -0.062896;0.690839;-0.158013;,
  -0.059499;0.737767;-0.149184;,
  -0.082423;0.766322;-0.142958;,
  -0.089062;0.758425;-0.156149;,
  -0.093187;0.769019;-0.146558;,
  -0.079096;0.760856;-0.152170;,
  -0.074376;0.691618;-0.100129;,
  -0.093393;0.738952;-0.132425;,
  -0.078337;0.741170;-0.101164;,
  -0.080020;0.688095;-0.136893;,
  -0.096978;0.686085;-0.147212;,
  -0.111690;0.686835;-0.104159;,
  -0.116936;0.738549;-0.104471;,
  -0.110251;0.734912;-0.142224;,
  -0.075395;0.790516;0.057185;,
  -0.095415;0.783937;0.036028;,
  -0.047565;0.786026;0.045793;,
  -0.061594;0.776443;0.023998;,
  -0.009630;0.704938;0.118695;,
  -0.038503;0.784883;0.011957;,
  -0.100569;0.761538;0.022861;,
  -0.080323;0.731680;0.029602;,
  -0.093057;0.742908;0.030684;,
  -0.073292;0.751118;0.017127;,
  -0.027884;0.749674;0.105137;,
  -0.033881;0.752699;0.103372;,
  0.017402;0.745506;0.087075;,
  0.057457;0.736460;0.045940;,
  0.028324;0.780333;0.017073;,
  -0.025277;0.787373;0.076381;,
  -0.033881;0.752699;0.103372;,
  -0.058552;0.717914;0.064811;,
  -0.066025;0.726366;0.023888;,
  -0.042124;0.742825;0.098765;,
  -0.034362;0.695447;0.101372;,
  -0.054986;0.684782;0.075749;,
  -0.076598;0.715748;0.047461;,
  -0.026438;0.701775;0.114566;,
  -0.078337;0.741170;-0.101164;,
  -0.059980;0.798155;-0.010960;,
  -0.048178;0.809050;0.005203;,
  0.007479;0.799787;-0.000823;,
  -0.023519;0.819585;0.004987;,
  -0.110251;0.734912;-0.142224;,
  -0.049981;0.735451;-0.168880;,
  -0.062896;0.690839;-0.158013;,
  -0.083175;0.760179;-0.123986;,
  -0.106423;0.759211;-0.135368;,
  -0.083175;0.760179;-0.123986;,
  -0.081511;0.749056;-0.137781;,
  -0.103079;0.738945;-0.143974;,
  -0.103079;0.738945;-0.143974;,
  -0.082423;0.766322;-0.142958;,
  -0.093187;0.769019;-0.146558;,
  -0.089062;0.758425;-0.156149;,
  -0.152562;0.020039;0.066750;,
  -0.157835;-0.001225;0.012855;,
  -0.161255;-0.001657;0.064602;,
  -0.152363;0.017374;0.017699;,
  -0.043046;0.032377;0.120736;,
  -0.065808;-0.000926;0.090394;,
  -0.066626;0.024044;0.087758;,
  -0.038773;-0.001071;0.131045;,
  -0.061525;0.081166;0.113227;,
  -0.075286;0.034885;0.146990;,
  -0.081442;0.088343;0.125663;,
  -0.098284;-0.001503;0.121538;,
  -0.101096;0.033425;0.120641;,
  -0.065687;-0.001525;0.153193;,
  -0.101694;0.063520;0.081378;,
  -0.101505;0.069994;0.115419;,
  -0.124537;0.014687;0.008067;,
  -0.124325;-0.000775;-0.001531;,
  -0.161255;-0.001657;0.064602;,
  -0.124325;-0.000775;-0.001531;,
  -0.043382;0.346814;-0.006868;,
  -0.074406;0.254694;0.008829;,
  -0.059489;0.188040;0.029841;,
  -0.065295;0.135553;0.057165;,
  -0.074337;0.060338;0.090875;,
  -0.074337;0.060338;0.090875;,
  -0.076102;0.796479;-0.036377;,
  -0.057430;0.788257;-0.053924;,
  -0.055035;0.790993;-0.028075;,
  -0.067618;0.792622;-0.055708;,
  -0.071845;0.819231;-0.015346;,
  -0.065506;0.832733;0.003628;,
  -0.080278;0.934981;-0.063313;,
  -0.062046;0.943561;-0.064853;,
  -0.081544;0.862023;-0.102351;,
  -0.083746;0.891228;-0.097354;,
  -0.064988;0.863776;-0.109805;,
  -0.077811;0.810695;-0.060803;,
  -0.087091;0.822647;-0.035190;,
  -0.076685;0.808787;-0.028824;,
  -0.095084;0.858351;-0.021581;,
  -0.098457;0.865408;-0.044838;,
  -0.097753;0.897010;-0.081067;,
  -0.094286;0.858965;-0.070983;,
  -0.105825;0.900562;-0.054565;,
  -0.092805;0.864454;-0.006092;,
  -0.083292;0.877025;0.012607;,
  -0.044931;0.887414;0.021339;,
  -0.087560;0.922129;-0.004705;,
  -0.055554;0.932061;0.003352;,
  -0.089856;0.836967;-0.067521;,
  -0.075458;0.832321;-0.090939;,
  -0.067084;0.801703;-0.074052;,
  -0.048022;0.779516;-0.083916;,
  -0.083211;0.911985;-0.090935;,
  -0.097273;0.920922;-0.060689;,
  -0.102411;0.914179;-0.022290;,
  -0.093215;0.932848;-0.033637;,
  -0.060934;0.948588;-0.027808;,
  -0.077356;0.942540;-0.028886;,
  -0.037093;0.848734;0.013814;,
  -0.102411;0.914179;-0.022290;,
  -0.093215;0.932848;-0.033637;,
  -0.093799;0.823888;-0.035742;,
  -0.108763;0.868770;-0.030552;,
  -0.098004;0.851594;-0.034035;,
  -0.109356;0.850211;-0.020125;,
  -0.109356;0.850211;-0.020125;,
  -0.093799;0.823888;-0.035742;,
  -0.108763;0.868770;-0.030552;,
  -0.098457;0.865408;-0.044838;,
  -0.093986;0.840980;-0.048921;,
  -0.087091;0.822647;-0.035190;,
  -0.079943;0.853992;-0.093311;,
  -0.093986;0.840980;-0.048921;,
  -0.038503;0.784883;0.011957;,
  -0.059980;0.798155;-0.010960;,
  -0.061594;0.776443;0.023998;,
  -0.071845;0.819231;-0.015346;,
  0.049440;0.473639;0.079990;,
  0.047485;0.440547;0.071175;,
  0.028955;0.418944;0.052579;,
  0.014605;0.436598;0.011293;,
  -0.077356;0.942540;-0.028886;,
  -0.060934;0.948588;-0.027808;,
  -0.055561;0.809458;-0.092304;,
  -0.053312;0.832364;-0.101899;,
  -0.051444;0.822919;-0.101176;,
  -0.060717;0.856543;-0.099859;,
  0.058223;0.598416;0.065162;,
  -0.061594;0.776443;0.023998;,
  -0.157835;-0.001225;0.012855;,
  -0.053564;0.803212;-0.091458;,
  -0.045892;0.802085;-0.098611;,
  -0.046610;0.807181;-0.095507;,
  -0.047377;0.810543;-0.100683;,
  -0.042124;0.742825;0.098765;,
  -0.043481;0.724049;0.072706;,
  -0.058552;0.717914;0.064811;,
  -0.076598;0.715748;0.047461;,
  -0.092805;0.864454;-0.006092;,
  -0.062724;0.207612;-0.033029;,
  -0.022751;0.140356;-0.072346;,
  -0.068484;0.133256;-0.018112;,
  -0.022354;0.217452;-0.068837;,
  -0.070833;0.267282;-0.040859;,
  -0.025879;0.274378;-0.069470;,
  -0.045753;0.359301;-0.037287;,
  -0.020677;0.363775;-0.056226;,
  -0.030950;0.447263;-0.035821;,
  -0.018057;0.449211;-0.048174;,
  -0.016327;0.493463;-0.035357;,
  -0.046164;0.495885;-0.003938;,
  -0.024801;0.074830;-0.078759;,
  -0.071178;0.062420;-0.010878;,
  -0.018859;0.079372;0.125352;,
  -0.093012;0.163008;0.118693;,
  -0.081430;0.088342;0.125657;,
  -0.023304;0.151182;0.103391;,
  -0.092526;0.235991;0.103511;,
  -0.030788;0.218922;0.085578;,
  -0.031413;0.258637;0.070000;,
  -0.089272;0.267052;0.065783;,
  -0.083123;0.348649;0.095240;,
  -0.002376;0.332036;0.075610;,
  0.047485;0.440547;0.071175;,
  0.008235;0.430018;0.090886;,
  -0.043481;0.724049;0.072706;,
  -0.067673;0.454124;-0.001664;,
  -0.095975;0.358837;-0.004267;,
  -0.118484;0.261137;-0.011388;,
  -0.107464;0.205124;0.026528;,
  -0.103749;0.135529;0.051699;,
  -0.101694;0.063520;0.081378;,
  0.121264;0.352708;-0.017833;,
  0.076546;0.435071;0.048504;,
  0.105226;0.428280;0.008369;,
  0.101624;0.271448;-0.050706;,
  0.127410;0.227240;-0.038107;,
  0.130882;0.153683;-0.049707;,
  0.117307;0.082429;-0.059905;,
  -0.048659;0.422008;0.093071;;
  916;
  3;0,1,2;,
  3;1,0,3;,
  3;4,5,6;,
  3;5,4,7;,
  3;8,9,10;,
  3;9,8,11;,
  3;12,13,14;,
  3;13,12,15;,
  3;16,12,17;,
  3;12,16,15;,
  3;18,19,20;,
  3;19,18,16;,
  3;6,21,22;,
  3;21,6,5;,
  3;14,23,24;,
  3;23,14,13;,
  3;25,26,27;,
  3;26,25,28;,
  3;29,30,31;,
  3;30,29,32;,
  3;30,33,31;,
  3;33,30,34;,
  3;35,36,37;,
  3;36,35,38;,
  3;38,39,36;,
  3;39,38,40;,
  3;37,41,42;,
  3;41,37,36;,
  3;36,43,41;,
  3;43,36,39;,
  3;42,30,32;,
  3;30,42,41;,
  3;41,34,30;,
  3;34,41,43;,
  3;44,45,46;,
  3;45,44,47;,
  3;48,49,50;,
  3;49,48,51;,
  3;50,52,53;,
  3;52,50,49;,
  3;54,55,56;,
  3;55,54,57;,
  3;57,58,55;,
  3;58,57,59;,
  3;56,60,61;,
  3;60,56,55;,
  3;55,62,60;,
  3;62,55,58;,
  3;61,49,51;,
  3;49,61,60;,
  3;60,52,49;,
  3;52,60,62;,
  3;32,19,63;,
  3;19,32,29;,
  3;64,65,66;,
  3;65,64,20;,
  3;14,67,12;,
  3;67,14,68;,
  3;68,69,67;,
  3;69,68,70;,
  3;70,42,69;,
  3;42,70,37;,
  3;48,34,51;,
  3;34,48,33;,
  3;51,43,61;,
  3;43,51,34;,
  3;43,56,61;,
  3;56,43,39;,
  3;39,54,56;,
  3;54,39,40;,
  3;12,63,17;,
  3;63,12,67;,
  3;67,32,63;,
  3;32,67,69;,
  3;69,42,32;,
  3;71,72,25;,
  3;73,74,75;,
  3;74,73,76;,
  3;74,77,75;,
  3;77,74,78;,
  3;79,78,80;,
  3;78,79,77;,
  3;81,82,83;,
  3;82,84,85;,
  3;84,82,86;,
  3;87,88,89;,
  3;88,90,89;,
  3;90,88,91;,
  3;92,93,94;,
  3;92,89,93;,
  3;92,87,89;,
  3;89,95,93;,
  3;95,89,90;,
  3;96,93,82;,
  3;93,86,82;,
  3;86,93,95;,
  3;97,98,99;,
  3;98,97,100;,
  3;100,101,98;,
  3;101,100,102;,
  3;103,104,105;,
  3;104,103,106;,
  3;106,107,104;,
  3;107,106,108;,
  3;105,109,110;,
  3;109,105,104;,
  3;104,111,109;,
  3;111,104,107;,
  3;110,100,97;,
  3;100,110,109;,
  3;109,102,100;,
  3;102,109,111;,
  3;112,113,114;,
  3;113,112,115;,
  3;116,117,118;,
  3;117,116,119;,
  3;120,121,122;,
  3;121,120,123;,
  3;120,124,125;,
  3;124,120,122;,
  3;126,124,127;,
  3;124,126,125;,
  3;95,97,86;,
  3;97,95,110;,
  3;86,99,84;,
  3;99,86,97;,
  3;90,103,105;,
  3;103,90,91;,
  3;105,95,90;,
  3;95,105,110;,
  3;128,96,129;,
  3;96,128,94;,
  3;129,130,128;,
  3;130,129,131;,
  3;72,28,25;,
  3;28,72,132;,
  3;10,133,8;,
  3;134,135,136;,
  3;135,134,137;,
  3;81,137,134;,
  3;138,11,139;,
  3;138,9,11;,
  3;138,140,9;,
  3;141,11,142;,
  3;11,141,139;,
  3;128,130,143;,
  3;94,144,92;,
  3;94,143,144;,
  3;94,128,143;,
  3;145,87,146;,
  3;87,145,147;,
  3;75,148,73;,
  3;148,75,149;,
  3;150,147,145;,
  3;7,149,75;,
  3;148,151,73;,
  3;102,152,101;,
  3;152,102,126;,
  3;102,125,126;,
  3;125,102,111;,
  3;111,120,125;,
  3;120,111,107;,
  3;120,108,123;,
  3;108,120,107;,
  3;8,153,154;,
  3;153,8,133;,
  3;154,155,8;,
  3;155,154,156;,
  3;122,114,113;,
  3;114,122,121;,
  3;121,112,114;,
  3;112,121,157;,
  3;158,124,159;,
  3;124,158,127;,
  3;159,122,113;,
  3;122,159,124;,
  3;126,160,152;,
  3;160,126,161;,
  3;162,121,123;,
  3;121,162,163;,
  3;121,164,157;,
  3;164,121,163;,
  3;165,126,127;,
  3;126,165,161;,
  3;161,166,160;,
  3;166,161,167;,
  3;162,118,163;,
  3;118,162,116;,
  3;163,117,164;,
  3;117,163,118;,
  3;165,167,161;,
  3;167,165,168;,
  3;169,170,171;,
  3;170,169,172;,
  3;173,174,175;,
  3;174,173,176;,
  3;177,178,179;,
  3;178,177,173;,
  3;180,178,181;,
  3;178,180,182;,
  3;183,169,171;,
  3;169,183,184;,
  3;174,185,186;,
  3;185,174,176;,
  3;46,187,44;,
  3;187,46,188;,
  3;180,169,182;,
  3;169,180,172;,
  3;20,29,65;,
  3;19,29,20;,
  3;29,31,189;,
  3;31,190,189;,
  3;190,31,33;,
  3;33,191,190;,
  3;191,33,48;,
  3;191,50,192;,
  3;50,191,48;,
  3;192,53,193;,
  3;53,192,50;,
  3;194,171,185;,
  3;171,194,183;,
  3;171,186,185;,
  3;186,171,170;,
  3;185,176,194;,
  3;194,173,177;,
  3;173,194,176;,
  3;178,175,181;,
  3;175,178,173;,
  3;179,182,184;,
  3;182,179,178;,
  3;182,169,184;,
  3;16,17,19;,
  3;17,63,19;,
  3;65,195,66;,
  3;196,197,198;,
  3;197,196,199;,
  3;200,154,153;,
  3;154,200,201;,
  3;202,203,204;,
  3;205,206,207;,
  3;196,208,209;,
  3;208,196,198;,
  3;210,209,211;,
  3;209,210,196;,
  3;212,213,214;,
  3;213,212,215;,
  3;212,214,211;,
  3;201,216,217;,
  3;216,201,200;,
  3;218,219,220;,
  3;219,218,217;,
  3;210,199,196;,
  3;213,205,207;,
  3;221,222,223;,
  3;198,197,224;,
  3;224,225,226;,
  3;225,224,197;,
  3;227,213,207;,
  3;228,229,214;,
  3;229,228,230;,
  3;220,231,232;,
  3;213,228,214;,
  3;156,201,233;,
  3;201,156,154;,
  3;233,217,218;,
  3;217,233,201;,
  3;219,217,234;,
  3;235,219,234;,
  3;236,237,238;,
  3;237,236,239;,
  3;209,240,211;,
  3;240,209,241;,
  3;211,242,212;,
  3;242,211,240;,
  3;243,239,244;,
  3;239,243,237;,
  3;244,236,245;,
  3;236,244,239;,
  3;246,221,223;,
  3;221,246,215;,
  3;221,212,247;,
  3;212,221,215;,
  3;199,248,2;,
  3;248,199,249;,
  3;133,10,250;,
  3;249,210,251;,
  3;210,249,199;,
  3;210,211,251;,
  3;252,1,253;,
  3;1,252,2;,
  3;20,254,18;,
  3;254,20,64;,
  3;24,68,14;,
  3;68,24,255;,
  3;68,256,70;,
  3;256,68,255;,
  3;256,37,70;,
  3;37,256,257;,
  3;258,2,252;,
  3;2,258,199;,
  3;257,259,37;,
  3;37,259,35;,
  3;260,204,261;,
  3;204,260,202;,
  3;262,263,223;,
  3;263,262,264;,
  3;197,258,225;,
  3;258,197,199;,
  3;265,203,227;,
  3;265,207,266;,
  3;207,265,227;,
  3;223,267,246;,
  3;267,223,263;,
  3;88,87,147;,
  3;83,82,85;,
  3;78,16,18;,
  3;16,78,74;,
  3;74,15,16;,
  3;15,74,76;,
  3;15,71,13;,
  3;71,15,76;,
  3;13,268,23;,
  3;268,13,71;,
  3;248,269,2;,
  3;2,269,0;,
  3;136,129,134;,
  3;129,136,131;,
  3;134,96,81;,
  3;96,134,129;,
  3;96,82,81;,
  3;93,96,94;,
  3;29,189,65;,
  3;205,215,246;,
  3;267,205,246;,
  3;205,267,206;,
  3;205,213,215;,
  3;187,188,270;,
  3;224,271,272;,
  3;222,221,208;,
  3;224,222,198;,
  3;272,273,262;,
  3;273,272,271;,
  3;263,274,275;,
  3;273,276,262;,
  3;277,271,278;,
  3;271,277,273;,
  3;222,272,262;,
  3;272,222,224;,
  3;222,208,198;,
  3;209,221,247;,
  3;221,209,208;,
  3;223,222,262;,
  3;266,206,279;,
  3;206,266,207;,
  3;206,280,279;,
  3;280,206,267;,
  3;280,263,275;,
  3;263,280,267;,
  3;264,262,276;,
  3;76,73,72;,
  3;138,281,140;,
  3;73,132,72;,
