xof 0303txt 0032
template ColorRGBA {
 <35ff44e0-6c7c-11cf-8f52-0040333594a3>
 FLOAT red;
 FLOAT green;
 FLOAT blue;
 FLOAT alpha;
}

template ColorRGB {
 <d3e16e81-7835-11cf-8f52-0040333594a3>
 FLOAT red;
 FLOAT green;
 FLOAT blue;
}

template Material {
 <3d82ab4d-62da-11cf-ab39-0020af71e433>
 ColorRGBA faceColor;
 FLOAT power;
 ColorRGB specularColor;
 ColorRGB emissiveColor;
 [...]
}

template TextureFilename {
 <a42790e1-7810-11cf-8f52-0040333594a3>
 STRING filename;
}

template Frame {
 <3d82ab46-62da-11cf-ab39-0020af71e433>
 [...]
}

template Matrix4x4 {
 <f6f23f45-7686-11cf-8f52-0040333594a3>
 array FLOAT matrix[16];
}

template FrameTransformMatrix {
 <f6f23f41-7686-11cf-8f52-0040333594a3>
 Matrix4x4 frameMatrix;
}

template Vector {
 <3d82ab5e-62da-11cf-ab39-0020af71e433>
 FLOAT x;
 FLOAT y;
 FLOAT z;
}

template MeshFace {
 <3d82ab5f-62da-11cf-ab39-0020af71e433>
 DWORD nFaceVertexIndices;
 array DWORD faceVertexIndices[nFaceVertexIndices];
}

template Mesh {
 <3d82ab44-62da-11cf-ab39-0020af71e433>
 DWORD nVertices;
 array Vector vertices[nVertices];
 DWORD nFaces;
 array MeshFace faces[nFaces];
 [...]
}

template MeshMaterialList {
 <f6f23f42-7686-11cf-8f52-0040333594a3>
 DWORD nMaterials;
 DWORD nFaceIndexes;
 array DWORD faceIndexes[nFaceIndexes];
 [Material <3d82ab4d-62da-11cf-ab39-0020af71e433>]
}

template VertexElement {
 <f752461c-1e23-48f6-b9f8-8350850f336f>
 DWORD Type;
 DWORD Method;
 DWORD Usage;
 DWORD UsageIndex;
}

template DeclData {
 <bf22e553-292c-4781-9fea-62bd554bdd93>
 DWORD nElements;
 array VertexElement Elements[nElements];
 DWORD nDWords;
 array DWORD data[nDWords];
}

template XSkinMeshHeader {
 <3cf169ce-ff7c-44ab-93c0-f78f62d172e2>
 WORD nMaxSkinWeightsPerVertex;
 WORD nMaxSkinWeightsPerFace;
 WORD nBones;
}

template SkinWeights {
 <6f0d123b-bad2-4167-a0d0-80224f25fabb>
 STRING transformNodeName;
 DWORD nWeights;
 array DWORD vertexIndices[nWeights];
 array FLOAT weights[nWeights];
 Matrix4x4 matrixOffset;
}

template AnimTicksPerSecond {
 <9e415a43-7ba6-4a73-8743-b73d47e88476>
 DWORD AnimTicksPerSecond;
}

template Animation {
 <3d82ab4f-62da-11cf-ab39-0020af71e433>
 [...]
}

template AnimationSet {
 <3d82ab50-62da-11cf-ab39-0020af71e433>
 [Animation <3d82ab4f-62da-11cf-ab39-0020af71e433>]
}

template FloatKeys {
 <10dd46a9-775b-11cf-8f52-0040333594a3>
 DWORD nValues;
 array FLOAT values[nValues];
}

template TimedFloatKeys {
 <f406b180-7b3b-11cf-8f52-0040333594a3>
 DWORD time;
 FloatKeys tfkeys;
}

template AnimationKey {
 <10dd46a8-775b-11cf-8f52-0040333594a3>
 DWORD keyType;
 DWORD nKeys;
 array TimedFloatKeys keys[nKeys];
}


Material _02_-_Default {
 1.000000;1.000000;1.000000;1.000000;;
 9.999999;
 0.000000;0.000000;0.000000;;
 0.000000;0.000000;0.000000;;

 TextureFilename {
  "MaleBody_noTrans.png";
 }
}

Frame Dummy01 {
 

 FrameTransformMatrix {
  1.000000,0.000000,0.000000,0.000000,0.000000,-0.000000,-1.000000,0.000000,0.000000,1.000000,-0.000000,0.000000,0.000000,0.000000,0.000000,1.000000;;
 }

 Frame Bip01 {
  

  FrameTransformMatrix {
   -0.350990,0.933893,0.068190,0.000000,0.128445,-0.024117,0.991423,0.000000,0.927528,0.356738,-0.111489,0.000000,0.052197,-0.186614,1.100728,1.000000;;
  }

  Frame Bip01_Pelvis {
   

   FrameTransformMatrix {
    0.000000,1.000000,-0.000001,0.000000,-0.000001,0.000001,1.000000,0.000000,1.000000,-0.000000,0.000001,0.000000,0.000000,0.000000,0.000000,1.000000;;
   }

   Frame Bip01_Spine {
    

    FrameTransformMatrix {
     0.987051,-0.020769,0.159056,0.000000,0.032265,0.997022,-0.070037,0.000000,-0.157128,0.074262,0.984782,0.000000,0.051647,-0.000006,-0.000083,1.000000;;
    }

    Frame Bip01_Spine1 {
     

     FrameTransformMatrix {
      0.990570,-0.065463,0.120358,0.000000,0.060753,0.997252,0.042399,0.000000,-0.122803,-0.034687,0.991825,0.000000,0.106490,0.000003,-0.000084,1.000000;;
     }

     Frame Bip01_Neck {
      

      FrameTransformMatrix {
       0.903366,0.000001,0.428870,0.000000,-0.000001,1.000000,-0.000000,0.000000,-0.428870,-0.000000,0.903366,0.000000,0.130516,0.000000,0.004628,1.000000;;
      }

      Frame Bip01_Head {
       

       FrameTransformMatrix {
        0.900424,-0.158653,-0.405050,0.000000,-0.013927,0.920131,-0.391363,0.000000,0.434789,0.358033,0.826299,0.000000,0.033674,0.000000,0.000000,1.000000;;
       }

       Frame Bip01_HeadNub {
        

        FrameTransformMatrix {
         1.000000,0.000000,0.000000,0.000000,-0.000000,1.000000,0.000000,0.000000,-0.000000,0.000000,1.000000,0.000000,0.169824,0.000000,0.000000,1.000000;;
        }
       }
      }

      Frame Bip01_L_Clavicle {
       

       FrameTransformMatrix {
        0.279210,0.860929,-0.425256,0.000000,0.867966,-0.415703,-0.271710,0.000000,-0.410704,-0.293244,-0.863325,0.000000,-0.023698,0.015715,0.006128,1.000000;;
       }

       Frame Bip01_L_UpperArm {
        

        FrameTransformMatrix {
         0.730972,-0.681366,-0.037700,0.000000,0.599262,0.614500,0.513104,0.000000,-0.326445,-0.397657,0.857498,0.000000,0.087086,-0.000000,0.000000,1.000000;;
        }

        Frame Bip01_L_Forearm {
         

         FrameTransformMatrix {
          -0.660669,0.000000,-0.750677,0.000000,-0.000000,1.000000,0.000000,0.000000,0.750677,-0.000000,-0.660669,0.000000,0.137062,0.000000,0.000000,1.000000;;
         }

         Frame Bip01_L_Hand {
          

          FrameTransformMatrix {
           0.925220,-0.222375,-0.307438,0.000000,0.316948,0.007501,0.948414,0.000000,-0.208598,-0.974932,0.077421,0.000000,0.137062,0.000000,0.000000,1.000000;;
          }

          Frame Bip01_L_Finger0 {
           

           FrameTransformMatrix {
            0.829256,-0.514255,0.218807,0.000000,0.558537,0.749101,-0.356210,0.000000,0.019274,0.417601,0.908427,0.000000,0.057681,-0.023605,-0.000272,1.000000;;
           }

           Frame Bip01_L_Finger0Nub {
            

            FrameTransformMatrix {
             1.000000,0.000000,0.000000,0.000000,-0.000000,1.000000,-0.000000,0.000000,0.000000,0.000000,1.000000,0.000000,0.029435,-0.000000,0.000000,1.000000;;
            }
           }
          }

          Frame Bip01_L_Finger1 {
           

           FrameTransformMatrix {
            0.691168,-0.000575,0.722693,0.000000,-0.000000,1.000000,0.000796,0.000000,-0.722694,-0.000550,0.691168,0.000000,0.084102,0.000000,0.000000,1.000000;;
           }

           Frame Bip01_L_Finger1Nub {
            

            FrameTransformMatrix {
             1.000000,-0.000000,-0.000000,0.000000,0.000000,1.000000,0.000000,0.000000,0.000000,-0.000000,1.000000,0.000000,0.047988,0.000000,0.000000,1.000000;;
            }
           }
          }
         }
        }
       }
      }

      Frame Bip01_R_Clavicle {
       

       FrameTransformMatrix {
        0.038901,-0.999072,-0.018503,0.000000,-0.902186,-0.043078,0.429191,0.000000,-0.429589,-0.000002,-0.903024,0.000000,-0.023698,-0.015714,0.006128,1.000000;;
       }

       Frame Bip01_R_UpperArm {
        

        FrameTransformMatrix {
         0.437480,0.650981,-0.620351,0.000000,-0.879011,0.455048,-0.142374,0.000000,0.189607,0.607581,0.771294,0.000000,0.087086,0.000000,0.000000,1.000000;;
        }

        Frame Bip01_R_Forearm {
         

         FrameTransformMatrix {
          -0.216650,0.000000,-0.976249,0.000000,0.000000,1.000000,-0.000000,0.000000,0.976249,0.000000,-0.216650,0.000000,0.137062,0.000000,0.000000,1.000000;;
         }

         Frame Bip01_R_Hand {
          

          FrameTransformMatrix {
           0.829865,-0.314975,-0.460560,0.000000,-0.044188,0.785736,-0.616982,0.000000,0.556212,0.532363,0.638136,0.000000,0.137062,0.000000,0.000000,1.000000;;
          }

          Frame Bip01_R_Finger0 {
           

           FrameTransformMatrix {
            0.829256,0.514255,0.218807,0.000000,-0.558537,0.749101,0.356210,0.000000,0.019274,-0.417601,0.908427,0.000000,0.057681,0.023605,-0.000272,1.000000;;
           }

           Frame Bip01_R_Finger0Nub {
            

            FrameTransformMatrix {
             -1.000000,0.000000,-0.000000,0.000000,0.000000,1.000000,0.000000,0.000000,-0.000000,-0.000000,-1.000000,0.000000,0.029435,-0.000000,0.000000,1.000000;;
            }
           }
          }

          Frame Bip01_R_Finger1 {
           

           FrameTransformMatrix {
            0.834368,0.000439,0.551207,0.000000,-0.000000,1.000000,-0.000796,0.000000,-0.551207,0.000664,0.834368,0.000000,0.084102,0.000000,0.000000,1.000000;;
           }

           Frame Bip01_R_Finger1Nub {
            

            FrameTransformMatrix {
             -1.000000,-0.000000,0.000000,0.000000,-0.000000,1.000000,0.000000,0.000000,0.000000,0.000000,-1.000000,0.000000,0.047988,-0.000000,0.000000,1.000000;;
            }
           }
          }
         }
        }
       }
      }
     }

     Frame Bip01_BackPack {
      

      FrameTransformMatrix {
       0.060666,-0.032326,-0.997635,0.000000,-0.021305,0.999206,-0.033673,0.000000,0.997931,0.023298,0.059929,0.000000,0.063696,-0.000001,-0.088851,1.000000;;
      }

      Frame Bip01_BackPackNub {
       

       FrameTransformMatrix {
        0.000796,0.000003,1.000000,0.000000,0.000000,-1.000000,0.000003,0.000000,1.000000,-0.000000,-0.000796,0.000000,0.053240,-0.000000,0.000000,1.000000;;
       }
      }
     }
    }

    Frame Bip01_L_Thigh {
     

     FrameTransformMatrix {
      -0.801486,0.109776,0.587852,0.000000,-0.136388,-0.990655,-0.000957,0.000000,0.582253,-0.080943,0.808968,0.000000,-0.052112,0.053395,0.012299,1.000000;;
     }

     Frame Bip01_L_Calf {
      

      FrameTransformMatrix {
       0.788514,0.000000,-0.615016,0.000000,0.000000,1.000000,-0.000000,0.000000,0.615016,0.000000,0.788514,0.000000,0.237500,0.000000,0.000000,1.000000;;
      }

      Frame Bip01_L_Foot {
       

       FrameTransformMatrix {
        0.966059,-0.017664,0.257719,0.000000,-0.050024,0.965982,0.253726,0.000000,-0.253433,-0.258006,0.932311,0.000000,0.206841,0.000000,0.000000,1.000000;;
       }

       Frame Bip01_L_Toe0 {
        

        FrameTransformMatrix {
         -0.653130,-0.056896,0.755106,0.000000,-0.026694,0.998284,0.052130,0.000000,-0.756776,0.013891,-0.653528,0.000000,0.065373,0.000000,0.066450,1.000000;;
        }

        Frame Bip01_L_Toe0Nub {
         

         FrameTransformMatrix {
          -1.000000,-0.000000,0.000000,0.000000,-0.000000,1.000000,-0.000000,0.000000,-0.000000,-0.000000,-1.000000,0.000000,0.006735,-0.000000,0.000000,1.000000;;
         }
        }
       }
      }
     }
    }

    Frame Bip01_R_Thigh {
     

     FrameTransformMatrix {
      0.151468,-0.064167,0.986377,0.000000,0.042604,-0.996540,-0.071370,0.000000,0.987544,0.052834,-0.148210,0.000000,-0.049818,-0.056727,0.004097,1.000000;;
     }

     Frame Bip01_R_Calf {
      

      FrameTransformMatrix {
       -0.578530,0.000000,-0.815661,0.000000,-0.000000,1.000000,0.000000,0.000000,0.815661,-0.000000,-0.578530,0.000000,0.237500,0.000000,0.000000,1.000000;;
      }

      Frame Bip01_R_Foot {
       

       FrameTransformMatrix {
        0.656720,-0.030813,0.753504,0.000000,0.041386,0.999132,0.004787,0.000000,-0.752998,0.028041,0.657425,0.000000,0.206841,0.000000,0.000000,1.000000;;
       }

       Frame Bip01_R_Toe0 {
        

        FrameTransformMatrix {
         0.112240,-0.090836,0.989521,0.000000,0.024342,0.995766,0.088648,0.000000,-0.993383,0.014137,0.113976,0.000000,0.065373,-0.000000,0.066450,1.000000;;
        }

        Frame Bip01_R_Toe0Nub {
         

         FrameTransformMatrix {
          1.000000,0.000000,0.000000,0.000000,0.000000,1.000000,0.000000,0.000000,0.000000,-0.000000,1.000000,0.000000,0.006735,0.000000,0.000000,1.000000;;
         }
        }
       }
      }
     }
    }
   }

   Frame Bip01_DressFront {
    

    FrameTransformMatrix {
     -0.043829,0.103810,0.993631,0.000000,-0.221513,0.968821,-0.110988,0.000000,-0.974172,-0.224967,-0.019467,0.000000,0.004382,0.000181,0.082719,1.000000;;
    }

    Frame Bip01_DressFront02 {
     

     FrameTransformMatrix {
      -0.154044,0.396460,0.905036,0.000000,-0.334679,0.840886,-0.425324,0.000000,-0.929656,-0.368415,0.003153,0.000000,0.183447,0.000048,-0.000000,1.000000;;
     }

     Frame Bip01_DressFrontNub {
      

      FrameTransformMatrix {
       0.000796,0.000003,1.000000,0.000000,0.000000,-1.000000,0.000003,0.000000,1.000000,0.000000,-0.000796,0.000000,0.165302,0.000000,0.000000,1.000000;;
      }
     }
    }
   }

   Frame Bip01_DressBack {
    

    FrameTransformMatrix {
     -0.677491,0.030065,0.734917,0.000000,-0.219939,0.945169,-0.241419,0.000000,-0.701879,-0.325196,-0.633730,0.000000,-0.047634,0.000046,-0.078330,1.000000;;
    }

    Frame Bip01_DressBack02 {
     

     FrameTransformMatrix {
      0.651390,0.268287,0.709727,0.000000,0.101383,0.896234,-0.431839,0.000000,-0.751939,0.353251,0.556599,0.000000,0.176240,-0.000038,-0.000061,1.000000;;
     }

     Frame Bip01_DressBackNub {
      

      FrameTransformMatrix {
       0.000796,0.000003,1.000000,0.000000,0.000000,-1.000000,0.000003,0.000000,1.000000,0.000000,-0.000796,0.000000,0.136509,0.000000,-0.000000,1.000000;;
      }
     }
    }
   }
  }

  Frame Bip01_Prop1 {
   

   FrameTransformMatrix {
    0.745076,-0.589828,0.311393,0.000000,-0.317617,0.096771,0.943268,0.000000,-0.586500,-0.801710,-0.115237,0.000000,0.267579,0.280210,-0.124007,1.000000;;
   }
  }

  Frame Bip01_Prop2 {
   

   FrameTransformMatrix {
    1.000000,-0.000000,-0.000000,0.000000,0.000000,1.000000,0.000000,0.000000,-0.000000,-0.000000,1.000000,0.000000,0.109143,0.332743,0.156473,1.000000;;
   }
  }
 }
}

Frame Translation_Data {
 

 FrameTransformMatrix {
  1.000000,0.000000,0.000000,0.000000,0.000000,-0.000000,-1.000000,0.000000,0.000000,1.000000,-0.000000,0.000000,0.000000,-0.000000,0.000000,1.000000;;
 }
}

Frame Body {
 

 FrameTransformMatrix {
  1.000000,0.000000,0.000000,0.000000,0.000000,1.000000,0.000000,0.000000,0.000000,0.000000,1.000000,0.000000,0.000000,0.000000,0.000000,1.000000;;
 }

 Mesh Body {
  617;
  0.115410;1.377229;0.109054;,
  0.080714;1.349018;0.114744;,
  0.080335;1.380777;0.126577;,
  0.130034;1.356898;0.104771;,
  0.130225;1.322944;0.099491;,
  0.096059;1.281807;0.098474;,
  0.083121;1.315287;0.101511;,
  0.140720;1.287309;0.115119;,
  0.093091;1.407448;0.157243;,
  0.143511;1.390504;0.170264;,
  0.112926;1.404618;0.152076;,
  0.120784;1.392339;0.183013;,
  0.149438;1.137739;0.194234;,
  0.118892;1.150772;0.226623;,
  0.119050;1.136019;0.231598;,
  0.143086;1.150613;0.194389;,
  0.119297;1.154318;0.143868;,
  0.134091;1.125208;0.155802;,
  0.082413;1.154069;0.124685;,
  0.107406;1.106909;0.133640;,
  0.076112;1.100207;0.133962;,
  0.042635;1.281775;0.109209;,
  0.043616;1.317748;0.112408;,
  0.078588;1.153221;0.241264;,
  0.079440;1.136486;0.246272;,
  0.134215;1.258856;0.221401;,
  0.088525;1.303798;0.240602;,
  0.086164;1.263230;0.241334;,
  0.140874;1.302773;0.217646;,
  0.086471;1.075849;0.115166;,
  0.122635;0.980097;0.072837;,
  0.078702;0.994952;0.062605;,
  0.130153;1.059615;0.134132;,
  0.064843;0.905671;0.013122;,
  0.105340;0.893122;0.042440;,
  0.047163;1.068433;0.146027;,
  0.068931;0.943052;0.158139;,
  0.078866;1.033446;0.243049;,
  0.040856;0.980632;0.098382;,
  0.066060;0.882996;0.093709;,
  0.050498;0.891622;0.057072;,
  0.141977;0.948821;0.126157;,
  0.141011;1.020693;0.181070;,
  0.104761;0.886504;0.081288;,
  0.116033;0.618388;0.071634;,
  0.078907;0.610487;0.118445;,
  0.071055;0.617327;0.070750;,
  0.113691;0.611683;0.116513;,
  0.075231;0.839204;0.034492;,
  0.115219;0.766584;0.060373;,
  0.078535;0.765569;0.042101;,
  0.113989;0.840828;0.052105;,
  0.112158;0.687651;0.073759;,
  0.086576;0.687881;0.050453;,
  0.044065;0.821878;0.071002;,
  0.068197;0.775859;0.115232;,
  0.061173;0.841146;0.120426;,
  0.058267;0.764295;0.075209;,
  0.085252;0.697168;0.103459;,
  0.075238;0.678941;0.074286;,
  0.127183;0.775832;0.095828;,
  0.129350;0.850311;0.098132;,
  0.108366;0.702750;0.098028;,
  0.137858;1.095563;0.157756;,
  0.032903;1.097972;0.137311;,
  0.047163;1.068433;0.146027;,
  0.033387;1.062815;0.149556;,
  0.157863;1.086450;0.207759;,
  0.119721;1.089085;0.248010;,
  0.144528;1.034322;0.195359;,
  0.109973;1.037232;0.233868;,
  0.125898;1.208169;0.221811;,
  0.158638;1.253579;0.194965;,
  0.164272;1.256066;0.174747;,
  0.125723;1.204587;0.142246;,
  0.141432;1.254212;0.125929;,
  0.148385;1.204751;0.187811;,
  0.097677;1.250364;0.103262;,
  0.094772;1.200500;0.121981;,
  0.044701;1.255146;0.113758;,
  0.046728;1.199048;0.132989;,
  0.183816;1.423551;0.112255;,
  0.233739;1.415820;0.115830;,
  0.159618;1.378355;0.095902;,
  0.264102;1.348255;0.117018;,
  0.218984;1.363047;0.091597;,
  0.278033;1.391494;0.133789;,
  0.166189;1.350518;0.149696;,
  0.218984;1.363047;0.091597;,
  0.215207;1.336283;0.151887;,
  0.282573;1.331836;0.131076;,
  0.264102;1.348255;0.117018;,
  0.167053;1.355023;0.160058;,
  0.229699;1.389197;0.176257;,
  0.180621;1.396071;0.172115;,
  0.296687;1.374958;0.147543;,
  0.183308;1.418588;0.141772;,
  0.252230;1.401713;0.141153;,
  0.204994;1.385678;0.079303;,
  0.231504;1.351674;0.122000;,
  0.219253;1.416361;0.093536;,
  0.190958;1.404435;0.048439;,
  0.195210;1.429890;0.051787;,
  0.231504;1.351674;0.122000;,
  0.254825;1.384839;0.051195;,
  0.284081;1.341389;0.090302;,
  0.204994;1.385678;0.079303;,
  0.221448;1.408222;0.024633;,
  0.190958;1.404435;0.048439;,
  0.265615;1.408273;0.062531;,
  0.304426;1.391206;0.109415;,
  0.225042;1.425696;0.029271;,
  0.090621;1.410278;-0.013166;,
  0.145505;1.407232;-0.028502;,
  0.106505;1.401280;-0.000893;,
  0.129494;1.416071;-0.040191;,
  0.110523;1.415588;0.031637;,
  0.110407;1.431103;0.025335;,
  0.108003;1.420874;0.022070;,
  0.109608;1.424773;0.038771;,
  0.190985;1.402723;0.000345;,
  0.141454;1.423559;0.027872;,
  0.164160;1.419424;-0.019590;,
  0.162964;1.399777;0.041311;,
  0.159808;1.438780;-0.021705;,
  0.196731;1.439844;0.004868;,
  0.168298;1.437594;0.048325;,
  0.138647;1.442954;0.024338;,
  0.131609;1.429228;0.151466;,
  0.132698;1.427829;0.121698;,
  0.112926;1.404618;0.152076;,
  0.108334;1.400884;0.128377;,
  0.169953;1.302347;0.188974;,
  0.093710;1.395647;0.131128;,
  0.136916;1.408073;0.105038;,
  0.130034;1.356898;0.104771;,
  0.115410;1.377229;0.109054;,
  0.153803;1.394136;0.106533;,
  0.167769;1.347967;0.172301;,
  0.138643;1.342832;0.204617;,
  0.168474;1.352139;0.167587;,
  0.085608;1.339873;0.228213;,
  0.074955;1.388349;0.194399;,
  0.143511;1.390504;0.170264;,
  0.168474;1.352139;0.167587;,
  0.143801;1.328721;0.128634;,
  0.166688;1.348399;0.161215;,
  0.159618;1.378355;0.095902;,
  0.161597;1.294359;0.158908;,
  0.143899;1.286286;0.129560;,
  0.130225;1.322944;0.099491;,
  0.171768;1.299305;0.171511;,
  0.162964;1.399777;0.041311;,
  0.085231;1.423478;0.126851;,
  0.079520;1.431694;0.147212;,
  0.066966;1.411068;0.170725;,
  0.055555;1.434496;0.159074;,
  0.138647;1.442954;0.024338;,
  0.090621;1.410278;-0.013166;,
  0.129494;1.416071;-0.040191;,
  0.126725;1.405025;0.036554;,
  0.127591;1.429059;0.046177;,
  0.126725;1.405025;0.036554;,
  0.126122;1.416018;0.022568;,
  0.136363;1.437809;0.027671;,
  0.136363;1.437809;0.027671;,
  0.110523;1.415588;0.031637;,
  0.109608;1.424773;0.038771;,
  0.110407;1.431103;0.025335;,
  0.117681;0.650979;-0.001489;,
  0.085723;0.634950;-0.047385;,
  0.084285;0.652253;-0.037493;,
  0.123431;0.630807;-0.012022;,
  0.073722;0.644925;0.112928;,
  0.071055;0.617327;0.070750;,
  0.078907;0.610487;0.118445;,
  0.068888;0.642329;0.071906;,
  0.085252;0.697168;0.103459;,
  0.115082;0.649397;0.110854;,
  0.108366;0.702750;0.098028;,
  0.116033;0.618388;0.071634;,
  0.113691;0.611683;0.116513;,
  0.116120;0.653348;0.074169;,
  0.086576;0.687881;0.050453;,
  0.112158;0.687651;0.073759;,
  0.057466;0.646831;-0.026285;,
  0.051387;0.632288;-0.035382;,
  0.123431;0.630807;-0.012022;,
  0.051387;0.632288;-0.035382;,
  0.040856;0.980632;0.098382;,
  0.050498;0.891622;0.057072;,
  0.044065;0.821878;0.071002;,
  0.058267;0.764295;0.075209;,
  0.075238;0.678941;0.074286;,
  0.075238;0.678941;0.074286;,
  0.049495;1.046970;0.196389;,
  0.093322;1.430429;0.115320;,
  0.078347;1.415381;0.098784;,
  0.085754;1.423496;0.096474;,
  0.075397;1.413876;0.113670;,
  0.081769;1.449490;0.137258;,
  0.071899;1.459251;0.157002;,
  0.039352;1.558826;0.092352;,
  0.021823;1.544882;0.066257;,
  0.019149;1.559302;0.092258;,
  0.067134;1.492661;0.051135;,
  0.050790;1.487579;0.044828;,
  0.057723;1.520255;0.056856;,
  0.087400;1.444154;0.091274;,
  0.092880;1.458805;0.116579;,
  0.089431;1.441913;0.123186;,
  0.086748;1.494674;0.130708;,
  0.085314;1.502522;0.107505;,
  0.069336;1.531187;0.072365;,
  0.077164;1.537666;0.098382;,
  0.082236;1.494976;0.081503;,
  0.083316;1.499314;0.146490;,
  0.070906;1.506941;0.166137;,
  0.032345;1.500920;0.177650;,
  0.055372;1.549941;0.149950;,
  0.022745;1.546071;0.160364;,
  0.087314;1.473061;0.084582;,
  0.080292;1.431610;0.078485;,
  0.074376;1.463020;0.062019;,
  0.071143;1.403621;0.069216;,
  0.053096;1.395345;0.081562;,
  0.052821;1.395407;0.060422;,
  0.049324;1.539015;0.063918;,
  0.060713;1.552836;0.093442;,
  0.070868;1.548697;0.131206;,
  0.054138;1.562069;0.121048;,
  0.036102;1.564513;0.127108;,
  0.018758;1.563403;0.129432;,
  0.040254;1.462383;0.169489;,
  0.070868;1.548697;0.131206;,
  0.054138;1.562069;0.121048;,
  0.098459;1.462653;0.115629;,
  0.094383;1.509747;0.121186;,
  0.103154;1.492999;0.130989;,
  0.091244;1.489691;0.117893;,
  0.103154;1.492999;0.130989;,
  0.098459;1.462653;0.115629;,
  0.094383;1.509747;0.121186;,
  0.085314;1.502522;0.107505;,
  0.090794;1.478378;0.102987;,
  0.092880;1.458805;0.116579;,
  0.069559;1.484657;0.060014;,
  0.090794;1.478378;0.102987;,
  0.093710;1.395647;0.131128;,
  0.085231;1.423478;0.126851;,
  0.108334;1.400884;0.128377;,
  0.081769;1.449490;0.137258;,
  0.047912;1.367680;0.120346;,
  0.046562;1.343999;0.118506;,
  0.040401;1.156627;0.136173;,
  0.080321;1.091174;0.262724;,
  0.074866;1.057507;0.259061;,
  0.064021;1.022146;0.231955;,
  0.047686;1.392012;0.102327;,
  0.049495;1.046970;0.196389;,
  0.036102;1.564513;0.127108;,
  0.018758;1.563403;0.129432;,
  0.065346;1.434066;0.061262;,
  0.053371;1.454118;0.052527;,
  0.055527;1.444723;0.053084;,
  0.023816;1.534611;0.054833;,
  0.028331;1.512221;0.043622;,
  0.050522;1.479224;0.054809;,
  0.081518;1.211101;0.238510;,
  0.108334;1.400884;0.128377;,
  0.085723;0.634950;-0.047385;,
  0.059047;1.423420;0.055376;,
  0.066103;1.427544;0.062047;,
  0.057870;1.428368;0.058579;,
  0.043244;1.440758;0.048334;,
  0.041548;1.448320;0.038302;,
  0.056843;1.431759;0.053468;,
  0.046383;1.426244;0.058182;,
  0.047787;1.419176;0.052922;,
  0.034446;1.482497;0.038522;,
  0.036343;1.473646;0.043159;,
  0.166688;1.348399;0.161215;,
  0.045663;1.429212;0.049878;,
  0.143175;1.331464;0.143899;,
  0.143801;1.328721;0.128634;,
  0.130225;1.322944;0.099491;,
  0.083316;1.499314;0.146490;,
  0.075231;0.839204;0.034492;,
  0.031576;0.879214;0.004930;,
  0.015218;0.954398;-0.005637;,
  0.078535;0.765569;0.042101;,
  0.064843;0.905671;0.013122;,
  0.013184;0.990027;-0.017840;,
  0.078702;0.994952;0.062605;,
  0.019084;1.040954;0.050664;,
  0.086471;1.075849;0.115166;,
  0.032310;1.089156;0.110366;,
  0.076112;1.100207;0.133962;,
  0.037762;0.807195;0.010829;,
  0.086576;0.687881;0.050453;,
  0.076915;0.772345;0.136251;,
  0.022181;0.777358;0.144915;,
  0.082644;0.702396;0.139308;,
  0.022729;0.849013;0.135770;,
  0.019836;0.919914;0.117167;,
  0.069621;0.840538;0.132362;,
  0.020362;0.977852;0.112449;,
  0.068103;0.874885;0.122498;,
  0.072241;0.936130;0.170982;,
  0.038968;0.985466;0.173315;,
  0.067477;1.035232;0.247201;,
  0.143175;1.331464;0.143899;,
  -0.014596;1.366002;0.148692;,
  0.018057;1.350853;0.137113;,
  -0.026125;1.345581;0.152770;,
  0.027487;1.382325;0.145444;,
  -0.030176;1.326938;0.157087;,
  -0.005913;1.286125;0.133669;,
  -0.030434;1.294555;0.174192;,
  0.006073;1.317543;0.129018;,
  0.038423;1.409049;0.176760;,
  0.001823;1.390996;0.220226;,
  0.032552;1.394923;0.214513;,
  0.001963;1.395266;0.189467;,
  -0.005180;1.156324;0.253702;,
  0.038838;1.159868;0.256087;,
  0.000252;1.166843;0.246960;,
  0.041089;1.145390;0.261583;,
  -0.013659;1.169425;0.192803;,
  -0.022145;1.143988;0.215892;,
  0.001379;1.163276;0.154510;,
  -0.020376;1.122781;0.186290;,
  0.000012;1.109355;0.163232;,
  0.078588;1.153221;0.241264;,
  0.079440;1.136486;0.246272;,
  0.035569;1.264661;0.253968;,
  0.088525;1.303798;0.240602;,
  0.033270;1.307328;0.254785;,
  0.086164;1.263230;0.241334;,
  -0.009639;1.134695;0.168638;,
  -0.084578;1.133858;0.086827;,
  -0.044158;1.110096;0.185292;,
  -0.044321;1.156807;0.076426;,
  -0.084105;1.137995;-0.029395;,
  -0.107747;1.125126;-0.004435;,
  0.035306;1.122504;0.152820;,
  -0.020462;1.051193;0.062568;,
  -0.003478;1.125213;0.060585;,
  0.056410;1.036145;0.251686;,
  -0.054429;1.105238;-0.008448;,
  -0.055346;1.118958;-0.025249;,
  -0.093951;1.069779;0.087980;,
  -0.043287;1.059005;0.191083;,
  -0.092019;1.111305;0.006151;,
  -0.090786;0.882209;0.094685;,
  -0.039296;0.865017;0.120863;,
  -0.071608;0.868398;0.133493;,
  -0.050289;0.878849;0.075353;,
  -0.085082;1.069263;-0.006170;,
  -0.093335;1.020917;0.065504;,
  -0.103689;1.085120;0.028721;,
  -0.076787;1.005802;0.031176;,
  -0.077090;0.951734;0.104901;,
  -0.068954;0.944226;0.073022;,
  -0.036525;1.060368;0.006771;,
  -0.023092;1.039594;0.070367;,
  -0.040051;1.012500;0.041863;,
  -0.019699;1.099356;0.042876;,
  -0.038476;0.962895;0.109906;,
  -0.045686;0.939271;0.087773;,
  -0.080658;1.044666;0.093090;,
  -0.086896;1.113623;0.065463;,
  -0.060726;0.969860;0.117628;,
  -0.029698;1.115704;0.222200;,
  0.035306;1.122504;0.152820;,
  -0.012908;1.106976;0.273439;,
  0.041760;1.098456;0.277995;,
  -0.029751;1.060581;0.227193;,
  0.021053;1.048708;0.236457;,
  0.035899;1.214958;0.251138;,
  -0.000026;1.262916;0.247346;,
  -0.016157;1.266684;0.234313;,
  -0.010474;1.214860;0.186627;,
  -0.002251;1.216113;0.236897;,
  -0.026729;1.264108;0.181446;,
  -0.005407;1.256430;0.137294;,
  0.002055;1.207494;0.152194;,
  -0.073551;1.372978;0.157863;,
  -0.025451;1.353006;0.144331;,
  -0.109529;1.338582;0.148512;,
  -0.093686;1.271592;0.131585;,
  -0.132522;1.294964;0.148786;,
  -0.063369;1.308914;0.124450;,
  -0.022807;1.315766;0.192477;,
  -0.054072;1.276883;0.181486;,
  -0.063369;1.308914;0.124450;,
  -0.101519;1.238219;0.150198;,
  -0.093686;1.271592;0.131585;,
  -0.027705;1.316807;0.202643;,
  -0.100124;1.306781;0.205755;,
  -0.064239;1.340136;0.214283;,
  -0.140392;1.261398;0.167133;,
  -0.074798;1.363155;0.186114;,
  -0.124926;1.315583;0.148695;,
  -0.087557;1.324883;0.079191;,
  -0.117439;1.339678;0.094540;,
  -0.077507;1.290483;0.128157;,
  -0.094757;1.340623;0.037723;,
  -0.113887;1.357266;0.047880;,
  -0.077507;1.290483;0.128157;,
  -0.125340;1.285392;0.062252;,
  -0.087557;1.324883;0.079191;,
  -0.111426;1.241474;0.108241;,
  -0.126183;1.323807;0.029070;,
  -0.094757;1.340623;0.037723;,
  -0.148036;1.296844;0.074409;,
  -0.158463;1.266566;0.128749;,
  -0.135691;1.331100;0.033594;,
  -0.083804;1.449339;-0.026924;,
  -0.127947;1.413172;-0.026760;,
  -0.129193;1.434784;-0.025175;,
  -0.081998;1.427470;-0.028469;,
  -0.062259;1.409770;-0.001240;,
  -0.069837;1.420876;0.008744;,
  -0.057832;1.412112;0.009297;,
  -0.069066;1.418652;-0.002005;,
  -0.133118;1.358831;0.000458;,
  -0.085424;1.393341;0.013856;,
  -0.083870;1.359234;0.007283;,
  -0.135188;1.395922;-0.003524;,
  -0.137641;1.410251;0.010141;,
  -0.139768;1.372315;0.035177;,
  -0.088468;1.372273;0.043567;,
  -0.089920;1.407207;0.027421;,
  -0.025224;1.402064;0.196789;,
  -0.039217;1.399258;0.170577;,
  0.001963;1.395266;0.189467;,
  -0.004935;1.389777;0.163787;,
  -0.007153;1.309845;0.250101;,
  0.020805;1.397782;0.157155;,
  -0.042843;1.378911;0.154563;,
  -0.026125;1.345581;0.152770;,
  -0.044421;1.361981;0.160093;,
  -0.014596;1.366002;0.148692;,
  -0.013796;1.350340;0.236626;,
  -0.017672;1.353799;0.233052;,
  0.029856;1.346018;0.243455;,
  0.085608;1.339873;0.228213;,
  0.074955;1.388349;0.194399;,
  0.001823;1.390996;0.220226;,
  -0.017672;1.353799;0.233052;,
  -0.022207;1.326343;0.185001;,
  -0.025451;1.353006;0.144331;,
  -0.021588;1.345755;0.225534;,
  -0.019548;1.302029;0.221429;,
  -0.024170;1.293402;0.187568;,
  -0.030176;1.326938;0.157087;,
  -0.019479;1.307402;0.237519;,
  -0.083870;1.359234;0.007283;,
  0.017759;1.418098;0.140251;,
  0.029603;1.427714;0.157126;,
  0.066966;1.411068;0.170725;,
  0.055555;1.434496;0.159074;,
  -0.089920;1.407207;0.027421;,
  -0.083804;1.449339;-0.026924;,
  -0.129193;1.434784;-0.025175;,
  -0.066429;1.390292;-0.002445;,
  -0.063822;1.398098;0.022116;,
  -0.066429;1.390292;-0.002445;,
  -0.078840;1.402781;0.000159;,
  -0.085031;1.404647;0.023906;,
  -0.085031;1.404647;0.023906;,
  -0.062259;1.409770;-0.001240;,
  -0.057832;1.412112;0.009297;,
  -0.069837;1.420876;0.008744;,
  -0.117592;0.925956;0.033208;,
  -0.108517;0.915641;-0.023325;,
  -0.129303;0.908040;0.023577;,
  -0.101315;0.931065;-0.012859;,
  -0.032843;0.899559;0.117950;,
  -0.050289;0.878849;0.075353;,
  -0.045012;0.903201;0.078560;,
  -0.039296;0.865017;0.120863;,
  -0.038476;0.962895;0.109906;,
  -0.070830;0.906551;0.133543;,
  -0.060726;0.969860;0.117628;,
  -0.090786;0.882209;0.094685;,
  -0.085882;0.916284;0.101275;,
  -0.071608;0.868398;0.133493;,
  -0.068954;0.944226;0.073022;,
  -0.077090;0.951734;0.104901;,
  -0.073056;0.922490;-0.014357;,
  -0.072784;0.909253;-0.026843;,
  -0.129303;0.908040;0.023577;,
  -0.072784;0.909253;-0.026843;,
  -0.003478;1.125213;0.060585;,
  -0.055346;1.118958;-0.025249;,
  -0.036525;1.060368;0.006771;,
  -0.040051;1.012500;0.041863;,
  -0.045686;0.939271;0.087773;,
  -0.045686;0.939271;0.087773;,
  0.003039;1.411663;0.116442;,
  0.022371;1.403746;0.099479;,
  0.023132;1.409709;0.124050;,
  0.012292;1.408226;0.097387;,
  0.006560;1.433857;0.138193;,
  0.012190;1.446840;0.157744;,
  0.000817;1.550816;0.092831;,
  0.019149;1.559302;0.092258;,
  0.000725;1.478857;0.051960;,
  -0.001504;1.507944;0.057592;,
  0.017586;1.480677;0.045241;,
  0.002427;1.426491;0.092329;,
  -0.007832;1.437871;0.117830;,
  0.002219;1.423785;0.124270;,
  -0.016165;1.473283;0.131987;,
  -0.018530;1.480937;0.108795;,
  -0.016138;1.513420;0.073427;,
  -0.013320;1.475114;0.082690;,
  -0.025278;1.516372;0.099655;,
  -0.014491;1.478984;0.147705;,
  -0.005684;1.491021;0.167088;,
  0.032345;1.500920;0.177650;,
  -0.008960;1.536568;0.150749;,
  0.022745;1.546071;0.160364;,
  -0.009171;1.453006;0.085781;,
  0.006155;1.448839;0.062866;,
  0.013639;1.417755;0.079313;,
  0.032958;1.395684;0.069690;,
  -0.001110;1.528532;0.064545;,
  -0.016356;1.536816;0.094400;,
  -0.023119;1.529161;0.132374;,
  -0.013349;1.548040;0.121886;,
  0.018758;1.563403;0.129432;,
  0.002359;1.557499;0.127527;,
  0.040254;1.462383;0.169489;,
  -0.023119;1.529161;0.132374;,
  -0.013349;1.548040;0.121886;,
  -0.014503;1.439172;0.117033;,
  -0.029398;1.484017;0.122723;,
  -0.018607;1.466857;0.119258;,
  -0.030533;1.465210;0.132650;,
  -0.030533;1.465210;0.132650;,
  -0.014503;1.439172;0.117033;,
  -0.029398;1.484017;0.122723;,
  -0.018530;1.480937;0.108795;,
  -0.014042;1.456587;0.104289;,
  -0.007832;1.437871;0.117830;,
  0.001903;1.470594;0.060855;,
  -0.014042;1.456587;0.104289;,
  0.020805;1.397782;0.157155;,
  0.017759;1.418098;0.140251;,
  -0.004935;1.389777;0.163787;,
  0.006560;1.433857;0.138193;,
  0.080321;1.091174;0.262724;,
  0.074866;1.057507;0.259061;,
  0.064021;1.022146;0.231955;,
  0.049495;1.046970;0.196389;,
  0.002359;1.557499;0.127527;,
  0.018758;1.563403;0.129432;,
  0.025953;1.425877;0.061751;,
  0.028735;1.448997;0.052833;,
  0.030515;1.439525;0.053395;,
  0.021398;1.473170;0.055171;,
  0.081518;1.211101;0.238510;,
  -0.004935;1.389777;0.163787;,
  -0.108517;0.915641;-0.023325;,
  0.027876;1.419598;0.062522;,
  0.035830;1.418595;0.055664;,
  0.035015;1.423617;0.058863;,
  0.034483;1.427111;0.053746;,
  -0.021588;1.345755;0.225534;,
  -0.011968;1.330802;0.198296;,
  -0.022207;1.326343;0.185001;,
  -0.030176;1.326938;0.157087;,
  -0.014491;1.478984;0.147705;,
  -0.050419;1.057564;-0.046989;,
  -0.012754;0.942788;-0.018451;,
  -0.050749;0.986434;-0.020345;,
  -0.019188;1.018673;-0.030636;,
  -0.046706;1.137464;-0.042577;,
  -0.017661;1.093397;-0.037286;,
  -0.005925;1.135239;0.047957;,
  0.002583;1.097451;0.035897;,
  0.025752;1.134831;0.131498;,
  0.024842;1.110791;0.111837;,
  0.032903;1.097972;0.137311;,
  0.000012;1.109355;0.163232;,
  -0.007499;0.877531;-0.011785;,
  -0.045977;0.918083;-0.000176;,
  -0.005512;0.954326;0.132212;,
  -0.080658;1.044666;0.093090;,
  -0.060713;0.969860;0.117624;,
  -0.013652;1.020683;0.099081;,
  -0.086896;1.113623;0.065463;,
  -0.021410;1.103525;0.059620;,
  -0.044194;1.094623;0.002400;,
  -0.092019;1.111305;0.006151;,
  -0.093951;1.069779;0.087980;,
  -0.021801;1.033752;0.061945;,
  0.074866;1.057507;0.259061;,
  0.021053;1.048708;0.236457;,
  -0.011968;1.330802;0.198296;,
  -0.009639;1.134695;0.168638;,
  -0.044321;1.156807;0.076426;,
  -0.084105;1.137995;-0.029395;,
  -0.085082;1.069263;-0.006170;,
  -0.076787;1.005802;0.031176;,
  -0.068954;0.944226;0.073022;,
  0.141977;0.948821;0.126157;,
  0.109973;1.037232;0.233868;,
  0.141011;1.020693;0.181070;,
  0.104761;0.886504;0.081288;,
  0.129350;0.850311;0.098132;,
  0.127183;0.775832;0.095828;,
  0.108366;0.702750;0.098028;,
  -0.043287;1.059005;0.191083;;
  916;
  3;0,1,2;,
  3;1,0,3;,
  3;4,5,6;,
  3;5,4,7;,
  3;8,9,10;,
  3;9,8,11;,
  3;12,13,14;,
  3;13,12,15;,
  3;16,12,17;,
  3;12,16,15;,
  3;18,19,20;,
  3;19,18,16;,
  3;6,21,22;,
  3;21,6,5;,
  3;14,23,24;,
  3;23,14,13;,
  3;25,26,27;,
  3;26,25,28;,
  3;29,30,31;,
  3;30,29,32;,
  3;30,33,31;,
  3;33,30,34;,
  3;35,36,37;,
  3;36,35,38;,
  3;38,39,36;,
  3;39,38,40;,
  3;37,41,42;,
  3;41,37,36;,
  3;36,43,41;,
  3;43,36,39;,
  3;42,30,32;,
  3;30,42,41;,
  3;41,34,30;,
  3;34,41,43;,
  3;44,45,46;,
  3;45,44,47;,
  3;48,49,50;,
  3;49,48,51;,
  3;50,52,53;,
  3;52,50,49;,
  3;54,55,56;,
  3;55,54,57;,
  3;57,58,55;,
  3;58,57,59;,
  3;56,60,61;,
  3;60,56,55;,
  3;55,62,60;,
  3;62,55,58;,
  3;61,49,51;,
  3;49,61,60;,
  3;60,52,49;,
  3;52,60,62;,
  3;32,19,63;,
  3;19,32,29;,
  3;64,65,66;,
  3;65,64,20;,
  3;14,67,12;,
  3;67,14,68;,
  3;68,69,67;,
  3;69,68,70;,
  3;70,42,69;,
  3;42,70,37;,
  3;48,34,51;,
  3;34,48,33;,
  3;51,43,61;,
  3;43,51,34;,
  3;43,56,61;,
  3;56,43,39;,
  3;39,54,56;,
  3;54,39,40;,
  3;12,63,17;,
  3;63,12,67;,
  3;67,32,63;,
  3;32,67,69;,
  3;69,42,32;,
  3;71,72,25;,
  3;73,74,75;,
  3;74,73,76;,
  3;74,77,75;,
  3;77,74,78;,
  3;79,78,80;,
  3;78,79,77;,
  3;81,82,83;,
  3;82,84,85;,
  3;84,82,86;,
  3;87,88,89;,
  3;88,90,89;,
  3;90,88,91;,
  3;92,93,94;,
  3;92,89,93;,
  3;92,87,89;,
  3;89,95,93;,
  3;95,89,90;,
  3;96,93,82;,
  3;93,86,82;,
  3;86,93,95;,
  3;97,98,99;,
  3;98,97,100;,
  3;100,101,98;,
  3;101,100,102;,
  3;103,104,105;,
  3;104,103,106;,
  3;106,107,104;,
  3;107,106,108;,
  3;105,109,110;,
  3;109,105,104;,
  3;104,111,109;,
  3;111,104,107;,
  3;110,100,97;,
  3;100,110,109;,
  3;109,102,100;,
  3;102,109,111;,
  3;112,113,114;,
  3;113,112,115;,
  3;116,117,118;,
  3;117,116,119;,
  3;120,121,122;,
  3;121,120,123;,
  3;120,124,125;,
  3;124,120,122;,
  3;126,124,127;,
  3;124,126,125;,
  3;95,97,86;,
  3;97,95,110;,
  3;86,99,84;,
  3;99,86,97;,
  3;90,103,105;,
  3;103,90,91;,
  3;105,95,90;,
  3;95,105,110;,
  3;128,96,129;,
  3;96,128,94;,
  3;129,130,128;,
  3;130,129,131;,
  3;72,28,25;,
  3;28,72,132;,
  3;10,133,8;,
  3;134,135,136;,
  3;135,134,137;,
  3;81,137,134;,
  3;138,11,139;,
  3;138,9,11;,
  3;138,140,9;,
  3;141,11,142;,
  3;11,141,139;,
  3;128,130,143;,
  3;94,144,92;,
  3;94,143,144;,
  3;94,128,143;,
  3;145,87,146;,
  3;87,145,147;,
  3;75,148,73;,
  3;148,75,149;,
  3;150,147,145;,
  3;7,149,75;,
  3;148,151,73;,
  3;102,152,101;,
  3;152,102,126;,
  3;102,125,126;,
  3;125,102,111;,
  3;111,120,125;,
  3;120,111,107;,
  3;120,108,123;,
  3;108,120,107;,
  3;8,153,154;,
  3;153,8,133;,
  3;154,155,8;,
  3;155,154,156;,
  3;122,114,113;,
  3;114,122,121;,
  3;121,112,114;,
  3;112,121,157;,
  3;158,124,159;,
  3;124,158,127;,
  3;159,122,113;,
  3;122,159,124;,
  3;126,160,152;,
  3;160,126,161;,
  3;162,121,123;,
  3;121,162,163;,
  3;121,164,157;,
  3;164,121,163;,
  3;165,126,127;,
  3;126,165,161;,
  3;161,166,160;,
  3;166,161,167;,
  3;162,118,163;,
  3;118,162,116;,
  3;163,117,164;,
  3;117,163,118;,
  3;165,167,161;,
  3;167,165,168;,
  3;169,170,171;,
  3;170,169,172;,
  3;173,174,175;,
  3;174,173,176;,
  3;177,178,179;,
  3;178,177,173;,
  3;180,178,181;,
  3;178,180,182;,
  3;183,169,171;,
  3;169,183,184;,
  3;174,185,186;,
  3;185,174,176;,
  3;46,187,44;,
  3;187,46,188;,
  3;180,169,182;,
  3;169,180,172;,
  3;20,29,65;,
  3;19,29,20;,
  3;29,31,189;,
  3;31,190,189;,
  3;190,31,33;,
  3;33,191,190;,
  3;191,33,48;,
  3;191,50,192;,
  3;50,191,48;,
  3;192,53,193;,
  3;53,192,50;,
  3;194,171,185;,
  3;171,194,183;,
  3;171,186,185;,
  3;186,171,170;,
  3;185,176,194;,
  3;194,173,177;,
  3;173,194,176;,
  3;178,175,181;,
  3;175,178,173;,
  3;179,182,184;,
  3;182,179,178;,
  3;182,169,184;,
  3;16,17,19;,
  3;17,63,19;,
  3;65,195,66;,
  3;196,197,198;,
  3;197,196,199;,
  3;200,154,153;,
  3;154,200,201;,
  3;202,203,204;,
  3;205,206,207;,
  3;196,208,209;,
  3;208,196,198;,
  3;210,209,211;,
  3;209,210,196;,
  3;212,213,214;,
  3;213,212,215;,
  3;212,214,211;,
  3;201,216,217;,
  3;216,201,200;,
  3;218,219,220;,
  3;219,218,217;,
  3;210,199,196;,
  3;213,205,207;,
  3;221,222,223;,
  3;198,197,224;,
  3;224,225,226;,
  3;225,224,197;,
  3;227,213,207;,
  3;228,229,214;,
  3;229,228,230;,
  3;220,231,232;,
  3;213,228,214;,
  3;156,201,233;,
  3;201,156,154;,
  3;233,217,218;,
  3;217,233,201;,
  3;219,217,234;,
  3;235,219,234;,
  3;236,237,238;,
  3;237,236,239;,
  3;209,240,211;,
  3;240,209,241;,
  3;211,242,212;,
  3;242,211,240;,
  3;243,239,244;,
  3;239,243,237;,
  3;244,236,245;,
  3;236,244,239;,
  3;246,221,223;,
  3;221,246,215;,
  3;221,212,247;,
  3;212,221,215;,
  3;199,248,2;,
  3;248,199,249;,
  3;133,10,250;,
  3;249,210,251;,
  3;210,249,199;,
  3;210,211,251;,
  3;252,1,253;,
  3;1,252,2;,
  3;20,254,18;,
  3;254,20,64;,
  3;24,68,14;,
  3;68,24,255;,
  3;68,256,70;,
  3;256,68,255;,
  3;256,37,70;,
  3;37,256,257;,
  3;258,2,252;,
  3;2,258,199;,
  3;257,259,37;,
  3;37,259,35;,
  3;260,204,261;,
  3;204,260,202;,
  3;262,263,223;,
  3;263,262,264;,
  3;197,258,225;,
  3;258,197,199;,
  3;265,203,227;,
  3;265,207,266;,
  3;207,265,227;,
  3;223,267,246;,
  3;267,223,263;,
  3;88,87,147;,
  3;83,82,85;,
  3;78,16,18;,
  3;16,78,74;,
  3;74,15,16;,
  3;15,74,76;,
  3;15,71,13;,
  3;71,15,76;,
  3;13,268,23;,
  3;268,13,71;,
  3;248,269,2;,
  3;2,269,0;,
  3;136,129,134;,
  3;129,136,131;,
  3;134,96,81;,
  3;96,134,129;,
  3;96,82,81;,
  3;93,96,94;,
  3;29,189,65;,
  3;205,215,246;,
  3;267,205,246;,
  3;205,267,206;,
  3;205,213,215;,
  3;187,188,270;,
  3;224,271,272;,
  3;222,221,208;,
  3;224,222,198;,
  3;272,273,262;,
  3;273,272,271;,
  3;263,274,275;,
  3;273,276,262;,
  3;277,271,278;,
  3;271,277,273;,
  3;222,272,262;,
  3;272,222,224;,
  3;222,208,198;,
  3;209,221,247;,
  3;221,209,208;,
  3;223,222,262;,
  3;266,206,279;,
  3;206,266,207;,
  3;206,280,279;,
  3;280,206,267;,
  3;280,263,275;,
  3;263,280,267;,
  3;264,262,276;,
  3;76,73,72;,
  3;138,281,140;,
  3;73,132,72;,
  3;132,73,151;,
  3;72,71,76;,
  3;271,226,278;,
  3;155,11,8;,
  3;276,277,282;,
  3;277,276,273;,
  3;274,276,282;,
  3;276,274,264;,
  3;28,141,26;,
  3;141,28,139;,
  3;139,132,138;,
  3;132,139,28;,
  3;132,281,138;,
  3;281,132,151;,
  3;281,148,283;,
  3;148,281,151;,
  3;283,149,284;,
  3;149,283,148;,
  3;7,284,149;,
  3;284,7,4;,
  3;5,79,21;,
  3;79,5,77;,
  3;77,7,75;,
  3;7,77,5;,
  3;6,3,4;,
  3;3,6,1;,
  3;285,137,83;,
  3;137,285,135;,
  3;137,81,83;,
  3;92,146,87;,
  3;146,92,144;,
  3;1,22,253;,
  3;22,1,6;,
