xof 0303txt 0032
template ColorRGBA {
 <35ff44e0-6c7c-11cf-8f52-0040333594a3>
 FLOAT red;
 FLOAT green;
 FLOAT blue;
 FLOAT alpha;
}

template ColorRGB {
 <d3e16e81-7835-11cf-8f52-0040333594a3>
 FLOAT red;
 FLOAT green;
 FLOAT blue;
}

template Material {
 <3d82ab4d-62da-11cf-ab39-0020af71e433>
 ColorRGBA faceColor;
 FLOAT power;
 ColorRGB specularColor;
 ColorRGB emissiveColor;
 [...]
}

template TextureFilename {
 <a42790e1-7810-11cf-8f52-0040333594a3>
 STRING filename;
}

template Frame {
 <3d82ab46-62da-11cf-ab39-0020af71e433>
 [...]
}

template Matrix4x4 {
 <f6f23f45-7686-11cf-8f52-0040333594a3>
 array FLOAT matrix[16];
}

template FrameTransformMatrix {
 <f6f23f41-7686-11cf-8f52-0040333594a3>
 Matrix4x4 frameMatrix;
}

template Vector {
 <3d82ab5e-62da-11cf-ab39-0020af71e433>
 FLOAT x;
 FLOAT y;
 FLOAT z;
}

template MeshFace {
 <3d82ab5f-62da-11cf-ab39-0020af71e433>
 DWORD nFaceVertexIndices;
 array DWORD faceVertexIndices[nFaceVertexIndices];
}

template Mesh {
 <3d82ab44-62da-11cf-ab39-0020af71e433>
 DWORD nVertices;
 array Vector vertices[nVertices];
 DWORD nFaces;
 array MeshFace faces[nFaces];
 [...]
}

template MeshMaterialList {
 <f6f23f42-7686-11cf-8f52-0040333594a3>
 DWORD nMaterials;
 DWORD nFaceIndexes;
 array DWORD faceIndexes[nFaceIndexes];
 [Material <3d82ab4d-62da-11cf-ab39-0020af71e433>]
}

template VertexElement {
 <f752461c-1e23-48f6-b9f8-8350850f336f>
 DWORD Type;
 DWORD Method;
 DWORD Usage;
 DWORD UsageIndex;
}

template DeclData {
 <bf22e553-292c-4781-9fea-62bd554bdd93>
 DWORD nElements;
 array VertexElement Elements[nElements];
 DWORD nDWords;
 array DWORD data[nDWords];
}

template XSkinMeshHeader {
 <3cf169ce-ff7c-44ab-93c0-f78f62d172e2>
 WORD nMaxSkinWeightsPerVertex;
 WORD nMaxSkinWeightsPerFace;
 WORD nBones;
}

template SkinWeights {
 <6f0d123b-bad2-4167-a0d0-80224f25fabb>
 STRING transformNodeName;
 DWORD nWeights;
 array DWORD vertexIndices[nWeights];
 array FLOAT weights[nWeights];
 Matrix4x4 matrixOffset;
}

template AnimTicksPerSecond {
 <9e415a43-7ba6-4a73-8743-b73d47e88476>
 DWORD AnimTicksPerSecond;
}

template Animation {
 <3d82ab4f-62da-11cf-ab39-0020af71e433>
 [...]
}

template AnimationSet {
 <3d82ab50-62da-11cf-ab39-0020af71e433>
 [Animation <3d82ab4f-62da-11cf-ab39-0020af71e433>]
}

template FloatKeys {
 <10dd46a9-775b-11cf-8f52-0040333594a3>
 DWORD nValues;
 array FLOAT values[nValues];
}

template TimedFloatKeys {
 <f406b180-7b3b-11cf-8f52-0040333594a3>
 DWORD time;
 FloatKeys tfkeys;
}

template AnimationKey {
 <10dd46a8-775b-11cf-8f52-0040333594a3>
 DWORD keyType;
 DWORD nKeys;
 array TimedFloatKeys keys[nKeys];
}


Material _03_-_Default {
 1.000000;1.000000;1.000000;1.000000;;
 9.999999;
 0.000000;0.000000;0.000000;;
 0.000000;0.000000;0.000000;;

 TextureFilename {
  "MaleBody_full.png";
 }
}

Frame Dummy01 {
 

 FrameTransformMatrix {
  1.000000,0.000000,0.000000,0.000000,0.000000,-0.000000,-1.000000,0.000000,0.000000,1.000000,-0.000000,0.000000,0.000000,0.000000,0.000000,1.000000;;
 }

 Frame Bip01 {
  

  FrameTransformMatrix {
   -0.419789,0.759304,-0.497228,0.000000,-0.018114,0.540718,0.841009,0.000000,0.907441,0.362053,-0.213233,0.000000,-0.001266,-0.105386,0.485840,1.000000;;
  }

  Frame Bip01_Pelvis {
   

   FrameTransformMatrix {
    0.000000,0.997936,-0.064215,0.000000,-0.000001,0.064215,0.997936,0.000000,1.000000,0.000000,0.000001,0.000000,0.000000,0.000000,0.000000,1.000000;;
   }

   Frame Bip01_Spine {
    

    FrameTransformMatrix {
     0.974606,0.094255,0.203123,0.000000,-0.109523,0.991840,0.065261,0.000000,-0.195314,-0.085850,0.976976,0.000000,0.051543,0.003323,-0.000083,1.000000;;
    }

    Frame Bip01_Spine1 {
     

     FrameTransformMatrix {
      0.956188,0.053061,0.287906,0.000000,-0.083037,0.992206,0.092914,0.000000,-0.280732,-0.112750,0.953141,0.000000,0.106504,0.000010,-0.000081,1.000000;;
     }

     Frame Bip01_Neck {
      

      FrameTransformMatrix {
       0.747791,0.366630,0.553527,0.000000,-0.087530,0.880869,-0.465197,0.000000,-0.658140,0.299420,0.690797,0.000000,0.130522,-0.000008,0.004633,1.000000;;
      }

      Frame Bip01_Head {
       

       FrameTransformMatrix {
        0.584573,0.109234,-0.803954,0.000000,-0.190504,0.981673,-0.005139,0.000000,0.788659,0.156160,0.594669,0.000000,0.033674,-0.000000,0.000000,1.000000;;
       }

       Frame Bip01_HeadNub {
        

        FrameTransformMatrix {
         1.000000,-0.000000,0.000000,0.000000,0.000000,1.000000,0.000000,0.000000,0.000000,-0.000000,1.000000,0.000000,0.169824,-0.000000,0.000000,1.000000;;
        }
       }
      }

      Frame Bip01_L_Clavicle {
       

       FrameTransformMatrix {
        0.304923,0.700578,0.645145,0.000000,0.855035,0.096966,-0.509424,0.000000,-0.419448,0.706956,-0.569452,0.000000,-0.014779,0.018109,0.017330,1.000000;;
       }

       Frame Bip01_L_UpperArm {
        

        FrameTransformMatrix {
         0.702712,-0.521052,-0.484458,0.000000,0.694530,0.650100,0.308218,0.000000,0.154349,-0.553059,0.818720,0.000000,0.087086,0.000000,0.000000,1.000000;;
        }

        Frame Bip01_L_Forearm {
         

         FrameTransformMatrix {
          0.477976,0.000000,-0.878373,0.000000,0.000000,1.000000,-0.000000,0.000000,0.878373,0.000000,0.477976,0.000000,0.137062,0.000000,0.000000,1.000000;;
         }

         Frame Bip01_L_Hand {
          

          FrameTransformMatrix {
           0.938263,0.126744,0.321867,0.000000,-0.082994,-0.820805,0.565146,0.000000,0.335819,-0.556969,-0.759612,0.000000,0.137062,0.000000,0.000000,1.000000;;
          }

          Frame Bip01_L_Finger0 {
           

           FrameTransformMatrix {
            0.520979,-0.779690,0.347367,0.000000,0.853352,0.466576,-0.232589,0.000000,0.019274,0.417601,0.908427,0.000000,0.057681,-0.023605,-0.000272,1.000000;;
           }

           Frame Bip01_L_Finger0Nub {
            

            FrameTransformMatrix {
             1.000000,-0.000000,-0.000000,0.000000,-0.000000,1.000000,0.000000,0.000000,0.000000,0.000000,1.000000,0.000000,0.029435,0.000000,0.000000,1.000000;;
            }
           }
          }

          Frame Bip01_L_Finger1 {
           

           FrameTransformMatrix {
            -0.075566,-0.267813,0.960503,0.000000,-0.405201,0.888387,0.215826,0.000000,-0.911099,-0.372888,-0.175650,0.000000,0.084102,0.000000,-0.000000,1.000000;;
           }

           Frame Bip01_L_Finger1Nub {
            

            FrameTransformMatrix {
             1.000000,0.000000,0.000000,0.000000,0.000000,1.000000,0.000000,0.000000,0.000000,-0.000000,1.000000,0.000000,0.047988,-0.000000,0.000000,1.000000;;
            }
           }
          }
         }
        }
       }
      }

      Frame Bip01_R_Clavicle {
       

       FrameTransformMatrix {
        -0.153128,-0.969193,-0.192916,0.000000,-0.765838,-0.006988,0.642995,0.000000,-0.624535,0.246203,-0.741175,0.000000,-0.026302,-0.009575,0.007920,1.000000;;
       }

       Frame Bip01_R_UpperArm {
        

        FrameTransformMatrix {
         0.116842,0.924105,-0.363839,0.000000,-0.866836,0.273689,0.416761,0.000000,0.484709,0.266693,0.833025,0.000000,0.087086,0.000000,0.000000,1.000000;;
        }

        Frame Bip01_R_Forearm {
         

         FrameTransformMatrix {
          0.140700,-0.000000,-0.990052,0.000000,0.000000,1.000000,-0.000000,0.000000,0.990052,-0.000000,0.140700,0.000000,0.137062,0.000000,0.000000,1.000000;;
         }

         Frame Bip01_R_Hand {
          

          FrameTransformMatrix {
           0.884757,-0.104174,0.454261,0.000000,0.443706,0.486481,-0.752636,0.000000,-0.142584,0.867458,0.476640,0.000000,0.137062,-0.000000,0.000000,1.000000;;
          }

          Frame Bip01_R_Finger0 {
           

           FrameTransformMatrix {
            0.623154,0.312263,0.717057,0.000000,-0.689165,0.652713,0.314672,0.000000,-0.369773,-0.690260,0.621942,0.000000,0.057681,0.023605,-0.000272,1.000000;;
           }

           Frame Bip01_R_Finger0Nub {
            

            FrameTransformMatrix {
             -1.000000,0.000000,0.000000,0.000000,0.000000,1.000000,-0.000000,0.000000,-0.000000,0.000000,-1.000000,0.000000,0.029435,0.000000,0.000000,1.000000;;
            }
           }
          }

          Frame Bip01_R_Finger1 {
           

           FrameTransformMatrix {
            0.609194,0.000632,0.793021,0.000000,0.000000,1.000000,-0.000796,0.000000,-0.793021,0.000485,0.609194,0.000000,0.084102,-0.000000,-0.000000,1.000000;;
           }

           Frame Bip01_R_Finger1Nub {
            

            FrameTransformMatrix {
             -1.000000,-0.000000,-0.000000,0.000000,0.000000,1.000000,-0.000000,0.000000,0.000000,0.000000,-1.000000,0.000000,0.047988,-0.000000,0.000000,1.000000;;
            }
           }
          }
         }
        }
       }
      }
     }

     Frame Bip01_BackPack {
      

      FrameTransformMatrix {
       -0.053583,-0.000113,-0.998563,0.000000,0.138795,0.990292,-0.007560,0.000000,0.988870,-0.139001,-0.053047,0.000000,0.041098,-0.006199,-0.093006,1.000000;;
      }

      Frame Bip01_BackPackNub {
       

       FrameTransformMatrix {
        0.000796,0.000003,1.000000,0.000000,0.000000,-1.000000,0.000003,0.000000,1.000000,0.000000,-0.000796,0.000000,0.053240,-0.000000,-0.000000,1.000000;;
       }
      }
     }
    }

    Frame Bip01_L_Thigh {
     

     FrameTransformMatrix {
      -0.353304,0.439748,0.825711,0.000000,-0.022606,-0.886388,0.462391,0.000000,0.935236,0.144698,0.323105,0.000000,-0.045326,0.057130,0.005692,1.000000;;
     }

     Frame Bip01_L_Calf {
      

      FrameTransformMatrix {
       0.737383,0.000000,-0.675476,0.000000,0.000000,1.000000,0.000000,0.000000,0.675476,0.000000,0.737382,0.000000,0.237500,0.000000,-0.000000,1.000000;;
      }

      Frame Bip01_L_Foot {
       

       FrameTransformMatrix {
        0.951953,0.060353,0.300239,0.000000,-0.080594,0.995202,0.055480,0.000000,-0.295450,-0.077012,0.952249,0.000000,0.206841,-0.000000,0.000000,1.000000;;
       }

       Frame Bip01_L_Toe0 {
        

        FrameTransformMatrix {
         -0.000001,-0.000002,1.000000,0.000000,0.000001,1.000000,0.000002,0.000000,-1.000000,0.000001,-0.000001,0.000000,0.065373,0.000000,0.066450,1.000000;;
        }

        Frame Bip01_L_Toe0Nub {
         

         FrameTransformMatrix {
          -1.000000,0.000000,-0.000000,0.000000,-0.000000,1.000000,0.000000,0.000000,0.000000,-0.000000,-1.000000,0.000000,0.006735,0.000000,-0.000000,1.000000;;
         }
        }
       }
      }
     }
    }

    Frame Bip01_R_Thigh {
     

     FrameTransformMatrix {
      -0.700412,0.112543,0.704810,0.000000,-0.114355,-0.992428,0.044827,0.000000,0.704519,-0.049201,0.707978,0.000000,-0.055736,-0.052420,0.015174,1.000000;;
     }

     Frame Bip01_R_Calf {
      

      FrameTransformMatrix {
       0.896789,0.000000,-0.442458,0.000000,-0.000000,1.000000,0.000000,0.000000,0.442458,-0.000000,0.896789,0.000000,0.237500,0.000000,0.000000,1.000000;;
      }

      Frame Bip01_R_Foot {
       

       FrameTransformMatrix {
        0.954283,-0.143722,0.262083,0.000000,0.151349,0.988439,-0.009040,0.000000,-0.257754,0.048292,0.965003,0.000000,0.206841,0.000000,-0.000000,1.000000;;
       }

       Frame Bip01_R_Toe0 {
        

        FrameTransformMatrix {
         -0.120976,-0.499707,0.857705,0.000000,-0.030448,0.865513,0.499961,0.000000,-0.992188,0.034368,-0.119921,0.000000,0.065373,0.000000,0.066450,1.000000;;
        }

        Frame Bip01_R_Toe0Nub {
         

         FrameTransformMatrix {
          1.000000,-0.000000,0.000000,0.000000,0.000000,1.000000,0.000000,0.000000,-0.000000,0.000000,1.000000,0.000000,0.006735,-0.000000,0.000000,1.000000;;
         }
        }
       }
      }
     }
    }
   }

   Frame Bip01_DressFront {
    

    FrameTransformMatrix {
     -0.595584,0.112825,0.795330,0.000000,0.347978,0.928606,0.128852,0.000000,-0.724011,0.353499,-0.592323,0.000000,-0.031995,-0.004463,0.070764,1.000000;;
    }

    Frame Bip01_DressFront02 {
     

     FrameTransformMatrix {
      0.914087,-0.052320,0.402129,0.000000,0.027391,0.997343,0.067499,0.000000,-0.404592,-0.050685,0.913091,0.000000,0.183378,0.000007,-0.000120,1.000000;;
     }

     Frame Bip01_DressFrontNub {
      

      FrameTransformMatrix {
       0.000796,0.000003,1.000000,0.000000,-0.000000,-1.000000,0.000003,0.000000,1.000000,-0.000000,-0.000796,0.000000,0.165302,-0.000000,0.000000,1.000000;;
      }
     }
    }
   }

   Frame Bip01_DressBack {
    

    FrameTransformMatrix {
     -0.631706,0.191003,0.751309,0.000000,0.418492,0.899838,0.123108,0.000000,-0.652542,0.392185,-0.648367,0.000000,-0.047641,-0.000055,-0.078328,1.000000;;
    }

    Frame Bip01_DressBack02 {
     

     FrameTransformMatrix {
      0.869803,-0.294511,0.395861,0.000000,0.372633,0.917987,-0.135808,0.000000,-0.323399,0.265637,0.908213,0.000000,0.176194,-0.000029,-0.000099,1.000000;;
     }

     Frame Bip01_DressBackNub {
      

      FrameTransformMatrix {
       0.000796,0.000003,1.000000,0.000000,0.000000,-1.000000,0.000003,0.000000,1.000000,-0.000000,-0.000796,0.000000,0.136508,0.000000,0.000000,1.000000;;
      }
     }
    }
   }
  }

  Frame Bip01_Prop1 {
   

   FrameTransformMatrix {
    -0.645215,-0.198473,0.737771,0.000000,0.747525,0.035467,0.663287,0.000000,-0.157811,0.979465,0.125480,0.000000,0.178550,0.019877,-0.039581,1.000000;;
   }
  }

  Frame Bip01_Prop2 {
   

   FrameTransformMatrix {
    0.775856,-0.627641,0.064144,0.000000,0.512256,0.686027,0.516682,0.000000,-0.368295,-0.368012,0.853771,0.000000,0.328299,-0.008163,0.069440,1.000000;;
   }
  }
 }
}

Frame Translation_Data {
 

 FrameTransformMatrix {
  1.000000,0.000000,0.000000,0.000000,0.000000,-0.000000,-1.000000,0.000000,0.000000,1.000000,-0.000000,0.000000,0.000000,-0.000000,0.000000,1.000000;;
 }
}

Frame Body {
 

 FrameTransformMatrix {
  1.000000,0.000000,0.000000,0.000000,0.000000,1.000000,0.000000,0.000000,0.000000,0.000000,1.000000,0.000000,0.000000,0.000000,0.000000,1.000000;;
 }

 Mesh Body {
  617;
  0.004651;0.602573;-0.122487;,
  -0.014857;0.617514;-0.106723;,
  -0.014156;0.647438;-0.122922;,
  0.013396;0.587043;-0.110227;,
  0.029897;0.581133;-0.104824;,
  0.000895;0.563491;-0.070500;,
  -0.013458;0.585329;-0.089964;,
  0.047691;0.573521;-0.073093;,
  0.002945;0.686253;-0.126817;,
  0.060515;0.668155;-0.115000;,
  0.035822;0.643753;-0.127115;,
  0.037422;0.691050;-0.105206;,
  0.086569;0.533928;0.076229;,
  0.058144;0.556320;0.100086;,
  0.059776;0.548580;0.113510;,
  0.078693;0.540749;0.069303;,
  0.049769;0.513384;0.030068;,
  0.071558;0.500621;0.053101;,
  0.011847;0.498825;0.021068;,
  0.048991;0.471272;0.049533;,
  0.018602;0.460125;0.057481;,
  -0.048442;0.577654;-0.052212;,
  -0.049283;0.600569;-0.076936;,
  0.019675;0.562397;0.118085;,
  0.021996;0.551496;0.132184;,
  0.067916;0.630096;0.019032;,
  0.025014;0.680046;0.007527;,
  0.025296;0.651243;0.040252;,
  0.070542;0.656640;-0.017703;,
  0.043726;0.450640;0.036856;,
  0.091267;0.355617;0.007618;,
  0.050758;0.367883;-0.013924;,
  0.083486;0.440811;0.062996;,
  0.050418;0.272651;-0.056576;,
  0.082950;0.265761;-0.017761;,
  -0.000672;0.447176;0.052567;,
  0.019555;0.324231;0.081138;,
  0.042357;0.464205;0.183114;,
  0.005773;0.355363;0.013225;,
  0.032751;0.260039;0.023308;,
  0.026240;0.263409;-0.016248;,
  0.097981;0.329873;0.066672;,
  0.090135;0.415876;0.114035;,
  0.073228;0.263850;0.019936;,
  0.088921;-0.001438;0.054149;,
  0.049355;-0.001522;0.099610;,
  0.044025;-0.001415;0.051082;,
  0.084212;-0.001545;0.099342;,
  0.056759;0.209609;-0.023194;,
  0.090834;0.144736;0.023421;,
  0.059662;0.138525;-0.002471;,
  0.090089;0.216441;0.002447;,
  0.086836;0.068473;0.048181;,
  0.065641;0.064163;0.020895;,
  0.018082;0.196552;0.007433;,
  0.031797;0.159879;0.063320;,
  0.022373;0.224589;0.055414;,
  0.032045;0.141393;0.024689;,
  0.054848;0.081827;0.070996;,
  0.050120;0.059932;0.046017;,
  0.093708;0.160325;0.058555;,
  0.093708;0.234184;0.048453;,
  0.078775;0.087171;0.068852;,
  0.081450;0.477606;0.069510;,
  -0.022903;0.454173;0.068670;,
  -0.000672;0.447176;0.052567;,
  -0.014391;0.431710;0.097116;,
  0.106231;0.499864;0.112801;,
  0.071168;0.518631;0.151535;,
  0.095958;0.439575;0.125686;,
  0.062166;0.455915;0.159312;,
  0.063127;0.594255;0.055826;,
  0.086199;0.606298;-0.000920;,
  0.086945;0.594070;-0.017708;,
  0.047098;0.541600;0.000209;,
  0.054004;0.562486;-0.045068;,
  0.078479;0.569031;0.028342;,
  0.006747;0.548938;-0.048569;,
  0.013221;0.527559;-0.005274;,
  -0.042343;0.565767;-0.034984;,
  -0.031221;0.536128;0.014061;,
  0.038493;0.553231;-0.143933;,
  0.049828;0.504630;-0.135311;,
  0.000848;0.569501;-0.109094;,
  0.019673;0.466044;-0.083732;,
  0.004299;0.509413;-0.096657;,
  0.056317;0.460726;-0.115140;,
  0.039509;0.571727;-0.062059;,
  0.004299;0.509413;-0.096657;,
  0.046868;0.523155;-0.048031;,
  0.050417;0.461054;-0.044728;,
  0.019673;0.466044;-0.083732;,
  0.050716;0.573410;-0.062045;,
  0.092516;0.518669;-0.086760;,
  0.080530;0.566254;-0.094822;,
  0.086947;0.455566;-0.076002;,
  0.062810;0.559364;-0.127585;,
  0.047707;0.456301;-0.130003;,
  -0.020463;0.415711;-0.125635;,
  0.003310;0.461671;-0.093941;,
  0.008947;0.414361;-0.147558;,
  -0.035518;0.382015;-0.149082;,
  -0.020161;0.375866;-0.160991;,
  0.003310;0.461671;-0.093941;,
  0.011388;0.380480;-0.093725;,
  0.032295;0.424500;-0.051808;,
  -0.020463;0.415711;-0.125635;,
  -0.022973;0.361032;-0.123502;,
  -0.035518;0.382015;-0.149082;,
  0.033929;0.379892;-0.110626;,
  0.076484;0.419249;-0.087650;,
  -0.005813;0.352472;-0.136424;,
  -0.080720;0.306530;-0.211877;,
  -0.058272;0.326158;-0.163220;,
  -0.060869;0.315855;-0.210186;,
  -0.077742;0.316812;-0.165397;,
  -0.044356;0.327459;-0.220133;,
  -0.037794;0.312150;-0.218399;,
  -0.047598;0.316725;-0.220405;,
  -0.033012;0.325706;-0.222218;,
  -0.061685;0.347458;-0.139684;,
  -0.037831;0.324283;-0.190073;,
  -0.065195;0.310979;-0.146952;,
  -0.044683;0.358020;-0.185198;,
  -0.052034;0.296108;-0.145008;,
  -0.028843;0.331904;-0.129155;,
  -0.009889;0.343321;-0.176192;,
  -0.025208;0.309404;-0.186102;,
  0.055090;0.615027;-0.137462;,
  0.035926;0.594621;-0.147770;,
  0.035822;0.643753;-0.127115;,
  0.016256;0.624349;-0.133356;,
  0.092117;0.632459;-0.042146;,
  -0.001030;0.659163;-0.133761;,
  0.018174;0.579627;-0.135917;,
  0.013396;0.587043;-0.110227;,
  0.004651;0.602573;-0.122487;,
  0.019977;0.571722;-0.118783;,
  0.082529;0.642573;-0.084701;,
  0.063167;0.672397;-0.058027;,
  0.081679;0.640173;-0.090403;,
  0.017631;0.695459;-0.030226;,
  -0.003985;0.703333;-0.085701;,
  0.060515;0.668155;-0.115000;,
  0.081679;0.640173;-0.090403;,
  0.043663;0.596277;-0.086798;,
  0.076922;0.625767;-0.087302;,
  0.000848;0.569501;-0.109094;,
  0.077610;0.606761;-0.054157;,
  0.054213;0.582664;-0.063667;,
  0.029897;0.581133;-0.104824;,
  0.090042;0.617797;-0.051678;,
  -0.044683;0.358020;-0.185198;,
  -0.002389;0.670963;-0.145781;,
  -0.011786;0.690806;-0.141495;,
  -0.019458;0.701666;-0.116529;,
  -0.037858;0.699294;-0.140608;,
  -0.025208;0.309404;-0.186102;,
  -0.080720;0.306530;-0.211877;,
  -0.077742;0.316812;-0.165397;,
  -0.046364;0.341086;-0.205693;,
  -0.022570;0.330855;-0.206061;,
  -0.046364;0.341086;-0.205693;,
  -0.048409;0.323616;-0.202970;,
  -0.028171;0.313481;-0.193304;,
  -0.028171;0.313481;-0.193304;,
  -0.044356;0.327459;-0.220133;,
  -0.033012;0.325706;-0.222218;,
  -0.037794;0.312150;-0.218399;,
  0.095162;0.020228;-0.022685;,
  0.064907;-0.001385;-0.067431;,
  0.063586;0.017194;-0.060194;,
  0.100721;-0.001397;-0.029922;,
  0.045609;0.031888;0.088979;,
  0.044025;-0.001415;0.051082;,
  0.049355;-0.001522;0.099610;,
  0.042654;0.023542;0.048549;,
  0.054848;0.081827;0.070996;,
  0.087149;0.034910;0.088448;,
  0.078775;0.087171;0.068852;,
  0.088921;-0.001438;0.054149;,
  0.084212;-0.001545;0.099342;,
  0.090071;0.033508;0.051678;,
  0.065641;0.064163;0.020895;,
  0.086836;0.068473;0.048181;,
  0.036094;0.014160;-0.049741;,
  0.029967;-0.001374;-0.056977;,
  0.100721;-0.001397;-0.029922;,
  0.029967;-0.001374;-0.056977;,
  0.005773;0.355363;0.013225;,
  0.026240;0.263409;-0.016248;,
  0.018082;0.196552;0.007433;,
  0.032045;0.141393;0.024689;,
  0.050120;0.059932;0.046017;,
  0.050120;0.059932;0.046017;,
  0.007752;0.446135;0.141898;,
  0.009900;0.661868;-0.152113;,
  -0.006823;0.642012;-0.159199;,
  0.002505;0.645753;-0.164202;,
  -0.009998;0.654358;-0.147378;,
  0.001511;0.691838;-0.149034;,
  -0.007330;0.713080;-0.141742;,
  -0.009022;0.753118;-0.258138;,
  -0.027130;0.728449;-0.273828;,
  -0.028417;0.756201;-0.262905;,
  0.005219;0.672743;-0.244515;,
  -0.011272;0.667135;-0.249930;,
  0.002359;0.698754;-0.258587;,
  0.009569;0.658067;-0.180169;,
  0.016275;0.684438;-0.168142;,
  0.008267;0.676137;-0.153724;,
  0.017882;0.721618;-0.179928;,
  0.020384;0.713233;-0.202851;,
  0.014920;0.715275;-0.250576;,
  0.021844;0.735515;-0.232618;,
  0.017787;0.691533;-0.219125;,
  0.014352;0.735563;-0.171243;,
  0.002546;0.755459;-0.163309;,
  -0.037157;0.763391;-0.159240;,
  -0.000613;0.780328;-0.204828;,
  -0.033965;0.788400;-0.201596;,
  0.017094;0.675998;-0.202581;,
  0.000736;0.641403;-0.184132;,
  0.004071;0.655904;-0.216863;,
  -0.014129;0.615412;-0.176620;,
  -0.034632;0.619321;-0.166086;,
  -0.033083;0.606115;-0.182523;,
  -0.001789;0.718707;-0.266137;,
  0.010065;0.746282;-0.249064;,
  0.015652;0.765462;-0.215193;,
  0.003609;0.771609;-0.234662;,
  -0.013737;0.779770;-0.235371;,
  -0.030962;0.782765;-0.236700;,
  -0.038204;0.727678;-0.140864;,
  0.015652;0.765462;-0.215193;,
  0.003609;0.771609;-0.234662;,
  0.022684;0.686019;-0.169950;,
  0.029740;0.726117;-0.194601;,
  0.033301;0.718257;-0.175131;,
  0.022104;0.709128;-0.185883;,
  0.033301;0.718257;-0.175131;,
  0.022684;0.686019;-0.169950;,
  0.029740;0.726117;-0.194601;,
  0.020384;0.713233;-0.202851;,
  0.020184;0.691160;-0.190763;,
  0.016275;0.684438;-0.168142;,
  0.004857;0.671866;-0.232354;,
  0.020184;0.691160;-0.190763;,
  -0.001030;0.659163;-0.133761;,
  -0.002389;0.670963;-0.145781;,
  0.016256;0.624349;-0.133356;,
  0.001511;0.691838;-0.149034;,
  -0.046028;0.638322;-0.110426;,
  -0.046709;0.621813;-0.093581;,
  -0.028622;0.503071;0.036724;,
  0.033264;0.522942;0.169364;,
  0.034596;0.492287;0.184698;,
  0.011522;0.428201;0.154652;,
  -0.036490;0.630323;-0.141452;,
  0.007752;0.446135;0.141898;,
  -0.013737;0.779770;-0.235371;,
  -0.030962;0.782765;-0.236700;,
  -0.011639;0.634509;-0.202170;,
  -0.017582;0.646010;-0.223482;,
  -0.017835;0.638874;-0.216984;,
  -0.026733;0.713131;-0.276104;,
  -0.026868;0.688325;-0.270446;,
  -0.014415;0.667052;-0.237296;,
  0.022950;0.609506;0.075775;,
  0.016256;0.624349;-0.133356;,
  0.064907;-0.001385;-0.067431;,
  -0.019816;0.623527;-0.201753;,
  -0.012562;0.629907;-0.197513;,
  -0.020022;0.629489;-0.202481;,
  -0.030263;0.634541;-0.220974;,
  -0.029206;0.634254;-0.233604;,
  -0.019752;0.629012;-0.208676;,
  -0.031603;0.629193;-0.204030;,
  -0.031519;0.620284;-0.203579;,
  -0.027763;0.661527;-0.255345;,
  -0.028480;0.657408;-0.246074;,
  0.076922;0.625767;-0.087302;,
  -0.030868;0.626342;-0.212374;,
  0.049448;0.611569;-0.081064;,
  0.043663;0.596277;-0.086798;,
  0.029897;0.581133;-0.104824;,
  0.014352;0.735563;-0.171243;,
  0.056759;0.209609;-0.023194;,
  0.002677;0.130522;-0.012960;,
  -0.011681;0.205557;-0.021347;,
  0.059662;0.138525;-0.002471;,
  0.050418;0.272651;-0.056576;,
  -0.011516;0.271384;-0.036298;,
  0.050758;0.367883;-0.013924;,
  -0.014762;0.357285;0.007480;,
  0.043726;0.450640;0.036856;,
  -0.011782;0.439755;0.040572;,
  0.018602;0.460125;0.057481;,
  0.006414;0.058737;-0.006667;,
  0.065641;0.064163;0.020895;,
  0.037886;0.159696;0.091595;,
  0.025877;0.108835;0.184621;,
  0.044152;0.091593;0.107471;,
  0.024062;0.180179;0.167341;,
  0.016548;0.243529;0.146799;,
  0.027708;0.226443;0.068917;,
  0.020957;0.307581;0.140490;,
  0.027994;0.255716;0.052218;,
  0.019812;0.318590;0.094996;,
  0.020059;0.375226;0.152613;,
  0.034955;0.466403;0.185134;,
  0.049448;0.611569;-0.081064;,
  -0.099768;0.659976;-0.085212;,
  -0.070324;0.644129;-0.081333;,
  -0.109408;0.651696;-0.064483;,
  -0.061300;0.669063;-0.102133;,
  -0.110266;0.649771;-0.041104;,
  -0.090182;0.603916;-0.029192;,
  -0.105176;0.641372;-0.003760;,
  -0.081665;0.618057;-0.058742;,
  -0.046010;0.708196;-0.105636;,
  -0.072146;0.733995;-0.058064;,
  -0.040686;0.728529;-0.069452;,
  -0.084342;0.709332;-0.084319;,
  -0.064194;0.560398;0.142246;,
  -0.019027;0.572087;0.133901;,
  -0.058996;0.568881;0.129636;,
  -0.016242;0.561927;0.146797;,
  -0.078398;0.539571;0.086228;,
  -0.080782;0.527368;0.119809;,
  -0.066268;0.514785;0.055297;,
  -0.078050;0.492069;0.103869;,
  -0.055601;0.473153;0.089973;,
  0.019675;0.562397;0.118085;,
  0.021996;0.551496;0.132184;,
  -0.021175;0.665665;0.058976;,
  0.025014;0.680046;0.007527;,
  -0.025564;0.699298;0.025886;,
  0.025296;0.651243;0.040252;,
  -0.074963;0.453718;0.095421;,
  -0.119126;0.361770;0.135402;,
  -0.090325;0.459489;0.142211;,
  -0.097342;0.359941;0.093241;,
  -0.113173;0.261768;0.093172;,
  -0.119246;0.268391;0.144814;,
  -0.024050;0.449167;0.088729;,
  -0.017257;0.347891;0.166432;,
  -0.044066;0.351324;0.095434;,
  0.020461;0.468050;0.192702;,
  -0.054179;0.266007;0.155071;,
  -0.070464;0.259058;0.117287;,
  -0.091466;0.359267;0.193917;,
  -0.061486;0.448566;0.194989;,
  -0.090280;0.274253;0.172191;,
  -0.097528;0.008437;0.242461;,
  -0.040553;0.012445;0.261692;,
  -0.070855;0.013588;0.278884;,
  -0.060205;0.006549;0.217394;,
  -0.103128;0.208959;0.134159;,
  -0.111856;0.152262;0.199365;,
  -0.117754;0.221584;0.172130;,
  -0.099161;0.140486;0.162206;,
  -0.100439;0.077792;0.227933;,
  -0.096500;0.069099;0.194445;,
  -0.055045;0.193812;0.142100;,
  -0.039883;0.163351;0.201249;,
  -0.061329;0.142144;0.170843;,
  -0.032016;0.225719;0.181576;,
  -0.060811;0.090281;0.229519;,
  -0.069880;0.067018;0.208673;,
  -0.095067;0.170702;0.228756;,
  -0.095810;0.243068;0.210876;,
  -0.082284;0.097544;0.239162;,
  -0.081928;0.506291;0.141052;,
  -0.024050;0.449167;0.088729;,
  -0.060283;0.529099;0.185715;,
  -0.004849;0.531978;0.184822;,
  -0.056464;0.470938;0.199854;,
  -0.005358;0.477526;0.199380;,
  -0.019365;0.622972;0.092453;,
  -0.057097;0.663508;0.063326;,
  -0.076008;0.659128;0.055350;,
  -0.077738;0.585057;0.055637;,
  -0.059593;0.617095;0.089646;,
  -0.097870;0.623121;0.023023;,
  -0.086353;0.586107;-0.006828;,
  -0.071762;0.557143;0.032459;,
  -0.142663;0.644430;-0.072374;,
  -0.089710;0.652673;-0.067498;,
  -0.157957;0.610885;-0.037651;,
  -0.114663;0.585851;0.011663;,
  -0.162511;0.586748;0.003666;,
  -0.099066;0.607171;-0.027258;,
  -0.095410;0.685885;-0.016740;,
  -0.104556;0.652316;0.020672;,
  -0.099066;0.607171;-0.027258;,
  -0.119353;0.597960;0.054938;,
  -0.114663;0.585851;0.011663;,
  -0.104154;0.692171;-0.013212;,
  -0.163519;0.656309;0.010122;,
  -0.147616;0.688886;-0.023920;,
  -0.167068;0.598634;0.047069;,
  -0.152319;0.665225;-0.053125;,
  -0.163186;0.584188;-0.014700;,
  -0.109339;0.530785;-0.038411;,
  -0.145719;0.534034;-0.042064;,
  -0.106245;0.582742;-0.007219;,
  -0.106409;0.490620;-0.054423;,
  -0.132559;0.489624;-0.062599;,
  -0.106245;0.582742;-0.007219;,
  -0.124363;0.505186;0.010506;,
  -0.109339;0.530785;-0.038411;,
  -0.113815;0.555856;0.049380;,
  -0.123681;0.476923;-0.023588;,
  -0.106409;0.490620;-0.054423;,
  -0.152235;0.508105;0.007549;,
  -0.170428;0.557414;0.041873;,
  -0.138113;0.471735;-0.030225;,
  -0.093937;0.363826;-0.064584;,
  -0.121483;0.397836;-0.027962;,
  -0.126251;0.377068;-0.032096;,
  -0.088755;0.384869;-0.060816;,
  -0.083098;0.409927;-0.072522;,
  -0.094264;0.399941;-0.080007;,
  -0.083110;0.408870;-0.084140;,
  -0.089374;0.400926;-0.070199;,
  -0.121654;0.448108;-0.021204;,
  -0.108443;0.426292;-0.075928;,
  -0.091026;0.451937;-0.060184;,
  -0.134122;0.414392;-0.031384;,
  -0.149319;0.409300;-0.043267;,
  -0.152271;0.454699;-0.042431;,
  -0.120977;0.459751;-0.083628;,
  -0.124860;0.421516;-0.086134;,
  -0.112596;0.715765;-0.083857;,
  -0.126364;0.693394;-0.098143;,
  -0.084342;0.709332;-0.084319;,
  -0.090835;0.685755;-0.095242;,
  -0.066066;0.702669;0.029598;,
  -0.066486;0.688038;-0.105809;,
  -0.128713;0.666659;-0.092993;,
  -0.109408;0.651696;-0.064483;,
  -0.125791;0.658087;-0.074037;,
  -0.099768;0.659976;-0.085212;,
  -0.079322;0.724910;-0.013680;,
  -0.084452;0.724873;-0.017972;,
  -0.033136;0.718607;-0.013943;,
  0.017631;0.695459;-0.030226;,
  -0.003985;0.703333;-0.085701;,
  -0.072146;0.733995;-0.058064;,
  -0.084452;0.724873;-0.017972;,
  -0.097718;0.667619;-0.026740;,
  -0.089710;0.652673;-0.067498;,
  -0.090766;0.712854;-0.016341;,
  -0.084180;0.678572;0.019222;,
  -0.095898;0.649292;0.004417;,
  -0.110266;0.649771;-0.041104;,
  -0.080772;0.693613;0.025795;,
  -0.091026;0.451937;-0.060184;,
  -0.072456;0.671810;-0.144438;,
  -0.063622;0.691433;-0.140502;,
  -0.019458;0.701666;-0.116529;,
  -0.037858;0.699294;-0.140608;,
  -0.124860;0.421516;-0.086134;,
  -0.093937;0.363826;-0.064584;,
  -0.126251;0.377068;-0.032096;,
  -0.085869;0.429080;-0.067654;,
  -0.093093;0.424183;-0.092042;,
  -0.085869;0.429080;-0.067654;,
  -0.098725;0.416809;-0.066674;,
  -0.113575;0.417600;-0.086285;,
  -0.113575;0.417600;-0.086285;,
  -0.083098;0.409927;-0.072522;,
  -0.083110;0.408870;-0.084140;,
  -0.094264;0.399941;-0.080007;,
  -0.142004;0.020933;0.177058;,
  -0.137531;-0.006917;0.126175;,
  -0.149775;-0.001199;0.176245;,
  -0.133336;0.012340;0.129474;,
  -0.043642;0.044190;0.246660;,
  -0.060205;0.006549;0.217394;,
  -0.061044;0.030960;0.211517;,
  -0.040553;0.012445;0.261692;,
  -0.060811;0.090281;0.229519;,
  -0.079953;0.048553;0.266597;,
  -0.082284;0.097544;0.239162;,
  -0.097528;0.008437;0.242461;,
  -0.100823;0.042852;0.236689;,
  -0.070855;0.013588;0.278884;,
  -0.096500;0.069099;0.194445;,
  -0.100439;0.077792;0.227933;,
  -0.104222;0.009639;0.125070;,
  -0.102064;-0.006853;0.117680;,
  -0.149775;-0.001199;0.176245;,
  -0.102064;-0.006853;0.117680;,
  -0.044066;0.351324;0.095434;,
  -0.070464;0.259058;0.117287;,
  -0.055045;0.193812;0.142100;,
  -0.061329;0.142144;0.170843;,
  -0.069880;0.067018;0.208673;,
  -0.069880;0.067018;0.208673;,
  -0.081992;0.660622;-0.159774;,
  -0.063798;0.641239;-0.163949;,
  -0.064274;0.655014;-0.146338;,
  -0.072266;0.644738;-0.170435;,
  -0.075039;0.690800;-0.155415;,
  -0.068103;0.712255;-0.146809;,
  -0.048244;0.752586;-0.261408;,
  -0.028417;0.756201;-0.262905;,
  -0.062374;0.671827;-0.250150;,
  -0.057925;0.697937;-0.263612;,
  -0.045068;0.666677;-0.252747;,
  -0.076919;0.656894;-0.187379;,
  -0.086232;0.683048;-0.176687;,
  -0.080500;0.674934;-0.161124;,
  -0.086866;0.720197;-0.188660;,
  -0.085312;0.711799;-0.211662;,
  -0.072079;0.714096;-0.257829;,
  -0.079473;0.690213;-0.227233;,
  -0.082423;0.734101;-0.241310;,
  -0.085199;0.734213;-0.179542;,
  -0.075409;0.754402;-0.169808;,
  -0.037157;0.763391;-0.159240;,
  -0.066092;0.779440;-0.210287;,
  -0.033965;0.788400;-0.201596;,
  -0.081110;0.674666;-0.210768;,
  -0.065366;0.654962;-0.222652;,
  -0.067106;0.640483;-0.189788;,
  -0.052995;0.614884;-0.179860;,
  -0.053123;0.718011;-0.270417;,
  -0.068378;0.745218;-0.255604;,
  -0.080010;0.764164;-0.223168;,
  -0.065080;0.770677;-0.240389;,
  -0.030962;0.782765;-0.236700;,
  -0.048082;0.779304;-0.238235;,
  -0.038204;0.727678;-0.140864;,
  -0.080010;0.764164;-0.223168;,
  -0.065080;0.770677;-0.240389;,
  -0.092293;0.684459;-0.179535;,
  -0.096248;0.724408;-0.205104;,
  -0.089706;0.707612;-0.195204;,
  -0.102770;0.716411;-0.186474;,
  -0.102770;0.716411;-0.186474;,
  -0.092293;0.684459;-0.179535;,
  -0.096248;0.724408;-0.205104;,
  -0.085312;0.711799;-0.211662;,
  -0.086521;0.689712;-0.199658;,
  -0.086232;0.683048;-0.176687;,
  -0.064006;0.670932;-0.238095;,
  -0.086521;0.689712;-0.199658;,
  -0.066486;0.688038;-0.105809;,
  -0.072456;0.671810;-0.144438;,
  -0.090835;0.685755;-0.095242;,
  -0.075039;0.690800;-0.155415;,
  0.033264;0.522942;0.169364;,
  0.034596;0.492287;0.184698;,
  0.011522;0.428201;0.154652;,
  0.007752;0.446135;0.141898;,
  -0.048082;0.779304;-0.238235;,
  -0.030962;0.782765;-0.236700;,
  -0.051734;0.633965;-0.205513;,
  -0.042657;0.645670;-0.225573;,
  -0.043292;0.638529;-0.219106;,
  -0.044059;0.666650;-0.239768;,
  0.022950;0.609506;0.075775;,
  -0.090835;0.685755;-0.095242;,
  -0.137531;-0.006917;0.126175;,
  -0.051471;0.629379;-0.200756;,
  -0.043446;0.623206;-0.203723;,
  -0.043284;0.629174;-0.204420;,
  -0.042511;0.628704;-0.210574;,
  -0.090766;0.712854;-0.016341;,
  -0.085304;0.681043;-0.023458;,
  -0.097718;0.667619;-0.026740;,
  -0.110266;0.649771;-0.041104;,
  -0.085199;0.734213;-0.179542;,
  -0.074123;0.199928;0.065836;,
  -0.044755;0.126925;0.023544;,
  -0.076328;0.126141;0.086719;,
  -0.047282;0.203795;0.016620;,
  -0.081386;0.256424;0.055341;,
  -0.053651;0.262182;0.012248;,
  -0.054913;0.346498;0.062737;,
  -0.039523;0.343851;0.038518;,
  -0.038315;0.433045;0.068618;,
  -0.028549;0.425447;0.060754;,
  -0.022903;0.454173;0.068670;,
  -0.055601;0.473153;0.089973;,
  -0.044457;0.061005;0.026180;,
  -0.075840;0.055484;0.099559;,
  -0.019534;0.096715;0.246416;,
  -0.095067;0.170702;0.228756;,
  -0.082271;0.097543;0.239157;,
  -0.024190;0.167323;0.220596;,
  -0.095810;0.243068;0.210876;,
  -0.032229;0.227701;0.198801;,
  -0.032505;0.269221;0.181560;,
  -0.090280;0.274253;0.172191;,
  -0.091466;0.359267;0.193917;,
  -0.008562;0.346521;0.181565;,
  0.034596;0.492287;0.184698;,
  -0.005358;0.477526;0.199380;,
  -0.085304;0.681043;-0.023458;,
  -0.074963;0.453718;0.095421;,
  -0.097342;0.359941;0.093241;,
  -0.113173;0.261768;0.093172;,
  -0.103128;0.208959;0.134159;,
  -0.099161;0.140486;0.162206;,
  -0.096500;0.069099;0.194445;,
  0.097981;0.329873;0.066672;,
  0.062166;0.455915;0.159312;,
  0.090135;0.415876;0.114035;,
  0.073228;0.263850;0.019936;,
  0.093708;0.234184;0.048453;,
  0.093708;0.160325;0.058555;,
  0.078775;0.087171;0.068852;,
  -0.061486;0.448566;0.194989;;
  916;
  3;0,1,2;,
  3;1,0,3;,
  3;4,5,6;,
  3;5,4,7;,
  3;8,9,10;,
  3;9,8,11;,
  3;12,13,14;,
  3;13,12,15;,
  3;16,12,17;,
  3;12,16,15;,
  3;18,19,20;,
  3;19,18,16;,
  3;6,21,22;,
  3;21,6,5;,
  3;14,23,24;,
  3;23,14,13;,
  3;25,26,27;,
  3;26,25,28;,
  3;29,30,31;,
  3;30,29,32;,
  3;30,33,31;,
  3;33,30,34;,
  3;35,36,37;,
  3;36,35,38;,
  3;38,39,36;,
  3;39,38,40;,
  3;37,41,42;,
  3;41,37,36;,
  3;36,43,41;,
  3;43,36,39;,
  3;42,30,32;,
  3;30,42,41;,
  3;41,34,30;,
  3;34,41,43;,
  3;44,45,46;,
  3;45,44,47;,
  3;48,49,50;,
  3;49,48,51;,
  3;50,52,53;,
  3;52,50,49;,
  3;54,55,56;,
  3;55,54,57;,
  3;57,58,55;,
  3;58,57,59;,
  3;56,60,61;,
  3;60,56,55;,
  3;55,62,60;,
  3;62,55,58;,
  3;61,49,51;,
  3;49,61,60;,
  3;60,52,49;,
  3;52,60,62;,
  3;32,19,63;,
  3;19,32,29;,
  3;64,65,66;,
  3;65,64,20;,
  3;14,67,12;,
  3;67,14,68;,
  3;68,69,67;,
  3;69,68,70;,
  3;70,42,69;,
  3;42,70,37;,
  3;48,34,51;,
  3;34,48,33;,
  3;51,43,61;,
  3;43,51,34;,
  3;43,56,61;,
  3;56,43,39;,
  3;39,54,56;,
  3;54,39,40;,
  3;12,63,17;,
  3;63,12,67;,
  3;67,32,63;,
  3;32,67,69;,
  3;69,42,32;,
  3;71,72,25;,
  3;73,74,75;,
  3;74,73,76;,
  3;74,77,75;,
  3;77,74,78;,
  3;79,78,80;,
  3;78,79,77;,
  3;81,82,83;,
  3;82,84,85;,
  3;84,82,86;,
  3;87,88,89;,
  3;88,90,89;,
  3;90,88,91;,
  3;92,93,94;,
  3;92,89,93;,
  3;92,87,89;,
  3;89,95,93;,
  3;95,89,90;,
  3;96,93,82;,
  3;93,86,82;,
  3;86,93,95;,
  3;97,98,99;,
  3;98,97,100;,
  3;100,101,98;,
  3;101,100,102;,
  3;103,104,105;,
  3;104,103,106;,
  3;106,107,104;,
  3;107,106,108;,
  3;105,109,110;,
  3;109,105,104;,
  3;104,111,109;,
  3;111,104,107;,
  3;110,100,97;,
  3;100,110,109;,
  3;109,102,100;,
  3;102,109,111;,
  3;112,113,114;,
  3;113,112,115;,
  3;116,117,118;,
  3;117,116,119;,
  3;120,121,122;,
  3;121,120,123;,
  3;120,124,125;,
  3;124,120,122;,
  3;126,124,127;,
  3;124,126,125;,
  3;95,97,86;,
  3;97,95,110;,
  3;86,99,84;,
  3;99,86,97;,
  3;90,103,105;,
  3;103,90,91;,
  3;105,95,90;,
  3;95,105,110;,
  3;128,96,129;,
  3;96,128,94;,
  3;129,130,128;,
  3;130,129,131;,
  3;72,28,25;,
  3;28,72,132;,
  3;10,133,8;,
  3;134,135,136;,
  3;135,134,137;,
  3;81,137,134;,
  3;138,11,139;,
  3;138,9,11;,
  3;138,140,9;,
  3;141,11,142;,
  3;11,141,139;,
  3;128,130,143;,
  3;94,144,92;,
  3;94,143,144;,
  3;94,128,143;,
  3;145,87,146;,
  3;87,145,147;,
  3;75,148,73;,
  3;148,75,149;,
  3;150,147,145;,
  3;7,149,75;,
  3;148,151,73;,
  3;102,152,101;,
  3;152,102,126;,
  3;102,125,126;,
  3;125,102,111;,
  3;111,120,125;,
  3;120,111,107;,
  3;120,108,123;,
  3;108,120,107;,
  3;8,153,154;,
  3;153,8,133;,
  3;154,155,8;,
  3;155,154,156;,
  3;122,114,113;,
  3;114,122,121;,
  3;121,112,114;,
  3;112,121,157;,
  3;158,124,159;,
  3;124,158,127;,
  3;159,122,113;,
  3;122,159,124;,
  3;126,160,152;,
  3;160,126,161;,
  3;162,121,123;,
  3;121,162,163;,
  3;121,164,157;,
  3;164,121,163;,
  3;165,126,127;,
  3;126,165,161;,
  3;161,166,160;,
  3;166,161,167;,
  3;162,118,163;,
  3;118,162,116;,
  3;163,117,164;,
  3;117,163,118;,
  3;165,167,161;,
  3;167,165,168;,
  3;169,170,171;,
  3;170,169,172;,
  3;173,174,175;,
  3;174,173,176;,
  3;177,178,179;,
  3;178,177,173;,
  3;180,178,181;,
  3;178,180,182;,
  3;183,169,171;,
  3;169,183,184;,
  3;174,185,186;,
  3;185,174,176;,
  3;46,187,44;,
  3;187,46,188;,
  3;180,169,182;,
  3;169,180,172;,
  3;20,29,65;,
  3;19,29,20;,
  3;29,31,189;,
  3;31,190,189;,
  3;190,31,33;,
  3;33,191,190;,
  3;191,33,48;,
  3;191,50,192;,
  3;50,191,48;,
  3;192,53,193;,
  3;53,192,50;,
  3;194,171,185;,
  3;171,194,183;,
  3;171,186,185;,
  3;186,171,170;,
  3;185,176,194;,
  3;194,173,177;,
  3;173,194,176;,
  3;178,175,181;,
  3;175,178,173;,
  3;179,182,184;,
  3;182,179,178;,
  3;182,169,184;,
  3;16,17,19;,
  3;17,63,19;,
  3;65,195,66;,
  3;196,197,198;,
  3;197,196,199;,
  3;200,154,153;,
  3;154,200,201;,
  3;202,203,204;,
  3;205,206,207;,
  3;196,208,209;,
  3;208,196,198;,
  3;210,209,211;,
  3;209,210,196;,
  3;212,213,214;,
  3;213,212,215;,
  3;212,214,211;,
  3;201,216,217;,
  3;216,201,200;,
  3;218,219,220;,
  3;219,218,217;,
  3;210,199,196;,
  3;213,205,207;,
  3;221,222,223;,
  3;198,197,224;,
  3;224,225,226;,
  3;225,224,197;,
  3;227,213,207;,
  3;228,229,214;,
  3;229,228,230;,
  3;220,231,232;,
  3;213,228,214;,
  3;156,201,233;,
  3;201,156,154;,
  3;233,217,218;,
  3;217,233,201;,
  3;219,217,234;,
  3;235,219,234;,
  3;236,237,238;,
  3;237,236,239;,
  3;209,240,211;,
  3;240,209,241;,
  3;211,242,212;,
  3;242,211,240;,
  3;243,239,244;,
  3;239,243,237;,
  3;244,236,245;,
  3;236,244,239;,
  3;246,221,223;,
  3;221,246,215;,
  3;221,212,247;,
  3;212,221,215;,
  3;199,248,2;,
  3;248,199,249;,
  3;133,10,250;,
  3;249,210,251;,
  3;210,249,199;,
  3;210,211,251;,
  3;252,1,253;,
  3;1,252,2;,
  3;20,254,18;,
  3;254,20,64;,
  3;24,68,14;,
  3;68,24,255;,
  3;68,256,70;,
  3;256,68,255;,
  3;256,37,70;,
  3;37,256,257;,
  3;258,2,252;,
  3;2,258,199;,
  3;257,259,37;,
  3;37,259,35;,
  3;260,204,261;,
  3;204,260,202;,
  3;262,263,223;,
  3;263,262,264;,
  3;197,258,225;,
  3;258,197,199;,
  3;265,203,227;,
  3;265,207,266;,
  3;207,265,227;,
  3;223,267,246;,
  3;267,223,263;,
  3;88,87,147;,
  3;83,82,85;,
  3;78,16,18;,
  3;16,78,74;,
  3;74,15,16;,
  3;15,74,76;,
  3;15,71,13;,
  3;71,15,76;,
  3;13,268,23;,
  3;268,13,71;,
  3;248,269,2;,
  3;2,269,0;,
  3;136,129,134;,
  3;129,136,131;,
  3;134,96,81;,
  3;96,134,129;,
  3;96,82,81;,
  3;93,96,94;,
  3;29,189,65;,
  3;205,215,246;,
  3;267,205,246;,
  3;205,267,206;,
  3;205,213,215;,
  3;187,188,270;,
  3;224,271,272;,
  3;222,221,208;,
  3;224,222,198;,
  3;272,273,262;,
  3;273,272,271;,
  3;263,274,275;,
  3;273,276,262;,
  3;277,271,278;,
  3;271,277,273;,
  3;222,272,262;,
  3;272,222,224;,
  3;222,208,198;,
  3;209,221,247;,
  3;221,209,208;,
  3;223,222,262;,
  3;266,206,279;,
  3;206,266,207;,
  3;206,280,279;,
  3;280,206,267;,
  3;280,263,275;,
  3;263,280,267;,
  3;264,262,276;,
  3;76,73,72;,
  3;138,281,140;,
  3;73,132,72;,
  3;132,73,151;,
  3;72,71,76;,
