xof 0303txt 0032
template ColorRGBA {
 <35ff44e0-6c7c-11cf-8f52-0040333594a3>
 FLOAT red;
 FLOAT green;
 FLOAT blue;
 FLOAT alpha;
}

template ColorRGB {
 <d3e16e81-7835-11cf-8f52-0040333594a3>
 FLOAT red;
 FLOAT green;
 FLOAT blue;
}

template Material {
 <3d82ab4d-62da-11cf-ab39-0020af71e433>
 ColorRGBA faceColor;
 FLOAT power;
 ColorRGB specularColor;
 ColorRGB emissiveColor;
 [...]
}

template TextureFilename {
 <a42790e1-7810-11cf-8f52-0040333594a3>
 STRING filename;
}

template Frame {
 <3d82ab46-62da-11cf-ab39-0020af71e433>
 [...]
}

template Matrix4x4 {
 <f6f23f45-7686-11cf-8f52-0040333594a3>
 array FLOAT matrix[16];
}

template FrameTransformMatrix {
 <f6f23f41-7686-11cf-8f52-0040333594a3>
 Matrix4x4 frameMatrix;
}

template Vector {
 <3d82ab5e-62da-11cf-ab39-0020af71e433>
 FLOAT x;
 FLOAT y;
 FLOAT z;
}

template MeshFace {
 <3d82ab5f-62da-11cf-ab39-0020af71e433>
 DWORD nFaceVertexIndices;
 array DWORD faceVertexIndices[nFaceVertexIndices];
}

template Mesh {
 <3d82ab44-62da-11cf-ab39-0020af71e433>
 DWORD nVertices;
 array Vector vertices[nVertices];
 DWORD nFaces;
 array MeshFace faces[nFaces];
 [...]
}

template MeshMaterialList {
 <f6f23f42-7686-11cf-8f52-0040333594a3>
 DWORD nMaterials;
 DWORD nFaceIndexes;
 array DWORD faceIndexes[nFaceIndexes];
 [Material <3d82ab4d-62da-11cf-ab39-0020af71e433>]
}

template VertexElement {
 <f752461c-1e23-48f6-b9f8-8350850f336f>
 DWORD Type;
 DWORD Method;
 DWORD Usage;
 DWORD UsageIndex;
}

template DeclData {
 <bf22e553-292c-4781-9fea-62bd554bdd93>
 DWORD nElements;
 array VertexElement Elements[nElements];
 DWORD nDWords;
 array DWORD data[nDWords];
}

template XSkinMeshHeader {
 <3cf169ce-ff7c-44ab-93c0-f78f62d172e2>
 WORD nMaxSkinWeightsPerVertex;
 WORD nMaxSkinWeightsPerFace;
 WORD nBones;
}

template SkinWeights {
 <6f0d123b-bad2-4167-a0d0-80224f25fabb>
 STRING transformNodeName;
 DWORD nWeights;
 array DWORD vertexIndices[nWeights];
 array FLOAT weights[nWeights];
 Matrix4x4 matrixOffset;
}

template AnimTicksPerSecond {
 <9e415a43-7ba6-4a73-8743-b73d47e88476>
 DWORD AnimTicksPerSecond;
}

template Animation {
 <3d82ab4f-62da-11cf-ab39-0020af71e433>
 [...]
}

template AnimationSet {
 <3d82ab50-62da-11cf-ab39-0020af71e433>
 [Animation <3d82ab4f-62da-11cf-ab39-0020af71e433>]
}

template FloatKeys {
 <10dd46a9-775b-11cf-8f52-0040333594a3>
 DWORD nValues;
 array FLOAT values[nValues];
}

template TimedFloatKeys {
 <f406b180-7b3b-11cf-8f52-0040333594a3>
 DWORD time;
 FloatKeys tfkeys;
}

template AnimationKey {
 <10dd46a8-775b-11cf-8f52-0040333594a3>
 DWORD keyType;
 DWORD nKeys;
 array TimedFloatKeys keys[nKeys];
}


Material _03_-_Default {
 1.000000;1.000000;1.000000;1.000000;;
 9.999999;
 0.000000;0.000000;0.000000;;
 0.000000;0.000000;0.000000;;

 TextureFilename {
  "MaleBody_full.png";
 }
}

Frame Dummy01 {
 

 FrameTransformMatrix {
  1.000000,0.000000,0.000000,0.000000,0.000000,-0.000000,-1.000000,0.000000,0.000000,1.000000,-0.000000,0.000000,0.000000,0.000000,0.000000,1.000000;;
 }

 Frame Bip01 {
  

  FrameTransformMatrix {
   -0.088997,0.994657,-0.052321,0.000000,0.006892,0.053144,0.998563,0.000000,0.996008,0.088508,-0.011585,0.000000,0.009854,-0.156505,0.228409,1.000000;;
  }

  Frame Bip01_Pelvis {
   

   FrameTransformMatrix {
    -0.077771,0.993558,-0.082426,0.000000,-0.000001,0.082676,0.996576,0.000000,0.996971,0.077505,-0.006428,0.000000,0.000000,0.000000,0.000000,1.000000;;
   }

   Frame Bip01_Spine {
    

    FrameTransformMatrix {
     0.753117,0.023647,0.657461,0.000000,0.014210,0.998536,-0.052192,0.000000,-0.657733,0.048649,0.751679,0.000000,0.051357,0.004265,0.003938,1.000000;;
    }

    Frame Bip01_Spine1 {
     

     FrameTransformMatrix {
      0.983943,0.066908,0.165467,0.000000,-0.113365,0.950336,0.289844,0.000000,-0.137857,-0.303948,0.942662,0.000000,0.106492,0.000026,-0.000080,1.000000;;
     }

     Frame Bip01_Neck {
      

      FrameTransformMatrix {
       0.907563,-0.075277,0.413114,0.000000,-0.019634,0.975118,0.220818,0.000000,-0.419457,-0.208517,0.883503,0.000000,0.130516,0.000006,0.004628,1.000000;;
      }

      Frame Bip01_Head {
       

       FrameTransformMatrix {
        0.970039,0.120920,-0.210720,0.000000,-0.197102,0.898782,-0.391590,0.000000,0.142040,0.421390,0.895687,0.000000,0.033674,0.000000,0.000000,1.000000;;
       }

       Frame Bip01_HeadNub {
        

        FrameTransformMatrix {
         1.000000,0.000000,0.000000,0.000000,0.000000,1.000000,0.000000,0.000000,0.000000,0.000000,1.000000,0.000000,0.169824,0.000000,0.000000,1.000000;;
        }
       }
      }

      Frame Bip01_L_Clavicle {
       

       FrameTransformMatrix {
        -0.126521,0.968045,-0.216519,0.000000,0.902629,0.021825,-0.429865,0.000000,-0.411403,-0.249823,-0.876548,0.000000,-0.024909,0.014768,0.002717,1.000000;;
       }

       Frame Bip01_L_UpperArm {
        

        FrameTransformMatrix {
         0.619166,-0.685957,-0.382227,0.000000,0.573044,0.727496,-0.377319,0.000000,0.536893,0.014590,0.843524,0.000000,0.087086,0.000000,0.000000,1.000000;;
        }

        Frame Bip01_L_Forearm {
         

         FrameTransformMatrix {
          -0.509289,0.000000,-0.860595,0.000000,0.000000,1.000000,0.000000,0.000000,0.860595,-0.000000,-0.509289,0.000000,0.137062,-0.000000,0.000000,1.000000;;
         }

         Frame Bip01_L_Hand {
          

          FrameTransformMatrix {
           0.874176,-0.278549,0.397777,0.000000,0.013959,0.833206,0.552787,0.000000,-0.485408,-0.477680,0.732257,0.000000,0.137062,0.000000,-0.000000,1.000000;;
          }

          Frame Bip01_L_Finger0 {
           

           FrameTransformMatrix {
            0.404096,-0.014674,0.914599,0.000000,0.631622,0.727705,-0.267394,0.000000,-0.661635,0.685734,0.303332,0.000000,0.057681,-0.023605,-0.000272,1.000000;;
           }

           Frame Bip01_L_Finger0Nub {
            

            FrameTransformMatrix {
             1.000000,0.000000,0.000000,0.000000,0.000000,1.000000,-0.000000,0.000000,0.000000,0.000000,1.000000,0.000000,0.029435,0.000000,0.000000,1.000000;;
            }
           }
          }

          Frame Bip01_L_Finger1 {
           

           FrameTransformMatrix {
            0.445570,-0.000713,0.895247,0.000000,-0.000000,1.000000,0.000796,0.000000,-0.895247,-0.000355,0.445570,0.000000,0.084102,0.000000,0.000000,1.000000;;
           }

           Frame Bip01_L_Finger1Nub {
            

            FrameTransformMatrix {
             1.000000,0.000000,-0.000000,0.000000,0.000000,1.000000,-0.000000,0.000000,0.000000,-0.000000,1.000000,0.000000,0.047988,-0.000000,0.000000,1.000000;;
            }
           }
          }
         }
        }
       }
      }

      Frame Bip01_R_Clavicle {
       

       FrameTransformMatrix {
        0.018602,-0.993409,0.113099,0.000000,-0.907492,0.030704,0.418945,0.000000,-0.419657,-0.110430,-0.900940,0.000000,-0.022543,-0.015879,0.009271,1.000000;;
       }

       Frame Bip01_R_UpperArm {
        

        FrameTransformMatrix {
         0.827868,0.560915,-0.002916,0.000000,-0.508938,0.753319,0.416526,0.000000,0.235832,-0.343344,0.909119,0.000000,0.087086,0.000000,-0.000000,1.000000;;
        }

        Frame Bip01_R_Forearm {
         

         FrameTransformMatrix {
          -0.277989,0.000000,-0.960584,0.000000,0.000000,1.000000,0.000000,0.000000,0.960584,-0.000000,-0.277989,0.000000,0.137062,0.000000,-0.000000,1.000000;;
         }

         Frame Bip01_R_Hand {
          

          FrameTransformMatrix {
           0.495851,0.094593,0.863240,0.000000,0.860424,0.080966,-0.503106,0.000000,-0.117483,0.992218,-0.041243,0.000000,0.137062,0.000000,0.000000,1.000000;;
          }

          Frame Bip01_R_Finger0 {
           

           FrameTransformMatrix {
            0.289357,0.443331,0.848369,0.000000,-0.935321,0.319447,0.152081,0.000000,-0.203587,-0.837503,0.507092,0.000000,0.057681,0.023605,-0.000272,1.000000;;
           }

           Frame Bip01_R_Finger0Nub {
            

            FrameTransformMatrix {
             -1.000000,-0.000000,-0.000000,0.000000,0.000000,1.000000,-0.000000,0.000000,-0.000000,0.000000,-1.000000,0.000000,0.029435,-0.000000,0.000000,1.000000;;
            }
           }
          }

          Frame Bip01_R_Finger1 {
           

           FrameTransformMatrix {
            -0.257739,0.000769,0.966214,0.000000,0.000000,1.000000,-0.000796,0.000000,-0.966214,-0.000205,-0.257739,0.000000,0.084102,0.000000,-0.000000,1.000000;;
           }

           Frame Bip01_R_Finger1Nub {
            

            FrameTransformMatrix {
             -1.000000,0.000000,0.000000,0.000000,-0.000000,1.000000,0.000000,0.000000,0.000000,-0.000000,-1.000000,0.000000,0.047988,-0.000000,-0.000000,1.000000;;
            }
           }
          }
         }
        }
       }
      }
     }

     Frame Bip01_BackPack {
      

      FrameTransformMatrix {
       0.059303,-0.000002,-0.998240,0.000000,0.000003,1.000000,-0.000002,0.000000,0.998240,-0.000003,0.059303,0.000000,0.048746,-0.000000,-0.091745,1.000000;;
      }

      Frame Bip01_BackPackNub {
       

       FrameTransformMatrix {
        0.000796,0.000003,1.000000,0.000000,0.000000,-1.000000,0.000003,0.000000,1.000000,0.000000,-0.000796,0.000000,0.053240,0.000000,0.000000,1.000000;;
       }
      }
     }
    }

    Frame Bip01_L_Thigh {
     

     FrameTransformMatrix {
      0.613919,0.013022,0.789262,0.000000,0.033437,-0.999396,-0.009519,0.000000,0.788660,0.032235,-0.613983,0.000000,-0.040062,0.050362,0.033298,1.000000;;
     }

     Frame Bip01_L_Calf {
      

      FrameTransformMatrix {
       -0.606708,0.000000,-0.794925,0.000000,0.000000,1.000000,0.000000,0.000000,0.794925,0.000000,-0.606708,0.000000,0.237500,0.000000,-0.000000,1.000000;;
      }

      Frame Bip01_L_Foot {
       

       FrameTransformMatrix {
        0.777473,0.051954,0.626767,0.000000,-0.056937,0.998304,-0.012125,0.000000,-0.626334,-0.026260,0.779113,0.000000,0.206841,0.000000,0.000000,1.000000;;
       }

       Frame Bip01_L_Toe0 {
        

        FrameTransformMatrix {
         -0.000001,-0.000001,1.000000,0.000000,0.000001,1.000000,0.000001,0.000000,-1.000000,0.000001,-0.000001,0.000000,0.065373,0.000000,0.066450,1.000000;;
        }

        Frame Bip01_L_Toe0Nub {
         

         FrameTransformMatrix {
          -1.000000,-0.000000,-0.000000,0.000000,-0.000000,1.000000,-0.000000,0.000000,0.000000,-0.000000,-1.000000,0.000000,0.006735,0.000000,0.000000,1.000000;;
         }
        }
       }
      }
     }
    }

    Frame Bip01_R_Thigh {
     

     FrameTransformMatrix {
      -0.578292,-0.245874,0.777897,0.000000,0.212944,-0.965942,-0.147007,0.000000,0.787549,0.080635,0.610955,0.000000,-0.042673,-0.059927,0.027924,1.000000;;
     }

     Frame Bip01_R_Calf {
      

      FrameTransformMatrix {
       -0.576590,0.000000,-0.817033,0.000000,0.000000,1.000000,-0.000000,0.000000,0.817033,-0.000000,-0.576590,0.000000,0.237500,0.000000,0.000000,1.000000;;
      }

      Frame Bip01_R_Foot {
       

       FrameTransformMatrix {
        0.996732,-0.020490,0.078139,0.000000,0.016641,0.998631,0.049596,0.000000,-0.079048,-0.048134,0.995708,0.000000,0.206841,0.000000,-0.000000,1.000000;;
       }

       Frame Bip01_R_Toe0 {
        

        FrameTransformMatrix {
         -0.991866,-0.064911,0.109490,0.000000,-0.052983,0.992679,0.108536,0.000000,-0.115734,0.101852,-0.988044,0.000000,0.065373,0.000000,0.066450,1.000000;;
        }

        Frame Bip01_R_Toe0Nub {
         

         FrameTransformMatrix {
          1.000000,0.000000,0.000000,0.000000,-0.000000,1.000000,0.000000,0.000000,0.000000,0.000000,1.000000,0.000000,0.006735,0.000000,0.000000,1.000000;;
         }
        }
       }
      }
     }
    }
   }

   Frame Bip01_DressFront {
    

    FrameTransformMatrix {
     -0.286921,-0.102895,0.952412,0.000000,0.038348,0.992184,0.118744,0.000000,-0.957187,0.070593,-0.280733,0.000000,-0.001786,-0.009884,0.085757,1.000000;;
    }

    Frame Bip01_DressFront02 {
     

     FrameTransformMatrix {
      -0.018572,-0.123023,0.992230,0.000000,-0.033025,0.991935,0.122369,0.000000,-0.999282,-0.030496,-0.022485,0.000000,0.183456,0.000004,0.000003,1.000000;;
     }

     Frame Bip01_DressFrontNub {
      

      FrameTransformMatrix {
       0.000796,0.000003,1.000000,0.000000,0.000000,-1.000000,0.000003,0.000000,1.000000,-0.000000,-0.000796,0.000000,0.165302,0.000000,-0.000000,1.000000;;
      }
     }
    }
   }

   Frame Bip01_DressBack {
    

    FrameTransformMatrix {
     -0.582008,-0.042540,0.812070,0.000000,0.345119,0.891311,0.294037,0.000000,-0.736315,0.451393,-0.504069,0.000000,-0.047629,-0.000063,-0.078349,1.000000;;
    }

    Frame Bip01_DressBack02 {
     

     FrameTransformMatrix {
      -0.144211,-0.329172,0.933193,0.000000,-0.273279,0.919624,0.282155,0.000000,-0.951063,-0.214332,-0.222576,0.000000,0.176262,0.000023,0.000024,1.000000;;
     }

     Frame Bip01_DressBackNub {
      

      FrameTransformMatrix {
       0.000796,0.000003,1.000000,0.000000,0.000000,-1.000000,0.000003,0.000000,1.000000,0.000000,-0.000796,0.000000,0.136508,0.000000,-0.000000,1.000000;;
      }
     }
    }
   }
  }

  Frame Bip01_Prop1 {
   

   FrameTransformMatrix {
    -0.693078,-0.179486,0.698160,0.000000,0.575155,-0.721530,0.385475,0.000000,0.434557,0.668715,0.603309,0.000000,0.094468,0.059065,-0.221474,1.000000;;
   }
  }

  Frame Bip01_Prop2 {
   

   FrameTransformMatrix {
    0.164146,-0.970912,-0.174317,0.000000,0.773078,0.016856,0.634087,0.000000,-0.612704,-0.238844,0.753357,0.000000,0.197819,0.075823,0.053471,1.000000;;
   }
  }
 }
}

Frame Translation_Data {
 

 FrameTransformMatrix {
  1.000000,0.000000,0.000000,0.000000,0.000000,-0.000000,-1.000000,0.000000,0.000000,1.000000,-0.000000,0.000000,0.000000,-0.000000,0.000000,1.000000;;
 }
}

Frame Body {
 

 FrameTransformMatrix {
  1.000000,0.000000,0.000000,0.000000,0.000000,1.000000,0.000000,0.000000,0.000000,0.000000,1.000000,0.000000,0.000000,0.000000,0.000000,1.000000;;
 }

 Mesh Body {
  617;
  0.058066;0.403111;-0.028003;,
  0.022524;0.399917;-0.015510;,
  0.021548;0.432298;-0.025050;,
  0.067441;0.384519;-0.017725;,
  0.071480;0.370533;-0.006608;,
  0.039733;0.340783;0.013233;,
  0.025433;0.365018;-0.005903;,
  0.081694;0.358750;0.027219;,
  0.032810;0.472116;-0.015664;,
  0.086733;0.464456;0.008955;,
  0.069621;0.452166;-0.013426;,
  0.058111;0.476580;0.016102;,
  0.092917;0.282576;0.188817;,
  0.053413;0.294182;0.207154;,
  0.054500;0.274332;0.216722;,
  0.085094;0.296870;0.183266;,
  0.075773;0.291780;0.130760;,
  0.091005;0.268383;0.148019;,
  0.046241;0.282445;0.104446;,
  0.075640;0.246545;0.123191;,
  0.046647;0.233637;0.112122;,
  -0.014199;0.341958;0.017295;,
  -0.014721;0.372186;-0.001251;,
  0.010914;0.289007;0.210786;,
  0.013031;0.267095;0.220248;,
  0.060254;0.399295;0.130540;,
  0.015276;0.438434;0.113888;,
  0.009732;0.405458;0.138795;,
  0.069580;0.429379;0.100539;,
  0.062329;0.257304;0.109680;,
  0.101272;0.243806;0.006975;,
  0.061994;0.270322;0.010076;,
  0.099006;0.230038;0.114113;,
  0.057793;0.241197;-0.100591;,
  0.087910;0.227817;-0.085345;,
  0.014220;0.248745;0.113059;,
  0.026418;0.167256;0.015326;,
  0.032405;0.165841;0.219665;,
  0.015830;0.242453;0.013175;,
  0.035526;0.213998;-0.068120;,
  0.031220;0.226116;-0.084843;,
  0.105301;0.179244;0.010270;,
  0.097951;0.179049;0.123600;,
  0.076201;0.216783;-0.068933;,
  0.088920;-0.001511;0.054146;,
  0.049355;-0.001595;0.099606;,
  0.044025;-0.001488;0.051079;,
  0.084211;-0.001618;0.099339;,
  0.061925;0.175056;-0.071906;,
  0.092418;0.132370;-0.002691;,
  0.063165;0.116439;-0.026590;,
  0.093350;0.191524;-0.048319;,
  0.086622;0.069484;0.047954;,
  0.066713;0.058701;0.022279;,
  0.021123;0.173094;-0.041316;,
  0.030712;0.159556;0.024875;,
  0.022035;0.216734;-0.006654;,
  0.033681;0.128316;-0.004269;,
  0.053635;0.087115;0.064648;,
  0.050120;0.059859;0.046013;,
  0.092806;0.159717;0.024469;,
  0.093708;0.224842;-0.011793;,
  0.077670;0.091904;0.062550;,
  0.099527;0.239908;0.151678;,
  0.005305;0.223360;0.103847;,
  0.014220;0.248745;0.113059;,
  0.008987;0.188606;0.116684;,
  0.106748;0.233411;0.205430;,
  0.059422;0.227938;0.233929;,
  0.100616;0.183565;0.160658;,
  0.057998;0.175655;0.190692;,
  0.055255;0.357462;0.163588;,
  0.089065;0.384948;0.114918;,
  0.097819;0.377092;0.097817;,
  0.073487;0.318039;0.100612;,
  0.084339;0.345609;0.056929;,
  0.084906;0.344028;0.140706;,
  0.046195;0.322990;0.035948;,
  0.048979;0.298607;0.081942;,
  -0.004225;0.323767;0.035127;,
  0.000706;0.291903;0.085065;,
  0.099284;0.374735;-0.036805;,
  0.129285;0.334226;-0.031924;,
  0.068381;0.379760;0.006960;,
  0.138927;0.300485;0.031657;,
  0.096446;0.326115;0.017531;,
  0.164645;0.304027;-0.009244;,
  0.114095;0.399676;0.041967;,
  0.096446;0.326115;0.017531;,
  0.141881;0.358279;0.053120;,
  0.163504;0.291546;0.051107;,
  0.138927;0.300485;0.031657;,
  0.123538;0.405193;0.039000;,
  0.174700;0.366701;0.003565;,
  0.144625;0.406085;-0.000611;,
  0.189095;0.294760;0.010284;,
  0.122983;0.390482;-0.027501;,
  0.154457;0.326217;-0.018555;,
  0.075953;0.317614;-0.009789;,
  0.122078;0.325256;0.028891;,
  0.098670;0.318766;-0.038598;,
  0.044577;0.303638;-0.030622;,
  0.052247;0.308979;-0.056106;,
  0.122078;0.325256;0.028891;,
  0.089554;0.262053;-0.011170;,
  0.134100;0.264404;0.036521;,
  0.075953;0.317614;-0.009789;,
  0.056105;0.272271;-0.043076;,
  0.044577;0.303638;-0.030622;,
  0.107174;0.263323;-0.033125;,
  0.166213;0.265593;-0.010691;,
  0.057523;0.272517;-0.055178;,
  -0.048008;0.228071;-0.033751;,
  0.000514;0.231161;-0.063631;,
  -0.030488;0.239999;-0.027862;,
  -0.017058;0.219628;-0.069048;,
  -0.013884;0.255883;-0.020536;,
  -0.026649;0.254228;-0.031249;,
  -0.017115;0.249230;-0.028968;,
  -0.024405;0.260097;-0.017767;,
  0.039501;0.252099;-0.055332;,
  -0.012526;0.278464;-0.039737;,
  0.007735;0.242268;-0.072364;,
  0.016104;0.278122;-0.020012;,
  -0.002637;0.251529;-0.086674;,
  0.033414;0.278795;-0.081442;,
  0.009540;0.307125;-0.044981;,
  -0.021523;0.286875;-0.055384;,
  0.098243;0.448157;-0.018380;,
  0.095484;0.427831;-0.040128;,
  0.069621;0.452166;-0.013426;,
  0.061360;0.432507;-0.028016;,
  0.101555;0.415443;0.080261;,
  0.034753;0.447057;-0.029592;,
  0.085816;0.402208;-0.040321;,
  0.067441;0.384519;-0.017725;,
  0.058066;0.403111;-0.028003;,
  0.084780;0.387197;-0.020384;,
  0.108511;0.435450;0.038714;,
  0.073693;0.450182;0.064029;,
  0.110028;0.435163;0.032500;,
  0.019050;0.460093;0.081183;,
  0.011527;0.478646;0.024562;,
  0.086733;0.464456;0.008955;,
  0.110028;0.435163;0.032500;,
  0.081136;0.386457;0.016780;,
  0.107572;0.422811;0.032361;,
  0.068381;0.379760;0.006960;,
  0.097036;0.391179;0.060057;,
  0.083222;0.366397;0.039679;,
  0.071480;0.370533;-0.006608;,
  0.105450;0.403251;0.068168;,
  0.016104;0.278122;-0.020012;,
  0.026245;0.461070;-0.052813;,
  0.023432;0.481994;-0.044441;,
  0.006242;0.482541;-0.008602;,
  0.001307;0.495727;-0.038359;,
  -0.021523;0.286875;-0.055384;,
  -0.048008;0.228071;-0.033751;,
  -0.017058;0.219628;-0.069048;,
  -0.000575;0.270751;-0.020325;,
  -0.024878;0.279580;-0.021867;,
  -0.000575;0.270751;-0.020325;,
  -0.007396;0.263978;-0.035305;,
  -0.025726;0.277877;-0.044056;,
  -0.025726;0.277877;-0.044056;,
  -0.013884;0.255883;-0.020536;,
  -0.024405;0.260097;-0.017767;,
  -0.026649;0.254228;-0.031249;,
  0.095162;0.020155;-0.022688;,
  0.064907;-0.001458;-0.067435;,
  0.063586;0.017121;-0.060198;,
  0.100721;-0.001470;-0.029925;,
  0.045608;0.031815;0.088975;,
  0.044025;-0.001488;0.051079;,
  0.049355;-0.001595;0.099606;,
  0.042654;0.023469;0.048546;,
  0.053635;0.087115;0.064648;,
  0.087148;0.034837;0.088445;,
  0.077670;0.091904;0.062550;,
  0.088920;-0.001511;0.054146;,
  0.084211;-0.001618;0.099339;,
  0.090071;0.033435;0.051675;,
  0.066713;0.058701;0.022279;,
  0.086622;0.069484;0.047954;,
  0.036094;0.014087;-0.049744;,
  0.029967;-0.001447;-0.056981;,
  0.100721;-0.001470;-0.029925;,
  0.029967;-0.001447;-0.056981;,
  0.015830;0.242453;0.013175;,
  0.031220;0.226116;-0.084843;,
  0.021123;0.173094;-0.041316;,
  0.033681;0.128316;-0.004269;,
  0.050120;0.059859;0.046013;,
  0.050120;0.059859;0.046013;,
  0.014616;0.174854;0.166514;,
  0.036060;0.452830;-0.060211;,
  0.017721;0.433137;-0.060413;,
  0.026615;0.434816;-0.067055;,
  0.014236;0.446422;-0.055322;,
  0.029517;0.483166;-0.064082;,
  0.022564;0.506148;-0.061636;,
  0.010074;0.516087;-0.183698;,
  -0.010814;0.489715;-0.190829;,
  -0.009555;0.519325;-0.187252;,
  0.021820;0.440771;-0.151480;,
  0.004584;0.435238;-0.153719;,
  0.018697;0.462619;-0.171372;,
  0.032476;0.442227;-0.086218;,
  0.041725;0.470182;-0.081977;,
  0.034952;0.466335;-0.065237;,
  0.043826;0.503053;-0.102928;,
  0.043395;0.489083;-0.123095;,
  0.032843;0.479629;-0.169041;,
  0.042662;0.503117;-0.157552;,
  0.037986;0.464281;-0.132998;,
  0.041947;0.518939;-0.097784;,
  0.032055;0.541002;-0.094099;,
  -0.006532;0.552624;-0.088476;,
  0.025575;0.554963;-0.140093;,
  -0.006793;0.566041;-0.135906;,
  0.038359;0.453429;-0.113058;,
  0.022466;0.425805;-0.084967;,
  0.022894;0.431447;-0.120473;,
  0.007275;0.403667;-0.069732;,
  -0.011738;0.411580;-0.058664;,
  -0.012638;0.394633;-0.071272;,
  0.014716;0.480328;-0.183325;,
  0.029687;0.510315;-0.175016;,
  0.039870;0.536824;-0.147814;,
  0.026079;0.538829;-0.166989;,
  0.009174;0.547826;-0.168120;,
  -0.007928;0.551671;-0.168544;,
  -0.007286;0.522763;-0.061608;,
  0.039870;0.536824;-0.147814;,
  0.026079;0.538829;-0.166989;,
  0.047966;0.470784;-0.084721;,
  0.054210;0.502878;-0.119308;,
  0.059497;0.499849;-0.098902;,
  0.046763;0.489198;-0.105880;,
  0.059497;0.499849;-0.098902;,
  0.047966;0.470784;-0.084721;,
  0.054210;0.502878;-0.119308;,
  0.043395;0.489083;-0.123095;,
  0.043453;0.470775;-0.105827;,
  0.041725;0.470182;-0.081977;,
  0.022750;0.442966;-0.139517;,
  0.043453;0.470775;-0.105827;,
  0.034753;0.447057;-0.029592;,
  0.026245;0.461070;-0.052813;,
  0.061360;0.432507;-0.028016;,
  0.029517;0.483166;-0.064082;,
  -0.010584;0.417259;-0.024233;,
  -0.011875;0.397008;-0.011776;,
  0.002973;0.276790;0.104763;,
  0.017841;0.222333;0.237507;,
  0.019888;0.188340;0.233393;,
  0.012003;0.162704;0.154221;,
  -0.016780;0.426917;-0.048002;,
  0.014616;0.174854;0.166514;,
  0.009174;0.547826;-0.168120;,
  -0.007928;0.551671;-0.168544;,
  0.007872;0.415593;-0.099416;,
  0.000194;0.421860;-0.122298;,
  0.000310;0.416597;-0.114204;,
  -0.011409;0.474325;-0.189161;,
  -0.012123;0.451778;-0.177393;,
  0.002842;0.438524;-0.141243;,
  0.008605;0.357760;0.169643;,
  0.061360;0.432507;-0.028016;,
  0.064907;-0.001458;-0.067435;,
  -0.000731;0.405697;-0.095454;,
  0.007243;0.412372;-0.093676;,
  -0.000727;0.411291;-0.097652;,
  -0.012675;0.412347;-0.115778;,
  -0.013023;0.408859;-0.127961;,
  -0.001161;0.409274;-0.103520;,
  -0.012408;0.411481;-0.097982;,
  -0.012707;0.402982;-0.095290;,
  -0.012653;0.429705;-0.155959;,
  -0.012549;0.428078;-0.145920;,
  0.107572;0.422811;0.032361;,
  -0.012731;0.406605;-0.105358;,
  0.081645;0.400790;0.027584;,
  0.081136;0.386457;0.016780;,
  0.071480;0.370533;-0.006608;,
  0.041947;0.518939;-0.097784;,
  0.061925;0.175056;-0.071906;,
  0.017661;0.082175;-0.047970;,
  0.003892;0.148603;-0.084088;,
  0.063165;0.116439;-0.026590;,
  0.057793;0.241197;-0.100591;,
  0.004940;0.224180;-0.094589;,
  0.061994;0.270322;0.010076;,
  0.001854;0.239792;0.003595;,
  0.062329;0.257304;0.109680;,
  0.006990;0.255244;0.090484;,
  0.046647;0.233637;0.112122;,
  0.021369;0.017074;-0.017869;,
  0.066713;0.058701;0.022279;,
  0.039013;0.151618;0.063494;,
  0.041423;-0.003363;0.227776;,
  0.045928;0.095793;0.104970;,
  0.027149;0.034020;0.174619;,
  0.015232;0.062519;0.121440;,
  0.026393;0.223492;0.005575;,
  0.006181;0.073938;0.090273;,
  0.029029;0.206168;-0.055583;,
  0.026071;0.152343;0.016516;,
  0.008979;0.120959;0.141299;,
  0.020201;0.167161;0.218975;,
  0.081645;0.400790;0.027584;,
  -0.075687;0.432728;-0.000347;,
  -0.041560;0.412642;-0.002827;,
  -0.087052;0.418136;0.013997;,
  -0.032318;0.443410;-0.014083;,
  -0.091517;0.402298;0.026056;,
  -0.065049;0.354901;0.030241;,
  -0.094176;0.382446;0.055766;,
  -0.053370;0.380666;0.009693;,
  -0.022814;0.483808;-0.004181;,
  -0.062145;0.495009;0.038086;,
  -0.032132;0.494499;0.033963;,
  -0.058310;0.479870;0.011791;,
  -0.072644;0.270738;0.204253;,
  -0.031873;0.287869;0.214200;,
  -0.067074;0.285605;0.195838;,
  -0.028978;0.268363;0.224505;,
  -0.065871;0.281294;0.142462;,
  -0.076287;0.256422;0.163617;,
  -0.040088;0.276054;0.111578;,
  -0.062445;0.235619;0.132145;,
  -0.034838;0.227810;0.119720;,
  0.010914;0.289007;0.210786;,
  0.013031;0.267095;0.220248;,
  -0.041705;0.404888;0.142546;,
  0.015276;0.438434;0.113888;,
  -0.040989;0.444277;0.118486;,
  0.009732;0.405458;0.138795;,
  -0.050522;0.192669;0.112781;,
  -0.110051;0.097538;0.117161;,
  -0.085075;0.188534;0.149601;,
  -0.071590;0.099991;0.089410;,
  -0.089021;-0.013333;0.088854;,
  -0.115096;0.003470;0.108535;,
  -0.003631;0.182966;0.132424;,
  -0.033250;0.071507;0.187565;,
  -0.025095;0.087020;0.113645;,
  0.008360;0.164121;0.221907;,
  -0.059954;0.006608;0.122868;,
  -0.059435;-0.007145;0.106022;,
  -0.111805;0.084640;0.180611;,
  -0.080119;0.160208;0.205138;,
  -0.100017;0.014215;0.122996;,
  -0.080521;0.105036;0.360787;,
  -0.036147;0.142689;0.345127;,
  -0.070657;0.147205;0.347035;,
  -0.036463;0.095992;0.359363;,
  -0.086057;-0.004378;0.160867;,
  -0.101392;0.053555;0.223726;,
  -0.112424;0.028422;0.154237;,
  -0.077225;0.021023;0.229916;,
  -0.084822;0.080504;0.296609;,
  -0.069320;0.050176;0.303932;,
  -0.039945;0.016140;0.168430;,
  -0.035905;0.075961;0.201011;,
  -0.044090;0.039976;0.222743;,
  -0.034676;0.061676;0.136721;,
  -0.050267;0.093919;0.277768;,
  -0.048607;0.074118;0.302792;,
  -0.096826;0.087154;0.205398;,
  -0.106063;0.072557;0.132881;,
  -0.074534;0.096168;0.274321;,
  -0.079887;0.227080;0.168406;,
  -0.003631;0.182966;0.132424;,
  -0.076108;0.220337;0.222479;,
  -0.024057;0.221970;0.241712;,
  -0.074490;0.172103;0.213624;,
  -0.026396;0.173644;0.233536;,
  -0.038442;0.356679;0.171752;,
  -0.074927;0.393944;0.134230;,
  -0.088669;0.387322;0.119778;,
  -0.068306;0.316854;0.112966;,
  -0.071920;0.342718;0.154370;,
  -0.089469;0.355143;0.077396;,
  -0.060351;0.328834;0.048495;,
  -0.047547;0.297801;0.090352;,
  -0.134860;0.432338;0.023733;,
  -0.092327;0.416108;0.052424;,
  -0.176678;0.429509;0.052162;,
  -0.173666;0.417962;0.122298;,
  -0.206190;0.436523;0.091520;,
  -0.138739;0.403877;0.090810;,
  -0.090485;0.466875;0.086059;,
  -0.128574;0.462368;0.119809;,
  -0.138739;0.403877;0.090810;,
  -0.184903;0.438569;0.151916;,
  -0.173666;0.417962;0.122298;,
  -0.094025;0.477329;0.083487;,
  -0.166347;0.488176;0.080939;,
  -0.124876;0.490289;0.053577;,
  -0.217524;0.456874;0.121334;,
  -0.134599;0.461334;0.031172;,
  -0.194234;0.435490;0.072171;,
  -0.160492;0.363552;0.071966;,
  -0.186054;0.380060;0.051437;,
  -0.153713;0.413169;0.106232;,
  -0.165117;0.322813;0.051372;,
  -0.183005;0.331818;0.034763;,
  -0.153713;0.413169;0.106232;,
  -0.205935;0.350511;0.104195;,
  -0.160492;0.363552;0.071966;,
  -0.197268;0.397378;0.148602;,
  -0.194075;0.323631;0.072599;,
  -0.165117;0.322813;0.051372;,
  -0.225279;0.363538;0.088378;,
  -0.237408;0.419640;0.114608;,
  -0.208949;0.321394;0.058901;,
  -0.189312;0.237939;0.086523;,
  -0.220058;0.286007;0.085570;,
  -0.219349;0.271671;0.101852;,
  -0.189753;0.252114;0.069707;,
  -0.178419;0.246813;0.059379;,
  -0.190345;0.235790;0.055291;,
  -0.178383;0.241825;0.048833;,
  -0.185507;0.239696;0.064369;,
  -0.194030;0.307045;0.088278;,
  -0.201720;0.261501;0.049396;,
  -0.171978;0.279002;0.053645;,
  -0.222392;0.283160;0.092857;,
  -0.239888;0.281925;0.083344;,
  -0.220887;0.318609;0.064271;,
  -0.198040;0.290274;0.027160;,
  -0.219852;0.261795;0.041173;,
  -0.084829;0.491347;0.020302;,
  -0.100018;0.473968;0.001281;,
  -0.058310;0.479870;0.011791;,
  -0.066016;0.461082;-0.001588;,
  -0.080431;0.439963;0.109801;,
  -0.039339;0.462828;-0.014152;,
  -0.103886;0.446261;0.000059;,
  -0.087052;0.418136;0.013997;,
  -0.105111;0.428736;0.022585;,
  -0.075687;0.432728;-0.000347;,
  -0.080400;0.474991;0.075638;,
  -0.083887;0.476070;0.070408;,
  -0.037573;0.472276;0.086051;,
  0.019050;0.460093;0.081183;,
  0.011527;0.478646;0.024562;,
  -0.062145;0.495009;0.038086;,
  -0.083887;0.476070;0.070408;,
  -0.084867;0.420372;0.050254;,
  -0.092327;0.416108;0.052424;,
  -0.086542;0.464055;0.070989;,
  -0.089100;0.416258;0.090270;,
  -0.089478;0.389666;0.067711;,
  -0.091517;0.402298;0.026056;,
  -0.091067;0.429729;0.100066;,
  -0.171978;0.279002;0.053645;,
  -0.039475;0.476301;-0.040267;,
  -0.025189;0.493262;-0.035160;,
  0.006242;0.482541;-0.008602;,
  0.001307;0.495727;-0.038359;,
  -0.219852;0.261795;0.041173;,
  -0.189312;0.237939;0.086523;,
  -0.219349;0.271671;0.101852;,
  -0.179517;0.266628;0.057284;,
  -0.186852;0.254231;0.035756;,
  -0.179517;0.266628;0.057284;,
  -0.193434;0.256517;0.061853;,
  -0.207912;0.251697;0.042542;,
  -0.207912;0.251697;0.042542;,
  -0.178419;0.246813;0.059379;,
  -0.178383;0.241825;0.048833;,
  -0.190345;0.235790;0.055291;,
  -0.097483;0.026831;0.363621;,
  -0.070749;-0.013350;0.396109;,
  -0.101865;0.027054;0.386678;,
  -0.070285;-0.012105;0.376170;,
  -0.036676;0.122359;0.316322;,
  -0.036463;0.095992;0.359363;,
  -0.037648;0.086121;0.336292;,
  -0.036147;0.142689;0.345127;,
  -0.050267;0.093919;0.277768;,
  -0.078103;0.126649;0.315757;,
  -0.074534;0.096168;0.274321;,
  -0.080521;0.105036;0.360787;,
  -0.085095;0.092651;0.328317;,
  -0.070657;0.147205;0.347035;,
  -0.069320;0.050176;0.303932;,
  -0.084822;0.080504;0.296609;,
  -0.041613;-0.005080;0.374486;,
  -0.034983;-0.008232;0.391139;,
  -0.101865;0.027054;0.386678;,
  -0.034983;-0.008232;0.391139;,
  -0.025095;0.087020;0.113645;,
  -0.059435;-0.007145;0.106022;,
  -0.039945;0.016140;0.168430;,
  -0.044090;0.039976;0.222743;,
  -0.048607;0.074118;0.302792;,
  -0.048607;0.074118;0.302792;,
  -0.056071;0.456560;-0.058649;,
  -0.039401;0.435450;-0.059445;,
  -0.036673;0.458220;-0.045604;,
  -0.048350;0.437851;-0.065785;,
  -0.047232;0.486273;-0.062781;,
  -0.038366;0.508616;-0.060603;,
  -0.029249;0.517679;-0.183032;,
  -0.009555;0.519325;-0.187252;,
  -0.045948;0.443515;-0.150332;,
  -0.041743;0.465066;-0.170347;,
  -0.029300;0.436610;-0.153145;,
  -0.054237;0.445738;-0.084749;,
  -0.061048;0.474344;-0.080235;,
  -0.054045;0.469938;-0.063728;,
  -0.061193;0.507305;-0.101148;,
  -0.062575;0.493374;-0.121299;,
  -0.054381;0.483161;-0.167563;,
  -0.059526;0.468229;-0.131345;,
  -0.061876;0.507350;-0.155780;,
  -0.057863;0.522980;-0.096092;,
  -0.046102;0.544166;-0.092775;,
  -0.006532;0.552624;-0.088476;,
  -0.040074;0.557621;-0.138980;,
  -0.006793;0.566041;-0.135906;,
  -0.060100;0.457415;-0.111389;,
  -0.046722;0.434266;-0.119294;,
  -0.045551;0.428559;-0.083814;,
  -0.031692;0.405245;-0.069072;,
  -0.036751;0.482412;-0.182453;,
  -0.048960;0.513499;-0.173683;,
  -0.056041;0.540707;-0.146189;,
  -0.042789;0.541618;-0.165822;,
  -0.007928;0.551671;-0.168544;,
  -0.025260;0.549220;-0.167536;,
  -0.007286;0.522763;-0.061608;,
  -0.056041;0.540707;-0.146189;,
  -0.042789;0.541618;-0.165822;,
  -0.067309;0.475451;-0.082767;,
  -0.072105;0.507993;-0.117167;,
  -0.065338;0.493737;-0.103980;,
  -0.076926;0.505373;-0.096590;,
  -0.076926;0.505373;-0.096590;,
  -0.067309;0.475451;-0.082767;,
  -0.072105;0.507993;-0.117167;,
  -0.062575;0.493374;-0.121299;,
  -0.063528;0.475106;-0.104014;,
  -0.061048;0.474344;-0.080235;,
  -0.046291;0.445762;-0.138347;,
  -0.063528;0.475106;-0.104014;,
  -0.039339;0.462828;-0.014152;,
  -0.039475;0.476301;-0.040267;,
  -0.066016;0.461082;-0.001588;,
  -0.047232;0.486273;-0.062781;,
  0.017841;0.222333;0.237507;,
  0.019888;0.188340;0.233393;,
  0.012003;0.162704;0.154221;,
  0.014616;0.174854;0.166514;,
  -0.025260;0.549220;-0.167536;,
  -0.007928;0.551671;-0.168544;,
  -0.032327;0.417220;-0.098735;,
  -0.024946;0.422878;-0.121872;,
  -0.025213;0.417631;-0.113772;,
  -0.026878;0.439727;-0.140739;,
  0.008605;0.357760;0.169643;,
  -0.066016;0.461082;-0.001588;,
  -0.070749;-0.013350;0.396109;,
  -0.031767;0.413951;-0.093015;,
  -0.024423;0.406656;-0.095053;,
  -0.024049;0.412235;-0.097257;,
  -0.023979;0.410198;-0.103133;,
  -0.086542;0.464055;0.070989;,
  -0.075600;0.432686;0.059033;,
  -0.084867;0.420372;0.050254;,
  -0.091517;0.402298;0.026056;,
  -0.057863;0.522980;-0.096092;,
  -0.054173;0.044575;0.048251;,
  -0.025494;0.052922;-0.004788;,
  -0.056079;0.022122;0.098362;,
  -0.029080;0.110243;-0.039419;,
  -0.056370;0.066546;0.001504;,
  -0.030549;0.163310;-0.060237;,
  -0.028925;0.136391;0.043864;,
  -0.017237;0.187785;0.007931;,
  -0.010317;0.198980;0.087007;,
  -0.005024;0.222397;0.077283;,
  0.005305;0.223360;0.103847;,
  -0.034838;0.227810;0.119720;,
  -0.022882;0.002334;0.021897;,
  -0.052700;-0.002536;0.143492;,
  -0.016254;0.103030;0.266812;,
  -0.096826;0.087154;0.205398;,
  -0.074521;0.096167;0.274319;,
  -0.027281;0.086504;0.198038;,
  -0.106063;0.072557;0.132881;,
  -0.039876;0.078214;0.136322;,
  -0.050666;0.017099;0.134700;,
  -0.100017;0.014215;0.122996;,
  -0.111805;0.084640;0.180611;,
  -0.032332;0.067338;0.204543;,
  0.019888;0.188340;0.233393;,
  -0.026396;0.173644;0.233536;,
  -0.075600;0.432686;0.059033;,
  -0.050522;0.192669;0.112781;,
  -0.071590;0.099991;0.089410;,
  -0.089021;-0.013333;0.088854;,
  -0.086057;-0.004378;0.160867;,
  -0.077225;0.021023;0.229916;,
  -0.069320;0.050176;0.303932;,
  0.105301;0.179244;0.010270;,
  0.057998;0.175655;0.190692;,
  0.097951;0.179049;0.123600;,
  0.076201;0.216783;-0.068933;,
  0.093708;0.224842;-0.011793;,
  0.092806;0.159717;0.024469;,
  0.077670;0.091904;0.062550;,
  -0.080119;0.160208;0.205138;;
  916;
  3;0,1,2;,
  3;1,0,3;,
  3;4,5,6;,
  3;5,4,7;,
  3;8,9,10;,
  3;9,8,11;,
  3;12,13,14;,
  3;13,12,15;,
  3;16,12,17;,
  3;12,16,15;,
  3;18,19,20;,
  3;19,18,16;,
  3;6,21,22;,
  3;21,6,5;,
  3;14,23,24;,
  3;23,14,13;,
  3;25,26,27;,
  3;26,25,28;,
  3;29,30,31;,
  3;30,29,32;,
  3;30,33,31;,
  3;33,30,34;,
  3;35,36,37;,
  3;36,35,38;,
  3;38,39,36;,
  3;39,38,40;,
  3;37,41,42;,
  3;41,37,36;,
  3;36,43,41;,
  3;43,36,39;,
  3;42,30,32;,
  3;30,42,41;,
  3;41,34,30;,
  3;34,41,43;,
  3;44,45,46;,
  3;45,44,47;,
  3;48,49,50;,
  3;49,48,51;,
  3;50,52,53;,
  3;52,50,49;,
  3;54,55,56;,
  3;55,54,57;,
  3;57,58,55;,
  3;58,57,59;,
  3;56,60,61;,
  3;60,56,55;,
  3;55,62,60;,
  3;62,55,58;,
  3;61,49,51;,
  3;49,61,60;,
  3;60,52,49;,
  3;52,60,62;,
  3;32,19,63;,
  3;19,32,29;,
  3;64,65,66;,
  3;65,64,20;,
  3;14,67,12;,
  3;67,14,68;,
  3;68,69,67;,
  3;69,68,70;,
  3;70,42,69;,
  3;42,70,37;,
  3;48,34,51;,
  3;34,48,33;,
  3;51,43,61;,
  3;43,51,34;,
  3;43,56,61;,
  3;56,43,39;,
  3;39,54,56;,
  3;54,39,40;,
  3;12,63,17;,
  3;63,12,67;,
  3;67,32,63;,
  3;32,67,69;,
  3;69,42,32;,
  3;71,72,25;,
  3;73,74,75;,
  3;74,73,76;,
  3;74,77,75;,
  3;77,74,78;,
  3;79,78,80;,
  3;78,79,77;,
  3;81,82,83;,
  3;82,84,85;,
  3;84,82,86;,
  3;87,88,89;,
  3;88,90,89;,
  3;90,88,91;,
  3;92,93,94;,
  3;92,89,93;,
  3;92,87,89;,
  3;89,95,93;,
  3;95,89,90;,
  3;96,93,82;,
  3;93,86,82;,
  3;86,93,95;,
  3;97,98,99;,
  3;98,97,100;,
  3;100,101,98;,
  3;101,100,102;,
  3;103,104,105;,
  3;104,103,106;,
  3;106,107,104;,
  3;107,106,108;,
  3;105,109,110;,
  3;109,105,104;,
  3;104,111,109;,
  3;111,104,107;,
  3;110,100,97;,
  3;100,110,109;,
  3;109,102,100;,
  3;102,109,111;,
  3;112,113,114;,
  3;113,112,115;,
  3;116,117,118;,
  3;117,116,119;,
  3;120,121,122;,
  3;121,120,123;,
  3;120,124,125;,
  3;124,120,122;,
  3;126,124,127;,
  3;124,126,125;,
  3;95,97,86;,
  3;97,95,110;,
  3;86,99,84;,
  3;99,86,97;,
  3;90,103,105;,
  3;103,90,91;,
  3;105,95,90;,
  3;95,105,110;,
  3;128,96,129;,
  3;96,128,94;,
  3;129,130,128;,
  3;130,129,131;,
  3;72,28,25;,
  3;28,72,132;,
  3;10,133,8;,
  3;134,135,136;,
  3;135,134,137;,
  3;81,137,134;,
  3;138,11,139;,
  3;138,9,11;,
  3;138,140,9;,
  3;141,11,142;,
  3;11,141,139;,
  3;128,130,143;,
  3;94,144,92;,
  3;94,143,144;,
  3;94,128,143;,
  3;145,87,146;,
  3;87,145,147;,
  3;75,148,73;,
  3;148,75,149;,
  3;150,147,145;,
  3;7,149,75;,
  3;148,151,73;,
  3;102,152,101;,
  3;152,102,126;,
  3;102,125,126;,
  3;125,102,111;,
  3;111,120,125;,
  3;120,111,107;,
  3;120,108,123;,
  3;108,120,107;,
  3;8,153,154;,
  3;153,8,133;,
  3;154,155,8;,
  3;155,154,156;,
  3;122,114,113;,
  3;114,122,121;,
  3;121,112,114;,
  3;112,121,157;,
  3;158,124,159;,
  3;124,158,127;,
  3;159,122,113;,
  3;122,159,124;,
  3;126,160,152;,
  3;160,126,161;,
  3;162,121,123;,
  3;121,162,163;,
  3;121,164,157;,
  3;164,121,163;,
  3;165,126,127;,
  3;126,165,161;,
  3;161,166,160;,
  3;166,161,167;,
  3;162,118,163;,
  3;118,162,116;,
  3;163,117,164;,
  3;117,163,118;,
  3;165,167,161;,
  3;167,165,168;,
  3;169,170,171;,
  3;170,169,172;,
  3;173,174,175;,
  3;174,173,176;,
  3;177,178,179;,
  3;178,177,173;,
  3;180,178,181;,
  3;178,180,182;,
  3;183,169,171;,
  3;169,183,184;,
  3;174,185,186;,
  3;185,174,176;,
  3;46,187,44;,
  3;187,46,188;,
  3;180,169,182;,
  3;169,180,172;,
  3;20,29,65;,
  3;19,29,20;,
  3;29,31,189;,
  3;31,190,189;,
  3;190,31,33;,
  3;33,191,190;,
  3;191,33,48;,
  3;191,50,192;,
  3;50,191,48;,
  3;192,53,193;,
  3;53,192,50;,
  3;194,171,185;,
  3;171,194,183;,
  3;171,186,185;,
  3;186,171,170;,
  3;185,176,194;,
  3;194,173,177;,
  3;173,194,176;,
  3;178,175,181;,
  3;175,178,173;,
  3;179,182,184;,
  3;182,179,178;,
  3;182,169,184;,
  3;16,17,19;,
  3;17,63,19;,
  3;65,195,66;,
  3;196,197,198;,
  3;197,196,199;,
  3;200,154,153;,
  3;154,200,201;,
  3;202,203,204;,
  3;205,206,207;,
  3;196,208,209;,
  3;208,196,198;,
  3;210,209,211;,
  3;209,210,196;,
  3;212,213,214;,
  3;213,212,215;,
  3;212,214,211;,
  3;201,216,217;,
  3;216,201,200;,
  3;218,219,220;,
  3;219,218,217;,
  3;210,199,196;,
  3;213,205,207;,
  3;221,222,223;,
  3;198,197,224;,
  3;224,225,226;,
  3;225,224,197;,
  3;227,213,207;,
  3;228,229,214;,
  3;229,228,230;,
  3;220,231,232;,
  3;213,228,214;,
  3;156,201,233;,
  3;201,156,154;,
  3;233,217,218;,
  3;217,233,201;,
  3;219,217,234;,
  3;235,219,234;,
  3;236,237,238;,
  3;237,236,239;,
  3;209,240,211;,
  3;240,209,241;,
  3;211,242,212;,
  3;242,211,240;,
  3;243,239,244;,
  3;239,243,237;,
  3;244,236,245;,
  3;236,244,239;,
  3;246,221,223;,
  3;221,246,215;,
  3;221,212,247;,
  3;212,221,215;,
  3;199,248,2;,
  3;248,199,249;,
  3;133,10,250;,
  3;249,210,251;,
  3;210,249,199;,
  3;210,211,251;,
  3;252,1,253;,
  3;1,252,2;,
  3;20,254,18;,
  3;254,20,64;,
  3;24,68,14;,
  3;68,24,255;,
  3;68,256,70;,
  3;256,68,255;,
  3;256,37,70;,
  3;37,256,257;,
  3;258,2,252;,
  3;2,258,199;,
  3;257,259,37;,
  3;37,259,35;,
  3;260,204,261;,
  3;204,260,202;,
  3;262,263,223;,
  3;263,262,264;,
  3;197,258,225;,
  3;258,197,199;,
  3;265,203,227;,
  3;265,207,266;,
  3;207,265,227;,
  3;223,267,246;,
  3;267,223,263;,
  3;88,87,147;,
  3;83,82,85;,
  3;78,16,18;,
  3;16,78,74;,
  3;74,15,16;,
  3;15,74,76;,
  3;15,71,13;,
  3;71,15,76;,
  3;13,268,23;,
  3;268,13,71;,
  3;248,269,2;,
  3;2,269,0;,
  3;136,129,134;,
  3;129,136,131;,
  3;134,96,81;,
  3;96,134,129;,
  3;96,82,81;,
  3;93,96,94;,
  3;29,189,65;,
  3;205,215,246;,
  3;267,205,246;,
  3;205,267,206;,
  3;205,213,215;,
  3;187,188,270;,
  3;224,271,272;,
  3;222,221,208;,
  3;224,222,198;,
  3;272,273,262;,
  3;273,272,271;,
  3;263,274,275;,
  3;273,276,262;,
  3;277,271,278;,
  3;271,277,273;,
  3;222,272,262;,
  3;272,222,224;,
  3;222,208,198;,
  3;209,221,247;,
  3;221,209,208;,
  3;223,222,262;,
  3;266,206,279;,
  3;206,266,207;,
  3;206,280,279;,
  3;280,206,267;,
  3;280,263,275;,
  3;263,280,267;,
  3;264,262,276;,
  3;76,73,72;,
  3;138,281,140;,
  3;73,132,72;,
  3;132,73,151;,
  3;72,71,76;,
  3;271,226,278;,
  3;155,11,8;,
  3;276,277,282;,
  3;277,276,273;,
  3;274,276,282;,
  3;276,274,264;,
  3;28,141,26;,
  3;141,28,139;,
  3;139,132,138;,
