xof 0303txt 0032
template ColorRGBA {
 <35ff44e0-6c7c-11cf-8f52-0040333594a3>
 FLOAT red;
 FLOAT green;
 FLOAT blue;
 FLOAT alpha;
}

template ColorRGB {
 <d3e16e81-7835-11cf-8f52-0040333594a3>
 FLOAT red;
 FLOAT green;
 FLOAT blue;
}

template Material {
 <3d82ab4d-62da-11cf-ab39-0020af71e433>
 ColorRGBA faceColor;
 FLOAT power;
 ColorRGB specularColor;
 ColorRGB emissiveColor;
 [...]
}

template TextureFilename {
 <a42790e1-7810-11cf-8f52-0040333594a3>
 STRING filename;
}

template Frame {
 <3d82ab46-62da-11cf-ab39-0020af71e433>
 [...]
}

template Matrix4x4 {
 <f6f23f45-7686-11cf-8f52-0040333594a3>
 array FLOAT matrix[16];
}

template FrameTransformMatrix {
 <f6f23f41-7686-11cf-8f52-0040333594a3>
 Matrix4x4 frameMatrix;
}

template Vector {
 <3d82ab5e-62da-11cf-ab39-0020af71e433>
 FLOAT x;
 FLOAT y;
 FLOAT z;
}

template MeshFace {
 <3d82ab5f-62da-11cf-ab39-0020af71e433>
 DWORD nFaceVertexIndices;
 array DWORD faceVertexIndices[nFaceVertexIndices];
}

template Mesh {
 <3d82ab44-62da-11cf-ab39-0020af71e433>
 DWORD nVertices;
 array Vector vertices[nVertices];
 DWORD nFaces;
 array MeshFace faces[nFaces];
 [...]
}

template MeshMaterialList {
 <f6f23f42-7686-11cf-8f52-0040333594a3>
 DWORD nMaterials;
 DWORD nFaceIndexes;
 array DWORD faceIndexes[nFaceIndexes];
 [Material <3d82ab4d-62da-11cf-ab39-0020af71e433>]
}

template VertexElement {
 <f752461c-1e23-48f6-b9f8-8350850f336f>
 DWORD Type;
 DWORD Method;
 DWORD Usage;
 DWORD UsageIndex;
}

template DeclData {
 <bf22e553-292c-4781-9fea-62bd554bdd93>
 DWORD nElements;
 array VertexElement Elements[nElements];
 DWORD nDWords;
 array DWORD data[nDWords];
}

template XSkinMeshHeader {
 <3cf169ce-ff7c-44ab-93c0-f78f62d172e2>
 WORD nMaxSkinWeightsPerVertex;
 WORD nMaxSkinWeightsPerFace;
 WORD nBones;
}

template SkinWeights {
 <6f0d123b-bad2-4167-a0d0-80224f25fabb>
 STRING transformNodeName;
 DWORD nWeights;
 array DWORD vertexIndices[nWeights];
 array FLOAT weights[nWeights];
 Matrix4x4 matrixOffset;
}

template AnimTicksPerSecond {
 <9e415a43-7ba6-4a73-8743-b73d47e88476>
 DWORD AnimTicksPerSecond;
}

template Animation {
 <3d82ab4f-62da-11cf-ab39-0020af71e433>
 [...]
}

template AnimationSet {
 <3d82ab50-62da-11cf-ab39-0020af71e433>
 [Animation <3d82ab4f-62da-11cf-ab39-0020af71e433>]
}

template FloatKeys {
 <10dd46a9-775b-11cf-8f52-0040333594a3>
 DWORD nValues;
 array FLOAT values[nValues];
}

template TimedFloatKeys {
 <f406b180-7b3b-11cf-8f52-0040333594a3>
 DWORD time;
 FloatKeys tfkeys;
}

template AnimationKey {
 <10dd46a8-775b-11cf-8f52-0040333594a3>
 DWORD keyType;
 DWORD nKeys;
 array TimedFloatKeys keys[nKeys];
}


Material _03_-_Default {
 1.000000;1.000000;1.000000;1.000000;;
 9.999999;
 0.000000;0.000000;0.000000;;
 0.000000;0.000000;0.000000;;

 TextureFilename {
  "MaleBody_full.png";
 }
}

Frame Dummy01 {
 

 FrameTransformMatrix {
  1.000000,0.000000,0.000000,0.000000,0.000000,-0.000000,-1.000000,0.000000,0.000000,1.000000,-0.000000,0.000000,0.000000,0.000000,0.000000,1.000000;;
 }

 Frame Bip01 {
  

  FrameTransformMatrix {
   -0.489721,0.856107,0.165090,0.000000,0.089573,-0.138946,0.986241,0.000000,0.867266,0.497771,-0.008639,0.000000,0.020594,-0.010862,0.491068,1.000000;;
  }

  Frame Bip01_Pelvis {
   

   FrameTransformMatrix {
    0.000000,0.996195,-0.087157,0.000000,-0.000001,0.087157,0.996195,0.000000,1.000000,0.000000,0.000001,0.000000,0.000000,0.000000,0.000000,1.000000;;
   }

   Frame Bip01_Spine {
    

    FrameTransformMatrix {
     0.950422,0.111404,0.290322,0.000000,-0.192524,0.943977,0.268033,0.000000,-0.244198,-0.310639,0.918625,0.000000,0.051458,0.004527,-0.000078,1.000000;;
    }

    Frame Bip01_Spine1 {
     

     FrameTransformMatrix {
      0.983961,0.064136,0.166455,0.000000,-0.070403,0.997005,0.032021,0.000000,-0.163903,-0.043226,0.985529,0.000000,0.106494,0.000004,-0.000084,1.000000;;
     }

     Frame Bip01_Neck {
      

      FrameTransformMatrix {
       1.000000,0.000000,-0.000000,0.000000,-0.000000,1.000000,0.000000,0.000000,0.000000,0.000000,1.000000,0.000000,0.130505,0.000000,0.004625,1.000000;;
      }

      Frame Bip01_Head {
       

       FrameTransformMatrix {
        0.970561,-0.122949,-0.207111,0.000000,-0.054623,0.725133,-0.686439,0.000000,0.234580,0.677544,0.697070,0.000000,0.033674,0.000000,0.000000,1.000000;;
       }

       Frame Bip01_HeadNub {
        

        FrameTransformMatrix {
         1.000000,0.000000,0.000000,0.000000,0.000000,1.000000,-0.000000,0.000000,0.000000,-0.000000,1.000000,0.000000,0.169824,0.000000,-0.000000,1.000000;;
        }
       }
      }

      Frame Bip01_L_Clavicle {
       

       FrameTransformMatrix {
        -0.183094,0.958926,0.216653,0.000000,0.983095,0.178766,0.039579,0.000000,-0.000777,0.220237,-0.975446,0.000000,-0.024025,0.015715,-0.004625,1.000000;;
       }

       Frame Bip01_L_UpperArm {
        

        FrameTransformMatrix {
         -0.024532,0.171598,-0.984862,0.000000,0.462234,0.875473,0.141024,0.000000,0.886419,-0.451777,-0.100796,0.000000,0.087086,0.000000,0.000000,1.000000;;
        }

        Frame Bip01_L_Forearm {
         

         FrameTransformMatrix {
          0.160759,-0.000000,-0.986994,0.000000,-0.000000,1.000000,0.000000,0.000000,0.986994,-0.000000,0.160759,0.000000,0.137062,0.000000,0.000000,1.000000;;
         }

         Frame Bip01_L_Hand {
          

          FrameTransformMatrix {
           0.978537,-0.186333,-0.088005,0.000000,-0.008606,-0.463644,0.885980,0.000000,-0.205890,-0.866207,-0.455296,0.000000,0.137062,0.000000,0.000000,1.000000;;
          }

          Frame Bip01_L_Finger0 {
           

           FrameTransformMatrix {
            0.370242,-0.503806,0.780449,0.000000,0.794693,0.606833,0.014732,0.000000,-0.481024,0.614764,0.625046,0.000000,0.057681,-0.023605,-0.000272,1.000000;;
           }

           Frame Bip01_L_Finger0Nub {
            

            FrameTransformMatrix {
             1.000000,0.000000,0.000000,0.000000,-0.000000,1.000000,0.000000,0.000000,0.000000,0.000000,1.000000,0.000000,0.029435,0.000000,0.000000,1.000000;;
            }
           }
          }

          Frame Bip01_L_Finger1 {
           

           FrameTransformMatrix {
            0.662163,-0.000597,0.749359,0.000000,0.000000,1.000000,0.000796,0.000000,-0.749360,-0.000527,0.662163,0.000000,0.084102,0.000000,0.000000,1.000000;;
           }

           Frame Bip01_L_Finger1Nub {
            

            FrameTransformMatrix {
             1.000000,-0.000000,0.000000,0.000000,-0.000000,1.000000,0.000000,0.000000,0.000000,-0.000000,1.000000,0.000000,0.047988,0.000000,0.000000,1.000000;;
            }
           }
          }
         }
        }
       }
      }

      Frame Bip01_R_Clavicle {
       

       FrameTransformMatrix {
        0.133078,-0.991106,-0.000103,0.000000,-0.991105,-0.133078,0.000790,0.000000,-0.000796,-0.000003,-1.000000,0.000000,-0.024025,-0.015715,-0.004625,1.000000;;
       }

       Frame Bip01_R_UpperArm {
        

        FrameTransformMatrix {
         0.256327,0.918349,-0.301549,0.000000,-0.952144,0.186160,-0.242416,0.000000,-0.166486,0.349256,0.922119,0.000000,0.087086,0.000000,0.000000,1.000000;;
        }

        Frame Bip01_R_Forearm {
         

         FrameTransformMatrix {
          -0.801726,0.000000,-0.597692,0.000000,0.000000,1.000000,0.000000,0.000000,0.597692,-0.000000,-0.801726,0.000000,0.137062,0.000000,-0.000000,1.000000;;
         }

         Frame Bip01_R_Hand {
          

          FrameTransformMatrix {
           0.978058,-0.190839,0.083559,0.000000,0.004070,-0.383507,-0.923529,0.000000,0.208291,0.903605,-0.374315,0.000000,0.137062,0.000000,0.000000,1.000000;;
          }

          Frame Bip01_R_Finger0 {
           

           FrameTransformMatrix {
            -0.119180,0.310912,0.942937,0.000000,-0.869175,0.426392,-0.250449,0.000000,-0.479928,-0.849426,0.219420,0.000000,0.057681,0.023605,-0.000272,1.000000;;
           }

           Frame Bip01_R_Finger0Nub {
            

            FrameTransformMatrix {
             -1.000000,-0.000000,-0.000000,0.000000,-0.000000,1.000000,-0.000000,0.000000,-0.000000,0.000000,-1.000000,0.000000,0.029435,0.000000,0.000000,1.000000;;
            }
           }
          }

          Frame Bip01_R_Finger1 {
           

           FrameTransformMatrix {
            0.547245,0.000666,0.836972,0.000000,-0.000000,1.000000,-0.000796,0.000000,-0.836972,0.000436,0.547245,0.000000,0.084102,0.000000,0.000000,1.000000;;
           }

           Frame Bip01_R_Finger1Nub {
            

            FrameTransformMatrix {
             -1.000000,0.000000,0.000000,0.000000,0.000000,1.000000,-0.000000,0.000000,-0.000000,-0.000000,-1.000000,0.000000,0.047988,0.000000,0.000000,1.000000;;
            }
           }
          }
         }
        }
       }
      }
     }

     Frame Bip01_BackPack {
      

      FrameTransformMatrix {
       0.068803,-0.000002,-0.997630,0.000000,0.000003,1.000000,-0.000002,0.000000,0.997630,-0.000003,0.068803,0.000000,0.063696,-0.000000,-0.088851,1.000000;;
      }

      Frame Bip01_BackPackNub {
       

       FrameTransformMatrix {
        0.000796,0.000003,1.000000,0.000000,0.000000,-1.000000,0.000003,0.000000,1.000000,0.000000,-0.000796,0.000000,0.053240,-0.000000,-0.000000,1.000000;;
       }
      }
     }
    }

    Frame Bip01_L_Thigh {
     

     FrameTransformMatrix {
      -0.898834,0.336880,0.280375,0.000000,-0.112775,-0.795926,0.594797,0.000000,0.423533,0.503004,0.753397,0.000000,-0.043236,0.057786,-0.003112,1.000000;;
     }

     Frame Bip01_L_Calf {
      

      FrameTransformMatrix {
       0.941949,-0.000000,-0.335756,0.000000,0.000000,1.000000,-0.000000,0.000000,0.335756,0.000000,0.941949,0.000000,0.237500,0.000000,-0.000000,1.000000;;
      }

      Frame Bip01_L_Foot {
       

       FrameTransformMatrix {
        0.996818,0.064827,0.046388,0.000000,-0.074838,0.961469,0.264529,0.000000,-0.027452,-0.267159,0.963261,0.000000,0.206841,0.000000,-0.000000,1.000000;;
       }

       Frame Bip01_L_Toe0 {
        

        FrameTransformMatrix {
         -0.281149,0.092896,0.955157,0.000000,0.009525,0.995525,-0.094018,0.000000,-0.959617,-0.017336,-0.280776,0.000000,0.065373,0.000000,0.066450,1.000000;;
        }

        Frame Bip01_L_Toe0Nub {
         

         FrameTransformMatrix {
          -1.000000,-0.000000,0.000000,0.000000,-0.000000,1.000000,-0.000000,0.000000,0.000000,-0.000000,-1.000000,0.000000,0.006735,0.000000,-0.000000,1.000000;;
         }
        }
       }
      }
     }
    }

    Frame Bip01_R_Thigh {
     

     FrameTransformMatrix {
      -0.940122,-0.080107,0.331291,0.000000,0.164000,-0.958390,0.233650,0.000000,0.298789,0.273991,0.914141,0.000000,-0.055540,-0.046477,0.031199,1.000000;;
     }

     Frame Bip01_R_Calf {
      

      FrameTransformMatrix {
       0.881730,0.000000,-0.471754,0.000000,0.000000,1.000000,-0.000000,0.000000,0.471754,0.000000,0.881730,0.000000,0.237500,0.000000,0.000000,1.000000;;
      }

      Frame Bip01_R_Foot {
       

       FrameTransformMatrix {
        0.928294,-0.217325,0.301730,0.000000,0.249826,0.965522,-0.073175,0.000000,-0.275424,0.143308,0.950581,0.000000,0.206841,0.000000,-0.000000,1.000000;;
       }

       Frame Bip01_R_Toe0 {
        

        FrameTransformMatrix {
         0.793109,-0.384599,0.472293,0.000000,-0.009867,0.767207,0.641324,0.000000,-0.609000,-0.513300,0.604684,0.000000,0.065373,0.000000,0.066450,1.000000;;
        }

        Frame Bip01_R_Toe0Nub {
         

         FrameTransformMatrix {
          1.000000,-0.000000,0.000000,0.000000,0.000000,1.000000,-0.000000,0.000000,-0.000000,0.000000,1.000000,0.000000,0.006735,-0.000000,0.000000,1.000000;;
         }
        }
       }
      }
     }
    }
   }

   Frame Bip01_DressFront {
    

    FrameTransformMatrix {
     -0.997354,-0.051360,-0.051450,0.000000,-0.051294,0.998680,-0.002606,0.000000,0.051516,0.000040,-0.998672,0.000000,-0.044009,0.001399,0.061087,1.000000;;
    }

    Frame Bip01_DressFront02 {
     

     FrameTransformMatrix {
      1.000000,-0.000000,0.000000,0.000000,-0.000000,1.000000,-0.000000,0.000000,0.000000,-0.000000,1.000000,0.000000,0.183324,0.000000,-0.000132,1.000000;;
     }

     Frame Bip01_DressFrontNub {
      

      FrameTransformMatrix {
       0.000796,0.000003,1.000000,0.000000,0.000000,-1.000000,0.000003,0.000000,1.000000,0.000000,-0.000796,0.000000,0.165302,0.000000,-0.000000,1.000000;;
      }
     }
    }
   }

   Frame Bip01_DressBack {
    

    FrameTransformMatrix {
     -0.996897,-0.075512,0.022223,0.000000,-0.074193,0.995718,0.055147,0.000000,-0.026292,0.053327,-0.998231,0.000000,-0.047729,-0.000007,-0.078279,1.000000;;
    }

    Frame Bip01_DressBack02 {
     

     FrameTransformMatrix {
      0.974078,0.000001,0.226213,0.000000,-0.000001,1.000000,-0.000000,0.000000,-0.226213,-0.000000,0.974078,0.000000,0.176183,-0.000000,-0.000106,1.000000;;
     }

     Frame Bip01_DressBackNub {
      

      FrameTransformMatrix {
       0.000796,0.000003,1.000000,0.000000,0.000000,-1.000000,0.000003,0.000000,1.000000,-0.000000,-0.000796,0.000000,0.136508,0.000000,0.000000,1.000000;;
      }
     }
    }
   }
  }

  Frame Bip01_Prop1 {
   

   FrameTransformMatrix {
    0.005473,0.001754,0.999984,0.000000,-0.717466,0.696589,0.002705,0.000000,-0.696573,-0.717469,0.005071,0.000000,0.210879,0.271934,-0.110636,1.000000;;
   }
  }

  Frame Bip01_Prop2 {
   

   FrameTransformMatrix {
    -0.008987,-0.999960,0.000000,0.000000,0.999960,-0.008987,-0.000000,0.000000,0.000000,0.000000,1.000000,0.000000,0.226601,0.281575,-0.066497,1.000000;;
   }
  }
 }
}

Frame Translation_Data {
 

 FrameTransformMatrix {
  1.000000,0.000000,0.000000,0.000000,0.000000,-0.000000,-1.000000,0.000000,0.000000,1.000000,-0.000000,0.000000,0.000000,-0.000000,0.000000,1.000000;;
 }
}

Frame Body {
 

 FrameTransformMatrix {
  1.000000,0.000000,0.000000,0.000000,0.000000,1.000000,0.000000,0.000000,0.000000,0.000000,1.000000,0.000000,0.000000,0.000000,0.000000,1.000000;;
 }

 Mesh Body {
  617;
  0.027043;0.730857;-0.094917;,
  0.010464;0.730902;-0.068119;,
  0.016879;0.763694;-0.061666;,
  0.032672;0.709651;-0.098494;,
  0.046421;0.697231;-0.098561;,
  0.013128;0.663599;-0.080203;,
  0.005096;0.695985;-0.076524;,
  0.060499;0.667248;-0.087592;,
  0.043941;0.791001;-0.043769;,
  0.095350;0.763019;-0.061553;,
  0.066713;0.757908;-0.078985;,
  0.079702;0.776701;-0.032741;,
  0.112854;0.539674;0.012598;,
  0.088558;0.543017;0.044394;,
  0.088688;0.527831;0.052576;,
  0.104831;0.549645;0.008768;,
  0.070428;0.556687;-0.034025;,
  0.093609;0.531351;-0.025216;,
  0.030696;0.554485;-0.044902;,
  0.067058;0.512353;-0.047518;,
  0.036383;0.502244;-0.043697;,
  -0.028616;0.668046;-0.045394;,
  -0.024335;0.703065;-0.048791;,
  0.052652;0.538906;0.066847;,
  0.051879;0.520419;0.071933;,
  0.105443;0.648439;0.010076;,
  0.075518;0.696665;0.044672;,
  0.073077;0.655693;0.050337;,
  0.110404;0.690320;-0.000136;,
  0.059606;0.467800;-0.066723;,
  0.114129;0.368776;-0.081019;,
  0.070934;0.375351;-0.099632;,
  0.102715;0.459992;-0.041913;,
  0.073656;0.283205;-0.130776;,
  0.111128;0.275856;-0.094382;,
  0.019410;0.458390;-0.037961;,
  0.052329;0.341694;0.002529;,
  0.062905;0.420132;0.050743;,
  0.029830;0.363108;-0.066801;,
  0.066648;0.265081;-0.046660;,
  0.055128;0.270220;-0.086831;,
  0.128354;0.351092;-0.020354;,
  0.115022;0.427231;0.007404;,
  0.106215;0.271444;-0.054306;,
  0.129546;-0.000568;-0.077672;,
  0.086401;-0.003829;-0.035720;,
  0.085126;-0.002806;-0.084512;,
  0.121110;-0.002031;-0.033048;,
  0.084940;0.221560;-0.111235;,
  0.125398;0.148095;-0.088682;,
  0.091078;0.147714;-0.111102;,
  0.121361;0.222698;-0.089161;,
  0.124833;0.068440;-0.084263;,
  0.102311;0.068242;-0.110451;,
  0.050810;0.199135;-0.080630;,
  0.072145;0.149459;-0.038995;,
  0.061308;0.213458;-0.027797;,
  0.067335;0.142020;-0.080896;,
  0.094210;0.075722;-0.057703;,
  0.088303;0.058881;-0.087809;,
  0.132853;0.153816;-0.051300;,
  0.130997;0.227612;-0.040918;,
  0.117568;0.082573;-0.060179;,
  0.101066;0.502594;-0.028990;,
  -0.005305;0.493476;-0.035424;,
  0.019410;0.458390;-0.037961;,
  0.001082;0.457244;-0.029708;,
  0.129117;0.488585;0.015737;,
  0.097249;0.479455;0.060267;,
  0.118633;0.439399;0.011330;,
  0.087099;0.434793;0.048118;,
  0.097292;0.599068;0.019936;,
  0.113923;0.640879;-0.024302;,
  0.109029;0.642095;-0.044700;,
  0.060658;0.594190;-0.049340;,
  0.065204;0.638646;-0.075770;,
  0.101711;0.595092;-0.019924;,
  0.015773;0.635372;-0.073933;,
  0.023949;0.589825;-0.052866;,
  -0.025606;0.643332;-0.039483;,
  -0.013627;0.588608;-0.021360;,
  0.037288;0.750415;-0.116958;,
  -0.002912;0.749539;-0.147751;,
  0.029101;0.717051;-0.075540;,
  -0.056810;0.705648;-0.137603;,
  -0.025328;0.715254;-0.104025;,
  -0.040598;0.734208;-0.173323;,
  0.037537;0.666849;-0.109013;,
  -0.025328;0.715254;-0.104025;,
  -0.005376;0.661061;-0.136127;,
  -0.063357;0.670459;-0.165676;,
  -0.056810;0.705648;-0.137603;,
  0.043662;0.665448;-0.118444;,
  0.017368;0.695355;-0.179835;,
  0.056282;0.695926;-0.148877;,
  -0.047423;0.698970;-0.201349;,
  0.049476;0.730955;-0.136166;,
  -0.035354;0.749169;-0.163926;,
  -0.085988;0.766229;-0.105113;,
  -0.054190;0.716839;-0.120332;,
  -0.072385;0.784937;-0.133615;,
  -0.108521;0.798272;-0.095873;,
  -0.106172;0.815230;-0.111915;,
  -0.054190;0.716839;-0.120332;,
  -0.124733;0.750265;-0.144074;,
  -0.099150;0.692307;-0.157233;,
  -0.085988;0.766229;-0.105113;,
  -0.137817;0.786681;-0.118026;,
  -0.108521;0.798272;-0.095873;,
  -0.113870;0.764505;-0.165829;,
  -0.080291;0.724439;-0.200543;,
  -0.135014;0.802312;-0.132146;,
  -0.156277;0.869572;-0.012358;,
  -0.173582;0.825240;-0.043853;,
  -0.142791;0.855027;-0.021869;,
  -0.186461;0.839898;-0.034345;,
  -0.110053;0.848713;-0.045327;,
  -0.121416;0.860608;-0.042193;,
  -0.119201;0.850303;-0.039035;,
  -0.107361;0.859938;-0.047015;,
  -0.149090;0.795550;-0.080045;,
  -0.127775;0.850957;-0.069052;,
  -0.171791;0.821951;-0.066500;,
  -0.108047;0.822503;-0.072226;,
  -0.180653;0.837298;-0.075668;,
  -0.159184;0.816432;-0.109935;,
  -0.116067;0.844650;-0.103096;,
  -0.138076;0.864908;-0.078838;,
  0.078648;0.748880;-0.105782;,
  0.055398;0.743465;-0.123537;,
  0.066713;0.757908;-0.078985;,
  0.042213;0.753595;-0.089835;,
  0.122115;0.685736;-0.038874;,
  0.031608;0.777417;-0.065540;,
  0.037189;0.726089;-0.121067;,
  0.032672;0.709651;-0.098494;,
  0.027043;0.730857;-0.094917;,
  0.044107;0.711844;-0.104359;,
  0.111886;0.719751;-0.063758;,
  0.103951;0.728058;-0.015933;,
  0.109639;0.722104;-0.069757;,
  0.068491;0.732209;0.029932;,
  0.044721;0.778009;-0.000796;,
  0.095350;0.763019;-0.061553;,
  0.109639;0.722104;-0.069757;,
  0.065515;0.694806;-0.080850;,
  0.102998;0.711587;-0.073637;,
  0.029101;0.717051;-0.075540;,
  0.100100;0.676115;-0.060209;,
  0.070226;0.667104;-0.076457;,
  0.046421;0.697231;-0.098561;,
  0.115222;0.681275;-0.054607;,
  -0.108047;0.822503;-0.072226;,
  0.035282;0.807596;-0.051669;,
  0.037396;0.811895;-0.030579;,
  0.027829;0.798218;-0.020342;,
  0.019983;0.816460;-0.012491;,
  -0.138076;0.864908;-0.078838;,
  -0.156277;0.869572;-0.012358;,
  -0.186461;0.839898;-0.034345;,
  -0.107880;0.838771;-0.062492;,
  -0.109643;0.864331;-0.066305;,
  -0.107880;0.838771;-0.062492;,
  -0.123707;0.843696;-0.056010;,
  -0.131909;0.864294;-0.066697;,
  -0.131909;0.864294;-0.066697;,
  -0.110053;0.848713;-0.045327;,
  -0.107361;0.859938;-0.047015;,
  -0.121416;0.860608;-0.042193;,
  0.140974;0.023276;-0.153254;,
  0.115753;0.001224;-0.200818;,
  0.112835;0.019526;-0.193346;,
  0.148274;0.002155;-0.160431;,
  0.081755;0.029592;-0.045953;,
  0.085126;-0.002806;-0.084512;,
  0.086401;-0.003829;-0.035720;,
  0.082626;0.022100;-0.086648;,
  0.094210;0.075722;-0.057703;,
  0.122972;0.034785;-0.042919;,
  0.117568;0.082573;-0.060179;,
  0.129546;-0.000568;-0.077672;,
  0.121110;-0.002031;-0.033048;,
  0.129011;0.034441;-0.079333;,
  0.102311;0.068242;-0.110451;,
  0.124833;0.068440;-0.084263;,
  0.084773;0.014809;-0.185310;,
  0.080116;-0.000840;-0.193349;,
  0.148274;0.002155;-0.160431;,
  0.080116;-0.000840;-0.193349;,
  0.029830;0.363108;-0.066801;,
  0.055128;0.270220;-0.086831;,
  0.050810;0.199135;-0.080630;,
  0.067335;0.142020;-0.080896;,
  0.088303;0.058881;-0.087809;,
  0.088303;0.058881;-0.087809;,
  0.025628;0.436611;0.011226;,
  0.045750;0.815423;-0.056689;,
  0.026957;0.805185;-0.073004;,
  0.035528;0.812076;-0.075259;,
  0.020946;0.803311;-0.061899;,
  0.039743;0.833649;-0.031995;,
  0.033484;0.842728;-0.010526;,
  0.014836;0.953059;-0.061842;,
  -0.007026;0.945418;-0.087264;,
  -0.004868;0.957089;-0.059873;,
  0.026445;0.888060;-0.111730;,
  0.008987;0.886668;-0.116828;,
  0.022806;0.916066;-0.102500;,
  0.040549;0.832571;-0.078610;,
  0.050678;0.843113;-0.052700;,
  0.044704;0.826460;-0.047418;,
  0.052465;0.877697;-0.034683;,
  0.050638;0.888214;-0.056776;,
  0.037461;0.922983;-0.087259;,
  0.048433;0.925039;-0.061656;,
  0.044121;0.884278;-0.082939;,
  0.051241;0.881077;-0.018268;,
  0.042091;0.888526;0.003155;,
  0.004143;0.888134;0.017836;,
  0.033539;0.935121;-0.007238;,
  0.001712;0.935914;0.005965;,
  0.045281;0.861607;-0.082480;,
  0.030227;0.822980;-0.091759;,
  0.028923;0.856580;-0.104491;,
  0.015329;0.798250;-0.102688;,
  -0.002879;0.791952;-0.089445;,
  -0.004848;0.794421;-0.110350;,
  0.018630;0.935103;-0.092883;,
  0.034734;0.943321;-0.063464;,
  0.046968;0.933272;-0.027468;,
  0.032240;0.950427;-0.034588;,
  0.015520;0.955313;-0.026552;,
  -0.001483;0.957019;-0.022625;,
  0.004085;0.849963;0.005299;,
  0.046968;0.933272;-0.027468;,
  0.032240;0.950427;-0.034588;,
  0.056779;0.846001;-0.053832;,
  0.061966;0.892158;-0.043444;,
  0.068244;0.873141;-0.036202;,
  0.054908;0.873462;-0.048298;,
  0.068244;0.873141;-0.036202;,
  0.056779;0.846001;-0.053832;,
  0.061966;0.892158;-0.043444;,
  0.050638;0.888214;-0.056776;,
  0.051164;0.864140;-0.064093;,
  0.050678;0.843113;-0.052700;,
  0.028055;0.878813;-0.103938;,
  0.051164;0.864140;-0.064093;,
  0.031608;0.777417;-0.065540;,
  0.035282;0.807596;-0.051669;,
  0.042213;0.753595;-0.089835;,
  0.039743;0.833649;-0.031995;,
  -0.015143;0.753401;-0.050412;,
  -0.017925;0.729400;-0.048181;,
  -0.007558;0.550667;-0.025094;,
  0.060462;0.473652;0.079922;,
  0.058507;0.440560;0.071107;,
  0.038945;0.419113;0.051993;,
  -0.011709;0.790300;-0.066798;,
  0.025628;0.436611;0.011226;,
  0.015520;0.955313;-0.026552;,
  -0.001483;0.957019;-0.022625;,
  0.014652;0.829934;-0.107093;,
  0.005935;0.852628;-0.112643;,
  0.006349;0.842998;-0.113198;,
  -0.007903;0.936296;-0.099754;,
  -0.008539;0.914855;-0.113438;,
  0.007983;0.877429;-0.107710;,
  0.065493;0.602291;0.054686;,
  0.042213;0.753595;-0.089835;,
  0.115753;0.001224;-0.200818;,
  0.006033;0.821288;-0.113306;,
  0.014248;0.823335;-0.107010;,
  0.006057;0.825976;-0.109545;,
  -0.006799;0.841810;-0.117054;,
  -0.007870;0.850624;-0.126103;,
  0.005267;0.830044;-0.114182;,
  -0.005618;0.825963;-0.108994;,
  -0.005979;0.819391;-0.115015;,
  -0.008472;0.885276;-0.121926;,
  -0.007879;0.875768;-0.118364;,
  0.102998;0.711587;-0.073637;,
  -0.006445;0.829920;-0.116864;,
  0.075874;0.699900;-0.068827;,
  0.065515;0.694806;-0.080850;,
  0.046421;0.697231;-0.098561;,
  0.051241;0.881077;-0.018268;,
  0.084940;0.221560;-0.111235;,
  0.038463;0.145943;-0.106668;,
  0.025072;0.222384;-0.100610;,
  0.091078;0.147714;-0.111102;,
  0.073656;0.283205;-0.130776;,
  0.024703;0.282234;-0.106439;,
  0.070934;0.375351;-0.099632;,
  0.013124;0.371815;-0.078512;,
  0.059606;0.467800;-0.066723;,
  0.008089;0.458566;-0.060568;,
  0.036383;0.502244;-0.043697;,
  0.040977;0.073650;-0.114188;,
  0.102311;0.068242;-0.110451;,
  0.082088;0.139170;-0.011739;,
  0.051646;0.058440;0.065393;,
  0.091340;0.069585;-0.014590;,
  0.047727;0.131265;0.058308;,
  0.039211;0.197661;0.044866;,
  0.068392;0.211855;-0.015090;,
  0.040339;0.257112;0.044590;,
  0.065787;0.258272;-0.016434;,
  0.054325;0.337846;0.016852;,
  0.043884;0.340431;0.052791;,
  0.057791;0.412977;0.068017;,
  0.075874;0.699900;-0.068827;,
  -0.056375;0.762526;0.002665;,
  -0.033866;0.740566;-0.019425;,
  -0.065972;0.743851;0.015013;,
  -0.020511;0.771845;-0.020595;,
  -0.068490;0.723391;0.023626;,
  -0.059361;0.677543;-0.001427;,
  -0.061169;0.690651;0.044628;,
  -0.049416;0.707867;-0.016646;,
  0.005263;0.799432;-0.001284;,
  -0.006696;0.791089;0.054701;,
  0.017277;0.790309;0.035829;,
  -0.020879;0.794504;0.025196;,
  -0.032469;0.526780;0.093242;,
  0.016871;0.538943;0.089989;,
  -0.023074;0.542375;0.090121;,
  0.015413;0.521329;0.093238;,
  -0.048631;0.549919;0.041702;,
  -0.053235;0.518322;0.056272;,
  -0.041868;0.550360;0.001251;,
  -0.055104;0.501567;0.019456;,
  -0.035142;0.495898;-0.004006;,
  0.052652;0.538906;0.066847;,
  0.051879;0.520419;0.071933;,
  0.034899;0.659747;0.085704;,
  0.075518;0.696665;0.044672;,
  0.033912;0.705034;0.082990;,
  0.073077;0.655693;0.050337;,
  -0.057089;0.454271;-0.001493;,
  -0.105954;0.359640;0.040609;,
  -0.068938;0.451387;0.047754;,
  -0.087289;0.359516;-0.003061;,
  -0.111563;0.262669;-0.009293;,
  -0.113500;0.266137;0.042858;,
  -0.007053;0.442617;-0.006185;,
  -0.003805;0.335108;0.062896;,
  -0.034928;0.346484;-0.005465;,
  0.041799;0.418259;0.062455;,
  -0.048329;0.258221;0.047878;,
  -0.067672;0.255141;0.011184;,
  -0.074744;0.350140;0.096564;,
  -0.038519;0.422617;0.093461;,
  -0.082366;0.267909;0.068176;,
  -0.098336;-0.001504;0.121475;,
  -0.038825;-0.001072;0.130982;,
  -0.065738;-0.001526;0.153129;,
  -0.065860;-0.000927;0.090331;,
  -0.102427;0.206461;0.028097;,
  -0.110175;0.147073;0.090991;,
  -0.113246;0.217984;0.067660;,
  -0.101157;0.136480;0.052428;,
  -0.101489;0.070106;0.115353;,
  -0.101722;0.063879;0.081246;,
  -0.055059;0.187777;0.031503;,
  -0.037666;0.153278;0.087750;,
  -0.062760;0.135179;0.058138;,
  -0.026962;0.215950;0.070536;,
  -0.061264;0.080423;0.113423;,
  -0.074389;0.060337;0.090812;,
  -0.089981;0.162776;0.119824;,
  -0.087010;0.235883;0.105551;,
  -0.081056;0.087951;0.125837;,
  -0.056418;0.488620;0.058401;,
  -0.007053;0.442617;-0.006185;,
  -0.031388;0.474343;0.104805;,
  0.023974;0.472954;0.100929;,
  -0.032230;0.431416;0.095305;,
  0.018871;0.429971;0.091040;,
  0.030705;0.606366;0.086439;,
  0.000458;0.659067;0.097339;,
  -0.020001;0.662778;0.093629;,
  -0.040108;0.605235;0.051299;,
  -0.009738;0.607308;0.091384;,
  -0.055053;0.657922;0.053153;,
  -0.057945;0.647188;0.005098;,
  -0.044648;0.597344;0.015644;,
  -0.104036;0.766399;0.051702;,
  -0.075292;0.749900;0.009308;,
  -0.124011;0.726334;0.075383;,
  -0.099580;0.655002;0.065982;,
  -0.121691;0.677514;0.102691;,
  -0.100839;0.697344;0.028345;,
  -0.029422;0.728839;0.043429;,
  -0.046034;0.684668;0.063003;,
  -0.100839;0.697344;0.028345;,
  -0.093908;0.634257;0.075624;,
  -0.099580;0.655002;0.065982;,
  -0.026044;0.732116;0.053738;,
  -0.069062;0.713950;0.110078;,
  -0.049398;0.752777;0.086020;,
  -0.116258;0.656562;0.112107;,
  -0.082599;0.765078;0.072556;,
  -0.103624;0.703496;0.103533;,
  -0.096439;0.728198;0.028354;,
  -0.113997;0.740792;0.058027;,
  -0.074541;0.680909;0.059438;,
  -0.112023;0.759427;0.005046;,
  -0.126947;0.770858;0.020187;,
  -0.074541;0.680909;0.059438;,
  -0.144863;0.698402;0.021941;,
  -0.096439;0.728198;0.028354;,
  -0.121732;0.642678;0.047146;,
  -0.143988;0.739219;-0.003670;,
  -0.112023;0.759427;0.005046;,
  -0.157957;0.708036;0.044959;,
  -0.150473;0.665390;0.090947;,
  -0.156457;0.749987;0.009844;,
  -0.135204;0.858035;-0.061891;,
  -0.151726;0.803412;-0.061804;,
  -0.161131;0.819537;-0.072879;,
  -0.125368;0.842063;-0.050401;,
  -0.108004;0.813855;-0.016408;,
  -0.112864;0.828160;-0.023634;,
  -0.105905;0.824054;-0.011146;,
  -0.110282;0.817890;-0.026623;,
  -0.137979;0.765027;-0.035662;,
  -0.135502;0.819893;-0.010586;,
  -0.110619;0.795774;-0.007765;,
  -0.159860;0.792447;-0.048516;,
  -0.176753;0.800034;-0.041088;,
  -0.167244;0.766591;-0.011733;,
  -0.139087;0.798102;0.018538;,
  -0.153348;0.825840;-0.004056;,
  -0.040125;0.807197;0.041977;,
  -0.064855;0.803463;0.025679;,
  -0.020879;0.794504;0.025196;,
  -0.038932;0.786615;0.007206;,
  -0.003784;0.709954;0.097944;,
  -0.019972;0.788660;-0.008881;,
  -0.078079;0.781751;0.017654;,
  -0.065972;0.743851;0.015013;,
  -0.082188;0.764717;0.028594;,
  -0.056375;0.762526;0.002665;,
  -0.013233;0.754565;0.080819;,
  -0.017997;0.758182;0.078985;,
  0.026984;0.744836;0.068611;,
  0.068491;0.732209;0.029932;,
  0.044721;0.778009;-0.000796;,
  -0.006696;0.791089;0.054701;,
  -0.017997;0.758182;0.078985;,
  -0.048235;0.726218;0.044146;,
  -0.075292;0.749900;0.009308;,
  -0.026080;0.750357;0.075550;,
  -0.028670;0.700885;0.079729;,
  -0.049250;0.690086;0.053380;,
  -0.068490;0.723391;0.023626;,
  -0.020730;0.707426;0.093136;,
  -0.110619;0.795774;-0.007765;,
  -0.022049;0.812325;-0.020473;,
  -0.005018;0.815394;-0.007500;,
  0.027829;0.798218;-0.020342;,
  0.019983;0.816460;-0.012491;,
  -0.153348;0.825840;-0.004056;,
  -0.135204;0.858035;-0.061891;,
  -0.161131;0.819537;-0.072879;,
  -0.119082;0.802406;-0.004392;,
  -0.120054;0.827364;0.002473;,
  -0.119082;0.802406;-0.004392;,
  -0.125741;0.811166;-0.018381;,
  -0.136606;0.832191;-0.011624;,
  -0.136606;0.832191;-0.011624;,
  -0.108004;0.813855;-0.016408;,
  -0.105905;0.824054;-0.011146;,
  -0.112864;0.828160;-0.023634;,
  -0.152614;0.020038;0.066688;,
  -0.157887;-0.001225;0.012792;,
  -0.161307;-0.001658;0.064539;,
  -0.152416;0.017373;0.017636;,
  -0.043098;0.032376;0.120672;,
  -0.065860;-0.000927;0.090331;,
  -0.066678;0.024043;0.087695;,
  -0.038825;-0.001072;0.130982;,
  -0.061264;0.080423;0.113423;,
  -0.075338;0.034884;0.146927;,
  -0.081056;0.087951;0.125837;,
  -0.098336;-0.001504;0.121475;,
  -0.101148;0.033424;0.120578;,
  -0.065738;-0.001526;0.153129;,
  -0.101722;0.063879;0.081246;,
  -0.101489;0.070106;0.115353;,
  -0.124590;0.014686;0.008004;,
  -0.124377;-0.000776;-0.001594;,
  -0.161307;-0.001658;0.064539;,
  -0.124377;-0.000776;-0.001594;,
  -0.034928;0.346484;-0.005465;,
  -0.067672;0.255141;0.011184;,
  -0.055059;0.187777;0.031503;,
  -0.062760;0.135179;0.058138;,
  -0.074389;0.060337;0.090812;,
  -0.074389;0.060337;0.090812;,
  -0.046055;0.812823;-0.048349;,
  -0.029963;0.803573;-0.067833;,
  -0.023464;0.806974;-0.037734;,
  -0.039172;0.809962;-0.068473;,
  -0.036733;0.831484;-0.025048;,
  -0.027231;0.841009;-0.005011;,
  -0.024348;0.951949;-0.058282;,
  -0.004868;0.957089;-0.059873;,
  -0.041083;0.886148;-0.105596;,
  -0.037420;0.914360;-0.097029;,
  -0.024778;0.885712;-0.113761;,
  -0.045857;0.830125;-0.070761;,
  -0.051731;0.840214;-0.043397;,
  -0.043979;0.823950;-0.039362;,
  -0.052183;0.874734;-0.025177;,
  -0.054957;0.885225;-0.047184;,
  -0.049455;0.920523;-0.079364;,
  -0.053046;0.881527;-0.074112;,
  -0.055736;0.922090;-0.052194;,
  -0.048215;0.878261;-0.009234;,
  -0.035790;0.886321;0.010230;,
  0.004143;0.888134;0.017836;,
  -0.031877;0.933269;-0.001296;,
  0.001712;0.935914;0.005965;,
  -0.052830;0.858830;-0.073568;,
  -0.040447;0.854616;-0.098190;,
  -0.037550;0.821061;-0.085603;,
  -0.023499;0.797151;-0.099161;,
  -0.032655;0.933651;-0.088225;,
  -0.043635;0.941103;-0.056345;,
  -0.048603;0.930566;-0.018787;,
  -0.036385;0.948484;-0.028354;,
  -0.001483;0.957019;-0.022625;,
  -0.018792;0.954342;-0.023436;,
  0.004085;0.849963;0.005299;,
  -0.048603;0.930566;-0.018787;,
  -0.036385;0.948484;-0.028354;,
  -0.058088;0.842749;-0.043398;,
  -0.063902;0.888595;-0.032010;,
  -0.056796;0.870300;-0.038151;,
  -0.067697;0.869292;-0.023853;,
  -0.067697;0.869292;-0.023853;,
  -0.058088;0.842749;-0.043398;,
  -0.063902;0.888595;-0.032010;,
  -0.054957;0.885225;-0.047184;,
  -0.055439;0.861122;-0.054409;,
  -0.051731;0.840214;-0.043397;,
  -0.040742;0.876865;-0.097689;,
  -0.055439;0.861122;-0.054409;,
  -0.019972;0.788660;-0.008881;,
  -0.022049;0.812325;-0.020473;,
  -0.038932;0.786615;0.007206;,
  -0.036733;0.831484;-0.025048;,
  0.060462;0.473652;0.079922;,
  0.058507;0.440560;0.071107;,
  0.038945;0.419113;0.051993;,
  0.025628;0.436611;0.011226;,
  -0.018792;0.954342;-0.023436;,
  -0.001483;0.957019;-0.022625;,
  -0.025405;0.828800;-0.103454;,
  -0.019117;0.851919;-0.110367;,
  -0.019084;0.842278;-0.110888;,
  -0.021632;0.876590;-0.105020;,
  0.065493;0.602291;0.054686;,
  -0.038932;0.786615;0.007206;,
  -0.157887;-0.001225;0.012792;,
  -0.024624;0.822234;-0.103479;,
  -0.017574;0.820619;-0.111161;,
  -0.017183;0.825318;-0.107434;,
  -0.017471;0.829400;-0.112117;,
  -0.026080;0.750357;0.075550;,
  -0.032672;0.731320;0.049691;,
  -0.048235;0.726218;0.044146;,
  -0.068490;0.723391;0.023626;,
  -0.048215;0.878261;-0.009234;,
  -0.054626;0.208091;-0.032214;,
  -0.014916;0.140739;-0.072486;,
  -0.061657;0.133601;-0.017747;,
  -0.013768;0.217915;-0.069091;,
  -0.062150;0.267461;-0.039610;,
  -0.016481;0.274773;-0.069491;,
  -0.036073;0.359034;-0.036579;,
  -0.010606;0.364067;-0.056232;,
  -0.020324;0.446786;-0.035632;,
  -0.007344;0.449421;-0.048164;,
  -0.005305;0.493476;-0.035424;,
  -0.035142;0.495898;-0.004005;,
  -0.017610;0.075154;-0.078805;,
  -0.065558;0.062639;-0.010941;,
  -0.017491;0.076952;0.125883;,
  -0.089981;0.162776;0.119824;,
  -0.081044;0.087950;0.125830;,
  -0.019690;0.149119;0.104693;,
  -0.087010;0.235883;0.105551;,
  -0.025743;0.217022;0.087800;,
  -0.024703;0.258020;0.072697;,
  -0.082366;0.267909;0.068176;,
  -0.074744;0.350140;0.096564;,
  0.005735;0.331809;0.077199;,
  0.058507;0.440560;0.071107;,
  0.018871;0.429971;0.091040;,
  -0.032672;0.731320;0.049691;,
  -0.057089;0.454271;-0.001493;,
  -0.087289;0.359516;-0.003061;,
  -0.111563;0.262669;-0.009293;,
  -0.102427;0.206461;0.028097;,
  -0.101157;0.136480;0.052428;,
  -0.101722;0.063879;0.081246;,
  0.128354;0.351092;-0.020354;,
  0.087099;0.434793;0.048118;,
  0.115022;0.427231;0.007404;,
  0.106215;0.271444;-0.054307;,
  0.130997;0.227612;-0.040918;,
  0.132853;0.153816;-0.051300;,
  0.117568;0.082573;-0.060179;,
  -0.038519;0.422617;0.093461;;
  916;
  3;0,1,2;,
  3;1,0,3;,
  3;4,5,6;,
  3;5,4,7;,
  3;8,9,10;,
  3;9,8,11;,
  3;12,13,14;,
  3;13,12,15;,
  3;16,12,17;,
  3;12,16,15;,
  3;18,19,20;,
  3;19,18,16;,
  3;6,21,22;,
  3;21,6,5;,
  3;14,23,24;,
  3;23,14,13;,
  3;25,26,27;,
  3;26,25,28;,
  3;29,30,31;,
  3;30,29,32;,
  3;30,33,31;,
  3;33,30,34;,
  3;35,36,37;,
  3;36,35,38;,
  3;38,39,36;,
  3;39,38,40;,
  3;37,41,42;,
  3;41,37,36;,
  3;36,43,41;,
  3;43,36,39;,
  3;42,30,32;,
  3;30,42,41;,
  3;41,34,30;,
  3;34,41,43;,
  3;44,45,46;,
  3;45,44,47;,
  3;48,49,50;,
  3;49,48,51;,
  3;50,52,53;,
  3;52,50,49;,
  3;54,55,56;,
  3;55,54,57;,
  3;57,58,55;,
  3;58,57,59;,
  3;56,60,61;,
  3;60,56,55;,
  3;55,62,60;,
  3;62,55,58;,
  3;61,49,51;,
  3;49,61,60;,
  3;60,52,49;,
  3;52,60,62;,
  3;32,19,63;,
  3;19,32,29;,
  3;64,65,66;,
  3;65,64,20;,
  3;14,67,12;,
  3;67,14,68;,
  3;68,69,67;,
  3;69,68,70;,
  3;70,42,69;,
  3;42,70,37;,
  3;48,34,51;,
  3;34,48,33;,
  3;51,43,61;,
  3;43,51,34;,
  3;43,56,61;,
  3;56,43,39;,
  3;39,54,56;,
  3;54,39,40;,
  3;12,63,17;,
  3;63,12,67;,
  3;67,32,63;,
  3;32,67,69;,
  3;69,42,32;,
  3;71,72,25;,
  3;73,74,75;,
  3;74,73,76;,
  3;74,77,75;,
  3;77,74,78;,
  3;79,78,80;,
  3;78,79,77;,
  3;81,82,83;,
  3;82,84,85;,
  3;84,82,86;,
  3;87,88,89;,
  3;88,90,89;,
  3;90,88,91;,
  3;92,93,94;,
  3;92,89,93;,
  3;92,87,89;,
  3;89,95,93;,
  3;95,89,90;,
  3;96,93,82;,
  3;93,86,82;,
  3;86,93,95;,
  3;97,98,99;,
  3;98,97,100;,
  3;100,101,98;,
  3;101,100,102;,
  3;103,104,105;,
  3;104,103,106;,
  3;106,107,104;,
  3;107,106,108;,
  3;105,109,110;,
  3;109,105,104;,
  3;104,111,109;,
  3;111,104,107;,
  3;110,100,97;,
  3;100,110,109;,
  3;109,102,100;,
  3;102,109,111;,
  3;112,113,114;,
  3;113,112,115;,
  3;116,117,118;,
  3;117,116,119;,
  3;120,121,122;,
  3;121,120,123;,
  3;120,124,125;,
  3;124,120,122;,
  3;126,124,127;,
  3;124,126,125;,
  3;95,97,86;,
  3;97,95,110;,
  3;86,99,84;,
  3;99,86,97;,
  3;90,103,105;,
  3;103,90,91;,
  3;105,95,90;,
  3;95,105,110;,
  3;128,96,129;,
  3;96,128,94;,
  3;129,130,128;,
  3;130,129,131;,
  3;72,28,25;,
  3;28,72,132;,
  3;10,133,8;,
  3;134,135,136;,
  3;135,134,137;,
  3;81,137,134;,
  3;138,11,139;,
  3;138,9,11;,
  3;138,140,9;,
  3;141,11,142;,
  3;11,141,139;,
  3;128,130,143;,
  3;94,144,92;,
  3;94,143,144;,
  3;94,128,143;,
  3;145,87,146;,
  3;87,145,147;,
  3;75,148,73;,
  3;148,75,149;,
  3;150,147,145;,
  3;7,149,75;,
  3;148,151,73;,
  3;102,152,101;,
  3;152,102,126;,
  3;102,125,126;,
  3;125,102,111;,
  3;111,120,125;,
  3;120,111,107;,
  3;120,108,123;,
  3;108,120,107;,
  3;8,153,154;,
  3;153,8,133;,
  3;154,155,8;,
  3;155,154,156;,
  3;122,114,113;,
  3;114,122,121;,
  3;121,112,114;,
  3;112,121,157;,
  3;158,124,159;,
  3;124,158,127;,
  3;159,122,113;,
  3;122,159,124;,
  3;126,160,152;,
  3;160,126,161;,
  3;162,121,123;,
  3;121,162,163;,
  3;121,164,157;,
  3;164,121,163;,
  3;165,126,127;,
  3;126,165,161;,
  3;161,166,160;,
  3;166,161,167;,
  3;162,118,163;,
  3;118,162,116;,
  3;163,117,164;,
  3;117,163,118;,
  3;165,167,161;,
  3;167,165,168;,
  3;169,170,171;,
  3;170,169,172;,
  3;173,174,175;,
  3;174,173,176;,
  3;177,178,179;,
  3;178,177,173;,
  3;180,178,181;,
  3;178,180,182;,
  3;183,169,171;,
  3;169,183,184;,
  3;174,185,186;,
  3;185,174,176;,
  3;46,187,44;,
  3;187,46,188;,
  3;180,169,182;,
  3;169,180,172;,
  3;20,29,65;,
  3;19,29,20;,
  3;29,31,189;,
  3;31,190,189;,
  3;190,31,33;,
  3;33,191,190;,
  3;191,33,48;,
  3;191,50,192;,
  3;50,191,48;,
  3;192,53,193;,
  3;53,192,50;,
  3;194,171,185;,
  3;171,194,183;,
  3;171,186,185;,
  3;186,171,170;,
  3;185,176,194;,
  3;194,173,177;,
  3;173,194,176;,
  3;178,175,181;,
  3;175,178,173;,
  3;179,182,184;,
  3;182,179,178;,
  3;182,169,184;,
  3;16,17,19;,
  3;17,63,19;,
  3;65,195,66;,
  3;196,197,198;,
  3;197,196,199;,
  3;200,154,153;,
  3;154,200,201;,
  3;202,203,204;,
  3;205,206,207;,
  3;196,208,209;,
  3;208,196,198;,
  3;210,209,211;,
  3;209,210,196;,
  3;212,213,214;,
  3;213,212,215;,
  3;212,214,211;,
  3;201,216,217;,
  3;216,201,200;,
  3;218,219,220;,
  3;219,218,217;,
  3;210,199,196;,
  3;213,205,207;,
  3;221,222,223;,
  3;198,197,224;,
  3;224,225,226;,
  3;225,224,197;,
  3;227,213,207;,
  3;228,229,214;,
  3;229,228,230;,
  3;220,231,232;,
  3;213,228,214;,
  3;156,201,233;,
  3;201,156,154;,
  3;233,217,218;,
  3;217,233,201;,
  3;219,217,234;,
  3;235,219,234;,
  3;236,237,238;,
  3;237,236,239;,
  3;209,240,211;,
  3;240,209,241;,
  3;211,242,212;,
  3;242,211,240;,
  3;243,239,244;,
  3;239,243,237;,
  3;244,236,245;,
  3;236,244,239;,
  3;246,221,223;,
  3;221,246,215;,
  3;221,212,247;,
  3;212,221,215;,
  3;199,248,2;,
  3;248,199,249;,
  3;133,10,250;,
  3;249,210,251;,
  3;210,249,199;,
  3;210,211,251;,
  3;252,1,253;,
  3;1,252,2;,
  3;20,254,18;,
  3;254,20,64;,
  3;24,68,14;,
  3;68,24,255;,
  3;68,256,70;,
  3;256,68,255;,
  3;256,37,70;,
  3;37,256,257;,
  3;258,2,252;,
  3;2,258,199;,
  3;257,259,37;,
  3;37,259,35;,
  3;260,204,261;,
  3;204,260,202;,
  3;262,263,223;,
  3;263,262,264;,
  3;197,258,225;,
  3;258,197,199;,
  3;265,203,227;,
  3;265,207,266;,
  3;207,265,227;,
  3;223,267,246;,
  3;267,223,263;,
  3;88,87,147;,
  3;83,82,85;,
  3;78,16,18;,
  3;16,78,74;,
  3;74,15,16;,
  3;15,74,76;,
  3;15,71,13;,
  3;71,15,76;,
  3;13,268,23;,
  3;268,13,71;,
  3;248,269,2;,
  3;2,269,0;,
  3;136,129,134;,
  3;129,136,131;,
  3;134,96,81;,
  3;96,134,129;,
  3;96,82,81;,
  3;93,96,94;,
  3;29,189,65;,
  3;205,215,246;,
  3;267,205,246;,
  3;205,267,206;,
  3;205,213,215;,
  3;187,188,270;,
  3;224,271,272;,
  3;222,221,208;,
  3;224,222,198;,
  3;272,273,262;,
  3;273,272,271;,
  3;263,274,275;,
  3;273,276,262;,
  3;277,271,278;,
  3;271,277,273;,
  3;222,272,262;,
  3;272,222,224;,
  3;222,208,198;,
  3;209,221,247;,
  3;221,209,208;,
  3;223,222,262;,
  3;266,206,279;,
  3;206,266,207;,
  3;206,280,279;,
  3;280,206,267;,
  3;280,263,275;,
  3;263,280,267;,
  3;264,262,276;,
  3;76,73,72;,
  3;138,281,140;,
  3;73,132,72;,
  3;132,73,151;,
  3;72,71,76;,
