xof 0303txt 0032
template ColorRGBA {
 <35ff44e0-6c7c-11cf-8f52-0040333594a3>
 FLOAT red;
 FLOAT green;
 FLOAT blue;
 FLOAT alpha;
}

template ColorRGB {
 <d3e16e81-7835-11cf-8f52-0040333594a3>
 FLOAT red;
 FLOAT green;
 FLOAT blue;
}

template Material {
 <3d82ab4d-62da-11cf-ab39-0020af71e433>
 ColorRGBA faceColor;
 FLOAT power;
 ColorRGB specularColor;
 ColorRGB emissiveColor;
 [...]
}

template TextureFilename {
 <a42790e1-7810-11cf-8f52-0040333594a3>
 STRING filename;
}

template Frame {
 <3d82ab46-62da-11cf-ab39-0020af71e433>
 [...]
}

template Matrix4x4 {
 <f6f23f45-7686-11cf-8f52-0040333594a3>
 array FLOAT matrix[16];
}

template FrameTransformMatrix {
 <f6f23f41-7686-11cf-8f52-0040333594a3>
 Matrix4x4 frameMatrix;
}

template Vector {
 <3d82ab5e-62da-11cf-ab39-0020af71e433>
 FLOAT x;
 FLOAT y;
 FLOAT z;
}

template MeshFace {
 <3d82ab5f-62da-11cf-ab39-0020af71e433>
 DWORD nFaceVertexIndices;
 array DWORD faceVertexIndices[nFaceVertexIndices];
}

template Mesh {
 <3d82ab44-62da-11cf-ab39-0020af71e433>
 DWORD nVertices;
 array Vector vertices[nVertices];
 DWORD nFaces;
 array MeshFace faces[nFaces];
 [...]
}

template MeshMaterialList {
 <f6f23f42-7686-11cf-8f52-0040333594a3>
 DWORD nMaterials;
 DWORD nFaceIndexes;
 array DWORD faceIndexes[nFaceIndexes];
 [Material <3d82ab4d-62da-11cf-ab39-0020af71e433>]
}

template VertexElement {
 <f752461c-1e23-48f6-b9f8-8350850f336f>
 DWORD Type;
 DWORD Method;
 DWORD Usage;
 DWORD UsageIndex;
}

template DeclData {
 <bf22e553-292c-4781-9fea-62bd554bdd93>
 DWORD nElements;
 array VertexElement Elements[nElements];
 DWORD nDWords;
 array DWORD data[nDWords];
}

template XSkinMeshHeader {
 <3cf169ce-ff7c-44ab-93c0-f78f62d172e2>
 WORD nMaxSkinWeightsPerVertex;
 WORD nMaxSkinWeightsPerFace;
 WORD nBones;
}

template SkinWeights {
 <6f0d123b-bad2-4167-a0d0-80224f25fabb>
 STRING transformNodeName;
 DWORD nWeights;
 array DWORD vertexIndices[nWeights];
 array FLOAT weights[nWeights];
 Matrix4x4 matrixOffset;
}

template AnimTicksPerSecond {
 <9e415a43-7ba6-4a73-8743-b73d47e88476>
 DWORD AnimTicksPerSecond;
}

template Animation {
 <3d82ab4f-62da-11cf-ab39-0020af71e433>
 [...]
}

template AnimationSet {
 <3d82ab50-62da-11cf-ab39-0020af71e433>
 [Animation <3d82ab4f-62da-11cf-ab39-0020af71e433>]
}

template FloatKeys {
 <10dd46a9-775b-11cf-8f52-0040333594a3>
 DWORD nValues;
 array FLOAT values[nValues];
}

template TimedFloatKeys {
 <f406b180-7b3b-11cf-8f52-0040333594a3>
 DWORD time;
 FloatKeys tfkeys;
}

template AnimationKey {
 <10dd46a8-775b-11cf-8f52-0040333594a3>
 DWORD keyType;
 DWORD nKeys;
 array TimedFloatKeys keys[nKeys];
}


Material _03_-_Default {
 1.000000;1.000000;1.000000;1.000000;;
 9.999999;
 0.000000;0.000000;0.000000;;
 0.000000;0.000000;0.000000;;

 TextureFilename {
  "MaleBody_full.png";
 }
}

Frame Dummy01 {
 

 FrameTransformMatrix {
  1.000000,0.000000,0.000000,0.000000,0.000000,-0.000000,-1.000000,0.000000,0.000000,1.000000,-0.000000,0.000000,0.000000,0.000000,0.000000,1.000000;;
 }

 Frame Bip01 {
  

  FrameTransformMatrix {
   -0.036518,0.865522,0.499538,0.000000,0.048040,-0.497773,0.865976,0.000000,0.998178,0.055622,-0.023402,0.000000,0.001575,-0.166929,0.057841,1.000000;;
  }

  Frame Bip01_Pelvis {
   

   FrameTransformMatrix {
    -0.280949,0.958684,0.044645,0.000000,0.020748,-0.040441,0.998967,0.000000,0.959499,0.281585,-0.008529,0.000000,0.000000,0.000000,0.000000,1.000000;;
   }

   Frame Bip01_Spine {
    

    FrameTransformMatrix {
     0.862743,-0.054731,0.502672,0.000000,0.027670,0.997745,0.061144,0.000000,-0.504885,-0.038842,0.862312,0.000000,0.049543,-0.002085,0.014466,1.000000;;
    }

    Frame Bip01_Spine1 {
     

     FrameTransformMatrix {
      0.984599,-0.003319,0.174798,0.000000,0.024071,0.992872,-0.116731,0.000000,-0.173164,0.119140,0.977660,0.000000,0.106495,-0.000010,-0.000083,1.000000;;
     }

     Frame Bip01_Neck {
      

      FrameTransformMatrix {
       0.971640,0.000001,0.236466,0.000000,-0.000001,1.000000,-0.000000,0.000000,-0.236466,-0.000000,0.971640,0.000000,0.130511,0.000000,0.004626,1.000000;;
      }

      Frame Bip01_Head {
       

       FrameTransformMatrix {
        0.997376,0.031809,0.065028,0.000000,-0.034533,0.998554,0.041199,0.000000,-0.063624,-0.043336,0.997033,0.000000,0.033674,0.000000,0.000000,1.000000;;
       }

       Frame Bip01_HeadNub {
        

        FrameTransformMatrix {
         1.000000,-0.000000,0.000000,0.000000,0.000000,1.000000,-0.000000,0.000000,0.000000,0.000000,1.000000,0.000000,0.169824,0.000000,-0.000000,1.000000;;
        }
       }
      }

      Frame Bip01_L_Clavicle {
       

       FrameTransformMatrix {
        -0.379952,0.924865,-0.016195,0.000000,0.894473,0.362893,-0.261204,0.000000,-0.235701,-0.113730,-0.965148,0.000000,-0.024443,0.015715,0.001188,1.000000;;
       }

       Frame Bip01_L_UpperArm {
        

        FrameTransformMatrix {
         0.617608,-0.716312,0.324742,0.000000,0.776576,0.490071,-0.395929,0.000000,0.124462,0.496716,0.858943,0.000000,0.087086,0.000000,-0.000000,1.000000;;
        }

        Frame Bip01_L_Forearm {
         

         FrameTransformMatrix {
          0.682168,0.000000,-0.731195,0.000000,0.000000,1.000000,-0.000000,0.000000,0.731195,0.000000,0.682168,0.000000,0.137062,-0.000000,0.000000,1.000000;;
         }

         Frame Bip01_L_Hand {
          

          FrameTransformMatrix {
           0.623110,0.575168,-0.530015,0.000000,-0.070002,0.715944,0.694639,0.000000,0.778995,-0.395734,0.486375,0.000000,0.137062,-0.000000,0.000000,1.000000;;
          }

          Frame Bip01_L_Finger0 {
           

           FrameTransformMatrix {
            0.601558,-0.502848,0.620703,0.000000,0.696822,0.710248,-0.099940,0.000000,-0.390599,0.492640,0.777650,0.000000,0.057681,-0.023605,-0.000272,1.000000;;
           }

           Frame Bip01_L_Finger0Nub {
            

            FrameTransformMatrix {
             1.000000,0.000000,-0.000000,0.000000,-0.000000,1.000000,-0.000000,0.000000,0.000000,-0.000000,1.000000,0.000000,0.029435,-0.000000,0.000000,1.000000;;
            }
           }
          }

          Frame Bip01_L_Finger1 {
           

           FrameTransformMatrix {
            0.927915,-0.000297,0.372791,0.000000,0.000000,1.000000,0.000796,0.000000,-0.372791,-0.000739,0.927915,0.000000,0.084102,0.000000,-0.000000,1.000000;;
           }

           Frame Bip01_L_Finger1Nub {
            

            FrameTransformMatrix {
             1.000000,-0.000000,0.000000,0.000000,0.000000,1.000000,0.000000,0.000000,-0.000000,0.000000,1.000000,0.000000,0.047988,0.000000,0.000000,1.000000;;
            }
           }
          }
         }
        }
       }
      }

      Frame Bip01_R_Clavicle {
       

       FrameTransformMatrix {
        0.081860,-0.992006,0.096041,0.000000,-0.968366,-0.056376,0.243081,0.000000,-0.235723,-0.112902,-0.965240,0.000000,-0.024443,-0.015715,0.001188,1.000000;;
       }

       Frame Bip01_R_UpperArm {
        

        FrameTransformMatrix {
         0.574401,0.386952,-0.721340,0.000000,-0.176809,0.919063,0.352225,0.000000,0.799251,-0.074779,0.596327,0.000000,0.087086,0.000000,0.000000,1.000000;;
        }

        Frame Bip01_R_Forearm {
         

         FrameTransformMatrix {
          0.054589,0.000000,-0.998509,0.000000,-0.000000,1.000000,-0.000000,0.000000,0.998509,0.000000,0.054589,0.000000,0.137062,0.000000,0.000000,1.000000;;
         }

         Frame Bip01_R_Hand {
          

          FrameTransformMatrix {
           0.866623,0.486682,-0.110025,0.000000,-0.167755,0.076521,-0.982854,0.000000,-0.469919,0.870221,0.147958,0.000000,0.137062,0.000000,-0.000000,1.000000;;
          }

          Frame Bip01_R_Finger0 {
           

           FrameTransformMatrix {
            0.166554,0.297180,0.940183,0.000000,-0.870771,0.491689,-0.001159,0.000000,-0.462621,-0.818491,0.340669,0.000000,0.057681,0.023605,-0.000272,1.000000;;
           }

           Frame Bip01_R_Finger0Nub {
            

            FrameTransformMatrix {
             -1.000000,-0.000000,0.000000,0.000000,-0.000000,1.000000,-0.000000,0.000000,0.000000,0.000000,-1.000000,0.000000,0.029435,0.000000,0.000000,1.000000;;
            }
           }
          }

          Frame Bip01_R_Finger1 {
           

           FrameTransformMatrix {
            0.329983,0.000752,0.943986,0.000000,-0.000000,1.000000,-0.000796,0.000000,-0.943987,0.000263,0.329982,0.000000,0.084102,-0.000000,0.000000,1.000000;;
           }

           Frame Bip01_R_Finger1Nub {
            

            FrameTransformMatrix {
             -1.000000,0.000000,-0.000000,0.000000,0.000000,1.000000,0.000000,0.000000,0.000000,0.000000,-1.000000,0.000000,0.047988,-0.000000,0.000000,1.000000;;
            }
           }
          }
         }
        }
       }
      }
     }

     Frame Bip01_BackPack {
      

      FrameTransformMatrix {
       0.190104,-0.000002,-0.981764,0.000000,0.000003,1.000000,-0.000002,0.000000,0.981764,-0.000002,0.190104,0.000000,0.063697,-0.000000,-0.088856,1.000000;;
      }

      Frame Bip01_BackPackNub {
       

       FrameTransformMatrix {
        0.000796,0.000003,1.000000,0.000000,0.000000,-1.000000,0.000003,0.000000,1.000000,-0.000000,-0.000796,0.000000,0.053240,0.000000,0.000000,1.000000;;
       }
      }
     }
    }

    Frame Bip01_L_Thigh {
     

     FrameTransformMatrix {
      -0.208168,0.157814,0.965277,0.000000,0.482777,-0.841721,0.241728,0.000000,0.850642,0.516334,0.099031,0.000000,-0.053151,0.054926,0.010313,1.000000;;
     }

     Frame Bip01_L_Calf {
      

      FrameTransformMatrix {
       0.959901,-0.000000,-0.280338,0.000000,0.000000,1.000000,0.000000,0.000000,0.280338,0.000000,0.959901,0.000000,0.237500,0.000000,0.000000,1.000000;;
      }

      Frame Bip01_L_Foot {
       

       FrameTransformMatrix {
        0.992784,-0.084186,0.085390,0.000000,0.073548,0.989939,0.120880,0.000000,-0.094707,-0.113727,0.988988,0.000000,0.206841,0.000000,0.000000,1.000000;;
       }

       Frame Bip01_L_Toe0 {
        

        FrameTransformMatrix {
         -0.281150,0.128549,0.951015,0.000000,0.009523,0.991313,-0.131181,0.000000,-0.959617,-0.027825,-0.279932,0.000000,0.065373,0.000000,0.066450,1.000000;;
        }

        Frame Bip01_L_Toe0Nub {
         

         FrameTransformMatrix {
          -1.000000,0.000000,0.000000,0.000000,0.000000,1.000000,-0.000000,0.000000,-0.000000,0.000000,-1.000000,0.000000,0.006735,0.000000,0.000000,1.000000;;
         }
        }
       }
      }
     }
    }

    Frame Bip01_R_Thigh {
     

     FrameTransformMatrix {
      0.584306,-0.191286,0.788667,0.000000,-0.227469,-0.971471,-0.067097,0.000000,0.779002,-0.140191,-0.611148,0.000000,-0.047106,-0.055276,0.014603,1.000000;;
     }

     Frame Bip01_R_Calf {
      

      FrameTransformMatrix {
       -0.531496,0.000000,-0.847061,0.000000,0.000000,1.000000,0.000000,0.000000,0.847061,-0.000000,-0.531496,0.000000,0.237500,-0.000000,0.000000,1.000000;;
      }

      Frame Bip01_R_Foot {
       

       FrameTransformMatrix {
        0.999593,0.026624,-0.010212,0.000000,-0.027324,0.996732,-0.076011,0.000000,0.008155,0.076259,0.997055,0.000000,0.206841,0.000000,0.000000,1.000000;;
       }

       Frame Bip01_R_Toe0 {
        

        FrameTransformMatrix {
         0.808415,-0.128123,0.574499,0.000000,-0.015785,0.970953,0.238751,0.000000,-0.588401,-0.202078,0.782910,0.000000,0.065373,0.000000,0.066450,1.000000;;
        }

        Frame Bip01_R_Toe0Nub {
         

         FrameTransformMatrix {
          1.000000,0.000000,-0.000000,0.000000,-0.000000,1.000000,-0.000000,0.000000,-0.000000,0.000000,1.000000,0.000000,0.006735,-0.000000,-0.000000,1.000000;;
         }
        }
       }
      }
     }
    }
   }

   Frame Bip01_DressFront {
    

    FrameTransformMatrix {
     0.042365,0.278905,0.959384,0.000000,-0.207610,0.941743,-0.264608,0.000000,-0.977294,-0.187967,0.097801,0.000000,-0.000102,-0.002471,0.059099,1.000000;;
    }

    Frame Bip01_DressFront02 {
     

     FrameTransformMatrix {
      -0.227938,-0.053564,0.972201,0.000000,0.038278,0.997221,0.063917,0.000000,-0.972923,0.051783,-0.225254,0.000000,0.183452,-0.000007,0.000030,1.000000;;
     }

     Frame Bip01_DressFrontNub {
      

      FrameTransformMatrix {
       0.000796,0.000003,1.000000,0.000000,0.000000,-1.000000,0.000003,0.000000,1.000000,0.000000,-0.000796,0.000000,0.165302,0.000000,-0.000000,1.000000;;
      }
     }
    }
   }

   Frame Bip01_DressBack {
    

    FrameTransformMatrix {
     -0.384180,0.051809,0.921804,0.000000,-0.049985,0.995793,-0.076800,0.000000,-0.921904,-0.075581,-0.379974,0.000000,-0.068521,0.003899,-0.071307,1.000000;;
    }

    Frame Bip01_DressBack02 {
     

     FrameTransformMatrix {
      0.721498,-0.100115,0.685141,0.000000,-0.109699,0.960468,0.255867,0.000000,-0.683672,-0.259767,0.681993,0.000000,0.176233,0.000028,-0.000074,1.000000;;
     }

     Frame Bip01_DressBackNub {
      

      FrameTransformMatrix {
       0.000796,0.000003,1.000000,0.000000,-0.000000,-1.000000,0.000003,0.000000,1.000000,0.000000,-0.000796,0.000000,0.136508,0.000000,0.000000,1.000000;;
      }
     }
    }
   }
  }

  Frame Bip01_Prop1 {
   

   FrameTransformMatrix {
    -0.881580,-0.346454,-0.320604,0.000000,-0.470917,0.692239,0.546848,0.000000,0.032477,0.633068,-0.773415,0.000000,0.214132,0.047103,-0.014246,1.000000;;
   }
  }

  Frame Bip01_Prop2 {
   

   FrameTransformMatrix {
    0.693330,-0.488751,0.529544,0.000000,0.491079,-0.217342,-0.843566,0.000000,0.527386,0.844917,0.089326,0.000000,-0.019591,-0.057073,0.189017,1.000000;;
   }
  }
 }
}

Frame Translation_Data {
 

 FrameTransformMatrix {
  1.000000,0.000000,0.000000,0.000000,0.000000,-0.000000,-1.000000,0.000000,0.000000,1.000000,-0.000000,0.000000,0.000000,-0.000000,0.000000,1.000000;;
 }
}

Frame Body {
 

 FrameTransformMatrix {
  1.000000,0.000000,0.000000,0.000000,0.000000,1.000000,0.000000,0.000000,0.000000,0.000000,1.000000,0.000000,0.000000,0.000000,0.000000,1.000000;;
 }

 Mesh Body {
  617;
  0.075127;0.307780;0.209740;,
  0.038649;0.309078;0.202767;,
  0.033219;0.335588;0.223276;,
  0.082133;0.289559;0.202647;,
  0.090094;0.281577;0.196871;,
  0.058621;0.250699;0.170939;,
  0.046526;0.281048;0.181066;,
  0.095920;0.247587;0.200881;,
  0.033977;0.349876;0.263362;,
  0.082266;0.321352;0.284595;,
  0.075574;0.323866;0.258020;,
  0.051864;0.325827;0.290448;,
  0.090602;0.059888;0.221221;,
  0.052003;0.061678;0.243114;,
  0.049764;0.041021;0.238506;,
  0.084661;0.076405;0.225172;,
  0.076906;0.112800;0.185145;,
  0.088709;0.078533;0.182255;,
  0.047451;0.130003;0.162472;,
  0.072344;0.083316;0.149018;,
  0.041274;0.086284;0.135851;,
  0.004522;0.250597;0.164617;,
  0.005600;0.283031;0.178502;,
  0.009156;0.061694;0.245912;,
  0.007534;0.040265;0.239217;,
  0.061413;0.186826;0.281815;,
  0.007749;0.225561;0.302732;,
  0.009769;0.186324;0.288854;,
  0.064556;0.228719;0.297483;,
  0.074844;0.086776;0.120427;,
  0.104237;0.055349;0.020175;,
  0.086378;0.099048;0.025361;,
  0.090516;0.042079;0.120529;,
  0.088501;0.108145;-0.070400;,
  0.090405;0.055359;-0.072767;,
  0.026934;0.100150;0.124450;,
  -0.000990;0.033943;0.018724;,
  0.009365;-0.033547;0.167269;,
  0.032448;0.101912;0.024523;,
  0.024533;0.049789;-0.069333;,
  0.043537;0.087417;-0.072061;,
  0.071237;-0.000266;0.016537;,
  0.064986;-0.007337;0.114054;,
  0.059653;0.029070;-0.068007;,
  0.053614;0.007774;-0.340757;,
  -0.005448;-0.004182;-0.339804;,
  0.019870;0.037191;-0.345339;,
  0.022364;-0.024939;-0.336532;,
  0.072066;0.081233;-0.126782;,
  0.072860;0.031698;-0.198113;,
  0.062482;0.071331;-0.199590;,
  0.084347;0.040486;-0.124813;,
  0.055135;0.023309;-0.274708;,
  0.054126;0.057886;-0.277939;,
  0.022808;0.080298;-0.140095;,
  0.001611;0.031602;-0.182940;,
  -0.001544;0.035657;-0.117272;,
  0.024231;0.064921;-0.197512;,
  0.015815;0.023005;-0.261773;,
  0.027093;0.046215;-0.284572;,
  0.054814;-0.000244;-0.186288;,
  0.060602;-0.000934;-0.111970;,
  0.036356;0.010672;-0.256617;,
  0.092022;0.054623;0.164530;,
  -0.000654;0.091558;0.125976;,
  0.026934;0.100150;0.124450;,
  -0.003713;0.057666;0.110870;,
  0.094846;0.011610;0.198077;,
  0.045682;-0.004271;0.218391;,
  0.072479;-0.012108;0.140642;,
  0.029187;-0.020337;0.161654;,
  0.057305;0.136102;0.261947;,
  0.091974;0.189864;0.262565;,
  0.102538;0.198902;0.246737;,
  0.076098;0.163352;0.191107;,
  0.093162;0.215133;0.196456;,
  0.087297;0.144918;0.236080;,
  0.056933;0.221466;0.163566;,
  0.051033;0.168973;0.164825;,
  0.000855;0.225503;0.161321;,
  0.001885;0.165846;0.162955;,
  0.123621;0.248578;0.211871;,
  0.144575;0.204586;0.225675;,
  0.070984;0.247853;0.223028;,
  0.108050;0.148579;0.253932;,
  0.087413;0.190151;0.236359;,
  0.154615;0.159361;0.245280;,
  0.079451;0.253999;0.283048;,
  0.087413;0.190151;0.236359;,
  0.094573;0.208073;0.299549;,
  0.115559;0.152884;0.305538;,
  0.108050;0.148579;0.253932;,
  0.088054;0.258818;0.288633;,
  0.151771;0.222834;0.288856;,
  0.130348;0.265593;0.275226;,
  0.162018;0.163499;0.296968;,
  0.133711;0.258917;0.238091;,
  0.158370;0.147838;0.230626;,
  0.119288;0.080750;0.213730;,
  0.103637;0.133142;0.240039;,
  0.153689;0.092491;0.208621;,
  0.127356;0.036532;0.201649;,
  0.151272;0.044786;0.193668;,
  0.103637;0.133142;0.240039;,
  0.140598;0.064569;0.264306;,
  0.118229;0.113814;0.298405;,
  0.119288;0.080750;0.213730;,
  0.149968;0.027613;0.230291;,
  0.127356;0.036532;0.201649;,
  0.166845;0.073963;0.260194;,
  0.172667;0.128500;0.289115;,
  0.161967;0.031349;0.226552;,
  0.176339;0.001806;0.086361;,
  0.197556;-0.014590;0.136737;,
  0.164640;-0.007966;0.102221;,
  0.208640;-0.004848;0.120820;,
  0.129757;0.004628;0.128646;,
  0.141745;0.011394;0.119110;,
  0.139395;0.001684;0.123722;,
  0.127359;0.013879;0.121955;,
  0.171832;0.001381;0.196629;,
  0.145856;0.023299;0.146729;,
  0.191669;0.004660;0.165140;,
  0.128514;0.010241;0.173889;,
  0.199899;0.020751;0.156688;,
  0.182111;0.037754;0.194964;,
  0.136692;0.048148;0.171916;,
  0.155659;0.039114;0.139638;,
  0.104879;0.307165;0.264064;,
  0.113521;0.311621;0.235783;,
  0.075574;0.323866;0.258020;,
  0.076088;0.322354;0.234530;,
  0.100923;0.235796;0.280411;,
  0.043762;0.347076;0.236627;,
  0.106558;0.298805;0.211525;,
  0.082133;0.289559;0.202647;,
  0.075127;0.307780;0.209740;,
  0.098719;0.270325;0.208901;,
  0.100870;0.282465;0.284538;,
  0.063078;0.270839;0.299784;,
  0.103237;0.286933;0.281602;,
  0.005327;0.264781;0.302318;,
  0.005043;0.322032;0.284179;,
  0.082266;0.321352;0.284595;,
  0.103237;0.286933;0.281602;,
  0.088100;0.268275;0.225444;,
  0.101724;0.276444;0.271200;,
  0.070984;0.247853;0.223028;,
  0.102319;0.238613;0.248476;,
  0.094610;0.241715;0.214374;,
  0.090094;0.281577;0.196871;,
  0.108031;0.238508;0.264371;,
  0.128514;0.010241;0.173889;,
  0.040391;0.375107;0.239116;,
  0.031607;0.378443;0.260103;,
  0.005026;0.351164;0.267987;,
  0.005734;0.381380;0.268604;,
  0.155659;0.039114;0.139638;,
  0.176339;0.001806;0.086361;,
  0.208640;-0.004848;0.120820;,
  0.125966;0.009136;0.147713;,
  0.128373;0.030370;0.133073;,
  0.125966;0.009136;0.147713;,
  0.142397;0.008647;0.140887;,
  0.150534;0.031150;0.135129;,
  0.150534;0.031150;0.135129;,
  0.129757;0.004628;0.128646;,
  0.127359;0.013879;0.121955;,
  0.141745;0.011394;0.119110;,
  0.105100;0.067502;-0.326844;,
  0.108591;0.117811;-0.355854;,
  0.102926;0.115553;-0.336824;,
  0.114161;0.066779;-0.348484;,
  -0.002325;0.011172;-0.308216;,
  0.019870;0.037191;-0.345339;,
  -0.005448;-0.004182;-0.339804;,
  0.020042;0.043549;-0.321035;,
  0.015815;0.023005;-0.261773;,
  0.030913;-0.012966;-0.301321;,
  0.036356;0.010672;-0.256617;,
  0.053614;0.007774;-0.340757;,
  0.022364;-0.024939;-0.336532;,
  0.055635;0.013985;-0.306319;,
  0.054126;0.057886;-0.277939;,
  0.055135;0.023309;-0.274708;,
  0.074789;0.123439;-0.341342;,
  0.074512;0.130608;-0.358068;,
  0.114161;0.066779;-0.348484;,
  0.074512;0.130608;-0.358068;,
  0.032448;0.101912;0.024523;,
  0.043537;0.087417;-0.072061;,
  0.022808;0.080298;-0.140095;,
  0.024231;0.064921;-0.197512;,
  0.027093;0.046215;-0.284572;,
  0.027093;0.046215;-0.284572;,
  -0.003460;0.012541;0.136704;,
  0.051077;0.377425;0.217418;,
  0.032622;0.366000;0.201512;,
  0.041679;0.372087;0.198878;,
  0.032143;0.370768;0.222206;,
  0.044822;0.399123;0.239055;,
  0.037963;0.411343;0.258705;,
  0.028399;0.514432;0.192107;,
  0.007513;0.504486;0.166661;,
  0.008880;0.519663;0.192331;,
  0.038901;0.442743;0.152122;,
  0.021686;0.441534;0.146213;,
  0.036385;0.471891;0.157299;,
  0.048034;0.391660;0.193133;,
  0.057362;0.405123;0.217969;,
  0.050174;0.389662;0.225055;,
  0.060166;0.441709;0.231289;,
  0.060117;0.449193;0.207921;,
  0.050582;0.480089;0.172337;,
  0.060281;0.485071;0.198051;,
  0.054781;0.442052;0.182172;,
  0.058269;0.447352;0.247002;,
  0.048436;0.458096;0.266651;,
  0.009803;0.461589;0.278940;,
  0.043125;0.503205;0.249642;,
  0.010740;0.507364;0.260680;,
  0.054617;0.419627;0.185718;,
  0.037893;0.380888;0.180782;,
  0.039189;0.412460;0.163629;,
  0.022206;0.355666;0.172371;,
  0.002991;0.352142;0.185214;,
  0.002277;0.351831;0.164087;,
  0.032800;0.492245;0.164022;,
  0.047765;0.503592;0.193000;,
  0.057479;0.497952;0.230685;,
  0.044154;0.514683;0.220467;,
  0.027339;0.521441;0.226758;,
  0.010277;0.524505;0.229391;,
  0.008228;0.422115;0.271623;,
  0.057479;0.497952;0.230685;,
  0.044154;0.514683;0.220467;,
  0.063669;0.407523;0.216832;,
  0.070928;0.454352;0.221266;,
  0.075717;0.436213;0.231344;,
  0.063081;0.435541;0.218532;,
  0.075717;0.436213;0.231344;,
  0.063669;0.407523;0.216832;,
  0.070928;0.454352;0.221266;,
  0.060117;0.449193;0.207921;,
  0.059652;0.424350;0.203924;,
  0.057362;0.405123;0.217969;,
  0.039564;0.434577;0.161159;,
  0.059652;0.424350;0.203924;,
  0.043762;0.347076;0.236627;,
  0.040391;0.375107;0.239116;,
  0.076088;0.322354;0.234530;,
  0.044822;0.399123;0.239055;,
  0.005259;0.327781;0.202829;,
  0.005420;0.305780;0.193247;,
  0.003911;0.132233;0.162645;,
  0.003617;-0.003900;0.220276;,
  0.000079;-0.025236;0.193651;,
  -0.018323;0.003531;0.133704;,
  0.004402;0.356798;0.200713;,
  -0.003460;0.012541;0.136704;,
  0.027339;0.521441;0.226758;,
  0.010277;0.524505;0.229391;,
  0.023575;0.386448;0.163748;,
  0.016476;0.408576;0.154708;,
  0.016368;0.398952;0.155467;,
  0.006780;0.493802;0.155468;,
  0.005646;0.470753;0.144752;,
  0.019674;0.433686;0.156403;,
  0.010188;0.134567;0.267555;,
  0.076088;0.322354;0.234530;,
  0.108591;0.117811;-0.355854;,
  0.014818;0.377472;0.158236;,
  0.022791;0.379949;0.164686;,
  0.014910;0.382622;0.161333;,
  0.003397;0.397901;0.151019;,
  0.003312;0.405441;0.140828;,
  0.014601;0.386054;0.156155;,
  0.003241;0.383263;0.161176;,
  0.002824;0.375957;0.156074;,
  0.004471;0.440326;0.140303;,
  0.004330;0.431375;0.145130;,
  0.101724;0.276444;0.271200;,
  0.003060;0.386145;0.152813;,
  0.083814;0.269461;0.242431;,
  0.088100;0.268275;0.225444;,
  0.090094;0.281577;0.196871;,
  0.058269;0.447352;0.247002;,
  0.072066;0.081233;-0.126782;,
  0.034633;0.108770;-0.126014;,
  0.044981;0.147928;-0.066876;,
  0.062482;0.071331;-0.199590;,
  0.088501;0.108145;-0.070400;,
  0.061693;0.169113;-0.038492;,
  0.086378;0.099048;0.025361;,
  0.039047;0.141871;0.041940;,
  0.074844;0.086776;0.120427;,
  0.027255;0.115854;0.119555;,
  0.041274;0.086284;0.135851;,
  0.018550;0.079495;-0.183493;,
  0.054126;0.057886;-0.277939;,
  -0.007114;0.002822;-0.180883;,
  -0.039664;-0.021459;-0.146843;,
  -0.012027;-0.008248;-0.249809;,
  -0.030605;0.009813;-0.086430;,
  -0.019695;0.049825;-0.031714;,
  -0.005029;0.021443;-0.117126;,
  -0.008860;0.067443;0.022570;,
  0.002688;0.027653;-0.069458;,
  -0.009700;0.021783;0.018286;,
  -0.011315;0.022586;0.062356;,
  0.000070;-0.035832;0.149073;,
  0.083814;0.269461;0.242431;,
  -0.060645;0.322838;0.203184;,
  -0.027905;0.308683;0.202563;,
  -0.072500;0.303098;0.196568;,
  -0.022916;0.335255;0.223103;,
  -0.078778;0.281447;0.197326;,
  -0.049227;0.249834;0.173430;,
  -0.085096;0.246135;0.205062;,
  -0.035314;0.280562;0.180814;,
  -0.024091;0.349531;0.263184;,
  -0.074283;0.323670;0.282496;,
  -0.041857;0.325271;0.290159;,
  -0.063357;0.338119;0.253423;,
  -0.075171;0.067895;0.236833;,
  -0.033327;0.064712;0.251531;,
  -0.067587;0.081819;0.240191;,
  -0.033821;0.045058;0.246378;,
  -0.064812;0.117840;0.199125;,
  -0.078798;0.086624;0.198030;,
  -0.038923;0.133074;0.170993;,
  -0.067497;0.088692;0.163796;,
  -0.040316;0.090224;0.143535;,
  0.009156;0.061694;0.245912;,
  0.007534;0.040265;0.239217;,
  -0.042345;0.185718;0.287680;,
  0.007749;0.225561;0.302732;,
  -0.049249;0.227806;0.300112;,
  0.009769;0.186324;0.288854;,
  -0.065549;0.105564;0.169833;,
  -0.132125;0.169028;0.106232;,
  -0.097768;0.078731;0.153701;,
  -0.096488;0.192789;0.126746;,
  -0.122820;0.266580;0.042794;,
  -0.145282;0.236749;0.041600;,
  -0.018394;0.114677;0.160705;,
  -0.051069;0.143572;0.040545;,
  -0.048998;0.189174;0.101270;,
  -0.014711;-0.032384;0.169536;,
  -0.088743;0.230086;0.034459;,
  -0.091140;0.252618;0.035751;,
  -0.128665;0.130264;0.054456;,
  -0.093204;0.044988;0.120128;,
  -0.127882;0.219971;0.039829;,
  -0.081647;-0.010182;-0.055202;,
  -0.031796;-0.014991;-0.021679;,
  -0.064905;-0.023757;-0.015202;,
  -0.039926;0.002210;-0.066638;,
  -0.112719;0.208703;-0.000860;,
  -0.117818;0.122056;-0.003811;,
  -0.136713;0.187375;0.027148;,
  -0.096023;0.143247;-0.031317;,
  -0.092659;0.053963;-0.035199;,
  -0.080335;0.070725;-0.062974;,
  -0.064580;0.194513;0.008400;,
  -0.052826;0.130234;0.028061;,
  -0.062138;0.139019;-0.012808;,
  -0.058202;0.185765;0.063076;,
  -0.058126;0.063060;-0.014043;,
  -0.057318;0.058214;-0.046957;,
  -0.112012;0.112101;0.032971;,
  -0.128496;0.172422;0.073552;,
  -0.082134;0.061094;-0.009128;,
  -0.087622;0.063300;0.181449;,
  -0.018394;0.114677;0.160705;,
  -0.088245;0.020453;0.215321;,
  -0.037904;-0.000234;0.226263;,
  -0.089471;0.019786;0.148195;,
  -0.042831;-0.000338;0.157980;,
  -0.037204;0.135487;0.269683;,
  -0.074914;0.188081;0.271999;,
  -0.087243;0.196874;0.257466;,
  -0.066925;0.162421;0.202815;,
  -0.070888;0.143888;0.249029;,
  -0.083715;0.213243;0.206455;,
  -0.051494;0.220308;0.169695;,
  -0.046331;0.168339;0.172795;,
  -0.085395;0.327951;0.180764;,
  -0.075070;0.280351;0.203640;,
  -0.113738;0.321163;0.139345;,
  -0.139847;0.258272;0.122085;,
  -0.147845;0.304479;0.109669;,
  -0.103616;0.263458;0.151901;,
  -0.131557;0.274028;0.225572;,
  -0.160402;0.260699;0.185565;,
  -0.103616;0.263458;0.151901;,
  -0.182573;0.248715;0.123816;,
  -0.139847;0.258272;0.122085;,
  -0.139121;0.281998;0.228347;,
  -0.170472;0.318589;0.173275;,
  -0.142319;0.324357;0.213860;,
  -0.190581;0.294703;0.111197;,
  -0.111228;0.334149;0.194564;,
  -0.130445;0.312091;0.112420;,
  -0.074881;0.261873;0.085879;,
  -0.084066;0.296553;0.078114;,
  -0.118841;0.257890;0.127517;,
  -0.049639;0.260846;0.056946;,
  -0.047440;0.283923;0.045993;,
  -0.118841;0.257890;0.127517;,
  -0.114707;0.250685;0.046349;,
  -0.074881;0.261873;0.085879;,
  -0.162798;0.236769;0.087532;,
  -0.072854;0.255114;0.025814;,
  -0.049639;0.260846;0.056946;,
  -0.121744;0.277408;0.040831;,
  -0.174292;0.290714;0.072656;,
  -0.071195;0.271285;0.019542;,
  0.024583;0.187995;0.041034;,
  -0.017024;0.209338;0.008323;,
  -0.002156;0.194789;0.002125;,
  0.009794;0.202816;0.047781;,
  -0.005711;0.223738;0.064395;,
  0.009510;0.219867;0.058581;,
  0.003804;0.227368;0.070088;,
  -0.000756;0.215945;0.058029;,
  -0.051321;0.230113;0.019547;,
  0.002214;0.243097;0.044259;,
  -0.027890;0.242408;0.061642;,
  -0.019804;0.219911;0.002272;,
  -0.006949;0.230677;-0.008544;,
  -0.039147;0.261161;0.001681;,
  -0.015028;0.275300;0.045504;,
  0.013718;0.253603;0.031859;,
  -0.091802;0.344145;0.248660;,
  -0.092517;0.350797;0.219560;,
  -0.063357;0.338119;0.253423;,
  -0.058814;0.340005;0.226982;,
  -0.086388;0.234293;0.284738;,
  -0.033677;0.346617;0.236388;,
  -0.085823;0.336047;0.197863;,
  -0.072500;0.303098;0.196568;,
  -0.084937;0.309691;0.199060;,
  -0.060645;0.322838;0.203184;,
  -0.097044;0.281459;0.280186;,
  -0.099859;0.286637;0.276518;,
  -0.052475;0.270153;0.299429;,
  0.005327;0.264781;0.302318;,
  0.005043;0.322032;0.284179;,
  -0.074283;0.323670;0.282496;,
  -0.099859;0.286637;0.276518;,
  -0.081733;0.272738;0.223068;,
  -0.075070;0.280351;0.203640;,
  -0.100193;0.280546;0.265262;,
  -0.089263;0.237076;0.252902;,
  -0.083144;0.240289;0.218481;,
  -0.078778;0.281447;0.197326;,
  -0.094236;0.236885;0.269043;,
  -0.027890;0.242408;0.061642;,
  -0.029978;0.375945;0.240050;,
  -0.020453;0.379063;0.260794;,
  0.005026;0.351164;0.267987;,
  0.005734;0.381380;0.268604;,
  0.013718;0.253603;0.031859;,
  0.024583;0.187995;0.041034;,
  -0.002156;0.194789;0.002125;,
  -0.016641;0.239566;0.059083;,
  0.007740;0.246167;0.064826;,
  -0.016641;0.239566;0.059083;,
  -0.006251;0.230632;0.047723;,
  0.015347;0.241933;0.044328;,
  0.015347;0.241933;0.044328;,
  -0.005711;0.223738;0.064395;,
  0.003804;0.227368;0.070088;,
  0.009510;0.219867;0.058581;,
  -0.112023;0.032923;-0.115461;,
  -0.091875;0.035419;-0.169982;,
  -0.115647;0.014158;-0.129086;,
  -0.091761;0.050335;-0.156685;,
  -0.036705;0.019855;-0.019457;,
  -0.039926;0.002210;-0.066638;,
  -0.043479;0.026122;-0.059803;,
  -0.031796;-0.014991;-0.021679;,
  -0.058126;0.063060;-0.014043;,
  -0.076730;0.012256;-0.010783;,
  -0.082134;0.061094;-0.009128;,
  -0.081647;-0.010182;-0.055202;,
  -0.089241;0.022174;-0.044064;,
  -0.064905;-0.023757;-0.015202;,
  -0.080335;0.070725;-0.062974;,
  -0.092659;0.053963;-0.035199;,
  -0.062359;0.051143;-0.153662;,
  -0.055921;0.040889;-0.167250;,
  -0.115647;0.014158;-0.129086;,
  -0.055921;0.040889;-0.167250;,
  -0.048998;0.189174;0.101270;,
  -0.091140;0.252618;0.035751;,
  -0.064580;0.194513;0.008400;,
  -0.062138;0.139019;-0.012808;,
  -0.057318;0.058214;-0.046957;,
  -0.057318;0.058214;-0.046957;,
  -0.041039;0.380533;0.220484;,
  -0.024492;0.367927;0.203413;,
  -0.022367;0.371417;0.222930;,
  -0.033274;0.374616;0.201373;,
  -0.031914;0.401712;0.241609;,
  -0.022958;0.413399;0.260733;,
  -0.010919;0.515758;0.193416;,
  0.008880;0.519663;0.192331;,
  -0.028856;0.445029;0.154377;,
  -0.024045;0.473930;0.159310;,
  -0.012193;0.442677;0.147340;,
  -0.038664;0.394585;0.196019;,
  -0.045394;0.408590;0.221389;,
  -0.038809;0.392664;0.228017;,
  -0.044837;0.445251;0.234783;,
  -0.045837;0.452768;0.211448;,
  -0.036628;0.483031;0.175239;,
  -0.042716;0.445342;0.185417;,
  -0.044240;0.488598;0.201529;,
  -0.041525;0.450719;0.250324;,
  -0.029708;0.460733;0.269252;,
  0.009803;0.461589;0.278940;,
  -0.022513;0.505420;0.251826;,
  0.010740;0.507364;0.260680;,
  -0.043827;0.422948;0.188995;,
  -0.030417;0.414809;0.165946;,
  -0.030114;0.383183;0.183046;,
  -0.016754;0.356981;0.173668;,
  -0.018659;0.493981;0.165735;,
  -0.030869;0.506245;0.195617;,
  -0.038416;0.501188;0.233877;,
  -0.024703;0.517006;0.222759;,
  0.010277;0.524505;0.229391;,
  -0.007090;0.522603;0.227903;,
  0.008228;0.422115;0.271623;,
  -0.038416;0.501188;0.233877;,
  -0.024703;0.517006;0.222759;,
  -0.051587;0.411412;0.220668;,
  -0.055366;0.458614;0.225470;,
  -0.049002;0.439323;0.222262;,
  -0.060685;0.440815;0.235884;,
  -0.060685;0.440815;0.235884;,
  -0.051587;0.411412;0.220668;,
  -0.055366;0.458614;0.225470;,
  -0.045837;0.452768;0.211448;,
  -0.047312;0.427958;0.207484;,
  -0.045394;0.408590;0.221389;,
  -0.029466;0.436906;0.163457;,
  -0.047312;0.427958;0.207484;,
  -0.033677;0.346617;0.236388;,
  -0.029978;0.375945;0.240050;,
  -0.058814;0.340005;0.226982;,
  -0.031914;0.401712;0.241609;,
  0.003617;-0.003900;0.220276;,
  0.000079;-0.025236;0.193651;,
  -0.018323;0.003531;0.133704;,
  -0.003460;0.012541;0.136704;,
  -0.007090;0.522603;0.227903;,
  0.010277;0.524505;0.229391;,
  -0.016617;0.387804;0.165086;,
  -0.008660;0.409424;0.155544;,
  -0.009151;0.399813;0.156316;,
  -0.010041;0.434689;0.157392;,
  0.010188;0.134567;0.267555;,
  -0.058814;0.340005;0.226982;,
  -0.091875;0.035419;-0.169982;,
  -0.016212;0.381265;0.165984;,
  -0.008870;0.378271;0.159025;,
  -0.008409;0.383409;0.162109;,
  -0.008214;0.386824;0.156915;,
  -0.100193;0.280546;0.265262;,
  -0.078887;0.271429;0.240651;,
  -0.081733;0.272738;0.223068;,
  -0.078778;0.281447;0.197326;,
  -0.041525;0.450719;0.250324;,
  -0.041451;0.217154;-0.015032;,
  -0.009969;0.140201;-0.083458;,
  -0.055892;0.155740;-0.050408;,
  0.008321;0.187019;-0.033370;,
  -0.043171;0.262632;0.036581;,
  0.023634;0.224193;0.015623;,
  -0.026794;0.189106;0.098793;,
  0.011322;0.167782;0.066871;,
  -0.018632;0.123452;0.156126;,
  0.001004;0.115422;0.129241;,
  -0.000654;0.091558;0.125976;,
  -0.040316;0.090224;0.143535;,
  -0.024957;0.102675;-0.128794;,
  -0.064213;0.099771;-0.088281;,
  -0.033248;0.042579;-0.005866;,
  -0.112012;0.112101;0.032971;,
  -0.082120;0.061097;-0.009128;,
  -0.047824;0.104189;0.030004;,
  -0.128496;0.172422;0.073552;,
  -0.062014;0.173892;0.075125;,
  -0.077389;0.214757;0.034138;,
  -0.127882;0.219971;0.039829;,
  -0.128665;0.130264;0.054456;,
  -0.048823;0.133845;0.026164;,
  0.000079;-0.025236;0.193651;,
  -0.042831;-0.000338;0.157980;,
  -0.078887;0.271429;0.240651;,
  -0.065549;0.105564;0.169833;,
  -0.096488;0.192789;0.126746;,
  -0.122820;0.266580;0.042794;,
  -0.112719;0.208703;-0.000860;,
  -0.096023;0.143247;-0.031317;,
  -0.080335;0.070725;-0.062974;,
  0.071237;-0.000266;0.016537;,
  0.029187;-0.020337;0.161654;,
  0.064986;-0.007337;0.114054;,
  0.059653;0.029070;-0.068007;,
  0.060602;-0.000934;-0.111970;,
  0.054814;-0.000244;-0.186288;,
  0.036356;0.010672;-0.256617;,
  -0.093204;0.044988;0.120128;;
  916;
  3;0,1,2;,
  3;1,0,3;,
  3;4,5,6;,
  3;5,4,7;,
  3;8,9,10;,
  3;9,8,11;,
  3;12,13,14;,
  3;13,12,15;,
  3;16,12,17;,
  3;12,16,15;,
  3;18,19,20;,
  3;19,18,16;,
  3;6,21,22;,
  3;21,6,5;,
  3;14,23,24;,
  3;23,14,13;,
  3;25,26,27;,
  3;26,25,28;,
  3;29,30,31;,
  3;30,29,32;,
  3;30,33,31;,
  3;33,30,34;,
  3;35,36,37;,
  3;36,35,38;,
  3;38,39,36;,
  3;39,38,40;,
  3;37,41,42;,
  3;41,37,36;,
  3;36,43,41;,
  3;43,36,39;,
  3;42,30,32;,
  3;30,42,41;,
  3;41,34,30;,
  3;34,41,43;,
  3;44,45,46;,
  3;45,44,47;,
  3;48,49,50;,
  3;49,48,51;,
  3;50,52,53;,
  3;52,50,49;,
  3;54,55,56;,
  3;55,54,57;,
  3;57,58,55;,
  3;58,57,59;,
  3;56,60,61;,
  3;60,56,55;,
  3;55,62,60;,
  3;62,55,58;,
  3;61,49,51;,
  3;49,61,60;,
  3;60,52,49;,
  3;52,60,62;,
  3;32,19,63;,
  3;19,32,29;,
  3;64,65,66;,
  3;65,64,20;,
  3;14,67,12;,
  3;67,14,68;,
  3;68,69,67;,
  3;69,68,70;,
  3;70,42,69;,
  3;42,70,37;,
  3;48,34,51;,
  3;34,48,33;,
  3;51,43,61;,
  3;43,51,34;,
  3;43,56,61;,
  3;56,43,39;,
  3;39,54,56;,
  3;54,39,40;,
  3;12,63,17;,
  3;63,12,67;,
  3;67,32,63;,
  3;32,67,69;,
  3;69,42,32;,
  3;71,72,25;,
  3;73,74,75;,
  3;74,73,76;,
  3;74,77,75;,
  3;77,74,78;,
  3;79,78,80;,
  3;78,79,77;,
  3;81,82,83;,
  3;82,84,85;,
  3;84,82,86;,
  3;87,88,89;,
  3;88,90,89;,
  3;90,88,91;,
  3;92,93,94;,
  3;92,89,93;,
  3;92,87,89;,
  3;89,95,93;,
  3;95,89,90;,
  3;96,93,82;,
  3;93,86,82;,
  3;86,93,95;,
  3;97,98,99;,
  3;98,97,100;,
  3;100,101,98;,
  3;101,100,102;,
  3;103,104,105;,
  3;104,103,106;,
  3;106,107,104;,
  3;107,106,108;,
  3;105,109,110;,
  3;109,105,104;,
  3;104,111,109;,
  3;111,104,107;,
  3;110,100,97;,
  3;100,110,109;,
  3;109,102,100;,
  3;102,109,111;,
  3;112,113,114;,
  3;113,112,115;,
  3;116,117,118;,
  3;117,116,119;,
  3;120,121,122;,
  3;121,120,123;,
  3;120,124,125;,
  3;124,120,122;,
  3;126,124,127;,
  3;124,126,125;,
  3;95,97,86;,
  3;97,95,110;,
  3;86,99,84;,
  3;99,86,97;,
  3;90,103,105;,
  3;103,90,91;,
  3;105,95,90;,
  3;95,105,110;,
  3;128,96,129;,
  3;96,128,94;,
  3;129,130,128;,
  3;130,129,131;,
  3;72,28,25;,
  3;28,72,132;,
  3;10,133,8;,
  3;134,135,136;,
  3;135,134,137;,
  3;81,137,134;,
  3;138,11,139;,
  3;138,9,11;,
  3;138,140,9;,
  3;141,11,142;,
  3;11,141,139;,
  3;128,130,143;,
  3;94,144,92;,
  3;94,143,144;,
  3;94,128,143;,
  3;145,87,146;,
  3;87,145,147;,
  3;75,148,73;,
  3;148,75,149;,
  3;150,147,145;,
  3;7,149,75;,
  3;148,151,73;,
  3;102,152,101;,
  3;152,102,126;,
  3;102,125,126;,
  3;125,102,111;,
  3;111,120,125;,
  3;120,111,107;,
  3;120,108,123;,
  3;108,120,107;,
  3;8,153,154;,
  3;153,8,133;,
  3;154,155,8;,
  3;155,154,156;,
  3;122,114,113;,
  3;114,122,121;,
  3;121,112,114;,
  3;112,121,157;,
  3;158,124,159;,
  3;124,158,127;,
  3;159,122,113;,
  3;122,159,124;,
  3;126,160,152;,
  3;160,126,161;,
  3;162,121,123;,
  3;121,162,163;,
  3;121,164,157;,
  3;164,121,163;,
  3;165,126,127;,
  3;126,165,161;,
  3;161,166,160;,
  3;166,161,167;,
  3;162,118,163;,
  3;118,162,116;,
  3;163,117,164;,
  3;117,163,118;,
  3;165,167,161;,
  3;167,165,168;,
  3;169,170,171;,
  3;170,169,172;,
  3;173,174,175;,
  3;174,173,176;,
  3;177,178,179;,
  3;178,177,173;,
  3;180,178,181;,
  3;178,180,182;,
  3;183,169,171;,
  3;169,183,184;,
  3;174,185,186;,
  3;185,174,176;,
  3;46,187,44;,
  3;187,46,188;,
  3;180,169,182;,
  3;169,180,172;,
  3;20,29,65;,
  3;19,29,20;,
  3;29,31,189;,
  3;31,190,189;,
  3;190,31,33;,
  3;33,191,190;,
  3;191,33,48;,
  3;191,50,192;,
  3;50,191,48;,
  3;192,53,193;,
  3;53,192,50;,
  3;194,171,185;,
  3;171,194,183;,
  3;171,186,185;,
  3;186,171,170;,
  3;185,176,194;,
  3;194,173,177;,
  3;173,194,176;,
  3;178,175,181;,
  3;175,178,173;,
  3;179,182,184;,
  3;182,179,178;,
  3;182,169,184;,
  3;16,17,19;,
  3;17,63,19;,
  3;65,195,66;,
  3;196,197,198;,
  3;197,196,199;,
  3;200,154,153;,
  3;154,200,201;,
  3;202,203,204;,
  3;205,206,207;,
  3;196,208,209;,
  3;208,196,198;,
  3;210,209,211;,
  3;209,210,196;,
  3;212,213,214;,
  3;213,212,215;,
  3;212,214,211;,
  3;201,216,217;,
  3;216,201,200;,
  3;218,219,220;,
  3;219,218,217;,
  3;210,199,196;,
  3;213,205,207;,
  3;221,222,223;,
  3;198,197,224;,
  3;224,225,226;,
  3;225,224,197;,
  3;227,213,207;,
  3;228,229,214;,
  3;229,228,230;,
  3;220,231,232;,
  3;213,228,214;,
  3;156,201,233;,
  3;201,156,154;,
  3;233,217,218;,
  3;217,233,201;,
  3;219,217,234;,
  3;235,219,234;,
  3;236,237,238;,
  3;237,236,239;,
  3;209,240,211;,
  3;240,209,241;,
  3;211,242,212;,
  3;242,211,240;,
  3;243,239,244;,
  3;239,243,237;,
  3;244,236,245;,
  3;236,244,239;,
  3;246,221,223;,
  3;221,246,215;,
  3;221,212,247;,
  3;212,221,215;,
  3;199,248,2;,
  3;248,199,249;,
  3;133,10,250;,
  3;249,210,251;,
  3;210,249,199;,
  3;210,211,251;,
  3;252,1,253;,
  3;1,252,2;,
  3;20,254,18;,
  3;254,20,64;,
  3;24,68,14;,
  3;68,24,255;,
  3;68,256,70;,
  3;256,68,255;,
  3;256,37,70;,
  3;37,256,257;,
  3;258,2,252;,
  3;2,258,199;,
  3;257,259,37;,
  3;37,259,35;,
  3;260,204,261;,
  3;204,260,202;,
  3;262,263,223;,
  3;263,262,264;,
  3;197,258,225;,
  3;258,197,199;,
  3;265,203,227;,
  3;265,207,266;,
  3;207,265,227;,
  3;223,267,246;,
  3;267,223,263;,
  3;88,87,147;,
  3;83,82,85;,
  3;78,16,18;,
  3;16,78,74;,
  3;74,15,16;,
  3;15,74,76;,
  3;15,71,13;,
  3;71,15,76;,
  3;13,268,23;,
  3;268,13,71;,
  3;248,269,2;,
  3;2,269,0;,
  3;136,129,134;,
  3;129,136,131;,
  3;134,96,81;,
  3;96,134,129;,
  3;96,82,81;,
  3;93,96,94;,
  3;29,189,65;,
  3;205,215,246;,
  3;267,205,246;,
  3;205,267,206;,
  3;205,213,215;,
  3;187,188,270;,
  3;224,271,272;,
  3;222,221,208;,
  3;224,222,198;,
  3;272,273,262;,
  3;273,272,271;,
  3;263,274,275;,
  3;273,276,262;,
  3;277,271,278;,
  3;271,277,273;,
  3;222,272,262;,
  3;272,222,224;,
  3;222,208,198;,
  3;209,221,247;,
  3;221,209,208;,
  3;223,222,262;,
  3;266,206,279;,
  3;206,266,207;,
  3;206,280,279;,
  3;280,206,267;,
  3;280,263,275;,
  3;263,280,267;,
  3;264,262,276;,
  3;76,73,72;,
  3;138,281,140;,
  3;73,132,72;,
  3;132,73,151;,
  3;72,71,76;,
  3;271,226,278;,
  3;155,11,8;,
  3;276,277,282;,
  3;277,276,273;,
  3;274,276,282;,
  3;276,274,264;,
  3;28,141,26;,
  3;141,28,139;,
  3;139,132,138;,
  3;132,139,28;,
  3;132,281,138;,
  3;281,132,151;,
  3;281,148,283;,
  3;148,281,151;,
  3;283,149,284;,
  3;149,283,148;,
  3;7,284,149;,
  3;284,7,4;,
  3;5,79,21;,
  3;79,5,77;,
