xof 0303txt 0032
template ColorRGBA {
 <35ff44e0-6c7c-11cf-8f52-0040333594a3>
 FLOAT red;
 FLOAT green;
 FLOAT blue;
 FLOAT alpha;
}

template ColorRGB {
 <d3e16e81-7835-11cf-8f52-0040333594a3>
 FLOAT red;
 FLOAT green;
 FLOAT blue;
}

template Material {
 <3d82ab4d-62da-11cf-ab39-0020af71e433>
 ColorRGBA faceColor;
 FLOAT power;
 ColorRGB specularColor;
 ColorRGB emissiveColor;
 [...]
}

template TextureFilename {
 <a42790e1-7810-11cf-8f52-0040333594a3>
 STRING filename;
}

template Frame {
 <3d82ab46-62da-11cf-ab39-0020af71e433>
 [...]
}

template Matrix4x4 {
 <f6f23f45-7686-11cf-8f52-0040333594a3>
 array FLOAT matrix[16];
}

template FrameTransformMatrix {
 <f6f23f41-7686-11cf-8f52-0040333594a3>
 Matrix4x4 frameMatrix;
}

template Vector {
 <3d82ab5e-62da-11cf-ab39-0020af71e433>
 FLOAT x;
 FLOAT y;
 FLOAT z;
}

template MeshFace {
 <3d82ab5f-62da-11cf-ab39-0020af71e433>
 DWORD nFaceVertexIndices;
 array DWORD faceVertexIndices[nFaceVertexIndices];
}

template Mesh {
 <3d82ab44-62da-11cf-ab39-0020af71e433>
 DWORD nVertices;
 array Vector vertices[nVertices];
 DWORD nFaces;
 array MeshFace faces[nFaces];
 [...]
}

template MeshMaterialList {
 <f6f23f42-7686-11cf-8f52-0040333594a3>
 DWORD nMaterials;
 DWORD nFaceIndexes;
 array DWORD faceIndexes[nFaceIndexes];
 [Material <3d82ab4d-62da-11cf-ab39-0020af71e433>]
}

template VertexElement {
 <f752461c-1e23-48f6-b9f8-8350850f336f>
 DWORD Type;
 DWORD Method;
 DWORD Usage;
 DWORD UsageIndex;
}

template DeclData {
 <bf22e553-292c-4781-9fea-62bd554bdd93>
 DWORD nElements;
 array VertexElement Elements[nElements];
 DWORD nDWords;
 array DWORD data[nDWords];
}

template XSkinMeshHeader {
 <3cf169ce-ff7c-44ab-93c0-f78f62d172e2>
 WORD nMaxSkinWeightsPerVertex;
 WORD nMaxSkinWeightsPerFace;
 WORD nBones;
}

template SkinWeights {
 <6f0d123b-bad2-4167-a0d0-80224f25fabb>
 STRING transformNodeName;
 DWORD nWeights;
 array DWORD vertexIndices[nWeights];
 array FLOAT weights[nWeights];
 Matrix4x4 matrixOffset;
}

template AnimTicksPerSecond {
 <9e415a43-7ba6-4a73-8743-b73d47e88476>
 DWORD AnimTicksPerSecond;
}

template Animation {
 <3d82ab4f-62da-11cf-ab39-0020af71e433>
 [...]
}

template AnimationSet {
 <3d82ab50-62da-11cf-ab39-0020af71e433>
 [Animation <3d82ab4f-62da-11cf-ab39-0020af71e433>]
}

template FloatKeys {
 <10dd46a9-775b-11cf-8f52-0040333594a3>
 DWORD nValues;
 array FLOAT values[nValues];
}

template TimedFloatKeys {
 <f406b180-7b3b-11cf-8f52-0040333594a3>
 DWORD time;
 FloatKeys tfkeys;
}

template AnimationKey {
 <10dd46a8-775b-11cf-8f52-0040333594a3>
 DWORD keyType;
 DWORD nKeys;
 array TimedFloatKeys keys[nKeys];
}


Material _03_-_Default {
 1.000000;1.000000;1.000000;1.000000;;
 9.999999;
 0.000000;0.000000;0.000000;;
 0.000000;0.000000;0.000000;;

 TextureFilename {
  "MaleBody_full.png";
 }
}

Frame Dummy01 {
 

 FrameTransformMatrix {
  1.000000,0.000000,0.000000,0.000000,0.000000,-0.000000,-1.000000,0.000000,0.000000,1.000000,-0.000000,0.000000,0.000000,0.000000,0.000000,1.000000;;
 }

 Frame Bip01 {
  

  FrameTransformMatrix {
   0.000002,0.831311,-0.555808,0.000000,-0.000000,0.555808,0.831311,0.000000,1.000000,-0.000001,0.000001,0.000000,0.003000,-0.092212,0.492238,1.000000;;
  }

  Frame Bip01_Pelvis {
   

   FrameTransformMatrix {
    0.000000,1.000000,-0.000001,0.000000,-0.000001,0.000001,1.000000,0.000000,1.000000,0.000000,0.000001,0.000000,0.000000,0.000000,0.000000,1.000000;;
   }

   Frame Bip01_Spine {
    

    FrameTransformMatrix {
     0.931459,0.000001,0.363845,0.000000,-0.000002,1.000000,0.000004,0.000000,-0.363845,-0.000005,0.931459,0.000000,0.051664,0.000000,-0.000079,1.000000;;
    }

    Frame Bip01_Spine1 {
     

     FrameTransformMatrix {
      0.937426,0.000001,0.348185,0.000000,-0.000001,1.000000,-0.000000,0.000000,-0.348185,-0.000000,0.937426,0.000000,0.106509,-0.000000,-0.000079,1.000000;;
     }

     Frame Bip01_Neck {
      

      FrameTransformMatrix {
       0.970169,0.000001,0.242429,0.000000,-0.000001,1.000000,-0.000000,0.000000,-0.242429,-0.000000,0.970169,0.000000,0.130511,0.000000,0.004626,1.000000;;
      }

      Frame Bip01_Head {
       

       FrameTransformMatrix {
        0.970895,-0.000001,-0.239506,0.000000,0.000001,1.000000,-0.000000,0.000000,0.239506,-0.000000,0.970895,0.000000,0.033674,0.000000,0.000000,1.000000;;
       }

       Frame Bip01_HeadNub {
        

        FrameTransformMatrix {
         1.000000,-0.000000,0.000000,0.000000,0.000000,1.000000,-0.000000,0.000000,0.000000,0.000000,1.000000,0.000000,0.169824,-0.000000,0.000000,1.000000;;
        }
       }
      }

      Frame Bip01_L_Clavicle {
       

       FrameTransformMatrix {
        -0.377487,0.921166,0.094644,0.000000,0.893508,0.389171,-0.224029,0.000000,-0.243201,-0.000003,-0.969976,0.000000,-0.024436,0.015715,0.001338,1.000000;;
       }

       Frame Bip01_L_UpperArm {
        

        FrameTransformMatrix {
         0.696811,-0.460386,-0.550000,0.000000,0.182941,0.855528,-0.484360,0.000000,0.693533,0.236890,0.680364,0.000000,0.087086,0.000000,0.000000,1.000000;;
        }

        Frame Bip01_L_Forearm {
         

         FrameTransformMatrix {
          0.482432,0.000000,-0.875934,0.000000,0.000000,1.000000,0.000000,0.000000,0.875933,-0.000000,0.482432,0.000000,0.137062,0.000000,-0.000000,1.000000;;
         }

         Frame Bip01_L_Hand {
          

          FrameTransformMatrix {
           0.943756,0.240172,-0.227248,0.000000,0.004085,0.678772,0.734338,0.000000,0.330616,-0.693964,0.639614,0.000000,0.137062,0.000000,0.000000,1.000000;;
          }

          Frame Bip01_L_Finger0 {
           

           FrameTransformMatrix {
            0.829256,-0.514255,0.218807,0.000000,0.558537,0.749101,-0.356210,0.000000,0.019274,0.417601,0.908427,0.000000,0.057681,-0.023605,-0.000272,1.000000;;
           }

           Frame Bip01_L_Finger0Nub {
            

            FrameTransformMatrix {
             1.000000,0.000000,-0.000000,0.000000,0.000000,1.000000,0.000000,0.000000,0.000000,0.000000,1.000000,0.000000,0.029435,0.000000,-0.000000,1.000000;;
            }
           }
          }

          Frame Bip01_L_Finger1 {
           

           FrameTransformMatrix {
            0.989590,-0.000115,0.143914,0.000000,0.000000,1.000000,0.000796,0.000000,-0.143914,-0.000788,0.989590,0.000000,0.084102,-0.000000,-0.000000,1.000000;;
           }

           Frame Bip01_L_Finger1Nub {
            

            FrameTransformMatrix {
             1.000000,0.000000,-0.000000,0.000000,-0.000000,1.000000,0.000000,0.000000,-0.000000,0.000000,1.000000,0.000000,0.047988,0.000000,0.000000,1.000000;;
            }
           }
          }
         }
        }
       }
      }

      Frame Bip01_R_Clavicle {
       

       FrameTransformMatrix {
        -0.377487,-0.921165,0.094649,0.000000,-0.893508,0.389172,0.224027,0.000000,-0.243201,-0.000003,-0.969976,0.000000,-0.024436,-0.015715,0.001338,1.000000;;
       }

       Frame Bip01_R_UpperArm {
        

        FrameTransformMatrix {
         0.664142,0.457052,-0.591623,0.000000,-0.178520,0.865419,0.468168,0.000000,0.725979,-0.205314,0.656354,0.000000,0.087086,0.000000,-0.000000,1.000000;;
        }

        Frame Bip01_R_Forearm {
         

         FrameTransformMatrix {
          0.566104,-0.000000,-0.824334,0.000000,0.000000,1.000000,0.000000,0.000000,0.824334,-0.000000,0.566104,0.000000,0.137062,0.000000,0.000000,1.000000;;
         }

         Frame Bip01_R_Hand {
          

          FrameTransformMatrix {
           0.941699,-0.239847,-0.235959,0.000000,-0.009953,0.681140,-0.732086,0.000000,0.336310,0.691753,0.639041,0.000000,0.137062,-0.000000,0.000000,1.000000;;
          }

          Frame Bip01_R_Finger0 {
           

           FrameTransformMatrix {
            0.829256,0.514255,0.218807,0.000000,-0.558537,0.749101,0.356210,0.000000,0.019274,-0.417601,0.908427,0.000000,0.057681,0.023605,-0.000272,1.000000;;
           }

           Frame Bip01_R_Finger0Nub {
            

            FrameTransformMatrix {
             -1.000000,0.000000,-0.000000,0.000000,0.000000,1.000000,-0.000000,0.000000,-0.000000,-0.000000,-1.000000,0.000000,0.029435,-0.000000,0.000000,1.000000;;
            }
           }
          }

          Frame Bip01_R_Finger1 {
           

           FrameTransformMatrix {
            0.989590,0.000115,0.143914,0.000000,0.000000,1.000000,-0.000796,0.000000,-0.143914,0.000788,0.989590,0.000000,0.084102,0.000000,0.000000,1.000000;;
           }

           Frame Bip01_R_Finger1Nub {
            

            FrameTransformMatrix {
             -1.000000,0.000000,0.000000,0.000000,-0.000000,1.000000,-0.000000,0.000000,-0.000000,0.000000,-1.000000,0.000000,0.047988,0.000000,0.000000,1.000000;;
            }
           }
          }
         }
        }
       }
      }
     }

     Frame Bip01_BackPack {
      

      FrameTransformMatrix {
       0.190104,-0.000002,-0.981764,0.000000,0.000003,1.000000,-0.000002,0.000000,0.981764,-0.000002,0.190104,0.000000,0.063697,-0.000000,-0.088856,1.000000;;
      }

      Frame Bip01_BackPackNub {
       

       FrameTransformMatrix {
        0.000796,0.000003,1.000000,0.000000,0.000000,-1.000000,0.000003,0.000000,1.000000,-0.000000,-0.000796,0.000000,0.053240,0.000000,0.000000,1.000000;;
       }
      }
     }
    }

    Frame Bip01_L_Thigh {
     

     FrameTransformMatrix {
      -0.258134,0.077392,0.963004,0.000000,0.141221,-0.983057,0.116858,0.000000,0.955732,0.166162,0.242831,0.000000,-0.048094,0.055225,0.018871,1.000000;;
     }

     Frame Bip01_L_Calf {
      

      FrameTransformMatrix {
       0.871968,0.000000,-0.489562,0.000000,-0.000000,1.000000,-0.000000,0.000000,0.489562,-0.000000,0.871968,0.000000,0.237500,-0.000000,-0.000000,1.000000;;
      }

      Frame Bip01_L_Foot {
       

       FrameTransformMatrix {
        0.987664,0.015050,0.155864,0.000000,-0.016193,0.999850,0.006064,0.000000,-0.155749,-0.008513,0.987760,0.000000,0.206841,0.000000,0.000000,1.000000;;
       }

       Frame Bip01_L_Toe0 {
        

        FrameTransformMatrix {
         -0.000001,-0.000000,1.000000,0.000000,0.000000,1.000000,0.000000,0.000000,-1.000000,0.000000,-0.000001,0.000000,0.065373,0.000000,0.066450,1.000000;;
        }

        Frame Bip01_L_Toe0Nub {
         

         FrameTransformMatrix {
          -1.000000,-0.000000,0.000000,0.000000,-0.000000,1.000000,-0.000000,0.000000,-0.000000,-0.000000,-1.000000,0.000000,0.006735,0.000000,0.000000,1.000000;;
         }
        }
       }
      }
     }
    }

    Frame Bip01_R_Thigh {
     

     FrameTransformMatrix {
      -0.260359,-0.094880,0.960839,0.000000,-0.123039,-0.983786,-0.130486,0.000000,0.957640,-0.152194,0.244464,0.000000,-0.048094,-0.055225,0.018871,1.000000;;
     }

     Frame Bip01_R_Calf {
      

      FrameTransformMatrix {
       0.875522,0.000000,-0.483179,0.000000,-0.000000,1.000000,-0.000000,0.000000,0.483179,-0.000000,0.875522,0.000000,0.237500,0.000000,-0.000000,1.000000;;
      }

      Frame Bip01_R_Foot {
       

       FrameTransformMatrix {
        0.988163,-0.036711,0.148948,0.000000,0.040590,0.998909,-0.023088,0.000000,-0.147938,0.028860,0.988575,0.000000,0.206841,-0.000000,0.000000,1.000000;;
       }

       Frame Bip01_R_Toe0 {
        

        FrameTransformMatrix {
         0.000343,0.000020,1.000000,0.000000,-0.000019,1.000000,-0.000019,0.000000,-1.000000,-0.000019,0.000343,0.000000,0.065373,0.000000,0.066450,1.000000;;
        }

        Frame Bip01_R_Toe0Nub {
         

         FrameTransformMatrix {
          1.000000,0.000000,0.000000,0.000000,0.000000,1.000000,-0.000000,0.000000,0.000000,0.000000,1.000000,0.000000,0.006735,0.000000,0.000000,1.000000;;
         }
        }
       }
      }
     }
    }
   }

   Frame Bip01_DressFront {
    

    FrameTransformMatrix {
     -0.500358,-0.034661,0.865125,0.000000,-0.044303,0.998914,0.014398,0.000000,-0.864685,-0.031124,-0.501350,0.000000,-0.022717,0.002077,0.079386,1.000000;;
    }

    Frame Bip01_DressFront02 {
     

     FrameTransformMatrix {
      0.874913,0.000001,0.484280,0.000000,-0.000001,1.000000,-0.000000,0.000000,-0.484280,-0.000000,0.874913,0.000000,0.183388,-0.000000,-0.000115,1.000000;;
     }

     Frame Bip01_DressFrontNub {
      

      FrameTransformMatrix {
       0.000796,0.000003,1.000000,0.000000,-0.000000,-1.000000,0.000003,0.000000,1.000000,-0.000000,-0.000796,0.000000,0.165302,0.000000,-0.000000,1.000000;;
      }
     }
    }
   }

   Frame Bip01_DressBack {
    

    FrameTransformMatrix {
     -0.550389,-0.000002,0.834908,0.000000,-0.000004,1.000000,-0.000000,0.000000,-0.834908,-0.000003,-0.550389,0.000000,-0.053551,0.000000,-0.083299,1.000000;;
    }

    Frame Bip01_DressBack02 {
     

     FrameTransformMatrix {
      0.921414,0.000001,0.388582,0.000000,-0.000001,1.000000,-0.000000,0.000000,-0.388582,-0.000000,0.921414,0.000000,0.176201,-0.000000,-0.000100,1.000000;;
     }

     Frame Bip01_DressBackNub {
      

      FrameTransformMatrix {
       0.000796,0.000003,1.000000,0.000000,0.000000,-1.000000,0.000003,0.000000,1.000000,-0.000000,-0.000796,0.000000,0.136508,0.000000,0.000000,1.000000;;
      }
     }
    }
   }
  }

  Frame Bip01_Prop1 {
   

   FrameTransformMatrix {
    -0.743876,-0.639441,-0.194327,0.000000,-0.349822,0.124794,0.928467,0.000000,-0.569449,0.758645,-0.316521,0.000000,0.194735,-0.093530,-0.084879,1.000000;;
   }
  }

  Frame Bip01_Prop2 {
   

   FrameTransformMatrix {
    0.997648,-0.068216,-0.006779,0.000000,0.068289,0.997603,0.011171,0.000000,0.006001,-0.011607,0.999915,0.000000,0.141629,-0.024419,0.102183,1.000000;;
   }
  }
 }
}

Frame Translation_Data {
 

 FrameTransformMatrix {
  1.000000,0.000000,0.000000,0.000000,0.000000,-0.000000,-1.000000,0.000000,0.000000,1.000000,-0.000000,0.000000,0.000000,-0.000000,0.000000,1.000000;;
 }
}

Frame Body {
 

 FrameTransformMatrix {
  1.000000,0.000000,0.000000,0.000000,0.000000,1.000000,0.000000,0.000000,0.000000,0.000000,1.000000,0.000000,0.000000,0.000000,0.000000,1.000000;;
 }

 Mesh Body {
  617;
  0.070665;0.594346;-0.127255;,
  0.036278;0.591890;-0.129596;,
  0.031068;0.616059;-0.152865;,
  0.077409;0.585287;-0.110205;,
  0.086852;0.582760;-0.102749;,
  0.057006;0.555670;-0.077010;,
  0.043921;0.566308;-0.104981;,
  0.093646;0.584992;-0.068114;,
  0.032035;0.657794;-0.161175;,
  0.081713;0.673431;-0.128452;,
  0.075110;0.645844;-0.134632;,
  0.049861;0.681022;-0.133330;,
  0.086349;0.554756;0.096898;,
  0.045914;0.574030;0.104576;,
  0.045026;0.564374;0.119753;,
  0.079569;0.562706;0.085803;,
  0.074273;0.529729;0.041629;,
  0.087221;0.519551;0.071810;,
  0.046439;0.507741;0.020373;,
  0.073125;0.486364;0.061191;,
  0.044023;0.470618;0.057562;,
  0.003000;0.548370;-0.078706;,
  0.003000;0.564221;-0.107538;,
  0.003000;0.572315;0.105780;,
  0.003000;0.560696;0.121935;,
  0.055058;0.651720;0.008361;,
  0.003000;0.678144;-0.029319;,
  0.003000;0.655666;0.009260;,
  0.059989;0.674807;-0.032656;,
  0.066838;0.462087;0.047612;,
  0.111693;0.363269;0.038984;,
  0.078930;0.375238;0.006754;,
  0.096245;0.454634;0.085018;,
  0.083967;0.281153;-0.027934;,
  0.104854;0.271849;0.019020;,
  0.016864;0.461779;0.051608;,
  0.021683;0.340984;0.093156;,
  0.015105;0.477766;0.181970;,
  0.027796;0.366800;0.021969;,
  0.045363;0.267733;0.046821;,
  0.049638;0.272158;0.005773;,
  0.101375;0.342345;0.099408;,
  0.084898;0.434452;0.138249;,
  0.085464;0.269747;0.054049;,
  0.089741;-0.001438;0.057768;,
  0.042219;-0.001522;0.094831;,
  0.046259;-0.001415;0.046179;,
  0.076484;-0.001545;0.101229;,
  0.079892;0.218293;-0.001178;,
  0.099866;0.145559;0.041873;,
  0.076184;0.144910;0.008415;,
  0.105736;0.219471;0.032671;,
  0.088548;0.067454;0.052389;,
  0.074204;0.066536;0.020608;,
  0.034482;0.203132;0.016502;,
  0.032911;0.158056;0.067708;,
  0.026947;0.223654;0.067773;,
  0.042632;0.145363;0.027977;,
  0.052323;0.079671;0.068659;,
  0.053210;0.059932;0.042372;,
  0.094002;0.155720;0.078589;,
  0.097870;0.230146;0.080300;,
  0.076169;0.084374;0.072572;,
  0.093324;0.498432;0.092146;,
  0.003000;0.457622;0.051953;,
  0.016864;0.461779;0.051608;,
  0.003000;0.436727;0.082768;,
  0.095057;0.524263;0.140244;,
  0.045026;0.536521;0.160946;,
  0.086297;0.460766;0.150672;,
  0.040602;0.475030;0.169744;,
  0.050486;0.618217;0.051316;,
  0.086731;0.635611;0.001746;,
  0.098217;0.623120;-0.010275;,
  0.074861;0.559092;0.007332;,
  0.091743;0.578355;-0.037544;,
  0.082480;0.598102;0.036978;,
  0.057400;0.546537;-0.051989;,
  0.051920;0.533536;-0.005571;,
  0.003000;0.543574;-0.059745;,
  0.003000;0.527176;-0.004416;,
  0.099315;0.569101;-0.104538;,
  0.127959;0.533484;-0.082723;,
  0.067744;0.592121;-0.067539;,
  0.125507;0.518491;-0.013216;,
  0.093941;0.546863;-0.035250;,
  0.153310;0.506330;-0.051120;,
  0.113366;0.623629;-0.042283;,
  0.093941;0.546863;-0.035250;,
  0.139648;0.589798;-0.014445;,
  0.164452;0.538600;0.010782;,
  0.125507;0.518491;-0.013216;,
  0.123030;0.627268;-0.046950;,
  0.173658;0.576663;-0.062138;,
  0.144892;0.611541;-0.082854;,
  0.192240;0.526334;-0.026901;,
  0.123304;0.586788;-0.101725;,
  0.143495;0.493751;-0.058897;,
  0.096178;0.447468;-0.014935;,
  0.109714;0.506615;-0.014246;,
  0.118270;0.441772;-0.043690;,
  0.089148;0.405446;-0.005469;,
  0.100419;0.397284;-0.029281;,
  0.109714;0.506615;-0.014246;,
  0.144637;0.438563;0.014157;,
  0.158622;0.500296;0.025316;,
  0.096178;0.447468;-0.014935;,
  0.123723;0.395109;0.005056;,
  0.089148;0.405446;-0.005469;,
  0.161395;0.434535;-0.008137;,
  0.192227;0.487597;-0.019118;,
  0.129345;0.390254;-0.006927;,
  0.030504;0.292065;-0.041714;,
  0.080842;0.291328;-0.014839;,
  0.033905;0.299834;-0.021417;,
  0.076992;0.283882;-0.034861;,
  0.029379;0.341969;-0.015265;,
  0.033346;0.337795;-0.030991;,
  0.032413;0.332926;-0.021168;,
  0.025428;0.348381;-0.024174;,
  0.113672;0.354967;0.003297;,
  0.058236;0.355122;-0.020621;,
  0.101816;0.325632;-0.016573;,
  0.068490;0.375600;0.005539;,
  0.100213;0.323215;-0.036313;,
  0.118268;0.364846;-0.032935;,
  0.071492;0.387462;-0.031312;,
  0.058687;0.352276;-0.040324;,
  0.105536;0.641992;-0.118697;,
  0.110755;0.613867;-0.127336;,
  0.075110;0.645844;-0.134632;,
  0.073788;0.620057;-0.138061;,
  0.096798;0.660261;-0.042187;,
  0.041721;0.630895;-0.162236;,
  0.099405;0.590065;-0.119338;,
  0.077409;0.585287;-0.110205;,
  0.070665;0.594346;-0.127255;,
  0.087265;0.587096;-0.094517;,
  0.102599;0.666214;-0.087313;,
  0.060778;0.682211;-0.077509;,
  0.105247;0.663430;-0.092107;,
  0.003000;0.684062;-0.071460;,
  0.003000;0.674450;-0.130743;,
  0.081713;0.673431;-0.128452;,
  0.105247;0.663430;-0.092107;,
  0.085452;0.607394;-0.084853;,
  0.103172;0.651289;-0.083935;,
  0.067744;0.592121;-0.067539;,
  0.098937;0.629760;-0.050695;,
  0.092013;0.597015;-0.059982;,
  0.086852;0.582760;-0.102749;,
  0.104288;0.645310;-0.047643;,
  0.068490;0.375600;0.005539;,
  0.038203;0.638661;-0.188438;,
  0.029044;0.659883;-0.185794;,
  0.003142;0.662670;-0.161934;,
  0.003000;0.668556;-0.186091;,
  0.058687;0.352276;-0.040324;,
  0.030504;0.292065;-0.041714;,
  0.076992;0.283882;-0.034861;,
  0.040168;0.353540;-0.003103;,
  0.037264;0.364225;-0.026521;,
  0.040168;0.353540;-0.003103;,
  0.047418;0.342158;-0.014708;,
  0.054743;0.353546;-0.035261;,
  0.054743;0.353546;-0.035261;,
  0.029379;0.341969;-0.015265;,
  0.025428;0.348381;-0.024174;,
  0.033346;0.337795;-0.030991;,
  0.110548;0.020228;-0.016458;,
  0.089400;-0.001385;-0.066161;,
  0.086721;0.017194;-0.059310;,
  0.117388;-0.001397;-0.022499;,
  0.040572;0.031888;0.083680;,
  0.046259;-0.001415;0.046179;,
  0.042219;-0.001522;0.094831;,
  0.045397;0.023542;0.043431;,
  0.052323;0.079671;0.068659;,
  0.081449;0.034911;0.091096;,
  0.076169;0.084374;0.072572;,
  0.089741;-0.001438;0.057768;,
  0.076484;-0.001545;0.101229;,
  0.091342;0.033508;0.055562;,
  0.074204;0.066536;0.020608;,
  0.088548;0.067454;0.052389;,
  0.057738;0.014160;-0.054302;,
  0.053107;-0.001374;-0.062575;,
  0.117388;-0.001397;-0.022499;,
  0.053107;-0.001374;-0.062575;,
  0.027796;0.366800;0.021969;,
  0.049638;0.272158;0.005773;,
  0.034482;0.203132;0.016502;,
  0.042632;0.145363;0.027977;,
  0.053210;0.059932;0.042372;,
  0.053210;0.059932;0.042372;,
  0.003000;0.454379;0.131679;,
  0.049110;0.621751;-0.198059;,
  0.031589;0.601670;-0.194330;,
  0.040519;0.602322;-0.201102;,
  0.030269;0.620855;-0.188839;,
  0.041411;0.650322;-0.208182;,
  0.033495;0.672993;-0.210606;,
  0.022681;0.656957;-0.332179;,
  0.003000;0.628806;-0.333864;,
  0.003000;0.658543;-0.336487;,
  0.036917;0.590498;-0.284967;,
  0.019959;0.583884;-0.286153;,
  0.033249;0.607610;-0.308976;,
  0.046398;0.605860;-0.221336;,
  0.054436;0.634461;-0.222900;,
  0.047542;0.633866;-0.205782;,
  0.055561;0.662354;-0.250186;,
  0.056037;0.644515;-0.267026;,
  0.046654;0.625328;-0.310103;,
  0.055320;0.651084;-0.303647;,
  0.051804;0.617992;-0.271622;,
  0.052953;0.678864;-0.248459;,
  0.042117;0.700765;-0.249505;,
  0.003000;0.711625;-0.246727;,
  0.035856;0.704633;-0.297444;,
  0.003000;0.714932;-0.295908;,
  0.052277;0.611519;-0.249864;,
  0.037042;0.589635;-0.216793;,
  0.037842;0.587835;-0.252694;,
  0.022502;0.570489;-0.197429;,
  0.003000;0.579690;-0.188395;,
  0.003000;0.560482;-0.197228;,
  0.028759;0.622280;-0.324370;,
  0.042362;0.653953;-0.322329;,
  0.051002;0.685923;-0.301124;,
  0.037468;0.683328;-0.320410;,
  0.020234;0.691161;-0.323518;,
  0.003000;0.694095;-0.324870;,
  0.003000;0.687954;-0.214264;,
  0.051002;0.685923;-0.301124;,
  0.037468;0.683328;-0.320410;,
  0.060693;0.634751;-0.225658;,
  0.066219;0.659248;-0.266089;,
  0.071278;0.660729;-0.245456;,
  0.059104;0.648328;-0.250181;,
  0.071278;0.660729;-0.245456;,
  0.060693;0.634751;-0.225658;,
  0.066219;0.659248;-0.266089;,
  0.056037;0.644515;-0.267026;,
  0.056543;0.630188;-0.246341;,
  0.054436;0.634461;-0.222900;,
  0.037554;0.595154;-0.273711;,
  0.056543;0.630188;-0.246341;,
  0.041721;0.630895;-0.162236;,
  0.038203;0.638661;-0.188438;,
  0.073788;0.620057;-0.138061;,
  0.041411;0.650322;-0.208182;,
  0.003000;0.594802;-0.148264;,
  0.003000;0.582121;-0.127899;,
  0.003000;0.503810;0.018854;,
  0.003000;0.534203;0.162219;,
  0.003000;0.504110;0.178681;,
  -0.004375;0.445618;0.151597;,
  0.003000;0.595595;-0.180979;,
  0.003000;0.454379;0.131679;,
  0.020234;0.691161;-0.323518;,
  0.003000;0.694095;-0.324870;,
  0.023119;0.576040;-0.228933;,
  0.015583;0.577109;-0.252679;,
  0.015774;0.573641;-0.243670;,
  0.003000;0.614082;-0.329051;,
  0.003000;0.594442;-0.312875;,
  0.017875;0.589598;-0.274642;,
  0.003000;0.619570;0.052947;,
  0.073788;0.620057;-0.138061;,
  0.089400;-0.001385;-0.066161;,
  0.014857;0.566814;-0.223079;,
  0.022524;0.574050;-0.222656;,
  0.014673;0.571828;-0.226388;,
  0.003000;0.568602;-0.244436;,
  0.003000;0.562662;-0.255635;,
  0.014420;0.568626;-0.231713;,
  0.003000;0.571443;-0.226845;,
  0.003000;0.563678;-0.222454;,
  0.003000;0.577271;-0.287339;,
  0.003000;0.577758;-0.277180;,
  0.103172;0.651289;-0.083935;,
  0.003000;0.565139;-0.233053;,
  0.082669;0.624866;-0.081904;,
  0.085452;0.607394;-0.084853;,
  0.086852;0.582760;-0.102749;,
  0.052953;0.678864;-0.248459;,
  0.079892;0.218293;-0.001178;,
  0.038335;0.140028;-0.016765;,
  0.031013;0.216900;-0.027233;,
  0.076184;0.144910;0.008415;,
  0.083967;0.281153;-0.027934;,
  0.037007;0.277918;-0.037025;,
  0.078930;0.375238;0.006754;,
  0.022698;0.364679;-0.000306;,
  0.066838;0.462087;0.047612;,
  0.018251;0.448237;0.029665;,
  0.044023;0.470618;0.057562;,
  0.036834;0.067387;-0.012954;,
  0.074204;0.066536;0.020608;,
  0.033566;0.156626;0.097369;,
  0.005427;0.112126;0.129735;,
  0.035034;0.086760;0.104204;,
  0.004968;0.185436;0.125493;,
  0.005067;0.251318;0.111756;,
  0.028711;0.223236;0.082296;,
  0.006251;0.318516;0.117024;,
  0.032989;0.262700;0.074296;,
  0.018014;0.336524;0.106961;,
  0.001786;0.385039;0.141390;,
  0.003000;0.476447;0.186174;,
  0.082669;0.624866;-0.081904;,
  -0.064664;0.594347;-0.127255;,
  -0.030277;0.591890;-0.129596;,
  -0.071408;0.585287;-0.110205;,
  -0.025068;0.616059;-0.152865;,
  -0.080843;0.582833;-0.102785;,
  -0.051006;0.555670;-0.077011;,
  -0.087646;0.584992;-0.068115;,
  -0.037921;0.566308;-0.104981;,
  -0.026035;0.657794;-0.161175;,
  -0.075773;0.673392;-0.128360;,
  -0.043861;0.681022;-0.133331;,
  -0.069238;0.645898;-0.134481;,
  -0.080350;0.554756;0.096898;,
  -0.039914;0.574030;0.104576;,
  -0.073569;0.562706;0.085803;,
  -0.039026;0.564374;0.119753;,
  -0.068273;0.529728;0.041629;,
  -0.081221;0.519551;0.071810;,
  -0.040439;0.507741;0.020373;,
  -0.067065;0.486396;0.061169;,
  -0.038023;0.470618;0.057562;,
  0.003000;0.572315;0.105780;,
  0.003000;0.560696;0.121935;,
  -0.049058;0.651720;0.008361;,
  0.003000;0.678144;-0.029319;,
  -0.053989;0.674807;-0.032657;,
  0.003000;0.655666;0.009260;,
  -0.060929;0.462085;0.047629;,
  -0.108042;0.364220;0.039099;,
  -0.090810;0.455238;0.084919;,
  -0.074804;0.375363;0.007059;,
  -0.081587;0.281405;-0.027297;,
  -0.103004;0.272591;0.019544;,
  -0.011234;0.460746;0.052023;,
  -0.018912;0.340247;0.094000;,
  -0.023970;0.365903;0.022673;,
  -0.009105;0.477766;0.181970;,
  -0.043814;0.267201;0.047806;,
  -0.047701;0.271686;0.006693;,
  -0.098599;0.343324;0.099676;,
  -0.080186;0.434903;0.138335;,
  -0.083912;0.270096;0.054742;,
  -0.092549;-0.001437;0.058020;,
  -0.044541;-0.001533;0.094451;,
  -0.078718;-0.001559;0.101302;,
  -0.049224;-0.001409;0.045858;,
  -0.079106;0.218541;-0.000645;,
  -0.101029;0.146139;0.042015;,
  -0.105165;0.220193;0.033019;,
  -0.077122;0.145062;0.008730;,
  -0.091517;0.067662;0.052451;,
  -0.077171;0.066599;0.020677;,
  -0.034181;0.202303;0.017314;,
  -0.034002;0.157041;0.068380;,
  -0.043713;0.144697;0.028536;,
  -0.026562;0.222487;0.068707;,
  -0.055105;0.079308;0.068757;,
  -0.056225;0.059939;0.042163;,
  -0.095208;0.156049;0.078807;,
  -0.097411;0.230537;0.080739;,
  -0.078890;0.084360;0.072669;,
  -0.087324;0.498432;0.092146;,
  -0.011234;0.460746;0.052023;,
  -0.089057;0.524262;0.140244;,
  -0.039026;0.536521;0.160946;,
  -0.081008;0.461029;0.150715;,
  -0.035195;0.474918;0.169891;,
  -0.044486;0.618217;0.051316;,
  -0.080731;0.635611;0.001746;,
  -0.092217;0.623120;-0.010276;,
  -0.068861;0.559092;0.007332;,
  -0.076480;0.598102;0.036978;,
  -0.085743;0.578355;-0.037544;,
  -0.051400;0.546537;-0.051989;,
  -0.045920;0.533536;-0.005571;,
  -0.091994;0.569592;-0.106437;,
  -0.060754;0.592049;-0.068815;,
  -0.119243;0.532188;-0.085860;,
  -0.115053;0.513073;-0.016936;,
  -0.142915;0.501824;-0.055087;,
  -0.085131;0.544657;-0.038206;,
  -0.107065;0.620984;-0.041798;,
  -0.131942;0.585187;-0.015153;,
  -0.085131;0.544657;-0.038206;,
  -0.154805;0.533350;0.007752;,
  -0.115053;0.513073;-0.016936;,
  -0.116892;0.624502;-0.046211;,
  -0.166055;0.572972;-0.063016;,
  -0.138648;0.609595;-0.082527;,
  -0.182651;0.522007;-0.030187;,
  -0.116499;0.586363;-0.102641;,
  -0.134091;0.487597;-0.061937;,
  -0.089814;0.439414;-0.016863;,
  -0.111675;0.434575;-0.045949;,
  -0.100473;0.499150;-0.016807;,
  -0.085008;0.397171;-0.006977;,
  -0.096253;0.389393;-0.030930;,
  -0.100473;0.499150;-0.016807;,
  -0.139125;0.433089;0.011462;,
  -0.089814;0.439414;-0.016863;,
  -0.150249;0.495375;0.021985;,
  -0.120184;0.388533;0.002998;,
  -0.085008;0.397171;-0.006977;,
  -0.155686;0.429706;-0.011085;,
  -0.183709;0.483977;-0.022912;,
  -0.125848;0.383929;-0.009030;,
  -0.030586;0.281463;-0.042022;,
  -0.081367;0.282869;-0.016022;,
  -0.077485;0.275234;-0.035967;,
  -0.034010;0.289403;-0.021796;,
  -0.027841;0.331323;-0.015610;,
  -0.031706;0.327290;-0.031398;,
  -0.023473;0.337550;-0.024456;,
  -0.031146;0.322404;-0.021555;,
  -0.111827;0.347850;0.001476;,
  -0.056028;0.345656;-0.021479;,
  -0.065870;0.366589;0.004480;,
  -0.100862;0.318013;-0.018154;,
  -0.099020;0.315496;-0.037862;,
  -0.115381;0.357848;-0.034840;,
  -0.067740;0.378501;-0.032430;,
  -0.056257;0.342797;-0.041183;,
  -0.099538;0.641991;-0.118694;,
  -0.104756;0.613871;-0.127336;,
  -0.069238;0.645898;-0.134481;,
  -0.067789;0.620058;-0.138060;,
  -0.090798;0.660261;-0.042188;,
  -0.035720;0.630895;-0.162236;,
  -0.093398;0.590169;-0.119382;,
  -0.071408;0.585287;-0.110205;,
  -0.081068;0.587509;-0.094912;,
  -0.064664;0.594347;-0.127255;,
  -0.096665;0.665985;-0.087149;,
  -0.099315;0.663177;-0.091934;,
  -0.054778;0.682211;-0.077509;,
  0.003000;0.684062;-0.071460;,
  0.003000;0.674450;-0.130743;,
  -0.075773;0.673392;-0.128360;,
  -0.099315;0.663177;-0.091934;,
  -0.079455;0.607405;-0.084852;,
  -0.060754;0.592049;-0.068815;,
  -0.097208;0.651092;-0.083823;,
  -0.092937;0.629760;-0.050696;,
  -0.086012;0.597015;-0.059982;,
  -0.080843;0.582833;-0.102785;,
  -0.098288;0.645310;-0.047644;,
  -0.065870;0.366589;0.004480;,
  -0.032202;0.638661;-0.188439;,
  -0.023043;0.659883;-0.185794;,
  0.003142;0.662670;-0.161934;,
  0.003000;0.668556;-0.186091;,
  -0.056257;0.342797;-0.041183;,
  -0.030586;0.281463;-0.042022;,
  -0.077485;0.275234;-0.035967;,
  -0.038347;0.343355;-0.003649;,
  -0.034596;0.353868;-0.027023;,
  -0.038347;0.343355;-0.003649;,
  -0.045863;0.332263;-0.015365;,
  -0.052352;0.343910;-0.036054;,
  -0.052352;0.343910;-0.036054;,
  -0.027841;0.331323;-0.015610;,
  -0.023473;0.337550;-0.024456;,
  -0.031706;0.327290;-0.031398;,
  -0.114336;0.020253;-0.015917;,
  -0.093847;-0.001343;-0.065902;,
  -0.121255;-0.001370;-0.021874;,
  -0.091078;0.017234;-0.059081;,
  -0.043042;0.031881;0.083291;,
  -0.049224;-0.001409;0.045858;,
  -0.048399;0.023548;0.043107;,
  -0.044541;-0.001533;0.094451;,
  -0.055105;0.079308;0.068757;,
  -0.083817;0.034899;0.091248;,
  -0.078890;0.084360;0.072669;,
  -0.092549;-0.001437;0.058020;,
  -0.094180;0.033509;0.055848;,
  -0.078718;-0.001559;0.101302;,
  -0.077171;0.066599;0.020677;,
  -0.091517;0.067662;0.052451;,
  -0.062031;0.014200;-0.054457;,
  -0.057509;-0.001331;-0.062797;,
  -0.121255;-0.001370;-0.021874;,
  -0.057509;-0.001331;-0.062797;,
  -0.023970;0.365903;0.022673;,
  -0.047701;0.271686;0.006693;,
  -0.034181;0.202303;0.017314;,
  -0.043713;0.144697;0.028536;,
  -0.056225;0.059939;0.042163;,
  -0.056225;0.059939;0.042163;,
  -0.043109;0.621751;-0.198060;,
  -0.025588;0.601670;-0.194330;,
  -0.024269;0.620855;-0.188839;,
  -0.034518;0.602322;-0.201102;,
  -0.035411;0.650322;-0.208182;,
  -0.027494;0.672993;-0.210606;,
  -0.016680;0.656957;-0.332179;,
  0.003000;0.658543;-0.336487;,
  -0.030916;0.590498;-0.284967;,
  -0.027249;0.607610;-0.308976;,
  -0.013958;0.583884;-0.286153;,
  -0.040398;0.605860;-0.221336;,
  -0.048436;0.634461;-0.222901;,
  -0.041541;0.633866;-0.205782;,
  -0.049560;0.662354;-0.250186;,
  -0.050036;0.644515;-0.267026;,
  -0.040654;0.625328;-0.310103;,
  -0.045803;0.617992;-0.271622;,
  -0.049319;0.651084;-0.303647;,
  -0.046952;0.678864;-0.248459;,
  -0.036116;0.700765;-0.249505;,
  0.003000;0.711625;-0.246727;,
  -0.029856;0.704633;-0.297444;,
  0.003000;0.714932;-0.295908;,
  -0.046277;0.611519;-0.249864;,
  -0.031842;0.587835;-0.252694;,
  -0.031041;0.589635;-0.216793;,
  -0.016502;0.570489;-0.197429;,
  -0.022758;0.622280;-0.324370;,
  -0.036361;0.653953;-0.322329;,
  -0.045001;0.685923;-0.301124;,
  -0.031467;0.683328;-0.320410;,
  0.003000;0.694095;-0.324870;,
  -0.014233;0.691161;-0.323519;,
  0.003000;0.687954;-0.214264;,
  -0.045001;0.685923;-0.301124;,
  -0.031467;0.683328;-0.320410;,
  -0.054693;0.634751;-0.225658;,
  -0.060218;0.659248;-0.266090;,
  -0.053104;0.648328;-0.250181;,
  -0.065277;0.660729;-0.245456;,
  -0.065277;0.660729;-0.245456;,
  -0.054693;0.634751;-0.225658;,
  -0.060218;0.659248;-0.266090;,
  -0.050036;0.644515;-0.267026;,
  -0.050542;0.630188;-0.246341;,
  -0.048436;0.634461;-0.222901;,
  -0.031553;0.595155;-0.273711;,
  -0.050542;0.630188;-0.246341;,
  -0.035720;0.630895;-0.162236;,
  -0.032202;0.638661;-0.188439;,
  -0.067789;0.620058;-0.138060;,
  -0.035411;0.650322;-0.208182;,
  0.003000;0.534203;0.162219;,
  0.003000;0.504110;0.178681;,
  -0.004375;0.445618;0.151597;,
  0.003000;0.454379;0.131679;,
  -0.014233;0.691161;-0.323519;,
  0.003000;0.694095;-0.324870;,
  -0.017118;0.576040;-0.228933;,
  -0.009582;0.577109;-0.252679;,
  -0.009774;0.573641;-0.243670;,
  -0.011874;0.589598;-0.274642;,
  0.003000;0.619570;0.052947;,
  -0.067789;0.620058;-0.138060;,
  -0.093847;-0.001343;-0.065902;,
  -0.016523;0.574050;-0.222656;,
  -0.008857;0.566814;-0.223079;,
  -0.008672;0.571828;-0.226388;,
  -0.008420;0.568626;-0.231713;,
  -0.097208;0.651092;-0.083823;,
  -0.076705;0.624841;-0.081848;,
  -0.079455;0.607405;-0.084852;,
  -0.080843;0.582833;-0.102785;,
  -0.046952;0.678864;-0.248459;,
  -0.035507;0.218147;-0.027378;,
  -0.006160;0.140780;-0.024928;,
  -0.044834;0.141986;-0.018165;,
  -0.003263;0.218389;-0.028784;,
  -0.039465;0.278598;-0.036559;,
  -0.001537;0.276110;-0.035879;,
  -0.022296;0.364534;0.000257;,
  0.000610;0.355050;0.000878;,
  -0.012987;0.448059;0.030059;,
  0.002857;0.434974;0.032481;,
  0.003000;0.457622;0.051953;,
  -0.038023;0.470618;0.057562;,
  -0.008571;0.074425;-0.025514;,
  -0.048112;0.069732;-0.014454;,
  -0.026540;0.081916;0.103172;,
  -0.095208;0.156049;0.078807;,
  -0.078876;0.084361;0.072668;,
  -0.029527;0.156808;0.095600;,
  -0.097411;0.230537;0.080739;,
  -0.031919;0.219700;0.084962;,
  -0.031172;0.262531;0.079261;,
  -0.083912;0.270096;0.054742;,
  -0.098599;0.343324;0.099676;,
  -0.014941;0.334140;0.109918;,
  0.003000;0.504110;0.178681;,
  -0.035195;0.474918;0.169891;,
  -0.076705;0.624841;-0.081848;,
  -0.060929;0.462085;0.047629;,
  -0.074804;0.375363;0.007059;,
  -0.081587;0.281405;-0.027297;,
  -0.079106;0.218541;-0.000645;,
  -0.077122;0.145062;0.008730;,
  -0.077171;0.066599;0.020677;,
  0.101375;0.342345;0.099408;,
  0.040602;0.475030;0.169744;,
  0.084898;0.434452;0.138249;,
  0.085464;0.269747;0.054049;,
  0.097870;0.230146;0.080300;,
  0.094002;0.155720;0.078589;,
  0.076169;0.084374;0.072572;,
  -0.080186;0.434903;0.138335;;
  916;
  3;0,1,2;,
  3;1,0,3;,
  3;4,5,6;,
  3;5,4,7;,
  3;8,9,10;,
  3;9,8,11;,
  3;12,13,14;,
  3;13,12,15;,
  3;16,12,17;,
  3;12,16,15;,
  3;18,19,20;,
  3;19,18,16;,
  3;6,21,22;,
  3;21,6,5;,
  3;14,23,24;,
  3;23,14,13;,
  3;25,26,27;,
  3;26,25,28;,
  3;29,30,31;,
  3;30,29,32;,
  3;30,33,31;,
  3;33,30,34;,
  3;35,36,37;,
  3;36,35,38;,
  3;38,39,36;,
  3;39,38,40;,
  3;37,41,42;,
  3;41,37,36;,
  3;36,43,41;,
  3;43,36,39;,
  3;42,30,32;,
  3;30,42,41;,
  3;41,34,30;,
  3;34,41,43;,
  3;44,45,46;,
  3;45,44,47;,
  3;48,49,50;,
  3;49,48,51;,
  3;50,52,53;,
  3;52,50,49;,
  3;54,55,56;,
  3;55,54,57;,
  3;57,58,55;,
  3;58,57,59;,
  3;56,60,61;,
  3;60,56,55;,
  3;55,62,60;,
  3;62,55,58;,
  3;61,49,51;,
  3;49,61,60;,
  3;60,52,49;,
  3;52,60,62;,
  3;32,19,63;,
  3;19,32,29;,
  3;64,65,66;,
  3;65,64,20;,
  3;14,67,12;,
  3;67,14,68;,
  3;68,69,67;,
  3;69,68,70;,
  3;70,42,69;,
  3;42,70,37;,
  3;48,34,51;,
  3;34,48,33;,
  3;51,43,61;,
  3;43,51,34;,
  3;43,56,61;,
  3;56,43,39;,
  3;39,54,56;,
  3;54,39,40;,
  3;12,63,17;,
  3;63,12,67;,
  3;67,32,63;,
  3;32,67,69;,
  3;69,42,32;,
  3;71,72,25;,
  3;73,74,75;,
  3;74,73,76;,
  3;74,77,75;,
  3;77,74,78;,
  3;79,78,80;,
  3;78,79,77;,
  3;81,82,83;,
  3;82,84,85;,
  3;84,82,86;,
  3;87,88,89;,
  3;88,90,89;,
  3;90,88,91;,
  3;92,93,94;,
  3;92,89,93;,
  3;92,87,89;,
  3;89,95,93;,
  3;95,89,90;,
  3;96,93,82;,
  3;93,86,82;,
  3;86,93,95;,
  3;97,98,99;,
  3;98,97,100;,
  3;100,101,98;,
  3;101,100,102;,
  3;103,104,105;,
  3;104,103,106;,
  3;106,107,104;,
  3;107,106,108;,
  3;105,109,110;,
  3;109,105,104;,
  3;104,111,109;,
  3;111,104,107;,
  3;110,100,97;,
  3;100,110,109;,
  3;109,102,100;,
  3;102,109,111;,
  3;112,113,114;,
  3;113,112,115;,
  3;116,117,118;,
  3;117,116,119;,
  3;120,121,122;,
  3;121,120,123;,
  3;120,124,125;,
  3;124,120,122;,
  3;126,124,127;,
  3;124,126,125;,
  3;95,97,86;,
  3;97,95,110;,
  3;86,99,84;,
  3;99,86,97;,
  3;90,103,105;,
  3;103,90,91;,
  3;105,95,90;,
  3;95,105,110;,
  3;128,96,129;,
  3;96,128,94;,
  3;129,130,128;,
  3;130,129,131;,
  3;72,28,25;,
  3;28,72,132;,
  3;10,133,8;,
  3;134,135,136;,
  3;135,134,137;,
  3;81,137,134;,
  3;138,11,139;,
  3;138,9,11;,
  3;138,140,9;,
  3;141,11,142;,
  3;11,141,139;,
  3;128,130,143;,
  3;94,144,92;,
  3;94,143,144;,
  3;94,128,143;,
  3;145,87,146;,
  3;87,145,147;,
  3;75,148,73;,
  3;148,75,149;,
  3;150,147,145;,
  3;7,149,75;,
  3;148,151,73;,
  3;102,152,101;,
  3;152,102,126;,
  3;102,125,126;,
  3;125,102,111;,
  3;111,120,125;,
  3;120,111,107;,
  3;120,108,123;,
  3;108,120,107;,
  3;8,153,154;,
  3;153,8,133;,
  3;154,155,8;,
  3;155,154,156;,
  3;122,114,113;,
  3;114,122,121;,
  3;121,112,114;,
  3;112,121,157;,
  3;158,124,159;,
  3;124,158,127;,
  3;159,122,113;,
  3;122,159,124;,
  3;126,160,152;,
  3;160,126,161;,
  3;162,121,123;,
  3;121,162,163;,
  3;121,164,157;,
  3;164,121,163;,
  3;165,126,127;,
  3;126,165,161;,
  3;161,166,160;,
  3;166,161,167;,
  3;162,118,163;,
  3;118,162,116;,
  3;163,117,164;,
  3;117,163,118;,
  3;165,167,161;,
  3;167,165,168;,
  3;169,170,171;,
  3;170,169,172;,
  3;173,174,175;,
  3;174,173,176;,
  3;177,178,179;,
  3;178,177,173;,
  3;180,178,181;,
  3;178,180,182;,
  3;183,169,171;,
  3;169,183,184;,
  3;174,185,186;,
  3;185,174,176;,
  3;46,187,44;,
  3;187,46,188;,
  3;180,169,182;,
  3;169,180,172;,
  3;20,29,65;,
  3;19,29,20;,
  3;29,31,189;,
  3;31,190,189;,
  3;190,31,33;,
  3;33,191,190;,
  3;191,33,48;,
  3;191,50,192;,
  3;50,191,48;,
  3;192,53,193;,
  3;53,192,50;,
  3;194,171,185;,
  3;171,194,183;,
  3;171,186,185;,
  3;186,171,170;,
  3;185,176,194;,
  3;194,173,177;,
  3;173,194,176;,
  3;178,175,181;,
  3;175,178,173;,
  3;179,182,184;,
  3;182,179,178;,
  3;182,169,184;,
  3;16,17,19;,
  3;17,63,19;,
  3;65,195,66;,
  3;196,197,198;,
  3;197,196,199;,
  3;200,154,153;,
  3;154,200,201;,
  3;202,203,204;,
  3;205,206,207;,
  3;196,208,209;,
  3;208,196,198;,
  3;210,209,211;,
  3;209,210,196;,
  3;212,213,214;,
  3;213,212,215;,
  3;212,214,211;,
  3;201,216,217;,
  3;216,201,200;,
  3;218,219,220;,
  3;219,218,217;,
  3;210,199,196;,
  3;213,205,207;,
  3;221,222,223;,
  3;198,197,224;,
  3;224,225,226;,
  3;225,224,197;,
  3;227,213,207;,
  3;228,229,214;,
  3;229,228,230;,
  3;220,231,232;,
  3;213,228,214;,
  3;156,201,233;,
  3;201,156,154;,
  3;233,217,218;,
  3;217,233,201;,
  3;219,217,234;,
  3;235,219,234;,
  3;236,237,238;,
  3;237,236,239;,
  3;209,240,211;,
  3;240,209,241;,
  3;211,242,212;,
  3;242,211,240;,
  3;243,239,244;,
  3;239,243,237;,
  3;244,236,245;,
  3;236,244,239;,
  3;246,221,223;,
  3;221,246,215;,
  3;221,212,247;,
  3;212,221,215;,
  3;199,248,2;,
  3;248,199,249;,
  3;133,10,250;,
  3;249,210,251;,
  3;210,249,199;,
  3;210,211,251;,
  3;252,1,253;,
  3;1,252,2;,
  3;20,254,18;,
  3;254,20,64;,
  3;24,68,14;,
  3;68,24,255;,
  3;68,256,70;,
  3;256,68,255;,
  3;256,37,70;,
  3;37,256,257;,
  3;258,2,252;,
  3;2,258,199;,
  3;257,259,37;,
  3;37,259,35;,
  3;260,204,261;,
  3;204,260,202;,
  3;262,263,223;,
  3;263,262,264;,
  3;197,258,225;,
  3;258,197,199;,
  3;265,203,227;,
  3;265,207,266;,
  3;207,265,227;,
  3;223,267,246;,
  3;267,223,263;,
  3;88,87,147;,
  3;83,82,85;,
  3;78,16,18;,
  3;16,78,74;,
  3;74,15,16;,
  3;15,74,76;,
  3;15,71,13;,
  3;71,15,76;,
  3;13,268,23;,
  3;268,13,71;,
  3;248,269,2;,
  3;2,269,0;,
  3;136,129,134;,
  3;129,136,131;,
  3;134,96,81;,
  3;96,134,129;,
  3;96,82,81;,
  3;93,96,94;,
  3;29,189,65;,
  3;205,215,246;,
  3;267,205,246;,
  3;205,267,206;,
  3;205,213,215;,
  3;187,188,270;,
  3;224,271,272;,
  3;222,221,208;,
  3;224,222,198;,
  3;272,273,262;,
  3;273,272,271;,
  3;263,274,275;,
  3;273,276,262;,
  3;277,271,278;,
  3;271,277,273;,
  3;222,272,262;,
  3;272,222,224;,
  3;222,208,198;,
  3;209,221,247;,
  3;221,209,208;,
  3;223,222,262;,
  3;266,206,279;,
  3;206,266,207;,
  3;206,280,279;,
  3;280,206,267;,
  3;280,263,275;,
  3;263,280,267;,
  3;264,262,276;,
  3;76,73,72;,
  3;138,281,140;,
  3;73,132,72;,
  3;132,73,151;,
  3;72,71,76;,
  3;271,226,278;,
  3;155,11,8;,
  3;276,277,282;,
  3;277,276,273;,
