xof 0303txt 0032
template ColorRGBA {
 <35ff44e0-6c7c-11cf-8f52-0040333594a3>
 FLOAT red;
 FLOAT green;
 FLOAT blue;
 FLOAT alpha;
}

template ColorRGB {
 <d3e16e81-7835-11cf-8f52-0040333594a3>
 FLOAT red;
 FLOAT green;
 FLOAT blue;
}

template Material {
 <3d82ab4d-62da-11cf-ab39-0020af71e433>
 ColorRGBA faceColor;
 FLOAT power;
 ColorRGB specularColor;
 ColorRGB emissiveColor;
 [...]
}

template TextureFilename {
 <a42790e1-7810-11cf-8f52-0040333594a3>
 STRING filename;
}

template Frame {
 <3d82ab46-62da-11cf-ab39-0020af71e433>
 [...]
}

template Matrix4x4 {
 <f6f23f45-7686-11cf-8f52-0040333594a3>
 array FLOAT matrix[16];
}

template FrameTransformMatrix {
 <f6f23f41-7686-11cf-8f52-0040333594a3>
 Matrix4x4 frameMatrix;
}

template Vector {
 <3d82ab5e-62da-11cf-ab39-0020af71e433>
 FLOAT x;
 FLOAT y;
 FLOAT z;
}

template MeshFace {
 <3d82ab5f-62da-11cf-ab39-0020af71e433>
 DWORD nFaceVertexIndices;
 array DWORD faceVertexIndices[nFaceVertexIndices];
}

template Mesh {
 <3d82ab44-62da-11cf-ab39-0020af71e433>
 DWORD nVertices;
 array Vector vertices[nVertices];
 DWORD nFaces;
 array MeshFace faces[nFaces];
 [...]
}

template MeshMaterialList {
 <f6f23f42-7686-11cf-8f52-0040333594a3>
 DWORD nMaterials;
 DWORD nFaceIndexes;
 array DWORD faceIndexes[nFaceIndexes];
 [Material <3d82ab4d-62da-11cf-ab39-0020af71e433>]
}

template VertexElement {
 <f752461c-1e23-48f6-b9f8-8350850f336f>
 DWORD Type;
 DWORD Method;
 DWORD Usage;
 DWORD UsageIndex;
}

template DeclData {
 <bf22e553-292c-4781-9fea-62bd554bdd93>
 DWORD nElements;
 array VertexElement Elements[nElements];
 DWORD nDWords;
 array DWORD data[nDWords];
}

template XSkinMeshHeader {
 <3cf169ce-ff7c-44ab-93c0-f78f62d172e2>
 WORD nMaxSkinWeightsPerVertex;
 WORD nMaxSkinWeightsPerFace;
 WORD nBones;
}

template SkinWeights {
 <6f0d123b-bad2-4167-a0d0-80224f25fabb>
 STRING transformNodeName;
 DWORD nWeights;
 array DWORD vertexIndices[nWeights];
 array FLOAT weights[nWeights];
 Matrix4x4 matrixOffset;
}

template AnimTicksPerSecond {
 <9e415a43-7ba6-4a73-8743-b73d47e88476>
 DWORD AnimTicksPerSecond;
}

template Animation {
 <3d82ab4f-62da-11cf-ab39-0020af71e433>
 [...]
}

template AnimationSet {
 <3d82ab50-62da-11cf-ab39-0020af71e433>
 [Animation <3d82ab4f-62da-11cf-ab39-0020af71e433>]
}

template FloatKeys {
 <10dd46a9-775b-11cf-8f52-0040333594a3>
 DWORD nValues;
 array FLOAT values[nValues];
}

template TimedFloatKeys {
 <f406b180-7b3b-11cf-8f52-0040333594a3>
 DWORD time;
 FloatKeys tfkeys;
}

template AnimationKey {
 <10dd46a8-775b-11cf-8f52-0040333594a3>
 DWORD keyType;
 DWORD nKeys;
 array TimedFloatKeys keys[nKeys];
}


Material _03_-_Default {
 1.000000;1.000000;1.000000;1.000000;;
 9.999999;
 0.000000;0.000000;0.000000;;
 0.000000;0.000000;0.000000;;

 TextureFilename {
  "MaleBody_full.png";
 }
}

Frame Dummy01 {
 

 FrameTransformMatrix {
  1.000000,0.000000,0.000000,0.000000,0.000000,-0.000000,-1.000000,0.000000,0.000000,1.000000,-0.000000,0.000000,0.000000,0.000000,0.000000,1.000000;;
 }

 Frame Bip01 {
  

  FrameTransformMatrix {
   0.087157,0.982405,-0.165182,0.000000,0.000000,0.165813,0.986157,0.000000,0.996195,-0.085950,0.014452,0.000000,-0.010000,-0.063814,0.490453,1.000000;;
  }

  Frame Bip01_Pelvis {
   

   FrameTransformMatrix {
    0.000000,1.000000,-0.000001,0.000000,-0.000001,0.000001,1.000000,0.000000,1.000000,0.000000,0.000001,0.000000,0.000000,0.000000,0.000000,1.000000;;
   }

   Frame Bip01_Spine {
    

    FrameTransformMatrix {
     0.989508,0.137360,-0.044788,0.000000,-0.144416,0.931302,-0.334396,0.000000,-0.004221,0.337355,0.941368,0.000000,0.051634,-0.000029,-0.000080,1.000000;;
    }

    Frame Bip01_Spine1 {
     

     FrameTransformMatrix {
      0.998351,0.038849,0.042260,0.000000,-0.030818,0.983840,-0.176375,0.000000,-0.048429,0.174782,0.983415,0.000000,0.106484,-0.000015,-0.000083,1.000000;;
     }

     Frame Bip01_Neck {
      

      FrameTransformMatrix {
       1.000000,-0.000000,0.000000,0.000000,-0.000000,1.000000,0.000000,0.000000,0.000000,-0.000000,1.000000,0.000000,0.130505,0.000000,0.004625,1.000000;;
      }

      Frame Bip01_Head {
       

       FrameTransformMatrix {
        0.995169,-0.073769,-0.064784,0.000000,0.061793,0.983405,-0.170578,0.000000,0.076292,0.165751,0.983212,0.000000,0.033674,-0.000000,0.000000,1.000000;;
       }

       Frame Bip01_HeadNub {
        

        FrameTransformMatrix {
         1.000000,0.000000,0.000000,0.000000,0.000000,1.000000,-0.000000,0.000000,0.000000,0.000000,1.000000,0.000000,0.169824,0.000000,0.000000,1.000000;;
        }
       }
      }

      Frame Bip01_L_Clavicle {
       

       FrameTransformMatrix {
        -0.192084,0.981378,0.000150,0.000000,0.981378,0.192084,-0.000782,0.000000,-0.000796,-0.000003,-1.000000,0.000000,-0.024025,0.015714,-0.004625,1.000000;;
       }

       Frame Bip01_L_UpperArm {
        

        FrameTransformMatrix {
         0.836070,-0.463758,-0.293112,0.000000,0.500322,0.863720,0.060545,0.000000,0.225089,-0.197270,0.954159,0.000000,0.087086,0.000000,0.000000,1.000000;;
        }

        Frame Bip01_L_Forearm {
         

         FrameTransformMatrix {
          0.290531,0.000000,-0.956866,0.000000,-0.000000,1.000000,0.000000,0.000000,0.956866,0.000000,0.290531,0.000000,0.137062,0.000000,0.000000,1.000000;;
         }

         Frame Bip01_L_Hand {
          

          FrameTransformMatrix {
           0.959615,-0.149469,-0.238323,0.000000,0.183094,-0.311337,0.932494,0.000000,-0.213578,-0.938471,-0.271397,0.000000,0.137062,0.000000,-0.000000,1.000000;;
          }

          Frame Bip01_L_Finger0 {
           

           FrameTransformMatrix {
            0.690342,-0.181727,0.700288,0.000000,0.558537,0.749101,-0.356210,0.000000,-0.459853,0.637043,0.618637,0.000000,0.057681,-0.023605,-0.000272,1.000000;;
           }

           Frame Bip01_L_Finger0Nub {
            

            FrameTransformMatrix {
             1.000000,0.000000,0.000000,0.000000,0.000000,1.000000,-0.000000,0.000000,0.000000,0.000000,1.000000,0.000000,0.029435,0.000000,0.000000,1.000000;;
            }
           }
          }

          Frame Bip01_L_Finger1 {
           

           FrameTransformMatrix {
            0.728079,-0.000546,0.685493,0.000000,0.000000,1.000000,0.000796,0.000000,-0.685493,-0.000580,0.728079,0.000000,0.084102,0.000000,0.000000,1.000000;;
           }

           Frame Bip01_L_Finger1Nub {
            

            FrameTransformMatrix {
             1.000000,-0.000000,-0.000000,0.000000,-0.000000,1.000000,0.000000,0.000000,-0.000000,-0.000000,1.000000,0.000000,0.047988,-0.000000,0.000000,1.000000;;
            }
           }
          }
         }
        }
       }
      }

      Frame Bip01_R_Clavicle {
       

       FrameTransformMatrix {
        -0.051199,-0.983524,-0.173378,0.000000,-0.998688,0.050285,0.009662,0.000000,-0.000784,0.173645,-0.984808,0.000000,-0.024025,-0.015715,-0.004625,1.000000;;
       }

       Frame Bip01_R_UpperArm {
        

        FrameTransformMatrix {
         0.315277,0.806282,-0.500510,0.000000,-0.537223,0.586399,0.606241,0.000000,0.782299,0.077752,0.618031,0.000000,0.087086,0.000000,-0.000000,1.000000;;
        }

        Frame Bip01_R_Forearm {
         

         FrameTransformMatrix {
          -0.174952,-0.000000,-0.984577,0.000000,0.000000,1.000000,0.000000,0.000000,0.984577,0.000000,-0.174952,0.000000,0.137062,0.000000,0.000000,1.000000;;
         }

         Frame Bip01_R_Hand {
          

          FrameTransformMatrix {
           0.967928,0.233011,-0.093922,0.000000,-0.025715,-0.280000,-0.959656,0.000000,-0.249909,0.931293,-0.265028,0.000000,0.137062,0.000000,0.000000,1.000000;;
          }

          Frame Bip01_R_Finger0 {
           

           FrameTransformMatrix {
            0.417774,-0.116941,0.900994,0.000000,-0.558537,0.749101,0.356210,0.000000,-0.716591,-0.652054,0.247639,0.000000,0.057681,0.023605,-0.000272,1.000000;;
           }

           Frame Bip01_R_Finger0Nub {
            

            FrameTransformMatrix {
             -1.000000,0.000000,-0.000000,0.000000,0.000000,1.000000,0.000000,0.000000,-0.000000,0.000000,-1.000000,0.000000,0.029435,0.000000,0.000000,1.000000;;
            }
           }
          }

          Frame Bip01_R_Finger1 {
           

           FrameTransformMatrix {
            0.352436,0.000745,0.935835,0.000000,-0.000000,1.000000,-0.000796,0.000000,-0.935836,0.000281,0.352436,0.000000,0.084102,0.000000,0.000000,1.000000;;
           }

           Frame Bip01_R_Finger1Nub {
            

            FrameTransformMatrix {
             -1.000000,0.000000,0.000000,0.000000,0.000000,1.000000,0.000000,0.000000,-0.000000,-0.000000,-1.000000,0.000000,0.047988,0.000000,0.000000,1.000000;;
            }
           }
          }
         }
        }
       }
      }
     }

     Frame Bip01_BackPack {
      

      FrameTransformMatrix {
       0.190104,-0.000002,-0.981764,0.000000,0.000003,1.000000,-0.000002,0.000000,0.981764,-0.000002,0.190104,0.000000,0.063697,-0.000000,-0.088856,1.000000;;
      }

      Frame Bip01_BackPackNub {
       

       FrameTransformMatrix {
        0.000796,0.000003,1.000000,0.000000,0.000000,-1.000000,0.000003,0.000000,1.000000,-0.000000,-0.000796,0.000000,0.053240,-0.000000,-0.000000,1.000000;;
       }
      }
     }
    }

    Frame Bip01_L_Thigh {
     

     FrameTransformMatrix {
      -0.806148,-0.082155,0.585983,0.000000,-0.151025,-0.928947,-0.338007,0.000000,0.572116,-0.360981,0.736461,0.000000,-0.043506,0.058888,0.018933,1.000000;;
     }

     Frame Bip01_L_Calf {
      

      FrameTransformMatrix {
       0.911741,-0.000000,-0.410765,0.000000,-0.000000,1.000000,0.000000,0.000000,0.410765,-0.000000,0.911741,0.000000,0.237500,0.000000,-0.000000,1.000000;;
      }

      Frame Bip01_L_Foot {
       

       FrameTransformMatrix {
        0.958666,0.055209,0.279126,0.000000,-0.048239,0.998330,-0.031785,0.000000,-0.280414,0.017006,0.959729,0.000000,0.206841,0.000000,-0.000000,1.000000;;
       }

       Frame Bip01_L_Toe0 {
        

        FrameTransformMatrix {
         -0.000000,0.000001,1.000000,0.000000,0.000000,1.000000,-0.000001,0.000000,-1.000000,0.000000,-0.000000,0.000000,0.065373,0.000000,0.066450,1.000000;;
        }

        Frame Bip01_L_Toe0Nub {
         

         FrameTransformMatrix {
          -1.000000,-0.000000,-0.000000,0.000000,-0.000000,1.000000,0.000000,0.000000,0.000000,-0.000000,-1.000000,0.000000,0.006735,0.000000,0.000000,1.000000;;
         }
        }
       }
      }
     }
    }

    Frame Bip01_R_Thigh {
     

     FrameTransformMatrix {
      -0.977673,0.184620,0.100352,0.000000,-0.208496,-0.911769,-0.353846,0.000000,0.026171,-0.366869,0.929904,0.000000,-0.058677,-0.043975,-0.018328,1.000000;;
     }

     Frame Bip01_R_Calf {
      

      FrameTransformMatrix {
       0.750557,0.000000,-0.660805,0.000000,0.000000,1.000000,-0.000000,0.000000,0.660805,-0.000000,0.750557,0.000000,0.237500,-0.000000,-0.000000,1.000000;;
      }

      Frame Bip01_R_Foot {
       

       FrameTransformMatrix {
        0.995636,0.007899,-0.092981,0.000000,-0.017090,0.994993,-0.098471,0.000000,0.091738,0.099630,0.990786,0.000000,0.206841,0.000000,0.000000,1.000000;;
       }

       Frame Bip01_R_Toe0 {
        

        FrameTransformMatrix {
         0.000001,-0.000000,1.000000,0.000000,0.000001,1.000000,-0.000000,0.000000,-1.000000,0.000001,0.000001,0.000000,0.065373,0.000000,0.066450,1.000000;;
        }

        Frame Bip01_R_Toe0Nub {
         

         FrameTransformMatrix {
          1.000000,0.000000,0.000000,0.000000,-0.000000,1.000000,0.000000,0.000000,-0.000000,0.000000,1.000000,0.000000,0.006735,0.000000,0.000000,1.000000;;
         }
        }
       }
      }
     }
    }
   }

   Frame Bip01_DressFront {
    

    FrameTransformMatrix {
     -0.880184,-0.088339,0.466339,0.000000,0.121847,0.907542,0.401896,0.000000,-0.458725,0.410564,-0.788041,0.000000,-0.043935,0.001339,0.061057,1.000000;;
    }

    Frame Bip01_DressFront02 {
     

     FrameTransformMatrix {
      0.912593,0.000001,0.408870,0.000000,-0.000001,1.000000,-0.000000,0.000000,-0.408870,-0.000000,0.912593,0.000000,0.183378,0.000000,-0.000120,1.000000;;
     }

     Frame Bip01_DressFrontNub {
      

      FrameTransformMatrix {
       0.000796,0.000003,1.000000,0.000000,-0.000000,-1.000000,0.000003,0.000000,1.000000,0.000000,-0.000796,0.000000,0.165302,0.000000,-0.000000,1.000000;;
      }
     }
    }
   }

   Frame Bip01_DressBack {
    

    FrameTransformMatrix {
     -0.947875,0.129405,0.291184,0.000000,0.280391,0.772855,0.569277,0.000000,-0.151376,0.621248,-0.768854,0.000000,-0.047711,-0.000087,-0.078312,1.000000;;
    }

    Frame Bip01_DressBack02 {
     

     FrameTransformMatrix {
      0.936852,0.174932,-0.302833,0.000000,-0.166408,0.984581,0.053939,0.000000,0.307600,-0.000139,0.951516,0.000000,0.176125,0.000000,-0.000103,1.000000;;
     }

     Frame Bip01_DressBackNub {
      

      FrameTransformMatrix {
       0.000796,0.000003,1.000000,0.000000,0.000000,-1.000000,0.000003,0.000000,1.000000,0.000000,-0.000796,0.000000,0.136508,0.000000,-0.000000,1.000000;;
      }
     }
    }
   }
  }

  Frame Bip01_Prop1 {
   

   FrameTransformMatrix {
    0.466228,-0.725899,0.505670,0.000000,0.655308,0.667368,0.353825,0.000000,-0.594309,0.166406,0.786833,0.000000,0.138125,0.113349,0.040357,1.000000;;
   }
  }

  Frame Bip01_Prop2 {
   

   FrameTransformMatrix {
    0.360690,-0.328598,-0.872884,0.000000,0.932498,0.145813,0.330432,0.000000,0.018698,-0.933146,0.359010,0.000000,0.046846,0.119650,0.279290,1.000000;;
   }
  }
 }
}

Frame Translation_Data {
 

 FrameTransformMatrix {
  1.000000,0.000000,0.000000,0.000000,0.000000,-0.000000,-1.000000,0.000000,0.000000,1.000000,-0.000000,0.000000,0.000000,-0.000000,0.000000,1.000000;;
 }
}

Frame Body {
 

 FrameTransformMatrix {
  1.000000,0.000000,0.000000,0.000000,0.000000,1.000000,0.000000,0.000000,0.000000,0.000000,1.000000,0.000000,0.000000,0.000000,0.000000,1.000000;;
 }

 Mesh Body {
  617;
  0.094981;0.739352;0.048245;,
  0.066957;0.736006;0.025728;,
  0.058189;0.768067;0.033027;,
  0.101068;0.718490;0.052456;,
  0.105329;0.704849;0.056683;,
  0.085430;0.667946;0.022601;,
  0.077961;0.702010;0.019254;,
  0.099398;0.672502;0.068307;,
  0.040709;0.793638;0.061990;,
  0.061819;0.769913;0.112646;,
  0.071709;0.769244;0.084705;,
  0.034770;0.778435;0.098576;,
  0.069664;0.546724;0.100756;,
  0.023394;0.555942;0.116222;,
  0.026377;0.545506;0.121902;,
  0.059700;0.554853;0.099712;,
  0.063065;0.546919;0.044709;,
  0.074056;0.524950;0.063659;,
  0.040423;0.537731;0.011380;,
  0.062040;0.498452;0.038160;,
  0.034425;0.485570;0.027024;,
  0.044673;0.669732;-0.013388;,
  0.046826;0.706438;-0.007135;,
  -0.018566;0.553967;0.109782;,
  -0.015470;0.540649;0.118771;,
  0.015406;0.648464;0.126671;,
  -0.031003;0.693331;0.103149;,
  -0.030817;0.653934;0.103489;,
  0.018762;0.690248;0.130852;,
  0.050255;0.469252;0.016761;,
  0.095702;0.372900;-0.007261;,
  0.059447;0.387874;-0.034034;,
  0.082474;0.455782;0.051687;,
  0.063015;0.301280;-0.081471;,
  0.089020;0.284778;-0.038915;,
  0.000362;0.465033;0.028487;,
  0.012463;0.339981;0.052074;,
  -0.003743;0.440563;0.140524;,
  0.010419;0.375473;-0.015064;,
  0.032951;0.273096;-0.006148;,
  0.032719;0.284875;-0.046311;,
  0.092314;0.343555;0.050383;,
  0.073794;0.422549;0.102093;,
  0.073524;0.275666;-0.002738;,
  0.085026;0.009796;-0.070942;,
  0.043196;-0.005459;-0.030327;,
  0.040345;0.011689;-0.075946;,
  0.078021;-0.006009;-0.028922;,
  0.063680;0.235610;-0.068066;,
  0.090476;0.156353;-0.044769;,
  0.063320;0.161834;-0.074987;,
  0.093011;0.230674;-0.037564;,
  0.082911;0.076929;-0.051256;,
  0.064876;0.083690;-0.080309;,
  0.020961;0.214448;-0.049854;,
  0.026380;0.159134;-0.010263;,
  0.018425;0.222662;0.005217;,
  0.032102;0.156108;-0.052598;,
  0.048634;0.082502;-0.028540;,
  0.046690;0.070822;-0.058935;,
  0.088336;0.157794;-0.006310;,
  0.090055;0.230090;0.011785;,
  0.072690;0.087226;-0.026103;,
  0.079685;0.497432;0.074046;,
  -0.005406;0.475435;0.013096;,
  0.000362;0.465033;0.028487;,
  -0.006627;0.443727;0.032573;,
  0.076675;0.501246;0.128452;,
  0.024741;0.503194;0.147971;,
  0.072426;0.441374;0.118363;,
  0.025097;0.446049;0.139359;,
  0.013708;0.600773;0.119707;,
  0.051018;0.642089;0.127753;,
  0.069988;0.643874;0.118679;,
  0.068223;0.592812;0.062858;,
  0.091626;0.640629;0.069342;,
  0.052972;0.596031;0.111144;,
  0.079862;0.636424;0.021445;,
  0.060058;0.586837;0.027107;,
  0.034906;0.641267;-0.013095;,
  0.018313;0.584801;0.001746;,
  0.146707;0.723518;0.078100;,
  0.181947;0.692218;0.096631;,
  0.106198;0.694872;0.057264;,
  0.174092;0.622224;0.096816;,
  0.146697;0.650858;0.071397;,
  0.204117;0.654627;0.116920;,
  0.084142;0.678784;0.111731;,
  0.146697;0.650858;0.071397;,
  0.115413;0.642236;0.128951;,
  0.164818;0.601984;0.138660;,
  0.174092;0.622224;0.096816;,
  0.084959;0.684146;0.121681;,
  0.150497;0.683875;0.154231;,
  0.115599;0.713914;0.135447;,
  0.194906;0.634131;0.158710;,
  0.136918;0.725420;0.106327;,
  0.210232;0.663267;0.102577;,
  0.221387;0.617716;0.038434;,
  0.175297;0.625410;0.077145;,
  0.241763;0.642490;0.056280;,
  0.251490;0.609878;0.014569;,
  0.271155;0.623397;0.020414;,
  0.175297;0.625410;0.077145;,
  0.244606;0.582358;0.076965;,
  0.194147;0.580292;0.117158;,
  0.221387;0.617716;0.038434;,
  0.269171;0.582850;0.036038;,
  0.251490;0.609878;0.014569;,
  0.259902;0.601671;0.090644;,
  0.228802;0.618017;0.142461;,
  0.284336;0.595325;0.041652;,
  0.285798;0.599674;-0.100520;,
  0.283206;0.563886;-0.056144;,
  0.271790;0.601702;-0.083681;,
  0.296880;0.562375;-0.072933;,
  0.263549;0.617418;-0.061618;,
  0.279439;0.617228;-0.066903;,
  0.271014;0.610222;-0.065897;,
  0.268571;0.627264;-0.065352;,
  0.267237;0.571560;-0.003359;,
  0.280977;0.620109;-0.036517;,
  0.290663;0.568402;-0.032292;,
  0.253125;0.617568;-0.015862;,
  0.309913;0.573393;-0.033916;,
  0.300761;0.583488;0.009499;,
  0.286554;0.632048;-0.002426;,
  0.300625;0.623274;-0.037186;,
  0.096638;0.761109;0.104093;,
  0.117546;0.756806;0.083205;,
  0.071709;0.769244;0.084705;,
  0.086140;0.762081;0.063734;,
  0.059050;0.688328;0.136585;,
  0.062265;0.782114;0.047392;,
  0.120696;0.738009;0.064294;,
  0.101068;0.718490;0.052456;,
  0.094981;0.739352;0.048245;,
  0.115425;0.715511;0.065598;,
  0.068594;0.727648;0.131439;,
  0.025103;0.728481;0.124029;,
  0.073487;0.730732;0.129469;,
  -0.024338;0.728301;0.093470;,
  -0.000572;0.776716;0.067050;,
  0.061819;0.769913;0.112646;,
  0.073487;0.730732;0.129469;,
  0.087651;0.701819;0.080743;,
  0.077665;0.719837;0.122495;,
  0.106198;0.694872;0.057264;,
  0.077533;0.679911;0.111583;,
  0.089808;0.671701;0.079583;,
  0.105329;0.704849;0.056683;,
  0.073878;0.684842;0.127391;,
  0.253125;0.617568;-0.015862;,
  0.056319;0.811595;0.050931;,
  0.035948;0.815658;0.061098;,
  0.015154;0.798627;0.048378;,
  0.010929;0.819331;0.050696;,
  0.300625;0.623274;-0.037186;,
  0.285798;0.599674;-0.100520;,
  0.296880;0.562375;-0.072933;,
  0.257464;0.619870;-0.042772;,
  0.275043;0.637620;-0.049620;,
  0.257464;0.619870;-0.042772;,
  0.272176;0.610872;-0.047179;,
  0.292404;0.624638;-0.044517;,
  0.292404;0.624638;-0.044517;,
  0.263549;0.617418;-0.061618;,
  0.268571;0.627264;-0.065352;,
  0.279439;0.617228;-0.066903;,
  0.095173;0.056824;-0.134952;,
  0.067238;0.052748;-0.185821;,
  0.065550;0.067649;-0.172614;,
  0.101094;0.038995;-0.149022;,
  0.039996;0.029621;-0.028765;,
  0.040345;0.011689;-0.075946;,
  0.043196;-0.005459;-0.030327;,
  0.039105;0.035979;-0.069651;,
  0.048634;0.082502;-0.028540;,
  0.081509;0.031897;-0.026222;,
  0.072690;0.087226;-0.026103;,
  0.085026;0.009796;-0.070942;,
  0.078021;-0.006009;-0.028922;,
  0.086300;0.043377;-0.060975;,
  0.064876;0.083690;-0.080309;,
  0.082911;0.076929;-0.051256;,
  0.037561;0.061645;-0.165207;,
  0.031811;0.049729;-0.177704;,
  0.101094;0.038995;-0.149022;,
  0.031811;0.049729;-0.177704;,
  0.010419;0.375473;-0.015064;,
  0.032719;0.284875;-0.046311;,
  0.020961;0.214448;-0.049854;,
  0.032102;0.156108;-0.052598;,
  0.046690;0.070822;-0.058935;,
  0.046690;0.070822;-0.058935;,
  -0.011026;0.439727;0.084230;,
  0.075142;0.817215;0.045747;,
  0.074943;0.805601;0.021473;,
  0.082597;0.812292;0.026235;,
  0.061102;0.806955;0.032775;,
  0.053559;0.837454;0.055875;,
  0.033698;0.848306;0.064260;,
  0.068083;0.953868;0.011077;,
  0.073054;0.944065;-0.021509;,
  0.054215;0.958016;-0.003026;,
  0.109550;0.884901;-0.008225;,
  0.102184;0.883053;-0.024809;,
  0.101944;0.913581;-0.006686;,
  0.089686;0.832438;0.026816;,
  0.077014;0.845152;0.050540;,
  0.068081;0.828995;0.050246;,
  0.066577;0.881139;0.061487;,
  0.082989;0.889747;0.045406;,
  0.100104;0.921789;0.013909;,
  0.087664;0.926022;0.038555;,
  0.098590;0.883599;0.023929;,
  0.053444;0.885894;0.070831;,
  0.031663;0.895112;0.077056;,
  -0.003899;0.895898;0.057296;,
  0.037118;0.940647;0.061271;,
  0.006682;0.942498;0.045204;,
  0.097533;0.861051;0.026370;,
  0.092529;0.821752;0.011032;,
  0.103586;0.854151;0.000044;,
  0.089775;0.796160;-0.006010;,
  0.067576;0.790973;-0.011198;,
  0.082474;0.791661;-0.026183;,
  0.093125;0.933356;-0.004816;,
  0.081444;0.944063;0.025865;,
  0.061083;0.937116;0.058782;,
  0.058198;0.953581;0.041976;,
  0.041653;0.959101;0.033989;,
  0.027868;0.961103;0.023340;,
  0.003222;0.856803;0.051372;,
  0.061083;0.937116;0.058782;,
  0.058198;0.953581;0.041976;,
  0.081971;0.847944;0.054344;,
  0.080290;0.894824;0.062393;,
  0.077552;0.876498;0.072891;,
  0.078292;0.875772;0.054913;,
  0.077552;0.876498;0.072891;,
  0.081971;0.847944;0.054344;,
  0.080290;0.894824;0.062393;,
  0.082989;0.889747;0.045406;,
  0.087388;0.865141;0.042478;,
  0.077014;0.845152;0.050540;,
  0.104026;0.876350;-0.001505;,
  0.087388;0.865141;0.042478;,
  0.062265;0.782114;0.047392;,
  0.056319;0.811595;0.050931;,
  0.086140;0.762081;0.063734;,
  0.053559;0.837454;0.055875;,
  0.044717;0.756722;0.002241;,
  0.044442;0.732613;-0.000488;,
  -0.001510;0.535105;0.001429;,
  -0.017105;0.499950;0.144569;,
  -0.016840;0.465754;0.147247;,
  -0.016702;0.424729;0.118845;,
  0.053815;0.792878;-0.001509;,
  -0.011026;0.439727;0.084230;,
  0.041653;0.959101;0.033989;,
  0.027868;0.961103;0.023340;,
  0.094736;0.827356;-0.011099;,
  0.094852;0.849484;-0.022594;,
  0.094928;0.839842;-0.022096;,
  0.081470;0.933918;-0.029644;,
  0.090167;0.911395;-0.037672;,
  0.093972;0.874617;-0.019251;,
  -0.029218;0.603542;0.100745;,
  0.086140;0.762081;0.063734;,
  0.067238;0.052748;-0.185821;,
  0.093421;0.818200;-0.021202;,
  0.093993;0.820786;-0.010990;,
  0.090856;0.823189;-0.019045;,
  0.089384;0.838310;-0.034589;,
  0.096186;0.846325;-0.041673;,
  0.094160;0.826849;-0.022836;,
  0.082958;0.823203;-0.027660;,
  0.086916;0.816144;-0.031414;,
  0.094818;0.881205;-0.041394;,
  0.091864;0.872033;-0.038139;,
  0.077665;0.719837;0.122495;,
  0.088705;0.826478;-0.033536;,
  0.075079;0.706787;0.091418;,
  0.087651;0.701819;0.080743;,
  0.105329;0.704849;0.056683;,
  0.053444;0.885894;0.070831;,
  0.063680;0.235610;-0.068066;,
  0.037235;0.154017;-0.065849;,
  0.022202;0.229963;-0.065445;,
  0.063320;0.161834;-0.074987;,
  0.063015;0.301280;-0.081471;,
  0.020510;0.290753;-0.071745;,
  0.059447;0.387874;-0.034034;,
  0.008258;0.374699;-0.029282;,
  0.050255;0.469252;0.016761;,
  0.004219;0.456809;0.004284;,
  0.034425;0.485571;0.027024;,
  0.042069;0.082156;-0.070061;,
  0.064876;0.083690;-0.080309;,
  0.032185;0.151168;0.016646;,
  0.039435;0.109877;0.091402;,
  0.037186;0.082590;0.005315;,
  0.030427;0.173773;0.103711;,
  0.019508;0.234444;0.110324;,
  0.021774;0.219135;0.019021;,
  0.016377;0.286521;0.130758;,
  0.023713;0.262596;0.021303;,
  0.010377;0.333543;0.065420;,
  -0.003216;0.362983;0.128954;,
  -0.012915;0.438499;0.148320;,
  0.075079;0.706787;0.091418;,
  -0.020767;0.756207;-0.029575;,
  0.013297;0.741037;-0.013321;,
  -0.030119;0.736351;-0.036926;,
  0.012930;0.772311;0.000091;,
  -0.031733;0.718718;-0.041022;,
  -0.003850;0.676066;-0.037108;,
  -0.050452;0.686132;-0.031911;,
  0.011976;0.708197;-0.028764;,
  -0.006109;0.798028;0.027919;,
  -0.063811;0.783650;0.022274;,
  -0.040794;0.785519;0.043586;,
  -0.040311;0.786423;0.008045;,
  -0.096400;0.544315;0.086429;,
  -0.060433;0.556215;0.102896;,
  -0.089866;0.555340;0.075936;,
  -0.057356;0.544292;0.114678;,
  -0.076157;0.547373;0.022577;,
  -0.093746;0.522516;0.049182;,
  -0.044429;0.538008;-0.002109;,
  -0.076864;0.494666;0.025281;,
  -0.047309;0.484385;0.019972;,
  -0.018566;0.553967;0.109782;,
  -0.015470;0.540649;0.118771;,
  -0.073346;0.656237;0.073611;,
  -0.031003;0.693331;0.103149;,
  -0.075449;0.698817;0.067846;,
  -0.030817;0.653934;0.103489;,
  -0.060065;0.444637;0.021663;,
  -0.093735;0.343034;0.057446;,
  -0.096827;0.444403;0.056366;,
  -0.054448;0.346407;0.030978;,
  -0.043653;0.243594;0.042561;,
  -0.075780;0.254104;0.081050;,
  -0.012421;0.453052;0.045604;,
  -0.020104;0.360657;0.133610;,
  -0.008760;0.353898;0.058797;,
  -0.027861;0.440213;0.138443;,
  -0.025789;0.274781;0.117405;,
  -0.019159;0.258342;0.081147;,
  -0.098498;0.350551;0.121603;,
  -0.095035;0.434485;0.117119;,
  -0.066397;0.272435;0.114276;,
  -0.061337;0.079653;0.291668;,
  -0.021771;0.115449;0.319690;,
  -0.056628;0.115225;0.319544;,
  -0.016442;0.077248;0.289764;,
  -0.043727;0.205451;0.102887;,
  -0.071302;0.169068;0.176769;,
  -0.077901;0.220746;0.123216;,
  -0.039337;0.153973;0.156007;,
  -0.059446;0.116612;0.234628;,
  -0.037731;0.098124;0.215081;,
  -0.004258;0.213080;0.134326;,
  -0.014687;0.207638;0.201542;,
  -0.012510;0.172568;0.177057;,
  -0.012074;0.260574;0.162431;,
  -0.028821;0.142912;0.244069;,
  -0.022536;0.110979;0.238273;,
  -0.076236;0.199603;0.199769;,
  -0.083934;0.258436;0.154640;,
  -0.052973;0.144331;0.239646;,
  -0.100275;0.494821;0.058520;,
  -0.012421;0.453052;0.045604;,
  -0.106738;0.498585;0.112627;,
  -0.058992;0.501979;0.140746;,
  -0.097986;0.448614;0.119062;,
  -0.055348;0.457586;0.143384;,
  -0.070194;0.606985;0.077968;,
  -0.091732;0.654591;0.042411;,
  -0.092345;0.658091;0.021630;,
  -0.058746;0.602213;-0.000307;,
  -0.087458;0.606428;0.041283;,
  -0.059669;0.653880;-0.021109;,
  -0.012883;0.644547;-0.034001;,
  -0.026377;0.593237;-0.015893;,
  -0.045200;0.741245;-0.054693;,
  -0.035101;0.725172;-0.004341;,
  -0.058393;0.701368;-0.082990;,
  -0.071356;0.638026;-0.054332;,
  -0.081755;0.660287;-0.096130;,
  -0.043841;0.671561;-0.033092;,
  -0.093913;0.716651;0.009092;,
  -0.107004;0.672867;-0.013749;,
  -0.043841;0.671561;-0.033092;,
  -0.105235;0.617150;-0.053428;,
  -0.071356;0.638026;-0.054332;,
  -0.103083;0.721660;0.004706;,
  -0.121615;0.702989;-0.063578;,
  -0.108196;0.741558;-0.035199;,
  -0.115504;0.639113;-0.095236;,
  -0.074615;0.746170;-0.052109;,
  -0.070353;0.678349;-0.093752;,
  0.000348;0.656479;-0.064825;,
  -0.010985;0.672074;-0.096062;,
  -0.056425;0.654194;-0.043524;,
  0.037634;0.655179;-0.078632;,
  0.038368;0.664094;-0.101457;,
  -0.056425;0.654194;-0.043524;,
  -0.011194;0.608463;-0.093725;,
  0.000348;0.656479;-0.064825;,
  -0.069310;0.597195;-0.066749;,
  0.033416;0.621060;-0.097393;,
  0.037634;0.655179;-0.078632;,
  -0.020123;0.620745;-0.117463;,
  -0.083158;0.621382;-0.116609;,
  0.034052;0.629507;-0.115781;,
  0.140350;0.658684;-0.045047;,
  0.107508;0.620127;-0.071343;,
  0.128412;0.617574;-0.066083;,
  0.119204;0.661801;-0.050245;,
  0.101145;0.664550;-0.055087;,
  0.115777;0.663120;-0.063106;,
  0.108503;0.673596;-0.055452;,
  0.108414;0.656590;-0.058186;,
  0.065544;0.619133;-0.076213;,
  0.096161;0.670601;-0.083881;,
  0.065240;0.668197;-0.068165;,
  0.102232;0.618181;-0.083208;,
  0.112172;0.620609;-0.100337;,
  0.068760;0.623560;-0.113650;,
  0.067647;0.675009;-0.106316;,
  0.105634;0.671020;-0.101391;,
  -0.066120;0.790467;-0.000622;,
  -0.057423;0.788132;-0.029127;,
  -0.040311;0.786423;0.008045;,
  -0.026392;0.779453;-0.011339;,
  -0.096012;0.702432;0.032882;,
  -0.000172;0.787968;0.001955;,
  -0.046951;0.767358;-0.043447;,
  -0.030119;0.736351;-0.036926;,
  -0.048997;0.744866;-0.034591;,
  -0.020767;0.756207;-0.029575;,
  -0.090811;0.745384;0.017976;,
  -0.090155;0.749073;0.012966;,
  -0.068063;0.737216;0.056229;,
  -0.024338;0.728301;0.093470;,
  -0.000572;0.776716;0.067050;,
  -0.063811;0.783650;0.022274;,
  -0.090155;0.749073;0.012966;,
  -0.051739;0.718030;-0.016647;,
  -0.035101;0.725172;-0.004341;,
  -0.086084;0.739591;0.008028;,
  -0.081064;0.694336;0.005515;,
  -0.057342;0.685085;-0.018829;,
  -0.031733;0.718718;-0.041022;,
  -0.093565;0.700072;0.015407;,
  0.065240;0.668197;-0.068165;,
  0.002652;0.813820;0.005863;,
  -0.003755;0.817304;0.027756;,
  0.015154;0.798627;0.048378;,
  0.010929;0.819331;0.050696;,
  0.105634;0.671020;-0.101391;,
  0.140350;0.658684;-0.045047;,
  0.128412;0.617574;-0.066083;,
  0.083741;0.669891;-0.063261;,
  0.102915;0.685925;-0.070059;,
  0.083741;0.669891;-0.063261;,
  0.095825;0.659913;-0.071699;,
  0.109465;0.673307;-0.087200;,
  0.109465;0.673307;-0.087200;,
  0.101145;0.664550;-0.055087;,
  0.108503;0.673596;-0.055452;,
  0.115777;0.663120;-0.063106;,
  -0.067578;0.032387;0.227334;,
  -0.037323;-0.016189;0.216861;,
  -0.073138;0.013382;0.239937;,
  -0.036002;0.000943;0.206660;,
  -0.018025;0.127612;0.286807;,
  -0.016442;0.077248;0.289764;,
  -0.015070;0.090598;0.268526;,
  -0.021771;0.115449;0.319690;,
  -0.028821;0.142912;0.244069;,
  -0.059565;0.129052;0.284097;,
  -0.052973;0.144331;0.239646;,
  -0.061337;0.079653;0.291668;,
  -0.062487;0.099194;0.262592;,
  -0.056628;0.115225;0.319544;,
  -0.037731;0.098124;0.215081;,
  -0.059446;0.116612;0.234628;,
  -0.008510;0.007320;0.215481;,
  -0.002384;-0.007939;0.223281;,
  -0.073138;0.013382;0.239937;,
  -0.002384;-0.007939;0.223281;,
  -0.008760;0.353898;0.058797;,
  -0.019159;0.258342;0.081147;,
  -0.004258;0.213080;0.134326;,
  -0.012510;0.172568;0.177057;,
  -0.022536;0.110979;0.238273;,
  -0.022536;0.110979;0.238273;,
  0.009806;0.815171;-0.019302;,
  0.034433;0.804333;-0.018858;,
  0.019530;0.808678;-0.002136;,
  0.029434;0.810629;-0.026695;,
  -0.000868;0.835752;0.001687;,
  -0.009512;0.846955;0.021240;,
  0.040196;0.952995;-0.016688;,
  0.054215;0.958016;-0.003026;,
  0.061491;0.883398;-0.056073;,
  0.059082;0.912240;-0.049360;,
  0.078154;0.882301;-0.048734;,
  0.028193;0.830515;-0.034408;,
  0.004131;0.842872;-0.022023;,
  0.004967;0.827021;-0.012591;,
  -0.007900;0.878809;-0.012663;,
  0.007838;0.887396;-0.029415;,
  0.038247;0.919854;-0.047677;,
  0.029438;0.881436;-0.044921;,
  0.013529;0.923703;-0.035255;,
  -0.017337;0.883679;0.000360;,
  -0.023764;0.893379;0.021873;,
  -0.003899;0.895898;0.057296;,
  -0.009438;0.939190;0.014919;,
  0.006682;0.942498;0.045204;,
  0.027709;0.858867;-0.043148;,
  0.054216;0.852607;-0.049110;,
  0.044293;0.820243;-0.036992;,
  0.062141;0.795295;-0.033522;,
  0.056626;0.932215;-0.041154;,
  0.025670;0.942318;-0.029664;,
  -0.006933;0.934988;-0.008936;,
  0.009359;0.952053;-0.006648;,
  0.027868;0.961103;0.023340;,
  0.017234;0.958337;0.009677;,
  0.003222;0.856803;0.051372;,
  -0.006933;0.934988;-0.008936;,
  0.009359;0.952053;-0.006648;,
  0.000222;0.845387;-0.027047;,
  -0.009289;0.892022;-0.026792;,
  -0.001206;0.873285;-0.024236;,
  -0.019195;0.873472;-0.023432;,
  -0.019195;0.873472;-0.023432;,
  0.000222;0.845387;-0.027047;,
  -0.009289;0.892022;-0.026792;,
  0.007838;0.887396;-0.029415;,
  0.011521;0.862768;-0.033057;,
  0.004131;0.842872;-0.022023;,
  0.055065;0.874818;-0.050252;,
  0.011521;0.862768;-0.033057;,
  -0.000172;0.787968;0.001955;,
  0.002652;0.813820;0.005863;,
  -0.026392;0.779453;-0.011339;,
  -0.000868;0.835752;0.001687;,
  -0.017105;0.499950;0.144569;,
  -0.016840;0.465754;0.147247;,
  -0.016702;0.424729;0.118845;,
  -0.011026;0.439727;0.084230;,
  0.017234;0.958337;0.009677;,
  0.027868;0.961103;0.023340;,
  0.066229;0.826464;-0.039481;,
  0.077023;0.848926;-0.040345;,
  0.076827;0.839276;-0.040117;,
  0.072896;0.873957;-0.040235;,
  -0.029218;0.603542;0.100745;,
  -0.026392;0.779453;-0.011339;,
  -0.037323;-0.016189;0.216861;,
  0.066329;0.819921;-0.038533;,
  0.076619;0.817674;-0.037929;,
  0.074317;0.822672;-0.035512;,
  0.077978;0.826343;-0.038947;,
  -0.086084;0.739591;0.008028;,
  -0.057650;0.722913;-0.000349;,
  -0.051739;0.718030;-0.016647;,
  -0.031733;0.718718;-0.041022;,
  -0.017337;0.883679;0.000360;,
  -0.011057;0.203832;0.033966;,
  0.007098;0.145116;-0.014248;,
  -0.012561;0.138340;0.068171;,
  0.001735;0.219030;-0.023574;,
  -0.018657;0.257000;0.009878;,
  -0.002783;0.273082;-0.032016;,
  -0.011366;0.350843;0.015360;,
  -0.002329;0.355503;-0.007991;,
  -0.010909;0.438055;0.016619;,
  -0.002810;0.437583;0.011093;,
  -0.005406;0.475435;0.013096;,
  -0.047309;0.484385;0.019972;,
  0.010964;0.081592;-0.009875;,
  -0.008751;0.075321;0.095657;,
  -0.006803;0.156571;0.256268;,
  -0.076236;0.199603;0.199769;,
  -0.052959;0.144334;0.239647;,
  -0.013635;0.211269;0.211348;,
  -0.083934;0.258436;0.154640;,
  -0.021386;0.266737;0.175697;,
  -0.021481;0.288555;0.147363;,
  -0.066397;0.272435;0.114276;,
  -0.098498;0.350551;0.121603;,
  -0.019869;0.362363;0.151031;,
  -0.016840;0.465754;0.147247;,
  -0.055348;0.457586;0.143384;,
  -0.057650;0.722913;-0.000349;,
  -0.060065;0.444637;0.021663;,
  -0.054448;0.346407;0.030978;,
  -0.043653;0.243594;0.042561;,
  -0.043727;0.205451;0.102887;,
  -0.039337;0.153973;0.156007;,
  -0.037731;0.098124;0.215081;,
  0.092314;0.343555;0.050383;,
  0.025097;0.446049;0.139359;,
  0.073794;0.422549;0.102093;,
  0.073524;0.275666;-0.002738;,
  0.090055;0.230090;0.011785;,
  0.088336;0.157794;-0.006310;,
  0.072690;0.087226;-0.026103;,
  -0.095035;0.434485;0.117119;;
  916;
  3;0,1,2;,
  3;1,0,3;,
  3;4,5,6;,
  3;5,4,7;,
  3;8,9,10;,
  3;9,8,11;,
  3;12,13,14;,
  3;13,12,15;,
  3;16,12,17;,
  3;12,16,15;,
  3;18,19,20;,
  3;19,18,16;,
  3;6,21,22;,
  3;21,6,5;,
  3;14,23,24;,
  3;23,14,13;,
  3;25,26,27;,
  3;26,25,28;,
  3;29,30,31;,
  3;30,29,32;,
  3;30,33,31;,
  3;33,30,34;,
  3;35,36,37;,
  3;36,35,38;,
  3;38,39,36;,
  3;39,38,40;,
  3;37,41,42;,
  3;41,37,36;,
  3;36,43,41;,
  3;43,36,39;,
  3;42,30,32;,
  3;30,42,41;,
  3;41,34,30;,
  3;34,41,43;,
  3;44,45,46;,
  3;45,44,47;,
  3;48,49,50;,
  3;49,48,51;,
  3;50,52,53;,
  3;52,50,49;,
  3;54,55,56;,
  3;55,54,57;,
  3;57,58,55;,
  3;58,57,59;,
  3;56,60,61;,
  3;60,56,55;,
  3;55,62,60;,
  3;62,55,58;,
  3;61,49,51;,
  3;49,61,60;,
  3;60,52,49;,
  3;52,60,62;,
  3;32,19,63;,
  3;19,32,29;,
  3;64,65,66;,
  3;65,64,20;,
  3;14,67,12;,
  3;67,14,68;,
  3;68,69,67;,
  3;69,68,70;,
  3;70,42,69;,
  3;42,70,37;,
  3;48,34,51;,
  3;34,48,33;,
  3;51,43,61;,
  3;43,51,34;,
  3;43,56,61;,
  3;56,43,39;,
  3;39,54,56;,
  3;54,39,40;,
  3;12,63,17;,
  3;63,12,67;,
  3;67,32,63;,
  3;32,67,69;,
  3;69,42,32;,
  3;71,72,25;,
  3;73,74,75;,
  3;74,73,76;,
  3;74,77,75;,
  3;77,74,78;,
  3;79,78,80;,
  3;78,79,77;,
  3;81,82,83;,
  3;82,84,85;,
  3;84,82,86;,
  3;87,88,89;,
  3;88,90,89;,
  3;90,88,91;,
  3;92,93,94;,
  3;92,89,93;,
  3;92,87,89;,
  3;89,95,93;,
  3;95,89,90;,
  3;96,93,82;,
  3;93,86,82;,
  3;86,93,95;,
  3;97,98,99;,
  3;98,97,100;,
  3;100,101,98;,
  3;101,100,102;,
  3;103,104,105;,
  3;104,103,106;,
  3;106,107,104;,
  3;107,106,108;,
  3;105,109,110;,
  3;109,105,104;,
  3;104,111,109;,
  3;111,104,107;,
  3;110,100,97;,
  3;100,110,109;,
  3;109,102,100;,
  3;102,109,111;,
  3;112,113,114;,
  3;113,112,115;,
  3;116,117,118;,
  3;117,116,119;,
  3;120,121,122;,
  3;121,120,123;,
  3;120,124,125;,
  3;124,120,122;,
  3;126,124,127;,
  3;124,126,125;,
  3;95,97,86;,
  3;97,95,110;,
  3;86,99,84;,
  3;99,86,97;,
  3;90,103,105;,
  3;103,90,91;,
  3;105,95,90;,
  3;95,105,110;,
  3;128,96,129;,
  3;96,128,94;,
  3;129,130,128;,
  3;130,129,131;,
  3;72,28,25;,
  3;28,72,132;,
  3;10,133,8;,
  3;134,135,136;,
  3;135,134,137;,
  3;81,137,134;,
  3;138,11,139;,
  3;138,9,11;,
  3;138,140,9;,
  3;141,11,142;,
  3;11,141,139;,
  3;128,130,143;,
  3;94,144,92;,
  3;94,143,144;,
  3;94,128,143;,
  3;145,87,146;,
  3;87,145,147;,
  3;75,148,73;,
  3;148,75,149;,
  3;150,147,145;,
  3;7,149,75;,
  3;148,151,73;,
  3;102,152,101;,
  3;152,102,126;,
  3;102,125,126;,
  3;125,102,111;,
  3;111,120,125;,
  3;120,111,107;,
  3;120,108,123;,
  3;108,120,107;,
  3;8,153,154;,
  3;153,8,133;,
  3;154,155,8;,
  3;155,154,156;,
  3;122,114,113;,
  3;114,122,121;,
  3;121,112,114;,
  3;112,121,157;,
  3;158,124,159;,
  3;124,158,127;,
  3;159,122,113;,
  3;122,159,124;,
  3;126,160,152;,
  3;160,126,161;,
  3;162,121,123;,
  3;121,162,163;,
  3;121,164,157;,
  3;164,121,163;,
  3;165,126,127;,
  3;126,165,161;,
  3;161,166,160;,
  3;166,161,167;,
  3;162,118,163;,
  3;118,162,116;,
  3;163,117,164;,
  3;117,163,118;,
  3;165,167,161;,
  3;167,165,168;,
  3;169,170,171;,
  3;170,169,172;,
  3;173,174,175;,
  3;174,173,176;,
  3;177,178,179;,
  3;178,177,173;,
  3;180,178,181;,
  3;178,180,182;,
  3;183,169,171;,
  3;169,183,184;,
  3;174,185,186;,
  3;185,174,176;,
  3;46,187,44;,
  3;187,46,188;,
  3;180,169,182;,
  3;169,180,172;,
  3;20,29,65;,
  3;19,29,20;,
  3;29,31,189;,
  3;31,190,189;,
  3;190,31,33;,
  3;33,191,190;,
  3;191,33,48;,
  3;191,50,192;,
  3;50,191,48;,
  3;192,53,193;,
  3;53,192,50;,
  3;194,171,185;,
  3;171,194,183;,
  3;171,186,185;,
  3;186,171,170;,
  3;185,176,194;,
  3;194,173,177;,
  3;173,194,176;,
  3;178,175,181;,
  3;175,178,173;,
  3;179,182,184;,
  3;182,179,178;,
  3;182,169,184;,
  3;16,17,19;,
  3;17,63,19;,
  3;65,195,66;,
  3;196,197,198;,
  3;197,196,199;,
  3;200,154,153;,
  3;154,200,201;,
  3;202,203,204;,
  3;205,206,207;,
  3;196,208,209;,
  3;208,196,198;,
  3;210,209,211;,
  3;209,210,196;,
  3;212,213,214;,
  3;213,212,215;,
  3;212,214,211;,
  3;201,216,217;,
  3;216,201,200;,
  3;218,219,220;,
  3;219,218,217;,
  3;210,199,196;,
  3;213,205,207;,
  3;221,222,223;,
  3;198,197,224;,
  3;224,225,226;,
  3;225,224,197;,
  3;227,213,207;,
  3;228,229,214;,
  3;229,228,230;,
  3;220,231,232;,
  3;213,228,214;,
  3;156,201,233;,
  3;201,156,154;,
  3;233,217,218;,
  3;217,233,201;,
  3;219,217,234;,
  3;235,219,234;,
  3;236,237,238;,
  3;237,236,239;,
  3;209,240,211;,
  3;240,209,241;,
  3;211,242,212;,
  3;242,211,240;,
  3;243,239,244;,
  3;239,243,237;,
  3;244,236,245;,
  3;236,244,239;,
  3;246,221,223;,
  3;221,246,215;,
  3;221,212,247;,
  3;212,221,215;,
  3;199,248,2;,
  3;248,199,249;,
  3;133,10,250;,
  3;249,210,251;,
  3;210,249,199;,
  3;210,211,251;,
  3;252,1,253;,
  3;1,252,2;,
  3;20,254,18;,
  3;254,20,64;,
  3;24,68,14;,
  3;68,24,255;,
  3;68,256,70;,
  3;256,68,255;,
  3;256,37,70;,
  3;37,256,257;,
  3;258,2,252;,
  3;2,258,199;,
  3;257,259,37;,
  3;37,259,35;,
  3;260,204,261;,
  3;204,260,202;,
  3;262,263,223;,
  3;263,262,264;,
  3;197,258,225;,
  3;258,197,199;,
  3;265,203,227;,
  3;265,207,266;,
  3;207,265,227;,
  3;223,267,246;,
  3;267,223,263;,
  3;88,87,147;,
  3;83,82,85;,
  3;78,16,18;,
  3;16,78,74;,
  3;74,15,16;,
  3;15,74,76;,
  3;15,71,13;,
  3;71,15,76;,
  3;13,268,23;,
  3;268,13,71;,
  3;248,269,2;,
  3;2,269,0;,
  3;136,129,134;,
  3;129,136,131;,
  3;134,96,81;,
  3;96,134,129;,
  3;96,82,81;,
  3;93,96,94;,
  3;29,189,65;,
  3;205,215,246;,
  3;267,205,246;,
  3;205,267,206;,
  3;205,213,215;,
  3;187,188,270;,
  3;224,271,272;,
  3;222,221,208;,
  3;224,222,198;,
  3;272,273,262;,
  3;273,272,271;,
  3;263,274,275;,
  3;273,276,262;,
  3;277,271,278;,
  3;271,277,273;,
  3;222,272,262;,
  3;272,222,224;,
  3;222,208,198;,
  3;209,221,247;,
  3;221,209,208;,
  3;223,222,262;,
  3;266,206,279;,
  3;206,266,207;,
  3;206,280,279;,
  3;280,206,267;,
  3;280,263,275;,
  3;263,280,267;,
  3;264,262,276;,
  3;76,73,72;,
  3;138,281,140;,
  3;73,132,72;,
  3;132,73,151;,
  3;72,71,76;,
  3;271,226,278;,
  3;155,11,8;,
  3;276,277,282;,
  3;277,276,273;,
  3;274,276,282;,
  3;276,274,264;,
  3;28,141,26;,
  3;141,28,139;,
  3;139,132,138;,
  3;132,139,28;,
  3;132,281,138;,
  3;281,132,151;,
  3;281,148,283;,
  3;148,281,151;,
  3;283,149,284;,
  3;149,283,148;,
