xof 0303txt 0032
template ColorRGBA {
 <35ff44e0-6c7c-11cf-8f52-0040333594a3>
 FLOAT red;
 FLOAT green;
 FLOAT blue;
 FLOAT alpha;
}

template ColorRGB {
 <d3e16e81-7835-11cf-8f52-0040333594a3>
 FLOAT red;
 FLOAT green;
 FLOAT blue;
}

template Material {
 <3d82ab4d-62da-11cf-ab39-0020af71e433>
 ColorRGBA faceColor;
 FLOAT power;
 ColorRGB specularColor;
 ColorRGB emissiveColor;
 [...]
}

template TextureFilename {
 <a42790e1-7810-11cf-8f52-0040333594a3>
 STRING filename;
}

template Frame {
 <3d82ab46-62da-11cf-ab39-0020af71e433>
 [...]
}

template Matrix4x4 {
 <f6f23f45-7686-11cf-8f52-0040333594a3>
 array FLOAT matrix[16];
}

template FrameTransformMatrix {
 <f6f23f41-7686-11cf-8f52-0040333594a3>
 Matrix4x4 frameMatrix;
}

template Vector {
 <3d82ab5e-62da-11cf-ab39-0020af71e433>
 FLOAT x;
 FLOAT y;
 FLOAT z;
}

template MeshFace {
 <3d82ab5f-62da-11cf-ab39-0020af71e433>
 DWORD nFaceVertexIndices;
 array DWORD faceVertexIndices[nFaceVertexIndices];
}

template Mesh {
 <3d82ab44-62da-11cf-ab39-0020af71e433>
 DWORD nVertices;
 array Vector vertices[nVertices];
 DWORD nFaces;
 array MeshFace faces[nFaces];
 [...]
}

template MeshMaterialList {
 <f6f23f42-7686-11cf-8f52-0040333594a3>
 DWORD nMaterials;
 DWORD nFaceIndexes;
 array DWORD faceIndexes[nFaceIndexes];
 [Material <3d82ab4d-62da-11cf-ab39-0020af71e433>]
}

template VertexElement {
 <f752461c-1e23-48f6-b9f8-8350850f336f>
 DWORD Type;
 DWORD Method;
 DWORD Usage;
 DWORD UsageIndex;
}

template DeclData {
 <bf22e553-292c-4781-9fea-62bd554bdd93>
 DWORD nElements;
 array VertexElement Elements[nElements];
 DWORD nDWords;
 array DWORD data[nDWords];
}

template XSkinMeshHeader {
 <3cf169ce-ff7c-44ab-93c0-f78f62d172e2>
 WORD nMaxSkinWeightsPerVertex;
 WORD nMaxSkinWeightsPerFace;
 WORD nBones;
}

template SkinWeights {
 <6f0d123b-bad2-4167-a0d0-80224f25fabb>
 STRING transformNodeName;
 DWORD nWeights;
 array DWORD vertexIndices[nWeights];
 array FLOAT weights[nWeights];
 Matrix4x4 matrixOffset;
}

template AnimTicksPerSecond {
 <9e415a43-7ba6-4a73-8743-b73d47e88476>
 DWORD AnimTicksPerSecond;
}

template Animation {
 <3d82ab4f-62da-11cf-ab39-0020af71e433>
 [...]
}

template AnimationSet {
 <3d82ab50-62da-11cf-ab39-0020af71e433>
 [Animation <3d82ab4f-62da-11cf-ab39-0020af71e433>]
}

template FloatKeys {
 <10dd46a9-775b-11cf-8f52-0040333594a3>
 DWORD nValues;
 array FLOAT values[nValues];
}

template TimedFloatKeys {
 <f406b180-7b3b-11cf-8f52-0040333594a3>
 DWORD time;
 FloatKeys tfkeys;
}

template AnimationKey {
 <10dd46a8-775b-11cf-8f52-0040333594a3>
 DWORD keyType;
 DWORD nKeys;
 array TimedFloatKeys keys[nKeys];
}


Material _03_-_Default {
 1.000000;1.000000;1.000000;1.000000;;
 9.999999;
 0.000000;0.000000;0.000000;;
 0.000000;0.000000;0.000000;;

 TextureFilename {
  "MaleBody_full.png";
 }
}

Frame Dummy01 {
 

 FrameTransformMatrix {
  1.000000,0.000000,0.000000,0.000000,0.000000,-0.000000,-1.000000,0.000000,0.000000,1.000000,-0.000000,0.000000,0.000000,0.000000,0.000000,1.000000;;
 }

 Frame Bip01 {
  

  FrameTransformMatrix {
   -0.422870,0.880326,-0.214958,0.000000,-0.019481,0.228324,0.973390,0.000000,0.905981,0.415805,-0.079402,0.000000,0.003259,0.012382,0.448129,1.000000;;
  }

  Frame Bip01_Pelvis {
   

   FrameTransformMatrix {
    -0.009909,0.997030,-0.076371,0.000000,-0.031306,0.076028,0.996614,0.000000,0.999461,0.012266,0.030460,0.000000,0.000000,0.000000,0.000000,1.000000;;
   }

   Frame Bip01_Spine {
    

    FrameTransformMatrix {
     0.930496,0.149639,0.334345,0.000000,-0.131849,0.988396,-0.075424,0.000000,-0.341751,0.026099,0.939428,0.000000,0.051509,0.003923,0.000554,1.000000;;
    }

    Frame Bip01_Spine1 {
     

     FrameTransformMatrix {
      0.907364,0.140509,0.396166,0.000000,-0.131881,0.990049,-0.049089,0.000000,-0.399122,-0.007705,0.916866,0.000000,0.106514,0.000001,-0.000078,1.000000;;
     }

     Frame Bip01_Neck {
      

      FrameTransformMatrix {
       0.756637,0.259928,0.599948,0.000000,-0.081728,0.947986,-0.307642,0.000000,-0.648707,0.183741,0.738525,0.000000,0.130522,-0.000005,0.004632,1.000000;;
      }

      Frame Bip01_Head {
       

       FrameTransformMatrix {
        0.257319,0.008567,-0.966289,0.000000,0.056329,0.998127,0.023849,0.000000,0.964683,-0.060567,0.256354,0.000000,0.033674,0.000000,0.000000,1.000000;;
       }

       Frame Bip01_HeadNub {
        

        FrameTransformMatrix {
         1.000000,0.000000,0.000000,0.000000,0.000000,1.000000,-0.000000,0.000000,0.000000,-0.000000,1.000000,0.000000,0.169824,0.000000,0.000000,1.000000;;
        }
       }
      }

      Frame Bip01_L_Clavicle {
       

       FrameTransformMatrix {
        0.245039,0.964201,0.101357,0.000000,0.746760,-0.121031,-0.653989,0.000000,-0.618309,0.235942,-0.749684,0.000000,-0.016884,0.018292,0.015063,1.000000;;
       }

       Frame Bip01_L_UpperArm {
        

        FrameTransformMatrix {
         0.337772,-0.911014,-0.236565,0.000000,0.940473,0.336731,0.046072,0.000000,0.037686,-0.238045,0.970523,0.000000,0.087086,0.000000,0.000000,1.000000;;
        }

        Frame Bip01_L_Forearm {
         

         FrameTransformMatrix {
          -0.130552,-0.000000,-0.991442,0.000000,-0.000000,1.000000,-0.000000,0.000000,0.991442,0.000000,-0.130552,0.000000,0.137062,-0.000000,0.000000,1.000000;;
         }

         Frame Bip01_L_Hand {
          

          FrameTransformMatrix {
           0.952855,0.189613,-0.236883,0.000000,0.235555,-0.954362,0.183593,0.000000,-0.191261,-0.230737,-0.954034,0.000000,0.137062,0.000000,0.000000,1.000000;;
          }

          Frame Bip01_L_Finger0 {
           

           FrameTransformMatrix {
            0.434157,-0.900562,0.022272,0.000000,0.891588,0.426034,-0.153516,0.000000,0.128761,0.086507,0.987896,0.000000,0.057681,-0.023605,-0.000272,1.000000;;
           }

           Frame Bip01_L_Finger0Nub {
            

            FrameTransformMatrix {
             1.000000,-0.000000,0.000000,0.000000,-0.000000,1.000000,0.000000,0.000000,0.000000,-0.000000,1.000000,0.000000,0.029435,0.000000,0.000000,1.000000;;
            }
           }
          }

          Frame Bip01_L_Finger1 {
           

           FrameTransformMatrix {
            0.391047,0.023068,0.920081,0.000000,-0.262234,0.961042,0.087358,0.000000,-0.882222,-0.275437,0.381862,0.000000,0.084102,0.000000,0.000000,1.000000;;
           }

           Frame Bip01_L_Finger1Nub {
            

            FrameTransformMatrix {
             1.000000,0.000000,-0.000000,0.000000,-0.000000,1.000000,-0.000000,0.000000,0.000000,0.000000,1.000000,0.000000,0.047988,0.000000,0.000000,1.000000;;
            }
           }
          }
         }
        }
       }
      }

      Frame Bip01_R_Clavicle {
       

       FrameTransformMatrix {
        -0.406744,-0.908904,-0.091944,0.000000,-0.696060,0.243155,0.675557,0.000000,-0.591659,0.338777,-0.731553,0.000000,-0.025054,-0.011503,0.009289,1.000000;;
       }

       Frame Bip01_R_UpperArm {
        

        FrameTransformMatrix {
         0.333277,0.941378,-0.052292,0.000000,-0.877238,0.329939,0.348702,0.000000,0.345514,-0.070341,0.935774,0.000000,0.087086,-0.000000,0.000000,1.000000;;
        }

        Frame Bip01_R_Forearm {
         

         FrameTransformMatrix {
          -0.206072,-0.000000,-0.978537,0.000000,0.000000,1.000000,-0.000000,0.000000,0.978537,-0.000000,-0.206072,0.000000,0.137062,-0.000000,0.000000,1.000000;;
         }

         Frame Bip01_R_Hand {
          

          FrameTransformMatrix {
           0.998314,0.024807,-0.052486,0.000000,-0.040352,0.946499,-0.320174,0.000000,0.041735,0.321752,0.945904,0.000000,0.137062,0.000000,0.000000,1.000000;;
          }

          Frame Bip01_R_Finger0 {
           

           FrameTransformMatrix {
            0.397457,0.907925,0.133049,0.000000,-0.917417,0.390109,0.078500,0.000000,0.019368,-0.153262,0.987996,0.000000,0.057681,0.023605,-0.000272,1.000000;;
           }

           Frame Bip01_R_Finger0Nub {
            

            FrameTransformMatrix {
             -1.000000,0.000000,0.000000,0.000000,-0.000000,1.000000,0.000000,0.000000,-0.000000,0.000000,-1.000000,0.000000,0.029435,0.000000,0.000000,1.000000;;
            }
           }
          }

          Frame Bip01_R_Finger1 {
           

           FrameTransformMatrix {
            0.629171,0.000619,0.777267,0.000000,-0.000000,1.000000,-0.000796,0.000000,-0.777267,0.000501,0.629170,0.000000,0.084102,0.000000,0.000000,1.000000;;
           }

           Frame Bip01_R_Finger1Nub {
            

            FrameTransformMatrix {
             -1.000000,-0.000000,-0.000000,0.000000,0.000000,1.000000,0.000000,0.000000,-0.000000,0.000000,-1.000000,0.000000,0.047988,0.000000,-0.000000,1.000000;;
            }
           }
          }
         }
        }
       }
      }
     }

     Frame Bip01_BackPack {
      

      FrameTransformMatrix {
       -0.164536,0.321284,-0.932580,0.000000,0.125289,0.944614,0.303325,0.000000,0.978382,-0.066934,-0.195677,0.000000,0.043238,0.001401,-0.084748,1.000000;;
      }

      Frame Bip01_BackPackNub {
       

       FrameTransformMatrix {
        0.000796,0.000003,1.000000,0.000000,-0.000000,-1.000000,0.000003,0.000000,1.000000,0.000000,-0.000796,0.000000,0.053240,-0.000000,0.000000,1.000000;;
       }
      }
     }
    }

    Frame Bip01_L_Thigh {
     

     FrameTransformMatrix {
      -0.195559,0.273736,0.941714,0.000000,-0.088278,-0.961270,0.261088,0.000000,0.976711,-0.032075,0.212149,0.000000,-0.040437,0.057540,0.018422,1.000000;;
     }

     Frame Bip01_L_Calf {
      

      FrameTransformMatrix {
       0.632483,0.000000,-0.774574,0.000000,0.000000,1.000000,0.000000,0.000000,0.774574,0.000000,0.632483,0.000000,0.237500,0.000000,0.000000,1.000000;;
      }

      Frame Bip01_L_Foot {
       

       FrameTransformMatrix {
        0.935618,0.076592,0.344606,0.000000,-0.126775,0.983960,0.125505,0.000000,-0.329466,-0.161112,0.930320,0.000000,0.206841,-0.000000,-0.000000,1.000000;;
       }

       Frame Bip01_L_Toe0 {
        

        FrameTransformMatrix {
         0.132994,0.006611,0.991095,0.000000,0.009838,0.999920,-0.007990,0.000000,-0.991068,0.010813,0.132918,0.000000,0.065373,0.000000,0.066450,1.000000;;
        }

        Frame Bip01_L_Toe0Nub {
         

         FrameTransformMatrix {
          -1.000000,-0.000000,-0.000000,0.000000,-0.000000,1.000000,-0.000000,0.000000,0.000000,-0.000000,-1.000000,0.000000,0.006735,0.000000,0.000000,1.000000;;
         }
        }
       }
      }
     }
    }

    Frame Bip01_R_Thigh {
     

     FrameTransformMatrix {
      -0.938948,-0.156739,0.306284,0.000000,0.066818,-0.956328,-0.284557,0.000000,0.337509,-0.246719,0.908415,0.000000,-0.056965,-0.051629,0.015539,1.000000;;
     }

     Frame Bip01_R_Calf {
      

      FrameTransformMatrix {
       0.809814,0.000000,-0.586687,0.000000,0.000000,1.000000,-0.000000,0.000000,0.586687,0.000000,0.809814,0.000000,0.237500,0.000000,-0.000000,1.000000;;
      }

      Frame Bip01_R_Foot {
       

       FrameTransformMatrix {
        0.999291,0.008222,-0.036732,0.000000,-0.005612,0.997487,0.070626,0.000000,0.037220,-0.070370,0.996826,0.000000,0.206841,0.000000,0.000000,1.000000;;
       }

       Frame Bip01_R_Toe0 {
        

        FrameTransformMatrix {
         -0.492740,-0.208486,0.844832,0.000000,0.175328,0.927176,0.331065,0.000000,-0.852331,0.311252,-0.420303,0.000000,0.065373,0.000000,0.066450,1.000000;;
        }

        Frame Bip01_R_Toe0Nub {
         

         FrameTransformMatrix {
          1.000000,-0.000000,-0.000000,0.000000,-0.000000,1.000000,0.000000,0.000000,0.000000,0.000000,1.000000,0.000000,0.006735,0.000000,0.000000,1.000000;;
         }
        }
       }
      }
     }
    }
   }

   Frame Bip01_DressFront {
    

    FrameTransformMatrix {
     -0.620722,0.241948,0.745765,0.000000,0.214634,0.967295,-0.135172,0.000000,-0.754080,0.076163,-0.652352,0.000000,-0.030214,0.000007,0.072869,1.000000;;
    }

    Frame Bip01_DressFront02 {
     

     FrameTransformMatrix {
      0.866064,0.000001,0.499933,0.000000,-0.000001,1.000000,-0.000000,0.000000,-0.499933,-0.000000,0.866064,0.000000,0.183390,-0.000000,-0.000114,1.000000;;
     }

     Frame Bip01_DressFrontNub {
      

      FrameTransformMatrix {
       0.000796,0.000003,1.000000,0.000000,0.000000,-1.000000,0.000003,0.000000,1.000000,0.000000,-0.000796,0.000000,0.165302,0.000000,0.000000,1.000000;;
      }
     }
    }
   }

   Frame Bip01_DressBack {
    

    FrameTransformMatrix {
     -0.758337,0.091145,0.645460,0.000000,0.362375,0.882023,0.301196,0.000000,-0.541858,0.462307,-0.701899,0.000000,-0.047656,-0.000065,-0.078321,1.000000;;
    }

    Frame Bip01_DressBack02 {
     

     FrameTransformMatrix {
      0.780396,-0.312462,0.541617,0.000000,0.260018,0.949914,0.173360,0.000000,-0.568658,0.005540,0.822555,0.000000,0.176221,-0.000001,-0.000089,1.000000;;
     }

     Frame Bip01_DressBackNub {
      

      FrameTransformMatrix {
       0.000796,0.000003,1.000000,0.000000,0.000000,-1.000000,0.000003,0.000000,1.000000,-0.000000,-0.000796,0.000000,0.136508,-0.000000,0.000000,1.000000;;
      }
     }
    }
   }
  }

  Frame Bip01_Prop1 {
   

   FrameTransformMatrix {
    0.505783,-0.844879,0.174249,0.000000,0.096115,0.255924,0.961907,0.000000,-0.857289,-0.469768,0.210647,0.000000,0.158552,0.007305,-0.055774,1.000000;;
   }
  }

  Frame Bip01_Prop2 {
   

   FrameTransformMatrix {
    0.924330,-0.353356,-0.144063,0.000000,0.222777,0.806208,-0.548086,0.000000,0.309814,0.474518,0.823922,0.000000,0.138263,0.050816,0.170571,1.000000;;
   }
  }
 }
}

Frame Translation_Data {
 

 FrameTransformMatrix {
  1.000000,0.000000,0.000000,0.000000,0.000000,-0.000000,-1.000000,0.000000,0.000000,1.000000,-0.000000,0.000000,0.000000,-0.000000,0.000000,1.000000;;
 }
}

Frame Body {
 

 FrameTransformMatrix {
  1.000000,0.000000,0.000000,0.000000,0.000000,1.000000,0.000000,0.000000,0.000000,0.000000,1.000000,0.000000,0.000000,0.000000,0.000000,1.000000;;
 }

 Mesh Body {
  617;
  0.047605;0.616123;-0.203946;,
  0.011993;0.611195;-0.188121;,
  0.010147;0.642188;-0.201819;,
  0.058679;0.599199;-0.191497;,
  0.062523;0.584476;-0.178387;,
  0.027862;0.558945;-0.153708;,
  0.016147;0.578155;-0.173638;,
  0.071641;0.576444;-0.145088;,
  0.019710;0.683603;-0.199008;,
  0.074052;0.680942;-0.175531;,
  0.056018;0.667539;-0.196135;,
  0.046515;0.692423;-0.169329;,
  0.090604;0.504511;-0.020713;,
  0.060345;0.518213;0.009335;,
  0.062828;0.504837;0.018668;,
  0.082720;0.514096;-0.023522;,
  0.056491;0.500326;-0.070470;,
  0.076716;0.481218;-0.054390;,
  0.019536;0.488566;-0.085406;,
  0.054637;0.454708;-0.068649;,
  0.024537;0.441071;-0.065751;,
  -0.025933;0.562386;-0.145507;,
  -0.024014;0.585051;-0.168640;,
  0.020965;0.517077;0.026299;,
  0.024657;0.500543;0.036248;,
  0.063797;0.619500;-0.048019;,
  0.014090;0.665312;-0.062452;,
  0.015330;0.630800;-0.032926;,
  0.067310;0.653232;-0.079026;,
  0.044964;0.440103;-0.087248;,
  0.087966;0.362876;-0.152486;,
  0.045854;0.381202;-0.164576;,
  0.086422;0.422349;-0.068910;,
  0.040776;0.304897;-0.238846;,
  0.076306;0.288026;-0.207671;,
  0.001505;0.430369;-0.069871;,
  0.022700;0.305787;-0.089129;,
  0.045875;0.401217;0.053919;,
  0.003313;0.358872;-0.139898;,
  0.029632;0.269429;-0.167148;,
  0.019944;0.283926;-0.202213;,
  0.099592;0.317845;-0.107404;,
  0.095493;0.380996;-0.029721;,
  0.069682;0.275005;-0.172542;,
  0.088609;0.011552;-0.199230;,
  0.048978;-0.000089;-0.155344;,
  0.043722;0.012942;-0.202098;,
  0.083832;-0.000471;-0.155673;,
  0.050364;0.233956;-0.223482;,
  0.088793;0.161400;-0.195174;,
  0.055714;0.160164;-0.219360;,
  0.085567;0.235914;-0.199565;,
  0.087535;0.081151;-0.187323;,
  0.065024;0.083078;-0.213650;,
  0.014418;0.213357;-0.193682;,
  0.032984;0.165662;-0.148549;,
  0.022235;0.230224;-0.141135;,
  0.030336;0.156174;-0.190228;,
  0.056739;0.088301;-0.160510;,
  0.050585;0.073357;-0.190734;,
  0.094304;0.168926;-0.157775;,
  0.092669;0.243162;-0.151177;,
  0.080447;0.094324;-0.162528;,
  0.086777;0.454044;-0.046827;,
  -0.017035;0.431043;-0.058373;,
  0.001505;0.430369;-0.069871;,
  -0.008587;0.400155;-0.039379;,
  0.110287;0.460056;0.002109;,
  0.074133;0.463621;0.044086;,
  0.101189;0.399058;-0.009056;,
  0.067265;0.401964;0.029246;,
  0.060285;0.574736;-0.020125;,
  0.088757;0.602252;-0.066869;,
  0.094359;0.593313;-0.084451;,
  0.059029;0.534006;-0.085092;,
  0.072004;0.563059;-0.121153;,
  0.082430;0.557726;-0.048465;,
  0.028699;0.544400;-0.135293;,
  0.028220;0.518279;-0.098128;,
  -0.025768;0.553427;-0.129942;,
  -0.019328;0.518086;-0.085091;,
  0.109575;0.594868;-0.206147;,
  0.135122;0.560896;-0.178611;,
  0.058419;0.596830;-0.189568;,
  0.106959;0.530714;-0.121363;,
  0.080513;0.549964;-0.156514;,
  0.151551;0.536954;-0.139359;,
  0.071896;0.626866;-0.138303;,
  0.080513;0.549964;-0.156514;,
  0.092057;0.592003;-0.106866;,
  0.118841;0.534230;-0.082670;,
  0.106959;0.530714;-0.121363;,
  0.080572;0.633823;-0.136122;,
  0.146675;0.603231;-0.129105;,
  0.120776;0.636128;-0.155940;,
  0.163345;0.540180;-0.100564;,
  0.121202;0.615218;-0.187523;,
  0.146911;0.544034;-0.158561;,
  0.087607;0.498828;-0.186007;,
  0.093076;0.537527;-0.139590;,
  0.122322;0.504811;-0.196328;,
  0.089771;0.471770;-0.216187;,
  0.105058;0.468047;-0.225999;,
  0.093076;0.537527;-0.139590;,
  0.112469;0.459388;-0.152837;,
  0.112360;0.494383;-0.098044;,
  0.087607;0.498828;-0.186007;,
  0.091880;0.446986;-0.197195;,
  0.089771;0.471770;-0.216187;,
  0.139041;0.464429;-0.160748;,
  0.165839;0.501005;-0.116991;,
  0.113443;0.440955;-0.203987;,
  0.074111;0.455826;-0.331483;,
  0.059940;0.452043;-0.276332;,
  0.086618;0.463031;-0.314884;,
  0.048011;0.445020;-0.293050;,
  0.131682;0.459069;-0.293890;,
  0.129229;0.443271;-0.298874;,
  0.127707;0.453456;-0.302750;,
  0.138121;0.450459;-0.289361;,
  0.062449;0.459706;-0.237865;,
  0.107204;0.448324;-0.276758;,
  0.056461;0.437390;-0.267225;,
  0.106531;0.475271;-0.254797;,
  0.061556;0.418330;-0.270199;,
  0.076292;0.425955;-0.227829;,
  0.122972;0.441645;-0.244468;,
  0.110599;0.428789;-0.278598;,
  0.083229;0.667381;-0.203891;,
  0.081453;0.644237;-0.222698;,
  0.056018;0.667539;-0.196135;,
  0.048233;0.645839;-0.208191;,
  0.097457;0.636481;-0.100120;,
  0.022772;0.657005;-0.208570;,
  0.076215;0.618018;-0.219129;,
  0.058679;0.599199;-0.191497;,
  0.047605;0.616123;-0.203946;,
  0.081651;0.605220;-0.202492;,
  0.094988;0.656666;-0.143257;,
  0.064344;0.673687;-0.118656;,
  0.096087;0.655686;-0.149217;,
  0.010039;0.684814;-0.101177;,
  0.000192;0.694693;-0.159591;,
  0.074052;0.680942;-0.175531;,
  0.096087;0.655686;-0.149217;,
  0.072351;0.604847;-0.158303;,
  0.094842;0.644030;-0.148592;,
  0.058419;0.596830;-0.189568;,
  0.090572;0.610885;-0.117246;,
  0.074328;0.585093;-0.133746;,
  0.062523;0.584476;-0.178387;,
  0.100053;0.623217;-0.111119;,
  0.106531;0.475271;-0.254797;,
  0.021950;0.662942;-0.224610;,
  0.012699;0.679465;-0.216616;,
  -0.007263;0.693688;-0.193202;,
  -0.013336;0.686431;-0.214827;,
  0.110599;0.428789;-0.278598;,
  0.074111;0.455826;-0.331483;,
  0.048011;0.445020;-0.293050;,
  0.121916;0.468408;-0.279206;,
  0.130313;0.445030;-0.271863;,
  0.121916;0.468408;-0.279206;,
  0.114191;0.456678;-0.290138;,
  0.112429;0.434406;-0.279813;,
  0.112429;0.434406;-0.279813;,
  0.131682;0.459069;-0.293890;,
  0.138121;0.450459;-0.289361;,
  0.129229;0.443271;-0.298874;,
  0.095232;0.052728;-0.267586;,
  0.064777;0.044123;-0.316403;,
  0.063676;0.060135;-0.304499;,
  0.100533;0.033728;-0.280305;,
  0.045662;0.034987;-0.156733;,
  0.043722;0.012942;-0.202098;,
  0.048978;-0.000089;-0.155344;,
  0.042664;0.037692;-0.197923;,
  0.056739;0.088301;-0.160510;,
  0.087237;0.037529;-0.156521;,
  0.080447;0.094324;-0.162528;,
  0.088609;0.011552;-0.199230;,
  0.083832;-0.000471;-0.155673;,
  0.090196;0.045886;-0.192353;,
  0.065024;0.083078;-0.213650;,
  0.087535;0.081151;-0.187323;,
  0.036133;0.054779;-0.295172;,
  0.029825;0.041795;-0.306255;,
  0.100533;0.033728;-0.280305;,
  0.029825;0.041795;-0.306255;,
  0.003313;0.358872;-0.139898;,
  0.019944;0.283926;-0.202213;,
  0.014418;0.213357;-0.193682;,
  0.030336;0.156174;-0.190228;,
  0.050585;0.073357;-0.190734;,
  0.050585;0.073357;-0.190734;,
  0.012419;0.398274;0.008150;,
  0.032761;0.658572;-0.237123;,
  0.014922;0.643681;-0.250693;,
  0.023858;0.649401;-0.254361;,
  0.014061;0.648442;-0.230080;,
  0.025518;0.683910;-0.220283;,
  0.017965;0.699551;-0.203524;,
  0.006837;0.787147;-0.289297;,
  -0.013294;0.771751;-0.312542;,
  -0.012818;0.791725;-0.290362;,
  0.020026;0.709334;-0.314190;,
  0.002963;0.706462;-0.319964;,
  0.016622;0.738841;-0.314907;,
  0.029783;0.667641;-0.263779;,
  0.038279;0.686012;-0.241976;,
  0.031384;0.672041;-0.232067;,
  0.039838;0.724574;-0.236114;,
  0.040019;0.727299;-0.260498;,
  0.030310;0.750269;-0.301606;,
  0.039391;0.760516;-0.277261;,
  0.035359;0.715064;-0.284395;,
  0.037497;0.733145;-0.221851;,
  0.027013;0.747248;-0.204841;,
  -0.011922;0.751921;-0.193980;,
  0.020793;0.787936;-0.230495;,
  -0.011893;0.793206;-0.220912;,
  0.035739;0.693783;-0.276489;,
  0.020170;0.654342;-0.273886;,
  0.020924;0.681938;-0.296922;,
  0.005334;0.627493;-0.277348;,
  -0.014013;0.625989;-0.264309;,
  -0.014326;0.621497;-0.284965;,
  0.012360;0.760002;-0.312385;,
  0.026471;0.777288;-0.286032;,
  0.035634;0.779487;-0.247854;,
  0.022051;0.793462;-0.261347;,
  0.004944;0.800815;-0.256732;,
  -0.012241;0.803819;-0.254975;,
  -0.012287;0.711750;-0.193371;,
  0.035634;0.779487;-0.247854;,
  0.022051;0.793462;-0.261347;,
  0.044539;0.688332;-0.243484;,
  0.050437;0.735314;-0.248298;,
  0.055530;0.719672;-0.234774;,
  0.043156;0.716104;-0.247362;,
  0.055530;0.719672;-0.234774;,
  0.044539;0.688332;-0.243484;,
  0.050437;0.735314;-0.248298;,
  0.040019;0.727299;-0.260498;,
  0.040305;0.702153;-0.259512;,
  0.038279;0.686012;-0.241976;,
  0.020743;0.703134;-0.303709;,
  0.040305;0.702153;-0.259512;,
  0.022772;0.657005;-0.208570;,
  0.021950;0.662942;-0.224610;,
  0.048233;0.645839;-0.208191;,
  0.025518;0.683910;-0.220283;,
  -0.021296;0.626218;-0.197861;,
  -0.022177;0.608117;-0.182767;,
  -0.021675;0.486414;-0.071322;,
  0.035824;0.460928;0.061360;,
  0.037506;0.426865;0.065032;,
  0.017708;0.376765;0.016780;,
  -0.013328;0.625366;-0.231207;,
  0.012419;0.398274;0.008150;,
  0.004944;0.800815;-0.256732;,
  -0.012241;0.803819;-0.254975;,
  0.006025;0.655998;-0.291865;,
  -0.001505;0.675683;-0.305191;,
  -0.001365;0.666399;-0.302546;,
  -0.013529;0.759052;-0.321411;,
  -0.013836;0.734319;-0.327375;,
  0.000977;0.700720;-0.308450;,
  0.016050;0.581225;-0.004627;,
  0.048233;0.645839;-0.208191;,
  0.064777;0.044123;-0.316403;,
  -0.002381;0.645850;-0.295607;,
  0.005401;0.649791;-0.289672;,
  -0.002487;0.651510;-0.293588;,
  -0.014218;0.664099;-0.306865;,
  -0.014319;0.669476;-0.318345;,
  -0.002793;0.653842;-0.299345;,
  -0.014164;0.651752;-0.294018;,
  -0.014287;0.643575;-0.297580;,
  -0.014100;0.703591;-0.325738;,
  -0.014087;0.695768;-0.319240;,
  0.094842;0.644030;-0.148592;,
  -0.014269;0.652923;-0.302787;,
  0.071420;0.620267;-0.150391;,
  0.072351;0.604847;-0.158303;,
  0.062523;0.584476;-0.178387;,
  0.037497;0.733145;-0.221851;,
  0.050364;0.233956;-0.223482;,
  0.028612;0.153009;-0.224072;,
  0.007571;0.226817;-0.217796;,
  0.055714;0.160164;-0.219360;,
  0.040776;0.304897;-0.238846;,
  0.000932;0.295048;-0.215463;,
  0.045854;0.381202;-0.164576;,
  -0.006842;0.361514;-0.144993;,
  0.044964;0.440103;-0.087248;,
  -0.007811;0.427734;-0.085845;,
  0.024537;0.441071;-0.065751;,
  0.038637;0.082282;-0.233043;,
  0.065024;0.083078;-0.213650;,
  0.043815;0.155520;-0.114892;,
  0.051985;0.076204;0.050724;,
  0.053067;0.085947;-0.113573;,
  0.040978;0.144406;0.032070;,
  0.025943;0.204771;0.012257;,
  0.028615;0.229204;-0.128003;,
  0.022388;0.259489;0.005609;,
  0.027216;0.257067;-0.141202;,
  0.024120;0.295566;-0.078291;,
  0.023907;0.325781;0.016798;,
  0.037843;0.400857;0.059279;,
  0.071420;0.620267;-0.150391;,
  -0.085990;0.638072;-0.171183;,
  -0.051965;0.624243;-0.175133;,
  -0.094790;0.625407;-0.155106;,
  -0.043884;0.652704;-0.191390;,
  -0.100547;0.617397;-0.144268;,
  -0.075556;0.578123;-0.129965;,
  -0.101940;0.608633;-0.105235;,
  -0.062501;0.594200;-0.157666;,
  -0.036226;0.694228;-0.188493;,
  -0.074919;0.710060;-0.144342;,
  -0.043550;0.710798;-0.151039;,
  -0.076005;0.688556;-0.164573;,
  -0.061870;0.504245;0.046667;,
  -0.018680;0.520026;0.042364;,
  -0.058279;0.517329;0.035408;,
  -0.014052;0.504703;0.052642;,
  -0.074756;0.503335;-0.015616;,
  -0.077353;0.480949;0.013695;,
  -0.060456;0.490400;-0.051973;,
  -0.073874;0.452330;-0.014082;,
  -0.050508;0.440940;-0.032588;,
  0.020965;0.517077;0.026299;,
  0.024657;0.500543;0.036248;,
  -0.035425;0.635535;-0.021862;,
  0.014090;0.665312;-0.062452;,
  -0.041820;0.673469;-0.053971;,
  0.015330;0.630800;-0.032926;,
  -0.074579;0.401866;-0.013560;,
  -0.113158;0.324883;0.062986;,
  -0.084890;0.415393;0.034110;,
  -0.097226;0.310884;0.020493;,
  -0.112638;0.214402;0.051240;,
  -0.111904;0.237671;0.097427;,
  -0.025407;0.392908;-0.017813;,
  -0.008013;0.316455;0.083149;,
  -0.044119;0.301347;0.018038;,
  0.023730;0.401179;0.063705;,
  -0.046420;0.237998;0.097422;,
  -0.067247;0.219299;0.067556;,
  -0.077887;0.337455;0.115837;,
  -0.052049;0.406813;0.085207;,
  -0.079971;0.251759;0.116113;,
  -0.050089;0.060234;0.297755;,
  0.005641;0.082680;0.302495;,
  -0.024305;0.091813;0.317819;,
  -0.013158;0.045982;0.276356;,
  -0.092072;0.179645;0.108568;,
  -0.085052;0.154667;0.191450;,
  -0.101771;0.206437;0.140241;,
  -0.077207;0.128935;0.160515;,
  -0.062934;0.099415;0.243571;,
  -0.061575;0.075121;0.218838;,
  -0.042105;0.170289;0.113061;,
  -0.015070;0.167290;0.175643;,
  -0.038831;0.134923;0.160745;,
  -0.016411;0.216178;0.131519;,
  -0.025223;0.113057;0.232544;,
  -0.032564;0.082625;0.230454;,
  -0.065759;0.183982;0.207391;,
  -0.076251;0.242506;0.162424;,
  -0.046254;0.123020;0.240461;,
  -0.078456;0.453755;0.026190;,
  -0.025407;0.392908;-0.017813;,
  -0.058116;0.459762;0.076527;,
  -0.002748;0.463487;0.078060;,
  -0.049714;0.416330;0.083627;,
  0.000190;0.418622;0.081557;,
  -0.029586;0.586448;0.007104;,
  -0.070832;0.628043;-0.024798;,
  -0.087124;0.622642;-0.036609;,
  -0.076973;0.551729;-0.043885;,
  -0.067991;0.577328;-0.002890;,
  -0.097139;0.590394;-0.076564;,
  -0.074987;0.561156;-0.107959;,
  -0.064365;0.530344;-0.070076;,
  -0.130778;0.619325;-0.133652;,
  -0.077282;0.624448;-0.136411;,
  -0.143383;0.594820;-0.091161;,
  -0.095943;0.581587;-0.040250;,
  -0.144288;0.583650;-0.043225;,
  -0.083923;0.588962;-0.086674;,
  -0.075108;0.667671;-0.093529;,
  -0.081292;0.643238;-0.049088;,
  -0.083923;0.588962;-0.086674;,
  -0.094507;0.594046;-0.003097;,
  -0.095943;0.581587;-0.040250;,
  -0.083035;0.675176;-0.090484;,
  -0.140827;0.649342;-0.053779;,
  -0.127586;0.672996;-0.095470;,
  -0.142715;0.595840;-0.005940;,
  -0.136976;0.644274;-0.118313;,
  -0.146639;0.587402;-0.064634;,
  -0.096233;0.538052;-0.101207;,
  -0.132769;0.541449;-0.100205;,
  -0.089227;0.585460;-0.063984;,
  -0.096448;0.497998;-0.117577;,
  -0.121737;0.500470;-0.127132;,
  -0.089227;0.585460;-0.063984;,
  -0.105723;0.506093;-0.054704;,
  -0.096233;0.538052;-0.101207;,
  -0.090432;0.551769;-0.010936;,
  -0.114535;0.479984;-0.095762;,
  -0.096448;0.497998;-0.117577;,
  -0.133729;0.509142;-0.054036;,
  -0.147509;0.553831;-0.011726;,
  -0.124656;0.478224;-0.098530;,
  -0.074431;0.393628;-0.181791;,
  -0.119209;0.410332;-0.150604;,
  -0.119977;0.397668;-0.168215;,
  -0.073125;0.406566;-0.164048;,
  -0.051294;0.454642;-0.161894;,
  -0.057913;0.452709;-0.177155;,
  -0.052692;0.463896;-0.168859;,
  -0.052470;0.446694;-0.169721;,
  -0.125520;0.448004;-0.116057;,
  -0.082399;0.454089;-0.157876;,
  -0.078279;0.461260;-0.124105;,
  -0.128432;0.429982;-0.148654;,
  -0.133836;0.436668;-0.166659;,
  -0.138689;0.473635;-0.140574;,
  -0.089685;0.488788;-0.149001;,
  -0.089776;0.460561;-0.175202;,
  -0.103097;0.693217;-0.152626;,
  -0.116770;0.671726;-0.168295;,
  -0.076005;0.688556;-0.164573;,
  -0.080608;0.666338;-0.175580;,
  -0.082160;0.669789;-0.058881;,
  -0.051864;0.670943;-0.194796;,
  -0.116255;0.643985;-0.166711;,
  -0.094790;0.625407;-0.155106;,
  -0.111019;0.630333;-0.146899;,
  -0.085990;0.638072;-0.171183;,
  -0.089195;0.695252;-0.105112;,
  -0.092819;0.695060;-0.109949;,
  -0.046703;0.696342;-0.096105;,
  0.010039;0.684814;-0.101177;,
  0.000192;0.694693;-0.159591;,
  -0.074919;0.710060;-0.144342;,
  -0.092819;0.695060;-0.109949;,
  -0.092315;0.636591;-0.122187;,
  -0.077282;0.624448;-0.136411;,
  -0.094677;0.681970;-0.107320;,
  -0.093141;0.644953;-0.075067;,
  -0.096124;0.616702;-0.094612;,
  -0.100547;0.617397;-0.144268;,
  -0.093906;0.659184;-0.066587;,
  -0.078279;0.461260;-0.124105;,
  -0.048412;0.662386;-0.225724;,
  -0.039355;0.679054;-0.217440;,
  -0.007263;0.693688;-0.193202;,
  -0.013336;0.686431;-0.214827;,
  -0.089776;0.460561;-0.175202;,
  -0.074431;0.393628;-0.181791;,
  -0.119977;0.397668;-0.168215;,
  -0.061450;0.457553;-0.144965;,
  -0.069549;0.473268;-0.163896;,
  -0.061450;0.457553;-0.144965;,
  -0.067193;0.446993;-0.158091;,
  -0.083776;0.458341;-0.172304;,
  -0.083776;0.458341;-0.172304;,
  -0.051294;0.454642;-0.161894;,
  -0.052692;0.463896;-0.168859;,
  -0.057913;0.452709;-0.177155;,
  -0.096532;0.019625;0.246708;,
  -0.088024;-0.034701;0.227708;,
  -0.100625;0.002204;0.261896;,
  -0.086974;-0.018066;0.216687;,
  -0.002669;0.095010;0.270523;,
  -0.013158;0.045982;0.276356;,
  -0.017985;0.059513;0.255746;,
  0.005641;0.082680;0.302495;,
  -0.025223;0.113057;0.232544;,
  -0.039043;0.107664;0.286389;,
  -0.046254;0.123020;0.240461;,
  -0.050089;0.060234;0.297755;,
  -0.058958;0.080787;0.270782;,
  -0.024305;0.091813;0.317819;,
  -0.061575;0.075121;0.218838;,
  -0.062934;0.099415;0.243571;,
  -0.057844;-0.019736;0.211897;,
  -0.053106;-0.036447;0.217329;,
  -0.100625;0.002204;0.261896;,
  -0.053106;-0.036447;0.217329;,
  -0.044119;0.301347;0.018038;,
  -0.067247;0.219299;0.067556;,
  -0.042105;0.170289;0.113061;,
  -0.038831;0.134923;0.160745;,
  -0.032564;0.082625;0.230454;,
  -0.032564;0.082625;0.230454;,
  -0.059446;0.659427;-0.235912;,
  -0.042248;0.644211;-0.249942;,
  -0.040443;0.648011;-0.230943;,
  -0.051170;0.650097;-0.253376;,
  -0.051294;0.684622;-0.219274;,
  -0.043016;0.700116;-0.202724;,
  -0.032520;0.787512;-0.288781;,
  -0.012818;0.791725;-0.290362;,
  -0.047799;0.709963;-0.313299;,
  -0.043868;0.739402;-0.314113;,
  -0.030949;0.706777;-0.319519;,
  -0.057001;0.668446;-0.262640;,
  -0.064579;0.686966;-0.240626;,
  -0.057687;0.672867;-0.230898;,
  -0.065269;0.725549;-0.234734;,
  -0.066039;0.728283;-0.259106;,
  -0.056987;0.751079;-0.300460;,
  -0.062235;0.715969;-0.283114;,
  -0.065235;0.761486;-0.275888;,
  -0.062395;0.734071;-0.220540;,
  -0.051209;0.747974;-0.203814;,
  -0.011922;0.751921;-0.193980;,
  -0.044911;0.788545;-0.229633;,
  -0.011893;0.793206;-0.220912;,
  -0.062802;0.694697;-0.275196;,
  -0.048751;0.682584;-0.296008;,
  -0.047904;0.654974;-0.272993;,
  -0.033665;0.627855;-0.276836;,
  -0.039149;0.760480;-0.311709;,
  -0.052241;0.778018;-0.284999;,
  -0.060356;0.780377;-0.246594;,
  -0.046875;0.794102;-0.260442;,
  -0.012241;0.803819;-0.254975;,
  -0.029519;0.801134;-0.256280;,
  -0.012287;0.711750;-0.193371;,
  -0.060356;0.780377;-0.246594;,
  -0.046875;0.794102;-0.260442;,
  -0.070832;0.689402;-0.241970;,
  -0.075983;0.736487;-0.246639;,
  -0.069037;0.717145;-0.245889;,
  -0.081008;0.720938;-0.232982;,
  -0.081008;0.720938;-0.232982;,
  -0.070832;0.689402;-0.241970;,
  -0.075983;0.736487;-0.246639;,
  -0.066039;0.728283;-0.259106;,
  -0.066765;0.703146;-0.258107;,
  -0.064579;0.686966;-0.240626;,
  -0.048355;0.703775;-0.302802;,
  -0.066765;0.703146;-0.258107;,
  -0.051864;0.670943;-0.194796;,
  -0.048412;0.662386;-0.225724;,
  -0.080608;0.666338;-0.175580;,
  -0.051294;0.684622;-0.219274;,
  0.035824;0.460928;0.061360;,
  0.037506;0.426865;0.065032;,
  0.017708;0.376765;0.016780;,
  0.012419;0.398274;0.008150;,
  -0.029519;0.801134;-0.256280;,
  -0.012241;0.803819;-0.254975;,
  -0.034208;0.656371;-0.291337;,
  -0.026666;0.675917;-0.304860;,
  -0.026909;0.666636;-0.302211;,
  -0.028768;0.700996;-0.308059;,
  0.016050;0.581225;-0.004627;,
  -0.080608;0.666338;-0.175580;,
  -0.088024;-0.034701;0.227708;,
  -0.033642;0.650153;-0.289160;,
  -0.026092;0.646070;-0.295295;,
  -0.025829;0.651726;-0.293282;,
  -0.025630;0.654054;-0.299045;,
  -0.094677;0.681970;-0.107320;,
  -0.083592;0.651206;-0.116564;,
  -0.092315;0.636591;-0.122187;,
  -0.100547;0.617397;-0.144268;,
  -0.062395;0.734071;-0.220540;,
  -0.053406;0.176323;-0.055667;,
  -0.010298;0.132632;-0.162138;,
  -0.045827;0.112084;-0.031588;,
  -0.021775;0.205387;-0.159256;,
  -0.070508;0.224638;-0.060761;,
  -0.030915;0.260589;-0.154986;,
  -0.049614;0.307563;-0.057138;,
  -0.026139;0.328849;-0.111781;,
  -0.038679;0.386096;-0.053381;,
  -0.023561;0.398679;-0.072321;,
  -0.017035;0.431043;-0.058373;,
  -0.050508;0.440940;-0.032588;,
  -0.001849;0.070597;-0.168018;,
  -0.035570;0.050210;-0.014738;,
  0.016795;0.117377;0.224740;,
  -0.065759;0.183982;0.207391;,
  -0.046242;0.123018;0.240454;,
  0.001473;0.172403;0.177051;,
  -0.076251;0.242506;0.162424;,
  -0.014135;0.225077;0.146227;,
  -0.021669;0.249647;0.117141;,
  -0.079971;0.251759;0.116113;,
  -0.077887;0.337455;0.115837;,
  0.002637;0.318959;0.096815;,
  0.037506;0.426865;0.065032;,
  0.000190;0.418622;0.081557;,
  -0.083592;0.651206;-0.116564;,
  -0.074579;0.401866;-0.013560;,
  -0.097226;0.310884;0.020493;,
  -0.112638;0.214402;0.051240;,
  -0.092072;0.179645;0.108568;,
  -0.077207;0.128935;0.160515;,
  -0.061575;0.075121;0.218838;,
  0.099592;0.317845;-0.107404;,
  0.067265;0.401964;0.029246;,
  0.095493;0.380996;-0.029721;,
  0.069682;0.275005;-0.172542;,
  0.092669;0.243162;-0.151177;,
  0.094304;0.168926;-0.157775;,
  0.080447;0.094324;-0.162528;,
  -0.052049;0.406813;0.085207;;
  916;
  3;0,1,2;,
  3;1,0,3;,
  3;4,5,6;,
  3;5,4,7;,
  3;8,9,10;,
  3;9,8,11;,
  3;12,13,14;,
  3;13,12,15;,
  3;16,12,17;,
  3;12,16,15;,
  3;18,19,20;,
  3;19,18,16;,
  3;6,21,22;,
  3;21,6,5;,
  3;14,23,24;,
  3;23,14,13;,
  3;25,26,27;,
  3;26,25,28;,
  3;29,30,31;,
  3;30,29,32;,
  3;30,33,31;,
  3;33,30,34;,
  3;35,36,37;,
  3;36,35,38;,
  3;38,39,36;,
  3;39,38,40;,
  3;37,41,42;,
  3;41,37,36;,
  3;36,43,41;,
  3;43,36,39;,
  3;42,30,32;,
  3;30,42,41;,
  3;41,34,30;,
  3;34,41,43;,
  3;44,45,46;,
  3;45,44,47;,
  3;48,49,50;,
  3;49,48,51;,
  3;50,52,53;,
  3;52,50,49;,
  3;54,55,56;,
  3;55,54,57;,
  3;57,58,55;,
  3;58,57,59;,
  3;56,60,61;,
  3;60,56,55;,
  3;55,62,60;,
  3;62,55,58;,
  3;61,49,51;,
  3;49,61,60;,
  3;60,52,49;,
  3;52,60,62;,
  3;32,19,63;,
  3;19,32,29;,
  3;64,65,66;,
  3;65,64,20;,
  3;14,67,12;,
  3;67,14,68;,
  3;68,69,67;,
  3;69,68,70;,
  3;70,42,69;,
  3;42,70,37;,
  3;48,34,51;,
  3;34,48,33;,
  3;51,43,61;,
  3;43,51,34;,
  3;43,56,61;,
  3;56,43,39;,
  3;39,54,56;,
  3;54,39,40;,
  3;12,63,17;,
  3;63,12,67;,
  3;67,32,63;,
  3;32,67,69;,
  3;69,42,32;,
  3;71,72,25;,
  3;73,74,75;,
  3;74,73,76;,
  3;74,77,75;,
  3;77,74,78;,
  3;79,78,80;,
  3;78,79,77;,
  3;81,82,83;,
  3;82,84,85;,
  3;84,82,86;,
  3;87,88,89;,
  3;88,90,89;,
  3;90,88,91;,
  3;92,93,94;,
  3;92,89,93;,
  3;92,87,89;,
  3;89,95,93;,
  3;95,89,90;,
  3;96,93,82;,
  3;93,86,82;,
  3;86,93,95;,
  3;97,98,99;,
  3;98,97,100;,
  3;100,101,98;,
  3;101,100,102;,
  3;103,104,105;,
  3;104,103,106;,
  3;106,107,104;,
  3;107,106,108;,
  3;105,109,110;,
  3;109,105,104;,
  3;104,111,109;,
  3;111,104,107;,
  3;110,100,97;,
  3;100,110,109;,
  3;109,102,100;,
  3;102,109,111;,
  3;112,113,114;,
  3;113,112,115;,
  3;116,117,118;,
  3;117,116,119;,
  3;120,121,122;,
  3;121,120,123;,
  3;120,124,125;,
  3;124,120,122;,
  3;126,124,127;,
  3;124,126,125;,
  3;95,97,86;,
  3;97,95,110;,
  3;86,99,84;,
  3;99,86,97;,
  3;90,103,105;,
  3;103,90,91;,
  3;105,95,90;,
  3;95,105,110;,
  3;128,96,129;,
  3;96,128,94;,
  3;129,130,128;,
  3;130,129,131;,
  3;72,28,25;,
  3;28,72,132;,
  3;10,133,8;,
  3;134,135,136;,
  3;135,134,137;,
  3;81,137,134;,
  3;138,11,139;,
  3;138,9,11;,
  3;138,140,9;,
  3;141,11,142;,
  3;11,141,139;,
  3;128,130,143;,
  3;94,144,92;,
  3;94,143,144;,
  3;94,128,143;,
  3;145,87,146;,
  3;87,145,147;,
  3;75,148,73;,
  3;148,75,149;,
  3;150,147,145;,
  3;7,149,75;,
  3;148,151,73;,
  3;102,152,101;,
  3;152,102,126;,
  3;102,125,126;,
  3;125,102,111;,
  3;111,120,125;,
  3;120,111,107;,
  3;120,108,123;,
  3;108,120,107;,
  3;8,153,154;,
  3;153,8,133;,
  3;154,155,8;,
  3;155,154,156;,
  3;122,114,113;,
  3;114,122,121;,
  3;121,112,114;,
  3;112,121,157;,
  3;158,124,159;,
  3;124,158,127;,
  3;159,122,113;,
  3;122,159,124;,
  3;126,160,152;,
  3;160,126,161;,
  3;162,121,123;,
  3;121,162,163;,
  3;121,164,157;,
  3;164,121,163;,
  3;165,126,127;,
  3;126,165,161;,
  3;161,166,160;,
  3;166,161,167;,
  3;162,118,163;,
  3;118,162,116;,
  3;163,117,164;,
  3;117,163,118;,
  3;165,167,161;,
  3;167,165,168;,
  3;169,170,171;,
  3;170,169,172;,
  3;173,174,175;,
  3;174,173,176;,
  3;177,178,179;,
  3;178,177,173;,
  3;180,178,181;,
  3;178,180,182;,
  3;183,169,171;,
  3;169,183,184;,
  3;174,185,186;,
  3;185,174,176;,
  3;46,187,44;,
  3;187,46,188;,
  3;180,169,182;,
  3;169,180,172;,
  3;20,29,65;,
  3;19,29,20;,
  3;29,31,189;,
  3;31,190,189;,
  3;190,31,33;,
  3;33,191,190;,
  3;191,33,48;,
  3;191,50,192;,
  3;50,191,48;,
  3;192,53,193;,
  3;53,192,50;,
  3;194,171,185;,
  3;171,194,183;,
  3;171,186,185;,
  3;186,171,170;,
  3;185,176,194;,
  3;194,173,177;,
  3;173,194,176;,
  3;178,175,181;,
  3;175,178,173;,
  3;179,182,184;,
  3;182,179,178;,
  3;182,169,184;,
  3;16,17,19;,
  3;17,63,19;,
  3;65,195,66;,
  3;196,197,198;,
  3;197,196,199;,
  3;200,154,153;,
  3;154,200,201;,
  3;202,203,204;,
  3;205,206,207;,
  3;196,208,209;,
  3;208,196,198;,
  3;210,209,211;,
  3;209,210,196;,
  3;212,213,214;,
  3;213,212,215;,
  3;212,214,211;,
  3;201,216,217;,
  3;216,201,200;,
  3;218,219,220;,
  3;219,218,217;,
  3;210,199,196;,
  3;213,205,207;,
  3;221,222,223;,
  3;198,197,224;,
  3;224,225,226;,
  3;225,224,197;,
  3;227,213,207;,
  3;228,229,214;,
  3;229,228,230;,
  3;220,231,232;,
  3;213,228,214;,
  3;156,201,233;,
  3;201,156,154;,
  3;233,217,218;,
  3;217,233,201;,
  3;219,217,234;,
  3;235,219,234;,
  3;236,237,238;,
  3;237,236,239;,
  3;209,240,211;,
  3;240,209,241;,
  3;211,242,212;,
  3;242,211,240;,
  3;243,239,244;,
  3;239,243,237;,
  3;244,236,245;,
  3;236,244,239;,
  3;246,221,223;,
  3;221,246,215;,
  3;221,212,247;,
  3;212,221,215;,
  3;199,248,2;,
  3;248,199,249;,
  3;133,10,250;,
  3;249,210,251;,
  3;210,249,199;,
  3;210,211,251;,
  3;252,1,253;,
  3;1,252,2;,
  3;20,254,18;,
  3;254,20,64;,
  3;24,68,14;,
  3;68,24,255;,
  3;68,256,70;,
  3;256,68,255;,
  3;256,37,70;,
  3;37,256,257;,
  3;258,2,252;,
  3;2,258,199;,
  3;257,259,37;,
  3;37,259,35;,
  3;260,204,261;,
  3;204,260,202;,
  3;262,263,223;,
  3;263,262,264;,
  3;197,258,225;,
  3;258,197,199;,
  3;265,203,227;,
  3;265,207,266;,
  3;207,265,227;,
  3;223,267,246;,
  3;267,223,263;,
  3;88,87,147;,
  3;83,82,85;,
  3;78,16,18;,
  3;16,78,74;,
  3;74,15,16;,
  3;15,74,76;,
  3;15,71,13;,
  3;71,15,76;,
  3;13,268,23;,
  3;268,13,71;,
  3;248,269,2;,
  3;2,269,0;,
  3;136,129,134;,
  3;129,136,131;,
  3;134,96,81;,
  3;96,134,129;,
  3;96,82,81;,
  3;93,96,94;,
  3;29,189,65;,
  3;205,215,246;,
  3;267,205,246;,
  3;205,267,206;,
  3;205,213,215;,
  3;187,188,270;,
  3;224,271,272;,
  3;222,221,208;,
  3;224,222,198;,
  3;272,273,262;,
  3;273,272,271;,
  3;263,274,275;,
  3;273,276,262;,
  3;277,271,278;,
  3;271,277,273;,
  3;222,272,262;,
  3;272,222,224;,
  3;222,208,198;,
  3;209,221,247;,
  3;221,209,208;,
  3;223,222,262;,
  3;266,206,279;,
  3;206,266,207;,
  3;206,280,279;,
  3;280,206,267;,
  3;280,263,275;,
  3;263,280,267;,
  3;264,262,276;,
  3;76,73,72;,
  3;138,281,140;,
  3;73,132,72;,
