xof 0303txt 0032
template ColorRGBA {
 <35ff44e0-6c7c-11cf-8f52-0040333594a3>
 FLOAT red;
 FLOAT green;
 FLOAT blue;
 FLOAT alpha;
}

template ColorRGB {
 <d3e16e81-7835-11cf-8f52-0040333594a3>
 FLOAT red;
 FLOAT green;
 FLOAT blue;
}

template Material {
 <3d82ab4d-62da-11cf-ab39-0020af71e433>
 ColorRGBA faceColor;
 FLOAT power;
 ColorRGB specularColor;
 ColorRGB emissiveColor;
 [...]
}

template TextureFilename {
 <a42790e1-7810-11cf-8f52-0040333594a3>
 STRING filename;
}

template Frame {
 <3d82ab46-62da-11cf-ab39-0020af71e433>
 [...]
}

template Matrix4x4 {
 <f6f23f45-7686-11cf-8f52-0040333594a3>
 array FLOAT matrix[16];
}

template FrameTransformMatrix {
 <f6f23f41-7686-11cf-8f52-0040333594a3>
 Matrix4x4 frameMatrix;
}

template Vector {
 <3d82ab5e-62da-11cf-ab39-0020af71e433>
 FLOAT x;
 FLOAT y;
 FLOAT z;
}

template MeshFace {
 <3d82ab5f-62da-11cf-ab39-0020af71e433>
 DWORD nFaceVertexIndices;
 array DWORD faceVertexIndices[nFaceVertexIndices];
}

template Mesh {
 <3d82ab44-62da-11cf-ab39-0020af71e433>
 DWORD nVertices;
 array Vector vertices[nVertices];
 DWORD nFaces;
 array MeshFace faces[nFaces];
 [...]
}

template MeshMaterialList {
 <f6f23f42-7686-11cf-8f52-0040333594a3>
 DWORD nMaterials;
 DWORD nFaceIndexes;
 array DWORD faceIndexes[nFaceIndexes];
 [Material <3d82ab4d-62da-11cf-ab39-0020af71e433>]
}

template VertexElement {
 <f752461c-1e23-48f6-b9f8-8350850f336f>
 DWORD Type;
 DWORD Method;
 DWORD Usage;
 DWORD UsageIndex;
}

template DeclData {
 <bf22e553-292c-4781-9fea-62bd554bdd93>
 DWORD nElements;
 array VertexElement Elements[nElements];
 DWORD nDWords;
 array DWORD data[nDWords];
}

template XSkinMeshHeader {
 <3cf169ce-ff7c-44ab-93c0-f78f62d172e2>
 WORD nMaxSkinWeightsPerVertex;
 WORD nMaxSkinWeightsPerFace;
 WORD nBones;
}

template SkinWeights {
 <6f0d123b-bad2-4167-a0d0-80224f25fabb>
 STRING transformNodeName;
 DWORD nWeights;
 array DWORD vertexIndices[nWeights];
 array FLOAT weights[nWeights];
 Matrix4x4 matrixOffset;
}

template AnimTicksPerSecond {
 <9e415a43-7ba6-4a73-8743-b73d47e88476>
 DWORD AnimTicksPerSecond;
}

template Animation {
 <3d82ab4f-62da-11cf-ab39-0020af71e433>
 [...]
}

template AnimationSet {
 <3d82ab50-62da-11cf-ab39-0020af71e433>
 [Animation <3d82ab4f-62da-11cf-ab39-0020af71e433>]
}

template FloatKeys {
 <10dd46a9-775b-11cf-8f52-0040333594a3>
 DWORD nValues;
 array FLOAT values[nValues];
}

template TimedFloatKeys {
 <f406b180-7b3b-11cf-8f52-0040333594a3>
 DWORD time;
 FloatKeys tfkeys;
}

template AnimationKey {
 <10dd46a8-775b-11cf-8f52-0040333594a3>
 DWORD keyType;
 DWORD nKeys;
 array TimedFloatKeys keys[nKeys];
}


Material _02_-_Default {
 1.000000;1.000000;1.000000;1.000000;;
 9.999999;
 0.000000;0.000000;0.000000;;
 0.000000;0.000000;0.000000;;

 TextureFilename {
  "MaleBody_noTrans.png";
 }
}

Frame Dummy01 {
 

 FrameTransformMatrix {
  1.000000,0.000000,0.000000,0.000000,0.000000,-0.000000,-1.000000,0.000000,0.000000,1.000000,-0.000000,0.000000,0.000000,0.000000,0.000000,1.000000;;
 }

 Frame Bip01 {
  

  FrameTransformMatrix {
   -0.489721,0.799490,0.347834,0.000000,0.089573,-0.350702,0.932194,0.000000,0.867266,0.487672,0.100133,0.000000,0.001703,0.002123,0.479339,1.000000;;
  }

  Frame Bip01_Pelvis {
   

   FrameTransformMatrix {
    0.000000,0.996195,-0.087157,0.000000,-0.000001,0.087157,0.996194,0.000000,1.000000,0.000000,0.000001,0.000000,0.000000,0.000000,0.000000,1.000000;;
   }

   Frame Bip01_Spine {
    

    FrameTransformMatrix {
     0.982513,0.084300,0.166017,0.000000,-0.096996,0.992827,0.069902,0.000000,-0.158933,-0.084783,0.983642,0.000000,0.051450,0.004507,-0.000083,1.000000;;
    }

    Frame Bip01_Spine1 {
     

     FrameTransformMatrix {
      0.967530,0.106548,0.229204,0.000000,-0.077410,0.988145,-0.132581,0.000000,-0.240613,0.110533,0.964307,0.000000,0.106500,-0.000009,-0.000082,1.000000;;
     }

     Frame Bip01_Neck {
      

      FrameTransformMatrix {
       1.000000,0.000000,0.000000,0.000000,0.000000,1.000000,0.000000,0.000000,0.000000,0.000000,1.000000,0.000000,0.130504,0.000000,0.004625,1.000000;;
      }

      Frame Bip01_Head {
       

       FrameTransformMatrix {
        0.965727,0.115399,0.232494,0.000000,-0.024390,0.932112,-0.361348,0.000000,-0.258410,0.343293,0.902981,0.000000,0.033674,0.000000,0.000000,1.000000;;
       }

       Frame Bip01_HeadNub {
        

        FrameTransformMatrix {
         1.000000,-0.000000,0.000000,0.000000,0.000000,1.000000,-0.000000,0.000000,0.000000,-0.000000,1.000000,0.000000,0.169824,-0.000000,-0.000000,1.000000;;
        }
       }
      }

      Frame Bip01_L_Clavicle {
       

       FrameTransformMatrix {
        -0.092242,0.995696,0.008963,0.000000,0.995736,0.092245,0.000031,0.000000,-0.000796,0.008927,-0.999960,0.000000,-0.024025,0.015714,-0.004625,1.000000;;
       }

       Frame Bip01_L_UpperArm {
        

        FrameTransformMatrix {
         0.385144,-0.915904,0.113064,0.000000,0.922800,0.383569,-0.036253,0.000000,-0.010163,0.118298,0.992926,0.000000,0.087086,0.000000,0.000000,1.000000;;
        }

        Frame Bip01_L_Forearm {
         

         FrameTransformMatrix {
          -0.038172,-0.000000,-0.999271,0.000000,0.000000,1.000000,0.000000,0.000000,0.999271,0.000000,-0.038172,0.000000,0.137062,-0.000000,-0.000000,1.000000;;
         }

         Frame Bip01_L_Hand {
          

          FrameTransformMatrix {
           0.789350,0.344630,-0.508091,0.000000,-0.059903,0.866871,0.494921,0.000000,0.611014,-0.360230,0.704909,0.000000,0.137062,0.000000,0.000000,1.000000;;
          }

          Frame Bip01_L_Finger0 {
           

           FrameTransformMatrix {
            0.235353,-0.564101,0.791454,0.000000,0.835198,0.533842,0.132129,0.000000,-0.497045,0.629924,0.596777,0.000000,0.057681,-0.023605,-0.000272,1.000000;;
           }

           Frame Bip01_L_Finger0Nub {
            

            FrameTransformMatrix {
             1.000000,0.000000,0.000000,0.000000,0.000000,1.000000,0.000000,0.000000,0.000000,0.000000,1.000000,0.000000,0.029435,0.000000,-0.000000,1.000000;;
            }
           }
          }

          Frame Bip01_L_Finger1 {
           

           FrameTransformMatrix {
            0.328909,-0.000752,0.944361,0.000000,-0.000000,1.000000,0.000796,0.000000,-0.944361,-0.000262,0.328909,0.000000,0.084102,0.000000,-0.000000,1.000000;;
           }

           Frame Bip01_L_Finger1Nub {
            

            FrameTransformMatrix {
             1.000000,0.000000,-0.000000,0.000000,0.000000,1.000000,-0.000000,0.000000,-0.000000,-0.000000,1.000000,0.000000,0.047988,0.000000,-0.000000,1.000000;;
            }
           }
          }
         }
        }
       }
      }

      Frame Bip01_R_Clavicle {
       

       FrameTransformMatrix {
        -0.314167,-0.948385,0.043178,0.000000,-0.949367,0.313880,-0.013452,0.000000,-0.000795,-0.045218,-0.998977,0.000000,-0.024025,-0.015715,-0.004625,1.000000;;
       }

       Frame Bip01_R_UpperArm {
        

        FrameTransformMatrix {
         0.426421,0.838500,-0.339239,0.000000,-0.562575,0.539537,0.626426,0.000000,0.708290,-0.076274,0.701789,0.000000,0.087086,0.000000,0.000000,1.000000;;
        }

        Frame Bip01_R_Forearm {
         

         FrameTransformMatrix {
          0.769548,0.000000,-0.638589,0.000000,0.000000,1.000000,0.000000,0.000000,0.638589,0.000000,0.769548,0.000000,0.137062,0.000000,0.000000,1.000000;;
         }

         Frame Bip01_R_Hand {
          

          FrameTransformMatrix {
           0.943221,-0.109099,-0.313739,0.000000,-0.297630,0.141784,-0.944094,0.000000,0.147483,0.983867,0.101262,0.000000,0.137062,-0.000000,0.000000,1.000000;;
          }

          Frame Bip01_R_Finger0 {
           

           FrameTransformMatrix {
            0.166554,0.297180,0.940183,0.000000,-0.870771,0.491689,-0.001159,0.000000,-0.462621,-0.818491,0.340669,0.000000,0.057681,0.023605,-0.000272,1.000000;;
           }

           Frame Bip01_R_Finger0Nub {
            

            FrameTransformMatrix {
             -1.000000,-0.000000,0.000000,0.000000,0.000000,1.000000,0.000000,0.000000,-0.000000,-0.000000,-1.000000,0.000000,0.029435,-0.000000,0.000000,1.000000;;
            }
           }
          }

          Frame Bip01_R_Finger1 {
           

           FrameTransformMatrix {
            0.329982,0.000752,0.943986,0.000000,0.000000,1.000000,-0.000796,0.000000,-0.943987,0.000263,0.329982,0.000000,0.084102,0.000000,-0.000000,1.000000;;
           }

           Frame Bip01_R_Finger1Nub {
            

            FrameTransformMatrix {
             -1.000000,-0.000000,-0.000000,0.000000,0.000000,1.000000,0.000000,0.000000,0.000000,0.000000,-1.000000,0.000000,0.047988,-0.000000,0.000000,1.000000;;
            }
           }
          }
         }
        }
       }
      }
     }

     Frame Bip01_BackPack {
      

      FrameTransformMatrix {
       0.068803,-0.000002,-0.997630,0.000000,0.000003,1.000000,-0.000002,0.000000,0.997630,-0.000003,0.068803,0.000000,0.063696,-0.000000,-0.088851,1.000000;;
      }

      Frame Bip01_BackPackNub {
       

       FrameTransformMatrix {
        0.000796,0.000003,1.000000,0.000000,-0.000000,-1.000000,0.000003,0.000000,1.000000,0.000000,-0.000796,0.000000,0.053240,0.000000,0.000000,1.000000;;
       }
      }
     }
    }

    Frame Bip01_L_Thigh {
     

     FrameTransformMatrix {
      -0.984647,0.163935,0.059965,0.000000,-0.126951,-0.908303,0.398584,0.000000,0.119809,0.384851,0.915170,0.000000,-0.046261,0.055351,0.003959,1.000000;;
     }

     Frame Bip01_L_Calf {
      

      FrameTransformMatrix {
       0.893185,0.000000,-0.449690,0.000000,0.000000,1.000000,0.000000,0.000000,0.449690,-0.000000,0.893185,0.000000,0.237500,0.000000,0.000000,1.000000;;
      }

      Frame Bip01_L_Foot {
       

       FrameTransformMatrix {
        0.984994,0.100412,0.140371,0.000000,-0.129360,0.967933,0.215339,0.000000,-0.114247,-0.230266,0.966398,0.000000,0.206841,0.000000,-0.000000,1.000000;;
       }

       Frame Bip01_L_Toe0 {
        

        FrameTransformMatrix {
         -0.281150,0.092896,0.955157,0.000000,0.009525,0.995525,-0.094019,0.000000,-0.959617,-0.017336,-0.280777,0.000000,0.065373,-0.000000,0.066450,1.000000;;
        }

        Frame Bip01_L_Toe0Nub {
         

         FrameTransformMatrix {
          -1.000000,-0.000000,-0.000000,0.000000,-0.000000,1.000000,-0.000000,0.000000,-0.000000,-0.000000,-1.000000,0.000000,0.006735,0.000000,0.000000,1.000000;;
         }
        }
       }
      }
     }
    }

    Frame Bip01_R_Thigh {
     

     FrameTransformMatrix {
      -0.952939,-0.294713,0.071070,0.000000,0.299470,-0.951576,0.069434,0.000000,0.047165,0.087450,0.995052,0.000000,-0.055572,-0.054308,0.013323,1.000000;;
     }

     Frame Bip01_R_Calf {
      

      FrameTransformMatrix {
       0.735391,0.000000,-0.677642,0.000000,0.000000,1.000000,-0.000000,0.000000,0.677642,0.000000,0.735392,0.000000,0.237500,-0.000000,0.000000,1.000000;;
      }

      Frame Bip01_R_Foot {
       

       FrameTransformMatrix {
        0.857118,-0.207931,0.471288,0.000000,0.242568,0.970045,-0.013171,0.000000,-0.454432,0.125608,0.881881,0.000000,0.206841,0.000000,-0.000000,1.000000;;
       }

       Frame Bip01_R_Toe0 {
        

        FrameTransformMatrix {
         0.793109,-0.384600,0.472294,0.000000,-0.009867,0.767207,0.641324,0.000000,-0.609000,-0.513300,0.604683,0.000000,0.065373,-0.000000,0.066450,1.000000;;
        }

        Frame Bip01_R_Toe0Nub {
         

         FrameTransformMatrix {
          1.000000,0.000000,0.000000,0.000000,0.000000,1.000000,0.000000,0.000000,-0.000000,0.000000,1.000000,0.000000,0.006735,-0.000000,0.000000,1.000000;;
         }
        }
       }
      }
     }
    }
   }

   Frame Bip01_DressFront {
    

    FrameTransformMatrix {
     -0.987565,-0.139721,-0.072063,0.000000,-0.139575,0.990186,-0.007090,0.000000,0.072346,0.003056,-0.997375,0.000000,-0.044012,0.001399,0.061087,1.000000;;
    }

    Frame Bip01_DressFront02 {
     

     FrameTransformMatrix {
      0.970805,-0.095683,0.219959,0.000000,0.094048,0.995406,0.017921,0.000000,-0.220663,0.003289,0.975344,0.000000,0.183353,-0.000000,-0.000128,1.000000;;
     }

     Frame Bip01_DressFrontNub {
      

      FrameTransformMatrix {
       0.000796,0.000003,1.000000,0.000000,0.000000,-1.000000,0.000003,0.000000,1.000000,-0.000000,-0.000796,0.000000,0.165302,-0.000000,-0.000000,1.000000;;
      }
     }
    }
   }

   Frame Bip01_DressBack {
    

    FrameTransformMatrix {
     -0.977944,-0.204485,0.042551,0.000000,-0.202813,0.978379,0.040526,0.000000,-0.049917,0.031002,-0.998272,0.000000,-0.047725,-0.000004,-0.078279,1.000000;;
    }

    Frame Bip01_DressBack02 {
     

     FrameTransformMatrix {
      0.792109,-0.065383,0.606868,0.000000,0.065620,0.997606,0.021830,0.000000,-0.606842,0.022531,0.794503,0.000000,0.176225,-0.000002,-0.000086,1.000000;;
     }

     Frame Bip01_DressBackNub {
      

      FrameTransformMatrix {
       0.000796,0.000003,1.000000,0.000000,0.000000,-1.000000,0.000003,0.000000,1.000000,-0.000000,-0.000796,0.000000,0.136508,0.000000,0.000000,1.000000;;
      }
     }
    }
   }
  }

  Frame Bip01_Prop1 {
   

   FrameTransformMatrix {
    -0.697094,-0.035995,0.716076,0.000000,0.515771,0.668580,0.535706,0.000000,-0.498037,0.742769,-0.447497,0.000000,0.115818,-0.089045,-0.038489,1.000000;;
   }
  }

  Frame Bip01_Prop2 {
   

   FrameTransformMatrix {
    0.103981,-0.993998,-0.033988,0.000000,-0.128829,-0.047346,0.990536,0.000000,-0.986200,-0.098618,-0.132979,0.000000,0.102395,0.059916,0.141234,1.000000;;
   }
  }
 }
}

Frame Translation_Data {
 

 FrameTransformMatrix {
  1.000000,0.000000,0.000000,0.000000,0.000000,-0.000000,-1.000000,0.000000,0.000000,1.000000,-0.000000,0.000000,0.000000,-0.000000,0.000000,1.000000;;
 }
}

Frame Body {
 

 FrameTransformMatrix {
  1.000000,0.000000,0.000000,0.000000,0.000000,1.000000,0.000000,0.000000,0.000000,0.000000,1.000000,0.000000,0.000000,0.000000,0.000000,1.000000;;
 }

 Mesh Body {
  617;
  0.052108;0.741441;-0.020999;,
  0.019578;0.731721;-0.007142;,
  0.021816;0.761125;0.009840;,
  0.059818;0.721353;-0.028780;,
  0.065150;0.705568;-0.032787;,
  0.027001;0.671055;-0.035061;,
  0.019117;0.700726;-0.026058;,
  0.073896;0.673420;-0.025139;,
  0.039261;0.780899;0.043050;,
  0.093849;0.758949;0.042908;,
  0.073270;0.765226;0.020090;,
  0.069026;0.761954;0.062023;,
  0.094002;0.526369;0.010236;,
  0.069089;0.521297;0.045068;,
  0.069836;0.506092;0.046667;,
  0.087061;0.536346;0.012415;,
  0.054357;0.554115;-0.029391;,
  0.074756;0.526494;-0.028483;,
  0.014810;0.555071;-0.042338;,
  0.048234;0.512373;-0.054810;,
  0.017531;0.502118;-0.052868;,
  -0.024064;0.668352;-0.016295;,
  -0.018710;0.701980;-0.010151;,
  0.031959;0.512157;0.064541;,
  0.033027;0.494637;0.063942;,
  0.084884;0.624513;0.067905;,
  0.042620;0.663419;0.106544;,
  0.042052;0.621736;0.097297;,
  0.090668;0.667573;0.076041;,
  0.042758;0.465273;-0.080249;,
  0.101203;0.366596;-0.095249;,
  0.058471;0.372594;-0.115085;,
  0.085346;0.456970;-0.054692;,
  0.065326;0.279498;-0.149743;,
  0.101426;0.274293;-0.112134;,
  0.002437;0.451777;-0.052286;,
  0.037510;0.334676;-0.014891;,
  0.044052;0.401385;0.021390;,
  0.016688;0.357963;-0.084141;,
  0.055383;0.262592;-0.066467;,
  0.045424;0.266590;-0.106758;,
  0.113934;0.347114;-0.034803;,
  0.097065;0.420550;-0.008891;,
  0.094963;0.270355;-0.072595;,
  0.129539;-0.000569;-0.077593;,
  0.086394;-0.003830;-0.035641;,
  0.085118;-0.002808;-0.084433;,
  0.121103;-0.002032;-0.032970;,
  0.078752;0.217665;-0.125620;,
  0.121425;0.148547;-0.094892;,
  0.088399;0.144509;-0.118843;,
  0.113856;0.222538;-0.101977;,
  0.124633;0.069154;-0.083806;,
  0.102971;0.066759;-0.110774;,
  0.044159;0.196121;-0.094901;,
  0.065610;0.151270;-0.048161;,
  0.051146;0.215327;-0.043046;,
  0.063388;0.140123;-0.089452;,
  0.092786;0.077089;-0.058654;,
  0.088296;0.058880;-0.087730;,
  0.126607;0.157746;-0.057821;,
  0.120676;0.231953;-0.053922;,
  0.116060;0.084471;-0.060733;,
  0.082213;0.499252;-0.038439;,
  -0.024158;0.491757;-0.046707;,
  0.002437;0.451777;-0.052286;,
  -0.017771;0.455151;-0.049030;,
  0.110264;0.475825;0.002156;,
  0.078396;0.457204;0.043623;,
  0.100126;0.430961;-0.007236;,
  0.068264;0.419255;0.026467;,
  0.076483;0.576123;0.054466;,
  0.103219;0.626991;0.037007;,
  0.104617;0.634577;0.017603;,
  0.057664;0.595224;-0.019462;,
  0.072135;0.643773;-0.023787;,
  0.090436;0.584272;0.017404;,
  0.024528;0.643737;-0.037025;,
  0.022762;0.594654;-0.032472;,
  -0.026995;0.644818;-0.013984;,
  -0.021472;0.586388;-0.012325;,
  0.108076;0.707792;-0.049262;,
  0.132457;0.663411;-0.050189;,
  0.060876;0.702000;-0.024078;,
  0.108819;0.607318;-0.014863;,
  0.080894;0.643952;-0.026682;,
  0.150621;0.621020;-0.035287;,
  0.086194;0.698180;0.031206;,
  0.080894;0.643952;-0.026682;,
  0.105779;0.651082;0.034108;,
  0.127772;0.589265;0.018321;,
  0.108819;0.607318;-0.014863;,
  0.096001;0.702468;0.034928;,
  0.157370;0.670866;0.010641;,
  0.132601;0.713976;0.011638;,
  0.169470;0.602678;-0.002140;,
  0.125198;0.714030;-0.025511;,
  0.144153;0.635206;-0.047838;,
  0.077541;0.609149;-0.082445;,
  0.093477;0.620638;-0.025033;,
  0.110671;0.619187;-0.094654;,
  0.063517;0.589698;-0.121829;,
  0.084288;0.602099;-0.133669;,
  0.093477;0.620638;-0.025033;,
  0.103527;0.558473;-0.076916;,
  0.114908;0.562607;-0.013128;,
  0.077541;0.609149;-0.082445;,
  0.088098;0.563963;-0.124881;,
  0.063517;0.589698;-0.121829;,
  0.128926;0.566566;-0.086052;,
  0.165263;0.577253;-0.035780;,
  0.097401;0.567966;-0.130582;,
  0.022213;0.604632;-0.225850;,
  0.073908;0.590846;-0.205994;,
  0.026360;0.598410;-0.205163;,
  0.069313;0.597121;-0.226258;,
  0.016552;0.599438;-0.171600;,
  0.016715;0.610982;-0.183731;,
  0.017500;0.600050;-0.182759;,
  0.011334;0.609736;-0.169920;,
  0.084147;0.570584;-0.171132;,
  0.042151;0.613956;-0.170544;,
  0.082830;0.595688;-0.198771;,
  0.040208;0.584370;-0.152385;,
  0.089046;0.614640;-0.199298;,
  0.101511;0.601355;-0.157601;,
  0.056201;0.616172;-0.136876;,
  0.050275;0.632114;-0.171430;,
  0.100480;0.763426;0.007225;,
  0.091211;0.764847;-0.021151;,
  0.073270;0.765226;0.020090;,
  0.060350;0.761534;-0.001424;,
  0.114864;0.673265;0.043889;,
  0.036359;0.774427;0.015477;,
  0.078138;0.746910;-0.037495;,
  0.059818;0.721353;-0.028780;,
  0.052108;0.741441;-0.020999;,
  0.080160;0.721402;-0.038172;,
  0.112538;0.719082;0.039288;,
  0.087388;0.709163;0.072635;,
  0.112943;0.723303;0.034862;,
  0.037418;0.703137;0.101705;,
  0.024734;0.756882;0.078095;,
  0.093849;0.758949;0.042908;,
  0.112943;0.723303;0.034862;,
  0.078665;0.699320;-0.007147;,
  0.109365;0.714205;0.025538;,
  0.060876;0.702000;-0.024078;,
  0.101622;0.671545;0.014854;,
  0.079268;0.669511;-0.012026;,
  0.065150;0.705568;-0.032787;,
  0.113811;0.673880;0.026281;,
  0.040208;0.584370;-0.152385;,
  0.036196;0.802567;0.029811;,
  0.033666;0.805671;0.051638;,
  0.015311;0.782589;0.060042;,
  0.011620;0.807993;0.066652;,
  0.050275;0.632114;-0.171430;,
  0.022213;0.604632;-0.225850;,
  0.069313;0.597121;-0.226258;,
  0.030604;0.596831;-0.157673;,
  0.023664;0.621693;-0.159838;,
  0.030604;0.596831;-0.157673;,
  0.034247;0.601580;-0.174435;,
  0.037934;0.625833;-0.176426;,
  0.037934;0.625833;-0.176426;,
  0.016552;0.599438;-0.171600;,
  0.011334;0.609736;-0.169920;,
  0.016715;0.610982;-0.183731;,
  0.140967;0.023274;-0.153176;,
  0.115746;0.001223;-0.200740;,
  0.112828;0.019524;-0.193267;,
  0.148267;0.002153;-0.160352;,
  0.081748;0.029591;-0.045875;,
  0.085118;-0.002808;-0.084433;,
  0.086394;-0.003830;-0.035641;,
  0.082619;0.022099;-0.086569;,
  0.092786;0.077089;-0.058654;,
  0.122965;0.034783;-0.042841;,
  0.116060;0.084471;-0.060733;,
  0.129539;-0.000569;-0.077593;,
  0.121103;-0.002032;-0.032970;,
  0.129004;0.034439;-0.079255;,
  0.102971;0.066759;-0.110774;,
  0.124633;0.069154;-0.083806;,
  0.084766;0.014808;-0.185232;,
  0.080109;-0.000842;-0.193271;,
  0.148267;0.002153;-0.160352;,
  0.080109;-0.000842;-0.193271;,
  0.016688;0.357963;-0.084141;,
  0.045424;0.266590;-0.106758;,
  0.044159;0.196121;-0.094901;,
  0.063388;0.140123;-0.089452;,
  0.088296;0.058880;-0.087730;,
  0.088296;0.058880;-0.087730;,
  0.006775;0.426087;-0.013582;,
  0.044315;0.805128;0.015035;,
  0.025522;0.791320;0.001606;,
  0.034093;0.797482;-0.002216;,
  0.023726;0.798108;0.016487;,
  0.038309;0.828680;0.034715;,
  0.032050;0.842581;0.053425;,
  0.013402;0.937635;-0.022541;,
  -0.008461;0.924196;-0.045433;,
  -0.006303;0.942018;-0.021582;,
  0.025011;0.862677;-0.055631;,
  0.007552;0.860118;-0.060255;,
  0.021372;0.892072;-0.053291;,
  0.039114;0.816602;-0.010322;,
  0.049244;0.832976;0.012358;,
  0.043269;0.818046;0.021431;,
  0.051031;0.870840;0.021679;,
  0.049204;0.875832;-0.002275;,
  0.036026;0.902399;-0.040120;,
  0.046998;0.910455;-0.015731;,
  0.042687;0.865816;-0.026763;,
  0.049807;0.878009;0.036828;,
  0.040656;0.890316;0.055880;,
  0.002708;0.893410;0.070236;,
  0.032105;0.933129;0.034756;,
  0.000277;0.937023;0.047397;,
  0.043846;0.843898;-0.020953;,
  0.028792;0.804172;-0.020828;,
  0.027489;0.833804;-0.041149;,
  0.013895;0.777558;-0.025594;,
  -0.004314;0.774572;-0.011237;,
  -0.006283;0.772024;-0.032132;,
  0.017195;0.912844;-0.048452;,
  0.033300;0.927791;-0.021813;,
  0.045533;0.926545;0.015538;,
  0.030805;0.941527;0.004561;,
  0.014085;0.948177;0.011212;,
  -0.002917;0.950763;0.014625;,
  0.002650;0.853356;0.067088;,
  0.045533;0.926545;0.015538;,
  0.030805;0.941527;0.004561;,
  0.055344;0.835513;0.010575;,
  0.060531;0.882818;0.009745;,
  0.066810;0.866054;0.021282;,
  0.053473;0.863504;0.009453;,
  0.066810;0.866054;0.021282;,
  0.055344;0.835513;0.010575;,
  0.060531;0.882818;0.009745;,
  0.049204;0.875832;-0.002275;,
  0.049729;0.850710;-0.003687;,
  0.049244;0.832976;0.012358;,
  0.026620;0.855537;-0.045873;,
  0.049729;0.850710;-0.003687;,
  0.036359;0.774427;0.015477;,
  0.036196;0.802567;0.029811;,
  0.060350;0.761534;-0.001424;,
  0.038309;0.828680;0.034715;,
  -0.011648;0.750237;0.005409;,
  -0.014063;0.726738;-0.000128;,
  -0.024567;0.546893;-0.025493;,
  0.041610;0.447253;0.061539;,
  0.039655;0.416880;0.045719;,
  0.020342;0.404646;0.030729;,
  -0.008634;0.783770;0.004399;,
  0.006775;0.426087;-0.013582;,
  0.014085;0.948177;0.011212;,
  -0.002917;0.950763;0.014625;,
  0.013217;0.807300;-0.037371;,
  0.004500;0.828036;-0.048134;,
  0.004915;0.818548;-0.046395;,
  -0.009337;0.912378;-0.055410;,
  -0.009973;0.888307;-0.063632;,
  0.006548;0.853299;-0.049211;,
  0.037139;0.570687;0.080306;,
  0.060350;0.761534;-0.001424;,
  0.115746;0.001223;-0.200740;,
  0.004599;0.797429;-0.041362;,
  0.012814;0.800907;-0.035730;,
  0.004622;0.802874;-0.038817;,
  -0.008234;0.816481;-0.049860;,
  -0.009305;0.822904;-0.060737;,
  0.003832;0.805729;-0.044286;,
  -0.007053;0.802992;-0.038279;,
  -0.007414;0.795181;-0.042574;,
  -0.009907;0.857560;-0.064879;,
  -0.009314;0.849165;-0.059169;,
  0.109365;0.714205;0.025538;,
  -0.007880;0.804973;-0.046862;,
  0.081640;0.702417;0.009815;,
  0.078665;0.699320;-0.007147;,
  0.065150;0.705568;-0.032787;,
  0.049807;0.878009;0.036828;,
  0.078752;0.217665;-0.125620;,
  0.019357;0.145395;-0.130082;,
  0.005627;0.221846;-0.130739;,
  0.088399;0.144509;-0.118843;,
  0.065326;0.279498;-0.149743;,
  0.006460;0.282991;-0.138318;,
  0.058471;0.372594;-0.115085;,
  -0.004896;0.370708;-0.102827;,
  0.042758;0.465273;-0.080249;,
  -0.009386;0.455793;-0.077394;,
  0.017531;0.502118;-0.052868;,
  0.022301;0.072884;-0.131379;,
  0.102971;0.066759;-0.110774;,
  0.072086;0.141931;-0.021932;,
  0.031201;0.060807;0.054740;,
  0.084856;0.073071;-0.017518;,
  0.022221;0.130465;0.034078;,
  0.009378;0.192548;0.008909;,
  0.057616;0.215162;-0.029919;,
  0.003112;0.248022;-0.006652;,
  0.053448;0.256467;-0.036457;,
  0.039185;0.330366;-0.000663;,
  0.018125;0.323591;0.018474;,
  0.036683;0.390599;0.037591;,
  0.081640;0.702417;0.009815;,
  -0.069830;0.731506;0.039253;,
  -0.039899;0.730798;0.022713;,
  -0.077918;0.712012;0.039575;,
  -0.028350;0.760347;0.035021;,
  -0.085355;0.702849;0.044496;,
  -0.068011;0.667159;0.015702;,
  -0.085575;0.666881;0.060063;,
  -0.054021;0.699592;0.010653;,
  -0.012633;0.780094;0.069098;,
  -0.046570;0.754002;0.112810;,
  -0.014728;0.760655;0.104064;,
  -0.055042;0.754007;0.083195;,
  -0.051322;0.496197;0.086126;,
  -0.005016;0.506898;0.085697;,
  -0.045159;0.510656;0.084907;,
  -0.003439;0.490878;0.084933;,
  -0.068719;0.530202;0.038087;,
  -0.072087;0.496006;0.048200;,
  -0.060202;0.540497;-0.001211;,
  -0.073917;0.487498;0.008297;,
  -0.053994;0.487268;-0.015516;,
  0.031959;0.512157;0.064541;,
  0.033027;0.494637;0.063942;,
  -0.004844;0.617815;0.119674;,
  0.042620;0.663419;0.106544;,
  -0.009590;0.663463;0.129608;,
  0.042052;0.621736;0.097297;,
  -0.076732;0.441220;-0.018620;,
  -0.128009;0.344221;0.019147;,
  -0.088432;0.434150;0.030025;,
  -0.109564;0.346194;-0.024572;,
  -0.136646;0.245948;-0.035119;,
  -0.138059;0.251107;0.015695;,
  -0.027251;0.427289;-0.023323;,
  -0.026413;0.315858;0.039314;,
  -0.057564;0.332012;-0.028066;,
  0.022946;0.397003;0.032412;,
  -0.073267;0.245255;0.018070;,
  -0.092722;0.240491;-0.016796;,
  -0.096782;0.330665;0.074251;,
  -0.058305;0.400081;0.071620;,
  -0.107034;0.254496;0.039014;,
  -0.098286;-0.001503;0.121535;,
  -0.038775;-0.001072;0.131041;,
  -0.065688;-0.001526;0.153189;,
  -0.065809;-0.000927;0.090391;,
  -0.121325;0.191613;0.008967;,
  -0.119487;0.142125;0.080313;,
  -0.131434;0.207927;0.047003;,
  -0.111220;0.126697;0.043241;,
  -0.101397;0.070643;0.115201;,
  -0.102083;0.061163;0.082173;,
  -0.072085;0.178564;0.012059;,
  -0.048335;0.155063;0.071558;,
  -0.072683;0.130181;0.046613;,
  -0.045409;0.215101;0.044621;,
  -0.062149;0.083429;0.110565;,
  -0.074339;0.060337;0.090872;,
  -0.099779;0.164036;0.105157;,
  -0.105534;0.234000;0.080075;,
  -0.082093;0.090632;0.122933;,
  -0.075270;0.466555;0.043801;,
  -0.027251;0.427289;-0.023323;,
  -0.050241;0.442501;0.085974;,
  0.005121;0.441990;0.081888;,
  -0.051538;0.406224;0.071517;,
  -0.000401;0.404216;0.066286;,
  -0.004370;0.567180;0.102953;,
  -0.041101;0.616219;0.120272;,
  -0.059501;0.622327;0.112291;,
  -0.064692;0.581691;0.053914;,
  -0.044893;0.569304;0.098560;,
  -0.080824;0.632356;0.064463;,
  -0.069237;0.636738;0.017073;,
  -0.060533;0.585441;0.017479;,
  -0.100534;0.694190;0.035427;,
  -0.050074;0.689208;0.053443;,
  -0.119521;0.648402;0.025040;,
  -0.082750;0.584890;0.030062;,
  -0.128372;0.598058;0.019799;,
  -0.063405;0.631406;0.037370;,
  -0.067262;0.667921;0.107879;,
  -0.080708;0.619271;0.099970;,
  -0.063405;0.631406;0.037370;,
  -0.097502;0.568300;0.078448;,
  -0.082750;0.584890;0.030062;,
  -0.076922;0.669651;0.113546;,
  -0.136885;0.636564;0.087768;,
  -0.117359;0.681176;0.097846;,
  -0.143016;0.581302;0.068219;,
  -0.114978;0.691670;0.061527;,
  -0.130346;0.590420;0.001243;,
  -0.087349;0.532490;-0.032062;,
  -0.121262;0.545576;-0.037174;,
  -0.076674;0.572926;0.011904;,
  -0.092095;0.501222;-0.057214;,
  -0.116445;0.505952;-0.067051;,
  -0.076674;0.572926;0.011904;,
  -0.113999;0.500524;0.007204;,
  -0.087349;0.532490;-0.032062;,
  -0.097470;0.535224;0.058088;,
  -0.112984;0.475939;-0.036153;,
  -0.092095;0.501222;-0.057214;,
  -0.139862;0.510990;0.003249;,
  -0.150877;0.552639;0.047592;,
  -0.129397;0.481203;-0.041916;,
  -0.061242;0.451983;-0.149372;,
  -0.096837;0.437054;-0.107339;,
  -0.093089;0.425725;-0.125470;,
  -0.064759;0.463884;-0.131210;,
  -0.064781;0.486485;-0.110185;,
  -0.067739;0.483246;-0.126347;,
  -0.063544;0.494924;-0.118145;,
  -0.064854;0.477772;-0.117248;,
  -0.099451;0.451890;-0.068530;,
  -0.093154;0.489202;-0.115576;,
  -0.077421;0.493368;-0.084851;,
  -0.108097;0.440189;-0.102941;,
  -0.124209;0.443816;-0.114138;,
  -0.134069;0.465529;-0.075384;,
  -0.111988;0.509622;-0.091824;,
  -0.110194;0.491313;-0.125659;,
  -0.081687;0.741024;0.096046;,
  -0.098391;0.741238;0.071243;,
  -0.055042;0.754007;0.083195;,
  -0.063075;0.750093;0.059272;,
  -0.050153;0.666498;0.132054;,
  -0.032845;0.773354;0.050215;,
  -0.097872;0.725669;0.048363;,
  -0.077918;0.712012;0.039575;,
  -0.086195;0.702959;0.048156;,
  -0.069830;0.731506;0.039253;,
  -0.060895;0.713165;0.126969;,
  -0.065121;0.716856;0.124493;,
  -0.015878;0.707561;0.124469;,
  0.037418;0.703137;0.101705;,
  0.024734;0.756882;0.078095;,
  -0.046570;0.754002;0.112810;,
  -0.065121;0.716856;0.124493;,
  -0.071784;0.693782;0.069573;,
  -0.050074;0.689208;0.053443;,
  -0.068028;0.706285;0.115292;,
  -0.067157;0.664624;0.105030;,
  -0.077329;0.663090;0.071641;,
  -0.085355;0.702849;0.044496;,
  -0.064382;0.666574;0.121486;,
  -0.077421;0.493368;-0.084851;,
  -0.029949;0.801840;0.050176;,
  -0.015268;0.805133;0.066704;,
  0.015311;0.782589;0.060042;,
  0.011620;0.807993;0.066652;,
  -0.110194;0.491313;-0.125659;,
  -0.061242;0.451983;-0.149372;,
  -0.093089;0.425725;-0.125470;,
  -0.078329;0.492128;-0.096664;,
  -0.080067;0.506037;-0.118446;,
  -0.078329;0.492128;-0.096664;,
  -0.081815;0.480537;-0.109713;,
  -0.093312;0.491307;-0.128623;,
  -0.093312;0.491307;-0.128623;,
  -0.064781;0.486485;-0.110185;,
  -0.063544;0.494924;-0.118145;,
  -0.067739;0.483246;-0.126347;,
  -0.152564;0.020038;0.066747;,
  -0.157836;-0.001225;0.012851;,
  -0.161257;-0.001658;0.064598;,
  -0.152365;0.017373;0.017696;,
  -0.043048;0.032376;0.120732;,
  -0.065809;-0.000927;0.090391;,
  -0.066628;0.024043;0.087755;,
  -0.038775;-0.001072;0.131041;,
  -0.062149;0.083429;0.110565;,
  -0.075288;0.034884;0.146986;,
  -0.082093;0.090632;0.122933;,
  -0.098286;-0.001503;0.121535;,
  -0.101098;0.033424;0.120638;,
  -0.065688;-0.001526;0.153189;,
  -0.102083;0.061163;0.082173;,
  -0.101397;0.070643;0.115201;,
  -0.124539;0.014686;0.008063;,
  -0.124326;-0.000776;-0.001534;,
  -0.161257;-0.001658;0.064598;,
  -0.124326;-0.000776;-0.001534;,
  -0.057564;0.332012;-0.028066;,
  -0.092722;0.240491;-0.016796;,
  -0.072085;0.178564;0.012059;,
  -0.072683;0.130181;0.046613;,
  -0.074339;0.060337;0.090872;,
  -0.074339;0.060337;0.090872;,
  -0.047490;0.804576;0.023753;,
  -0.031398;0.790978;0.007011;,
  -0.027511;0.797546;0.032262;,
  -0.040607;0.797033;0.004877;,
  -0.038168;0.828220;0.041977;,
  -0.028665;0.842216;0.059191;,
  -0.025783;0.937400;-0.018820;,
  -0.006303;0.942018;-0.021582;,
  -0.042518;0.862271;-0.049219;,
  -0.038854;0.891710;-0.047572;,
  -0.026212;0.859916;-0.057049;,
  -0.047291;0.816083;-0.002117;,
  -0.053166;0.832360;0.022082;,
  -0.045413;0.817513;0.029852;,
  -0.053617;0.870211;0.031616;,
  -0.056391;0.875197;0.007752;,
  -0.050889;0.901877;-0.031866;,
  -0.054481;0.865231;-0.017537;,
  -0.057170;0.909829;-0.005839;,
  -0.049650;0.877411;0.046272;,
  -0.037224;0.889848;0.063276;,
  0.002708;0.893410;0.070236;,
  -0.033312;0.932735;0.040968;,
  0.000277;0.937023;0.047397;,
  -0.054265;0.843308;-0.011636;,
  -0.041882;0.833387;-0.034562;,
  -0.038984;0.803765;-0.014392;,
  -0.024934;0.777325;-0.021907;,
  -0.034089;0.912535;-0.043582;,
  -0.045069;0.927320;-0.014371;,
  -0.050038;0.925970;0.024613;,
  -0.037819;0.941115;0.011078;,
  -0.002917;0.950763;0.014625;,
  -0.020227;0.947971;0.014470;,
  0.002650;0.853356;0.067088;,
  -0.050038;0.925970;0.024613;,
  -0.037819;0.941115;0.011078;,
  -0.059523;0.834823;0.021482;,
  -0.065336;0.882062;0.021697;,
  -0.058230;0.862833;0.020060;,
  -0.069131;0.865237;0.034191;,
  -0.069131;0.865237;0.034191;,
  -0.059523;0.834823;0.021482;,
  -0.065336;0.882062;0.021697;,
  -0.056391;0.875197;0.007752;,
  -0.056874;0.850069;0.006435;,
  -0.053166;0.832360;0.022082;,
  -0.042177;0.855124;-0.039340;,
  -0.056874;0.850069;0.006435;,
  -0.032845;0.773354;0.050215;,
  -0.029949;0.801840;0.050176;,
  -0.063075;0.750093;0.059272;,
  -0.038168;0.828220;0.041977;,
  0.041610;0.447253;0.061539;,
  0.039655;0.416880;0.045719;,
  0.020342;0.404646;0.030729;,
  0.006775;0.426087;-0.013582;,
  -0.020227;0.947971;0.014470;,
  -0.002917;0.950763;0.014625;,
  -0.026839;0.807059;-0.033568;,
  -0.020551;0.827885;-0.045755;,
  -0.020518;0.818395;-0.043980;,
  -0.023067;0.853121;-0.046398;,
  0.037139;0.570687;0.080306;,
  -0.063075;0.750093;0.059272;,
  -0.157836;-0.001225;0.012851;,
  -0.026058;0.800673;-0.032039;,
  -0.019009;0.797287;-0.039120;,
  -0.018618;0.802734;-0.036610;,
  -0.018905;0.805592;-0.042126;,
  -0.068028;0.706285;0.115292;,
  -0.061177;0.696972;0.084088;,
  -0.071784;0.693782;0.069573;,
  -0.085355;0.702849;0.044496;,
  -0.049650;0.877411;0.046272;,
  -0.081356;0.204462;-0.062705;,
  -0.040311;0.142335;-0.099531;,
  -0.085115;0.132942;-0.039678;,
  -0.039497;0.218978;-0.103355;,
  -0.089762;0.261949;-0.074938;,
  -0.043189;0.278405;-0.108787;,
  -0.059650;0.352969;-0.063398;,
  -0.033483;0.363606;-0.085461;,
  -0.040159;0.439422;-0.053817;,
  -0.026448;0.447203;-0.067075;,
  -0.024158;0.491757;-0.046707;,
  -0.053994;0.487268;-0.015516;,
  -0.042725;0.076890;-0.099650;,
  -0.086074;0.064063;-0.024734;,
  -0.020898;0.087353;0.118540;,
  -0.099779;0.164036;0.105157;,
  -0.082081;0.090632;0.122926;,
  -0.031596;0.154695;0.086575;,
  -0.105534;0.234000;0.080075;,
  -0.043489;0.218932;0.061423;,
  -0.049576;0.246908;0.041170;,
  -0.107034;0.254496;0.039014;,
  -0.096782;0.330665;0.074251;,
  -0.016926;0.311488;0.053358;,
  0.039655;0.416880;0.045719;,
  -0.000401;0.404216;0.066286;,
  -0.061177;0.696972;0.084088;,
  -0.076732;0.441220;-0.018620;,
  -0.109564;0.346194;-0.024572;,
  -0.136646;0.245948;-0.035119;,
  -0.121325;0.191613;0.008967;,
  -0.111220;0.126697;0.043241;,
  -0.102083;0.061163;0.082173;,
  0.113934;0.347114;-0.034803;,
  0.068264;0.419255;0.026467;,
  0.097065;0.420550;-0.008891;,
  0.094963;0.270355;-0.072595;,
  0.120676;0.231953;-0.053922;,
  0.126607;0.157746;-0.057821;,
  0.116060;0.084470;-0.060733;,
  -0.058305;0.400082;0.071620;;
  916;
  3;0,1,2;,
  3;1,0,3;,
  3;4,5,6;,
  3;5,4,7;,
  3;8,9,10;,
  3;9,8,11;,
  3;12,13,14;,
  3;13,12,15;,
  3;16,12,17;,
  3;12,16,15;,
  3;18,19,20;,
  3;19,18,16;,
  3;6,21,22;,
  3;21,6,5;,
  3;14,23,24;,
  3;23,14,13;,
  3;25,26,27;,
  3;26,25,28;,
  3;29,30,31;,
  3;30,29,32;,
  3;30,33,31;,
  3;33,30,34;,
  3;35,36,37;,
  3;36,35,38;,
  3;38,39,36;,
  3;39,38,40;,
  3;37,41,42;,
  3;41,37,36;,
  3;36,43,41;,
  3;43,36,39;,
  3;42,30,32;,
  3;30,42,41;,
  3;41,34,30;,
  3;34,41,43;,
  3;44,45,46;,
  3;45,44,47;,
  3;48,49,50;,
  3;49,48,51;,
  3;50,52,53;,
  3;52,50,49;,
  3;54,55,56;,
  3;55,54,57;,
  3;57,58,55;,
  3;58,57,59;,
  3;56,60,61;,
  3;60,56,55;,
  3;55,62,60;,
  3;62,55,58;,
  3;61,49,51;,
  3;49,61,60;,
  3;60,52,49;,
  3;52,60,62;,
  3;32,19,63;,
  3;19,32,29;,
  3;64,65,66;,
  3;65,64,20;,
  3;14,67,12;,
  3;67,14,68;,
  3;68,69,67;,
  3;69,68,70;,
  3;70,42,69;,
  3;42,70,37;,
  3;48,34,51;,
  3;34,48,33;,
  3;51,43,61;,
  3;43,51,34;,
  3;43,56,61;,
  3;56,43,39;,
  3;39,54,56;,
  3;54,39,40;,
  3;12,63,17;,
  3;63,12,67;,
  3;67,32,63;,
  3;32,67,69;,
  3;69,42,32;,
  3;71,72,25;,
  3;73,74,75;,
  3;74,73,76;,
  3;74,77,75;,
  3;77,74,78;,
  3;79,78,80;,
  3;78,79,77;,
  3;81,82,83;,
  3;82,84,85;,
  3;84,82,86;,
  3;87,88,89;,
  3;88,90,89;,
  3;90,88,91;,
  3;92,93,94;,
  3;92,89,93;,
  3;92,87,89;,
  3;89,95,93;,
  3;95,89,90;,
  3;96,93,82;,
  3;93,86,82;,
  3;86,93,95;,
  3;97,98,99;,
  3;98,97,100;,
  3;100,101,98;,
  3;101,100,102;,
  3;103,104,105;,
  3;104,103,106;,
  3;106,107,104;,
  3;107,106,108;,
  3;105,109,110;,
  3;109,105,104;,
  3;104,111,109;,
  3;111,104,107;,
  3;110,100,97;,
  3;100,110,109;,
  3;109,102,100;,
  3;102,109,111;,
  3;112,113,114;,
  3;113,112,115;,
  3;116,117,118;,
  3;117,116,119;,
  3;120,121,122;,
  3;121,120,123;,
  3;120,124,125;,
  3;124,120,122;,
  3;126,124,127;,
  3;124,126,125;,
  3;95,97,86;,
  3;97,95,110;,
  3;86,99,84;,
  3;99,86,97;,
  3;90,103,105;,
  3;103,90,91;,
  3;105,95,90;,
  3;95,105,110;,
  3;128,96,129;,
  3;96,128,94;,
  3;129,130,128;,
  3;130,129,131;,
  3;72,28,25;,
  3;28,72,132;,
  3;10,133,8;,
  3;134,135,136;,
  3;135,134,137;,
  3;81,137,134;,
  3;138,11,139;,
  3;138,9,11;,
  3;138,140,9;,
  3;141,11,142;,
  3;11,141,139;,
  3;128,130,143;,
  3;94,144,92;,
  3;94,143,144;,
  3;94,128,143;,
  3;145,87,146;,
  3;87,145,147;,
  3;75,148,73;,
  3;148,75,149;,
  3;150,147,145;,
  3;7,149,75;,
  3;148,151,73;,
  3;102,152,101;,
  3;152,102,126;,
  3;102,125,126;,
  3;125,102,111;,
  3;111,120,125;,
  3;120,111,107;,
  3;120,108,123;,
  3;108,120,107;,
  3;8,153,154;,
  3;153,8,133;,
  3;154,155,8;,
  3;155,154,156;,
  3;122,114,113;,
  3;114,122,121;,
  3;121,112,114;,
  3;112,121,157;,
  3;158,124,159;,
  3;124,158,127;,
  3;159,122,113;,
  3;122,159,124;,
  3;126,160,152;,
  3;160,126,161;,
  3;162,121,123;,
  3;121,162,163;,
  3;121,164,157;,
  3;164,121,163;,
  3;165,126,127;,
  3;126,165,161;,
  3;161,166,160;,
  3;166,161,167;,
  3;162,118,163;,
  3;118,162,116;,
  3;163,117,164;,
  3;117,163,118;,
  3;165,167,161;,
  3;167,165,168;,
  3;169,170,171;,
  3;170,169,172;,
  3;173,174,175;,
  3;174,173,176;,
  3;177,178,179;,
  3;178,177,173;,
  3;180,178,181;,
  3;178,180,182;,
  3;183,169,171;,
  3;169,183,184;,
  3;174,185,186;,
  3;185,174,176;,
  3;46,187,44;,
  3;187,46,188;,
  3;180,169,182;,
  3;169,180,172;,
  3;20,29,65;,
  3;19,29,20;,
  3;29,31,189;,
  3;31,190,189;,
  3;190,31,33;,
  3;33,191,190;,
  3;191,33,48;,
  3;191,50,192;,
  3;50,191,48;,
  3;192,53,193;,
  3;53,192,50;,
  3;194,171,185;,
  3;171,194,183;,
  3;171,186,185;,
  3;186,171,170;,
  3;185,176,194;,
  3;194,173,177;,
  3;173,194,176;,
  3;178,175,181;,
  3;175,178,173;,
  3;179,182,184;,
  3;182,179,178;,
  3;182,169,184;,
  3;16,17,19;,
  3;17,63,19;,
  3;65,195,66;,
  3;196,197,198;,
  3;197,196,199;,
  3;200,154,153;,
  3;154,200,201;,
  3;202,203,204;,
  3;205,206,207;,
  3;196,208,209;,
  3;208,196,198;,
  3;210,209,211;,
  3;209,210,196;,
  3;212,213,214;,
  3;213,212,215;,
  3;212,214,211;,
  3;201,216,217;,
  3;216,201,200;,
  3;218,219,220;,
  3;219,218,217;,
  3;210,199,196;,
  3;213,205,207;,
  3;221,222,223;,
  3;198,197,224;,
  3;224,225,226;,
  3;225,224,197;,
  3;227,213,207;,
  3;228,229,214;,
  3;229,228,230;,
  3;220,231,232;,
  3;213,228,214;,
  3;156,201,233;,
  3;201,156,154;,
  3;233,217,218;,
  3;217,233,201;,
  3;219,217,234;,
  3;235,219,234;,
  3;236,237,238;,
  3;237,236,239;,
  3;209,240,211;,
  3;240,209,241;,
  3;211,242,212;,
  3;242,211,240;,
  3;243,239,244;,
  3;239,243,237;,
  3;244,236,245;,
  3;236,244,239;,
  3;246,221,223;,
  3;221,246,215;,
  3;221,212,247;,
  3;212,221,215;,
  3;199,248,2;,
  3;248,199,249;,
  3;133,10,250;,
  3;249,210,251;,
  3;210,249,199;,
  3;210,211,251;,
  3;252,1,253;,
  3;1,252,2;,
  3;20,254,18;,
  3;254,20,64;,
  3;24,68,14;,
  3;68,24,255;,
  3;68,256,70;,
  3;256,68,255;,
  3;256,37,70;,
  3;37,256,257;,
  3;258,2,252;,
  3;2,258,199;,
  3;257,259,37;,
  3;37,259,35;,
  3;260,204,261;,
  3;204,260,202;,
  3;262,263,223;,
  3;263,262,264;,
  3;197,258,225;,
  3;258,197,199;,
  3;265,203,227;,
  3;265,207,266;,
  3;207,265,227;,
  3;223,267,246;,
  3;267,223,263;,
  3;88,87,147;,
  3;83,82,85;,
  3;78,16,18;,
  3;16,78,74;,
  3;74,15,16;,
  3;15,74,76;,
  3;15,71,13;,
  3;71,15,76;,
  3;13,268,23;,
  3;268,13,71;,
  3;248,269,2;,
  3;2,269,0;,
  3;136,129,134;,
  3;129,136,131;,
  3;134,96,81;,
  3;96,134,129;,
  3;96,82,81;,
  3;93,96,94;,
  3;29,189,65;,
  3;205,215,246;,
  3;267,205,246;,
  3;205,267,206;,
  3;205,213,215;,
  3;187,188,270;,
  3;224,271,272;,
  3;222,221,208;,
  3;224,222,198;,
  3;272,273,262;,
  3;273,272,271;,
  3;263,274,275;,
  3;273,276,262;,
  3;277,271,278;,
  3;271,277,273;,
  3;222,272,262;,
  3;272,222,224;,
  3;222,208,198;,
  3;209,221,247;,
  3;221,209,208;,
  3;223,222,262;,
  3;266,206,279;,
  3;206,266,207;,
  3;206,280,279;,
  3;280,206,267;,
  3;280,263,275;,
  3;263,280,267;,
  3;264,262,276;,
  3;76,73,72;,
  3;138,281,140;,
  3;73,132,72;,
  3;132,73,151;,
  3;72,71,76;,
  3;271,226,278;,
  3;155,11,8;,
  3;276,277,282;,
  3;277,276,273;,
  3;274,276,282;,
  3;276,274,264;,
  3;28,141,26;,
  3;141,28,139;,
