xof 0303txt 0032
template ColorRGBA {
 <35ff44e0-6c7c-11cf-8f52-0040333594a3>
 FLOAT red;
 FLOAT green;
 FLOAT blue;
 FLOAT alpha;
}

template ColorRGB {
 <d3e16e81-7835-11cf-8f52-0040333594a3>
 FLOAT red;
 FLOAT green;
 FLOAT blue;
}

template Material {
 <3d82ab4d-62da-11cf-ab39-0020af71e433>
 ColorRGBA faceColor;
 FLOAT power;
 ColorRGB specularColor;
 ColorRGB emissiveColor;
 [...]
}

template TextureFilename {
 <a42790e1-7810-11cf-8f52-0040333594a3>
 STRING filename;
}

template Frame {
 <3d82ab46-62da-11cf-ab39-0020af71e433>
 [...]
}

template Matrix4x4 {
 <f6f23f45-7686-11cf-8f52-0040333594a3>
 array FLOAT matrix[16];
}

template FrameTransformMatrix {
 <f6f23f41-7686-11cf-8f52-0040333594a3>
 Matrix4x4 frameMatrix;
}

template Vector {
 <3d82ab5e-62da-11cf-ab39-0020af71e433>
 FLOAT x;
 FLOAT y;
 FLOAT z;
}

template MeshFace {
 <3d82ab5f-62da-11cf-ab39-0020af71e433>
 DWORD nFaceVertexIndices;
 array DWORD faceVertexIndices[nFaceVertexIndices];
}

template Mesh {
 <3d82ab44-62da-11cf-ab39-0020af71e433>
 DWORD nVertices;
 array Vector vertices[nVertices];
 DWORD nFaces;
 array MeshFace faces[nFaces];
 [...]
}

template MeshMaterialList {
 <f6f23f42-7686-11cf-8f52-0040333594a3>
 DWORD nMaterials;
 DWORD nFaceIndexes;
 array DWORD faceIndexes[nFaceIndexes];
 [Material <3d82ab4d-62da-11cf-ab39-0020af71e433>]
}

template VertexElement {
 <f752461c-1e23-48f6-b9f8-8350850f336f>
 DWORD Type;
 DWORD Method;
 DWORD Usage;
 DWORD UsageIndex;
}

template DeclData {
 <bf22e553-292c-4781-9fea-62bd554bdd93>
 DWORD nElements;
 array VertexElement Elements[nElements];
 DWORD nDWords;
 array DWORD data[nDWords];
}

template XSkinMeshHeader {
 <3cf169ce-ff7c-44ab-93c0-f78f62d172e2>
 WORD nMaxSkinWeightsPerVertex;
 WORD nMaxSkinWeightsPerFace;
 WORD nBones;
}

template SkinWeights {
 <6f0d123b-bad2-4167-a0d0-80224f25fabb>
 STRING transformNodeName;
 DWORD nWeights;
 array DWORD vertexIndices[nWeights];
 array FLOAT weights[nWeights];
 Matrix4x4 matrixOffset;
}

template AnimTicksPerSecond {
 <9e415a43-7ba6-4a73-8743-b73d47e88476>
 DWORD AnimTicksPerSecond;
}

template Animation {
 <3d82ab4f-62da-11cf-ab39-0020af71e433>
 [...]
}

template AnimationSet {
 <3d82ab50-62da-11cf-ab39-0020af71e433>
 [Animation <3d82ab4f-62da-11cf-ab39-0020af71e433>]
}

template FloatKeys {
 <10dd46a9-775b-11cf-8f52-0040333594a3>
 DWORD nValues;
 array FLOAT values[nValues];
}

template TimedFloatKeys {
 <f406b180-7b3b-11cf-8f52-0040333594a3>
 DWORD time;
 FloatKeys tfkeys;
}

template AnimationKey {
 <10dd46a8-775b-11cf-8f52-0040333594a3>
 DWORD keyType;
 DWORD nKeys;
 array TimedFloatKeys keys[nKeys];
}


Material _03_-_Default {
 1.000000;1.000000;1.000000;1.000000;;
 9.999999;
 0.000000;0.000000;0.000000;;
 0.000000;0.000000;0.000000;;

 TextureFilename {
  "MaleBody_full.png";
 }
}

Frame Dummy01 {
 

 FrameTransformMatrix {
  1.000000,0.000000,0.000000,0.000000,0.000000,-0.000000,-1.000000,0.000000,0.000000,1.000000,-0.000000,0.000000,0.000000,0.000000,0.000000,1.000000;;
 }

 Frame Bip01 {
  

  FrameTransformMatrix {
   0.034535,0.998052,-0.051947,0.000000,0.000000,0.051978,0.998648,0.000000,0.999403,-0.034489,0.001795,0.000000,0.005048,-0.036626,0.503479,1.000000;;
  }

  Frame Bip01_Pelvis {
   

   FrameTransformMatrix {
    0.000000,0.999992,0.003883,0.000000,-0.000001,-0.003883,0.999992,0.000000,1.000000,0.000000,0.000001,0.000000,0.000000,0.000000,0.000000,1.000000;;
   }

   Frame Bip01_Spine {
    

    FrameTransformMatrix {
     0.999992,-0.003877,-0.000520,0.000000,0.003872,0.999960,-0.008044,0.000000,0.000551,0.008042,0.999968,0.000000,0.051633,-0.000201,-0.000085,1.000000;;
    }

    Frame Bip01_Spine1 {
     

     FrameTransformMatrix {
      0.994328,0.000055,-0.106357,0.000000,-0.007409,0.997606,-0.068752,0.000000,0.106099,0.069150,0.991948,0.000000,0.106471,-0.000006,-0.000084,1.000000;;
     }

     Frame Bip01_Neck {
      

      FrameTransformMatrix {
       0.903366,0.000001,0.428870,0.000000,-0.000001,1.000000,-0.000000,0.000000,-0.428870,-0.000000,0.903366,0.000000,0.130516,0.000000,0.004628,1.000000;;
      }

      Frame Bip01_Head {
       

       FrameTransformMatrix {
        0.968122,-0.009693,0.250291,0.000000,0.018736,0.999254,-0.033771,0.000000,-0.249777,0.037384,0.967582,0.000000,0.033674,0.000000,0.000000,1.000000;;
       }

       Frame Bip01_HeadNub {
        

        FrameTransformMatrix {
         1.000000,-0.000000,-0.000000,0.000000,-0.000000,1.000000,-0.000000,0.000000,0.000000,0.000000,1.000000,0.000000,0.169824,-0.000000,0.000000,1.000000;;
        }
       }
      }

      Frame Bip01_L_Clavicle {
       

       FrameTransformMatrix {
        -0.312063,0.910355,0.271791,0.000000,0.848994,0.395610,-0.350288,0.000000,-0.426410,0.121437,-0.896341,0.000000,-0.023698,0.015715,0.006128,1.000000;;
       }

       Frame Bip01_L_UpperArm {
        

        FrameTransformMatrix {
         0.687379,-0.700480,0.191931,0.000000,0.714491,0.604709,-0.351896,0.000000,0.130433,0.379019,0.916151,0.000000,0.087086,0.000000,-0.000000,1.000000;;
        }

        Frame Bip01_L_Forearm {
         

         FrameTransformMatrix {
          0.158616,0.000000,-0.987340,0.000000,-0.000000,1.000000,0.000000,0.000000,0.987340,0.000000,0.158617,0.000000,0.137062,0.000000,0.000000,1.000000;;
         }

         Frame Bip01_L_Hand {
          

          FrameTransformMatrix {
           0.983486,-0.051427,0.173524,0.000000,-0.148861,-0.775161,0.613975,0.000000,0.102934,-0.629667,-0.770016,0.000000,0.137062,0.000000,-0.000000,1.000000;;
          }

          Frame Bip01_L_Finger0 {
           

           FrameTransformMatrix {
            0.106459,-0.816685,0.567180,0.000000,0.986518,0.158061,0.042424,0.000000,-0.124297,0.555016,0.822501,0.000000,0.057681,-0.023605,-0.000272,1.000000;;
           }

           Frame Bip01_L_Finger0Nub {
            

            FrameTransformMatrix {
             1.000000,0.000000,0.000000,0.000000,-0.000000,1.000000,-0.000000,0.000000,0.000000,-0.000000,1.000000,0.000000,0.029435,0.000000,-0.000000,1.000000;;
            }
           }
          }

          Frame Bip01_L_Finger1 {
           

           FrameTransformMatrix {
            0.426706,0.040217,0.903495,0.000000,-0.070069,0.997478,-0.011308,0.000000,-0.901672,-0.058482,0.428448,0.000000,0.084102,0.000000,0.000000,1.000000;;
           }

           Frame Bip01_L_Finger1Nub {
            

            FrameTransformMatrix {
             1.000000,0.000000,-0.000000,0.000000,0.000000,1.000000,0.000000,0.000000,-0.000000,0.000000,1.000000,0.000000,0.047988,0.000000,-0.000000,1.000000;;
            }
           }
          }
         }
        }
       }
      }

      Frame Bip01_R_Clavicle {
       

       FrameTransformMatrix {
        -0.169545,-0.982216,0.080659,0.000000,-0.886966,0.187754,0.421949,0.000000,-0.429589,-0.000002,-0.903025,0.000000,-0.023698,-0.015714,0.006128,1.000000;;
       }

       Frame Bip01_R_UpperArm {
        

        FrameTransformMatrix {
         0.589237,0.807600,-0.024128,0.000000,-0.580153,0.443695,0.683050,0.000000,0.562336,-0.388481,0.729973,0.000000,0.087086,0.000000,-0.000000,1.000000;;
        }

        Frame Bip01_R_Forearm {
         

         FrameTransformMatrix {
          -0.064089,-0.000000,-0.997944,0.000000,0.000000,1.000000,0.000000,0.000000,0.997944,0.000000,-0.064089,0.000000,0.137062,0.000000,0.000000,1.000000;;
         }

         Frame Bip01_R_Hand {
          

          FrameTransformMatrix {
           0.971043,-0.039244,-0.235659,0.000000,-0.033216,0.954659,-0.295844,0.000000,0.236584,0.295105,0.925711,0.000000,0.137062,0.000000,0.000000,1.000000;;
          }

          Frame Bip01_R_Finger0 {
           

           FrameTransformMatrix {
            0.558836,0.022484,0.828973,0.000000,-0.558537,0.749101,0.356210,0.000000,-0.612976,-0.662075,0.431183,0.000000,0.057681,0.023605,-0.000272,1.000000;;
           }

           Frame Bip01_R_Finger0Nub {
            

            FrameTransformMatrix {
             -1.000000,0.000000,-0.000000,0.000000,0.000000,1.000000,0.000000,0.000000,0.000000,0.000000,-1.000000,0.000000,0.029435,0.000000,0.000000,1.000000;;
            }
           }
          }

          Frame Bip01_R_Finger1 {
           

           FrameTransformMatrix {
            0.832140,0.000442,0.554565,0.000000,0.259062,0.883871,-0.389433,0.000000,-0.490336,0.467730,0.735391,0.000000,0.084102,0.000000,0.000000,1.000000;;
           }

           Frame Bip01_R_Finger1Nub {
            

            FrameTransformMatrix {
             -1.000000,-0.000000,0.000000,0.000000,0.000000,1.000000,0.000000,0.000000,0.000000,0.000000,-1.000000,0.000000,0.047988,0.000000,0.000000,1.000000;;
            }
           }
          }
         }
        }
       }
      }
     }

     Frame Bip01_BackPack {
      

      FrameTransformMatrix {
       0.190104,-0.000002,-0.981764,0.000000,0.000003,1.000000,-0.000002,0.000000,0.981764,-0.000002,0.190104,0.000000,0.063697,-0.000000,-0.088856,1.000000;;
      }

      Frame Bip01_BackPackNub {
       

       FrameTransformMatrix {
        0.000796,0.000003,1.000000,0.000000,0.000000,-1.000000,0.000003,0.000000,1.000000,0.000000,-0.000796,0.000000,0.053240,0.000000,0.000000,1.000000;;
       }
      }
     }
    }

    Frame Bip01_L_Thigh {
     

     FrameTransformMatrix {
      -0.980670,0.021102,0.194527,0.000000,-0.021931,-0.999757,-0.002110,0.000000,0.194435,-0.006336,0.980895,0.000000,-0.051847,0.055224,0.000502,1.000000;;
     }

     Frame Bip01_L_Calf {
      

      FrameTransformMatrix {
       0.945076,-0.000000,-0.326850,0.000000,0.000000,1.000000,0.000000,0.000000,0.326850,0.000000,0.945077,0.000000,0.237500,0.000000,-0.000000,1.000000;;
      }

      Frame Bip01_L_Foot {
       

       FrameTransformMatrix {
        0.981968,0.023995,0.187521,0.000000,-0.016183,0.998940,-0.043083,0.000000,-0.188357,0.039272,0.981315,0.000000,0.206841,0.000000,-0.000000,1.000000;;
       }

       Frame Bip01_L_Toe0 {
        

        FrameTransformMatrix {
         -0.000000,-0.000000,1.000000,0.000000,0.000000,1.000000,0.000000,0.000000,-1.000000,0.000000,-0.000000,0.000000,0.065373,0.000000,0.066450,1.000000;;
        }

        Frame Bip01_L_Toe0Nub {
         

         FrameTransformMatrix {
          -1.000000,0.000000,-0.000000,0.000000,-0.000000,1.000000,-0.000000,0.000000,0.000000,-0.000000,-1.000000,0.000000,0.006735,0.000000,-0.000000,1.000000;;
         }
        }
       }
      }
     }
    }

    Frame Bip01_R_Thigh {
     

     FrameTransformMatrix {
      -0.973060,-0.122662,0.195213,0.000000,0.100025,-0.987489,-0.121903,0.000000,0.207724,-0.099093,0.973155,0.000000,-0.051419,-0.055223,-0.000386,1.000000;;
     }

     Frame Bip01_R_Calf {
      

      FrameTransformMatrix {
       0.956306,0.000000,-0.292367,0.000000,0.000000,1.000000,0.000000,0.000000,0.292367,-0.000000,0.956306,0.000000,0.237500,-0.000000,0.000000,1.000000;;
      }

      Frame Bip01_R_Foot {
       

       FrameTransformMatrix {
        0.994185,0.021049,0.105612,0.000000,0.005560,0.969371,-0.245538,0.000000,-0.107545,0.244698,0.963617,0.000000,0.206841,0.000000,0.000000,1.000000;;
       }

       Frame Bip01_R_Toe0 {
        

        FrameTransformMatrix {
         -0.041396,-0.315284,0.948094,0.000000,0.122086,0.940201,0.317989,0.000000,-0.991656,0.128912,-0.000429,0.000000,0.065373,-0.000000,0.066450,1.000000;;
        }

        Frame Bip01_R_Toe0Nub {
         

         FrameTransformMatrix {
          1.000000,0.000000,0.000000,0.000000,-0.000000,1.000000,0.000000,0.000000,0.000000,0.000000,1.000000,0.000000,0.006735,0.000000,0.000000,1.000000;;
         }
        }
       }
      }
     }
    }
   }

   Frame Bip01_DressFront {
    

    FrameTransformMatrix {
     -0.976867,-0.000002,0.213850,0.000000,-0.000002,1.000000,-0.000001,0.000000,-0.213850,-0.000002,-0.976867,0.000000,-0.043971,0.001399,0.061084,1.000000;;
    }

    Frame Bip01_DressFront02 {
     

     FrameTransformMatrix {
      0.982159,0.000001,0.188051,0.000000,-0.000001,1.000000,-0.000000,0.000000,-0.188051,-0.000000,0.982159,0.000000,0.183349,-0.000000,-0.000129,1.000000;;
     }

     Frame Bip01_DressFrontNub {
      

      FrameTransformMatrix {
       0.000796,0.000003,1.000000,0.000000,0.000000,-1.000000,0.000003,0.000000,1.000000,-0.000000,-0.000796,0.000000,0.165302,0.000000,0.000000,1.000000;;
      }
     }
    }
   }

   Frame Bip01_DressBack {
    

    FrameTransformMatrix {
     -0.975693,-0.019486,0.218274,0.000000,-0.019079,0.999810,0.003974,0.000000,-0.218310,-0.000287,-0.975879,0.000000,-0.047702,0.000000,-0.078282,1.000000;;
    }

    Frame Bip01_DressBack02 {
     

     FrameTransformMatrix {
      0.986231,0.000000,0.165371,0.000000,-0.000000,1.000000,-0.000000,0.000000,-0.165371,-0.000000,0.986232,0.000000,0.176177,-0.000000,-0.000107,1.000000;;
     }

     Frame Bip01_DressBackNub {
      

      FrameTransformMatrix {
       0.000796,0.000003,1.000000,0.000000,0.000000,-1.000000,0.000003,0.000000,1.000000,-0.000000,-0.000796,0.000000,0.136508,0.000000,0.000000,1.000000;;
      }
     }
    }
   }
  }

  Frame Bip01_Prop1 {
   

   FrameTransformMatrix {
    0.050362,-0.971664,-0.230941,0.000000,-0.679294,-0.202836,0.705279,0.000000,-0.732136,0.121357,-0.670260,0.000000,0.178350,0.096273,-0.012455,1.000000;;
   }
  }

  Frame Bip01_Prop2 {
   

   FrameTransformMatrix {
    0.108259,-0.035362,-0.993494,0.000000,0.955316,0.280200,0.094126,0.000000,0.275049,-0.959290,0.064116,0.000000,0.186874,0.051119,-0.004010,1.000000;;
   }
  }
 }
}

Frame Translation_Data {
 

 FrameTransformMatrix {
  1.000000,0.000000,0.000000,0.000000,0.000000,-0.000000,-1.000000,0.000000,0.000000,1.000000,-0.000000,0.000000,0.000000,-0.000000,0.000000,1.000000;;
 }
}

Frame Body {
 

 FrameTransformMatrix {
  1.000000,0.000000,0.000000,0.000000,0.000000,1.000000,0.000000,0.000000,0.000000,0.000000,1.000000,0.000000,0.000000,0.000000,0.000000,1.000000;;
 }

 Mesh Body {
  617;
  0.072806;0.762253;0.009806;,
  0.041071;0.764242;0.007407;,
  0.033811;0.791757;0.025819;,
  0.080121;0.743762;0.005784;,
  0.092158;0.736107;0.008013;,
  0.064155;0.701143;-0.021413;,
  0.050872;0.735058;-0.011852;,
  0.097601;0.701224;0.013225;,
  0.030442;0.808574;0.064811;,
  0.077325;0.779977;0.090826;,
  0.075559;0.780614;0.057123;,
  0.044953;0.785440;0.095034;,
  0.087204;0.554613;0.075527;,
  0.046045;0.563411;0.092222;,
  0.045047;0.551263;0.098635;,
  0.080485;0.564879;0.071260;,
  0.077220;0.563172;0.015191;,
  0.089412;0.537210;0.036007;,
  0.050503;0.557295;-0.016264;,
  0.075816;0.512755;0.007352;,
  0.047461;0.502557;-0.002759;,
  0.011156;0.700653;-0.034201;,
  0.010494;0.737222;-0.018945;,
  0.003156;0.561338;0.090669;,
  0.003037;0.547074;0.097169;,
  0.051849;0.655137;0.098158;,
  -0.002461;0.691374;0.106478;,
  -0.000337;0.655973;0.098219;,
  0.054652;0.693584;0.107730;,
  0.063072;0.467231;-0.007475;,
  0.105764;0.364661;0.006697;,
  0.068814;0.370636;-0.022534;,
  0.096416;0.462284;0.030154;,
  0.068899;0.274648;-0.037384;,
  0.096213;0.271222;0.007641;,
  0.013613;0.466365;0.011263;,
  0.024217;0.356721;0.076123;,
  0.014606;0.445077;0.106700;,
  0.020311;0.367027;0.000957;,
  0.041233;0.271730;0.044392;,
  0.039680;0.270637;0.002305;,
  0.104001;0.357030;0.070993;,
  0.089309;0.439778;0.087500;,
  0.081945;0.274088;0.045583;,
  0.088920;-0.001438;0.054149;,
  0.049355;-0.001522;0.099609;,
  0.044025;-0.001415;0.051082;,
  0.084211;-0.001545;0.099342;,
  0.069025;0.216726;-0.006846;,
  0.095515;0.145523;0.035235;,
  0.067292;0.143692;0.005558;,
  0.099441;0.219104;0.022891;,
  0.086526;0.067667;0.049574;,
  0.067302;0.066024;0.020515;,
  0.026733;0.202028;0.017643;,
  0.032856;0.158675;0.069983;,
  0.026460;0.224222;0.068772;,
  0.036884;0.144698;0.029703;,
  0.053301;0.080169;0.071131;,
  0.050120;0.059932;0.046017;,
  0.094891;0.156882;0.072063;,
  0.098394;0.231335;0.070784;,
  0.077442;0.085002;0.071109;,
  0.095220;0.508646;0.042872;,
  0.006843;0.494349;-0.015646;,
  0.013613;0.466365;0.011263;,
  0.006226;0.460625;0.000118;,
  0.095055;0.506212;0.097440;,
  0.044220;0.506250;0.119750;,
  0.089207;0.454309;0.094145;,
  0.043063;0.458425;0.115076;,
  0.049036;0.609575;0.088851;,
  0.084788;0.654432;0.082732;,
  0.097531;0.660338;0.066819;,
  0.077958;0.614648;0.014174;,
  0.095207;0.666679;0.012882;,
  0.082501;0.610773;0.065226;,
  0.063757;0.666554;-0.025635;,
  0.056854;0.611490;-0.016692;,
  0.009153;0.666384;-0.036411;,
  0.008344;0.606866;-0.024528;,
  0.120445;0.707587;0.000562;,
  0.145226;0.663990;0.007642;,
  0.069530;0.702380;0.017179;,
  0.115724;0.609075;0.040020;,
  0.090525;0.644906;0.022928;,
  0.160404;0.622616;0.026802;,
  0.084380;0.703543;0.076255;,
  0.090525;0.644906;0.022928;,
  0.103787;0.657393;0.086440;,
  0.129289;0.596955;0.081678;,
  0.115724;0.609075;0.040020;,
  0.093280;0.708386;0.081332;,
  0.158503;0.676803;0.071172;,
  0.133346;0.719129;0.064194;,
  0.173884;0.610221;0.068462;,
  0.132850;0.716121;0.026437;,
  0.157219;0.629949;0.010183;,
  0.103368;0.588076;-0.030566;,
  0.103641;0.614533;0.024042;,
  0.137686;0.599275;-0.037219;,
  0.105263;0.569235;-0.068991;,
  0.124836;0.570167;-0.076143;,
  0.103641;0.614533;0.024042;,
  0.130725;0.543919;-0.006574;,
  0.125560;0.563922;0.054748;,
  0.103368;0.588076;-0.030566;,
  0.114645;0.539223;-0.051385;,
  0.105263;0.569235;-0.068991;,
  0.156951;0.552939;-0.011566;,
  0.178808;0.579382;0.040981;,
  0.135851;0.538807;-0.059996;,
  0.072614;0.523423;-0.172041;,
  0.073304;0.513432;-0.115859;,
  0.080167;0.537551;-0.156966;,
  0.066052;0.499809;-0.131122;,
  0.112789;0.568487;-0.142336;,
  0.117844;0.557893;-0.154281;,
  0.108673;0.563213;-0.151339;,
  0.124076;0.567922;-0.145235;,
  0.082356;0.535980;-0.080425;,
  0.116040;0.541646;-0.130209;,
  0.082791;0.508651;-0.105896;,
  0.106027;0.568142;-0.110046;,
  0.096476;0.494585;-0.109500;,
  0.113976;0.516363;-0.073584;,
  0.139760;0.549995;-0.103686;,
  0.128852;0.526536;-0.132216;,
  0.107166;0.763026;0.055633;,
  0.112178;0.765846;0.026285;,
  0.075559;0.780614;0.057123;,
  0.075273;0.777881;0.032052;,
  0.092921;0.698491;0.094313;,
  0.043022;0.803993;0.039464;,
  0.101828;0.752420;0.003908;,
  0.080121;0.743762;0.005784;,
  0.072806;0.762253;0.009806;,
  0.093502;0.724997;0.003132;,
  0.094938;0.740336;0.095373;,
  0.054357;0.730928;0.108327;,
  0.097794;0.744542;0.092108;,
  -0.003406;0.725459;0.104877;,
  -0.000962;0.781687;0.083917;,
  0.077325;0.779977;0.090826;,
  0.097794;0.744542;0.092108;,
  0.086808;0.723925;0.034708;,
  0.098030;0.733564;0.080466;,
  0.069530;0.702380;0.017179;,
  0.098157;0.697646;0.062379;,
  0.094608;0.696896;0.027162;,
  0.092158;0.736107;0.008013;,
  0.101934;0.699326;0.078897;,
  0.106027;0.568142;-0.110046;,
  0.040141;0.834119;0.031763;,
  0.028672;0.843841;0.048718;,
  0.001248;0.810384;0.066178;,
  0.001945;0.848637;0.052154;,
  0.128852;0.526536;-0.132216;,
  0.072614;0.523423;-0.172041;,
  0.066052;0.499809;-0.131122;,
  0.110752;0.564227;-0.122948;,
  0.133527;0.556132;-0.132262;,
  0.110752;0.564227;-0.122948;,
  0.106994;0.552642;-0.135926;,
  0.125404;0.536706;-0.139513;,
  0.125404;0.536706;-0.139513;,
  0.112789;0.568487;-0.142336;,
  0.124076;0.567922;-0.145235;,
  0.117844;0.557893;-0.154281;,
  0.095162;0.020228;-0.022685;,
  0.064907;-0.001385;-0.067431;,
  0.063586;0.017194;-0.060195;,
  0.100721;-0.001397;-0.029922;,
  0.045608;0.031888;0.088979;,
  0.044025;-0.001415;0.051082;,
  0.049355;-0.001522;0.099609;,
  0.042654;0.023542;0.048549;,
  0.053301;0.080169;0.071131;,
  0.087148;0.034910;0.088448;,
  0.077442;0.085002;0.071109;,
  0.088920;-0.001438;0.054149;,
  0.084211;-0.001545;0.099342;,
  0.090071;0.033508;0.051678;,
  0.067302;0.066024;0.020515;,
  0.086526;0.067667;0.049574;,
  0.036094;0.014161;-0.049741;,
  0.029967;-0.001374;-0.056978;,
  0.100721;-0.001397;-0.029922;,
  0.029967;-0.001374;-0.056978;,
  0.020311;0.367027;0.000957;,
  0.039680;0.270637;0.002305;,
  0.026733;0.202028;0.017643;,
  0.036884;0.144698;0.029703;,
  0.050120;0.059932;0.046017;,
  0.050120;0.059932;0.046017;,
  0.004434;0.450754;0.051139;,
  0.053574;0.830347;0.012774;,
  0.038044;0.811894;0.000838;,
  0.047412;0.816911;-0.002784;,
  0.034150;0.824342;0.016643;,
  0.043778;0.858700;0.021617;,
  0.033723;0.877622;0.032724;,
  0.035376;0.941240;-0.072651;,
  0.019045;0.919855;-0.094067;,
  0.016092;0.944620;-0.077661;,
  0.052454;0.860314;-0.075425;,
  0.036471;0.855435;-0.082736;,
  0.049093;0.888600;-0.083873;,
  0.054628;0.832542;-0.015435;,
  0.059664;0.855988;0.002172;,
  0.051400;0.844573;0.014102;,
  0.060181;0.894850;-0.001478;,
  0.064037;0.891577;-0.025488;,
  0.060571;0.903463;-0.071947;,
  0.065831;0.919675;-0.049820;,
  0.063086;0.873726;-0.046053;,
  0.055680;0.906525;0.009738;,
  0.042695;0.923900;0.021038;,
  0.002549;0.929484;0.024623;,
  0.040279;0.956852;-0.014467;,
  0.006502;0.962958;-0.011343;,
  0.062343;0.855036;-0.033183;,
  0.046700;0.816808;-0.023246;,
  0.050829;0.837991;-0.052004;,
  0.032654;0.789342;-0.022114;,
  0.011563;0.790264;-0.012068;,
  0.014393;0.780882;-0.030801;,
  0.044423;0.909549;-0.087287;,
  0.054326;0.933276;-0.064235;,
  0.057604;0.945050;-0.026860;,
  0.046167;0.954767;-0.045207;,
  0.028533;0.962319;-0.045087;,
  0.011269;0.964959;-0.046646;,
  0.002240;0.890682;0.035043;,
  0.057604;0.945050;-0.026860;,
  0.046167;0.954767;-0.045207;,
  0.066071;0.858125;0.001067;,
  0.072462;0.902731;-0.014254;,
  0.075507;0.891061;0.003298;,
  0.065192;0.884044;-0.009688;,
  0.075507;0.891061;0.003298;,
  0.066071;0.858125;0.001067;,
  0.072462;0.902731;-0.014254;,
  0.064037;0.891577;-0.025488;,
  0.064260;0.867456;-0.018311;,
  0.059664;0.855988;0.002172;,
  0.051601;0.856879;-0.063752;,
  0.064260;0.867456;-0.018311;,
  0.043022;0.803993;0.039464;,
  0.040141;0.834119;0.031763;,
  0.075273;0.777881;0.032052;,
  0.043778;0.858700;0.021617;,
  0.008118;0.782942;0.002935;,
  0.009025;0.760710;-0.005487;,
  0.007218;0.554964;-0.021388;,
  0.002217;0.503695;0.118198;,
  0.002189;0.469416;0.116935;,
  -0.000218;0.443744;0.104154;,
  0.009222;0.803629;-0.002058;,
  0.004434;0.450754;0.051139;,
  0.028533;0.962319;-0.045087;,
  0.011269;0.964959;-0.046646;,
  0.035429;0.813472;-0.042942;,
  0.029930;0.829009;-0.061654;,
  0.029702;0.820659;-0.056814;,
  0.020200;0.905384;-0.099472;,
  0.020885;0.879952;-0.099142;,
  0.032787;0.852585;-0.070579;,
  0.001533;0.608880;0.088080;,
  0.075273;0.777881;0.032052;,
  0.064907;-0.001385;-0.067431;,
  0.027722;0.802386;-0.045253;,
  0.034503;0.807963;-0.039404;,
  0.027292;0.808358;-0.044727;,
  0.017658;0.816859;-0.062258;,
  0.019274;0.819278;-0.074596;,
  0.027851;0.809208;-0.050863;,
  0.015813;0.808014;-0.046900;,
  0.016260;0.799218;-0.048318;,
  0.020487;0.850556;-0.090047;,
  0.019545;0.844552;-0.081893;,
  0.098030;0.733564;0.080466;,
  0.017031;0.807014;-0.055606;,
  0.081569;0.725754;0.051670;,
  0.086808;0.723925;0.034708;,
  0.092158;0.736107;0.008013;,
  0.055680;0.906525;0.009738;,
  0.069025;0.216726;-0.006846;,
  0.039399;0.144741;-0.021185;,
  0.029399;0.221225;-0.031812;,
  0.067292;0.143692;0.005558;,
  0.068899;0.274648;-0.037384;,
  0.031762;0.278451;-0.043055;,
  0.068814;0.370636;-0.022534;,
  0.018915;0.370828;-0.027672;,
  0.063072;0.467231;-0.007475;,
  0.015204;0.459209;-0.018762;,
  0.047461;0.502557;-0.002759;,
  0.040051;0.072211;-0.016730;,
  0.067302;0.066024;0.020515;,
  0.036186;0.153266;0.096375;,
  -0.004981;0.079483;0.105876;,
  0.038897;0.083634;0.105109;,
  -0.003317;0.152825;0.101372;,
  -0.001266;0.219592;0.088025;,
  0.030288;0.224292;0.082898;,
  0.001471;0.281035;0.088069;,
  0.032866;0.270268;0.074220;,
  0.022515;0.355329;0.090925;,
  0.000043;0.366564;0.100851;,
  0.001798;0.441652;0.116315;,
  0.081569;0.725754;0.051670;,
  -0.060766;0.769940;-0.000715;,
  -0.025069;0.764353;-0.000007;,
  -0.069125;0.750480;-0.007257;,
  -0.021975;0.791851;0.019565;,
  -0.075241;0.737137;-0.009581;,
  -0.043311;0.701231;-0.031809;,
  -0.082775;0.701372;-0.004223;,
  -0.030460;0.735194;-0.020969;,
  -0.027266;0.808671;0.058342;,
  -0.079124;0.782235;0.074420;,
  -0.048186;0.785596;0.084594;,
  -0.068284;0.789006;0.046137;,
  -0.079394;0.554960;0.069744;,
  -0.039727;0.563517;0.089110;,
  -0.072551;0.565067;0.065708;,
  -0.038955;0.551438;0.095720;,
  -0.065232;0.563347;0.010023;,
  -0.078929;0.537562;0.030163;,
  -0.036319;0.557401;-0.019414;,
  -0.063660;0.513197;0.002694;,
  -0.034536;0.502728;-0.005605;,
  0.003156;0.561338;0.090669;,
  0.003037;0.547074;0.097169;,
  -0.051896;0.655109;0.090146;,
  -0.002461;0.691374;0.106478;,
  -0.058750;0.693677;0.096760;,
  -0.000337;0.655973;0.098219;,
  -0.055996;0.468123;-0.011511;,
  -0.107810;0.369377;0.003318;,
  -0.089194;0.465040;0.026506;,
  -0.071522;0.372682;-0.027140;,
  -0.079812;0.277865;-0.042761;,
  -0.105826;0.275442;0.003178;,
  -0.007628;0.463265;0.005502;,
  -0.024841;0.354113;0.069771;,
  -0.022694;0.364913;-0.005396;,
  -0.009590;0.445127;0.105861;,
  -0.049815;0.270490;0.038080;,
  -0.049737;0.270413;-0.004136;,
  -0.104466;0.360909;0.067446;,
  -0.083225;0.441425;0.083208;,
  -0.090135;0.276117;0.040740;,
  -0.118438;0.002788;0.047618;,
  -0.066793;-0.002376;0.078248;,
  -0.099653;0.002094;0.088985;,
  -0.077200;-0.002978;0.030555;,
  -0.083741;0.219601;-0.014607;,
  -0.114792;0.148903;0.025144;,
  -0.112932;0.223059;0.016232;,
  -0.087737;0.146167;-0.005535;,
  -0.111012;0.070324;0.037021;,
  -0.096082;0.067705;0.005915;,
  -0.042098;0.200343;0.007741;,
  -0.050224;0.155215;0.058277;,
  -0.056631;0.143533;0.017575;,
  -0.038416;0.220000;0.059767;,
  -0.074485;0.078852;0.054103;,
  -0.077052;0.058641;0.025134;,
  -0.112100;0.158421;0.062398;,
  -0.109409;0.232887;0.064557;,
  -0.097645;0.086008;0.057223;,
  -0.085318;0.509022;0.036606;,
  -0.007628;0.463265;0.005502;,
  -0.088947;0.506596;0.091053;,
  -0.039782;0.506426;0.116834;,
  -0.082871;0.455380;0.089173;,
  -0.037635;0.457930;0.111481;,
  -0.045717;0.609506;0.083121;,
  -0.082077;0.654387;0.069844;,
  -0.092224;0.660287;0.052164;,
  -0.065432;0.614544;0.005503;,
  -0.076091;0.610657;0.055636;,
  -0.081646;0.666632;-0.000777;,
  -0.044656;0.666525;-0.034008;,
  -0.040760;0.611419;-0.022595;,
  -0.097618;0.728203;-0.017903;,
  -0.062701;0.718944;0.021981;,
  -0.124429;0.686247;-0.027165;,
  -0.120193;0.629573;0.014407;,
  -0.150888;0.646343;-0.019187;,
  -0.086200;0.662928;0.012644;,
  -0.105660;0.719328;0.065181;,
  -0.129567;0.674356;0.061164;,
  -0.086200;0.662928;0.012644;,
  -0.150636;0.614175;0.038588;,
  -0.120193;0.629573;0.014407;,
  -0.115679;0.724623;0.065303;,
  -0.167805;0.698002;0.021383;,
  -0.140779;0.738660;0.030845;,
  -0.181246;0.630643;0.004991;,
  -0.121137;0.736785;-0.001491;,
  -0.139225;0.660192;-0.028320;,
  -0.066976;0.628478;-0.037704;,
  -0.092793;0.640955;-0.060622;,
  -0.101126;0.641942;0.010613;,
  -0.044254;0.606443;-0.068734;,
  -0.055713;0.621368;-0.088179;,
  -0.101126;0.641942;0.010613;,
  -0.097160;0.580102;-0.042466;,
  -0.066976;0.628478;-0.037704;,
  -0.129892;0.585982;0.013325;,
  -0.066766;0.585531;-0.081993;,
  -0.044254;0.606443;-0.068734;,
  -0.117000;0.590068;-0.059820;,
  -0.167734;0.604290;-0.025353;,
  -0.071616;0.588842;-0.090607;,
  0.055122;0.597120;-0.154887;,
  0.004718;0.571951;-0.145796;,
  0.011466;0.580521;-0.164562;,
  0.048718;0.588658;-0.135618;,
  0.018371;0.575660;-0.108195;,
  0.025298;0.587098;-0.118277;,
  0.028448;0.580724;-0.105212;,
  0.018393;0.578563;-0.119029;,
  -0.047995;0.581020;-0.119940;,
  0.005489;0.602126;-0.101521;,
  -0.015112;0.581430;-0.082648;,
  -0.023259;0.593605;-0.144952;,
  -0.018398;0.612279;-0.150026;,
  -0.051539;0.618686;-0.119511;,
  -0.017899;0.620062;-0.079906;,
  0.008638;0.620755;-0.107809;,
  -0.098436;0.781851;0.044360;,
  -0.100020;0.785788;0.014749;,
  -0.068284;0.789006;0.046137;,
  -0.063501;0.787227;0.022284;,
  -0.093727;0.698644;0.076258;,
  -0.033937;0.804122;0.030837;,
  -0.090038;0.770517;-0.006882;,
  -0.069125;0.750480;-0.007257;,
  -0.083945;0.742845;-0.004349;,
  -0.060766;0.769940;-0.000715;,
  -0.099710;0.742140;0.074752;,
  -0.101984;0.746657;0.070964;,
  -0.060480;0.731121;0.095455;,
  -0.003406;0.725459;0.104877;,
  -0.000962;0.781687;0.083917;,
  -0.079124;0.782235;0.074420;,
  -0.101984;0.746657;0.070964;,
  -0.078984;0.727026;0.018318;,
  -0.062701;0.718944;0.021981;,
  -0.100186;0.737438;0.060828;,
  -0.092748;0.697803;0.043912;,
  -0.082517;0.697041;0.010028;,
  -0.075241;0.737137;-0.009581;,
  -0.099618;0.699491;0.059400;,
  -0.015112;0.581430;-0.082648;,
  -0.029719;0.833282;0.023161;,
  -0.023011;0.843222;0.042354;,
  0.001248;0.810384;0.066178;,
  0.001945;0.848637;0.052154;,
  0.008638;0.620755;-0.107809;,
  0.055122;0.597120;-0.154887;,
  0.011466;0.580521;-0.164562;,
  0.004781;0.579187;-0.094015;,
  0.024717;0.595665;-0.092584;,
  0.004781;0.579187;-0.094015;,
  0.005171;0.587897;-0.109532;,
  0.016025;0.609879;-0.107361;,
  0.016025;0.609879;-0.107361;,
  0.018371;0.575660;-0.108195;,
  0.028448;0.580724;-0.105212;,
  0.025298;0.587098;-0.118277;,
  -0.146093;0.025045;-0.024157;,
  -0.134515;-0.000307;-0.075225;,
  -0.156262;0.004314;-0.028370;,
  -0.128704;0.017950;-0.069549;,
  -0.062572;0.030267;0.065605;,
  -0.077200;-0.002978;0.030555;,
  -0.073669;0.021593;0.026688;,
  -0.066793;-0.002376;0.078248;,
  -0.074485;0.078852;0.054103;,
  -0.101428;0.038619;0.078073;,
  -0.097645;0.086008;0.057223;,
  -0.118438;0.002788;0.047618;,
  -0.116039;0.037589;0.044191;,
  -0.099653;0.002094;0.088985;,
  -0.096082;0.067705;0.005915;,
  -0.111012;0.070324;0.037021;,
  -0.099902;0.011402;-0.068180;,
  -0.098339;-0.004796;-0.076330;,
  -0.156262;0.004314;-0.028370;,
  -0.098339;-0.004796;-0.076330;,
  -0.022694;0.364913;-0.005396;,
  -0.049737;0.270413;-0.004136;,
  -0.042098;0.200343;0.007741;,
  -0.056631;0.143533;0.017575;,
  -0.077052;0.058641;0.025134;,
  -0.077052;0.058641;0.025134;,
  -0.037759;0.827722;0.000293;,
  -0.018584;0.810267;-0.006900;,
  -0.019966;0.823693;0.009980;,
  -0.026905;0.814775;-0.012939;,
  -0.032306;0.856514;0.011220;,
  -0.026680;0.875887;0.024470;,
  -0.003607;0.940120;-0.077978;,
  0.016092;0.944620;-0.077661;,
  -0.014727;0.858383;-0.084606;,
  -0.010824;0.886878;-0.092061;,
  0.002880;0.854470;-0.087327;,
  -0.031334;0.830073;-0.027182;,
  -0.042219;0.853061;-0.011751;,
  -0.036827;0.842038;0.002045;,
  -0.043929;0.891858;-0.015705;,
  -0.041016;0.888559;-0.039844;,
  -0.025898;0.900978;-0.083763;,
  -0.033582;0.870948;-0.059263;,
  -0.037803;0.916697;-0.063981;,
  -0.043265;0.903682;-0.003783;,
  -0.034785;0.921673;0.010450;,
  0.002549;0.929484;0.024623;,
  -0.024801;0.954982;-0.023361;,
  0.006502;0.962958;-0.011343;,
  -0.035264;0.852231;-0.046521;,
  -0.018185;0.836008;-0.061435;,
  -0.020729;0.814871;-0.032461;,
  -0.005975;0.788232;-0.027393;,
  -0.006598;0.908083;-0.094259;,
  -0.023640;0.931036;-0.074890;,
  -0.037476;0.942318;-0.039852;,
  -0.022105;0.952805;-0.054537;,
  0.011269;0.964959;-0.046646;,
  -0.005603;0.961338;-0.049752;,
  0.002240;0.890682;0.035043;,
  -0.037476;0.942318;-0.039852;,
  -0.022105;0.952805;-0.054537;,
  -0.048206;0.854841;-0.014549;,
  -0.052759;0.899133;-0.031366;,
  -0.045938;0.880851;-0.024874;,
  -0.059735;0.887176;-0.015183;,
  -0.059735;0.887176;-0.015183;,
  -0.048206;0.854841;-0.014549;,
  -0.052759;0.899133;-0.031366;,
  -0.041016;0.888559;-0.039844;,
  -0.041795;0.864409;-0.032804;,
  -0.042219;0.853061;-0.011751;,
  -0.016842;0.854913;-0.073105;,
  -0.041795;0.864409;-0.032804;,
  -0.033937;0.804122;0.030837;,
  -0.029719;0.833282;0.023161;,
  -0.063501;0.787227;0.022284;,
  -0.032306;0.856514;0.011220;,
  0.002217;0.503695;0.118198;,
  0.002189;0.469416;0.116935;,
  -0.000218;0.443744;0.104154;,
  0.004434;0.450754;0.051139;,
  -0.005603;0.961338;-0.049752;,
  0.011269;0.964959;-0.046646;,
  -0.004421;0.812327;-0.048387;,
  0.005008;0.828293;-0.065060;,
  0.004400;0.819932;-0.060271;,
  0.003324;0.851738;-0.074605;,
  0.001533;0.608880;0.088080;,
  -0.063501;0.787227;0.022284;,
  -0.134515;-0.000307;-0.075225;,
  -0.004169;0.806852;-0.044688;,
  0.004236;0.801711;-0.048462;,
  0.004171;0.807694;-0.047887;,
  0.005231;0.808558;-0.053954;,
  -0.100186;0.737438;0.060828;,
  -0.077267;0.728543;0.036452;,
  -0.078984;0.727026;0.018318;,
  -0.075241;0.737137;-0.009581;,
  -0.043265;0.903682;-0.003783;,
  -0.029859;0.221281;-0.037756;,
  -0.000191;0.145731;-0.032078;,
  -0.040748;0.144968;-0.030005;,
  0.001255;0.223449;-0.035559;,
  -0.033403;0.277947;-0.047850;,
  0.003473;0.278863;-0.045025;,
  -0.016754;0.369373;-0.031661;,
  0.004385;0.367005;-0.030115;,
  -0.007614;0.457747;-0.022165;,
  0.005331;0.452518;-0.020678;,
  0.006843;0.494349;-0.015646;,
  -0.034536;0.502728;-0.005605;,
  -0.001354;0.079322;-0.033001;,
  -0.045177;0.072574;-0.027339;,
  -0.049795;0.075373;0.090726;,
  -0.112100;0.158421;0.062398;,
  -0.097631;0.086007;0.057222;,
  -0.047270;0.150322;0.083302;,
  -0.109409;0.232887;0.064557;,
  -0.045583;0.217598;0.075373;,
  -0.040367;0.268525;0.071500;,
  -0.090135;0.276117;0.040740;,
  -0.104466;0.360909;0.067446;,
  -0.022511;0.351236;0.086881;,
  0.002189;0.469416;0.116935;,
  -0.037635;0.457930;0.111481;,
  -0.077267;0.728543;0.036452;,
  -0.055996;0.468123;-0.011511;,
  -0.071522;0.372682;-0.027140;,
  -0.079812;0.277865;-0.042761;,
  -0.083741;0.219601;-0.014607;,
  -0.087737;0.146167;-0.005535;,
  -0.096082;0.067705;0.005915;,
  0.104001;0.357030;0.070993;,
  0.043063;0.458425;0.115076;,
  0.089309;0.439778;0.087500;,
  0.081945;0.274088;0.045583;,
  0.098394;0.231335;0.070784;,
  0.094891;0.156882;0.072063;,
  0.077442;0.085002;0.071109;,
  -0.083225;0.441425;0.083208;;
  916;
  3;0,1,2;,
  3;1,0,3;,
  3;4,5,6;,
  3;5,4,7;,
  3;8,9,10;,
  3;9,8,11;,
  3;12,13,14;,
  3;13,12,15;,
  3;16,12,17;,
  3;12,16,15;,
  3;18,19,20;,
  3;19,18,16;,
  3;6,21,22;,
  3;21,6,5;,
  3;14,23,24;,
  3;23,14,13;,
  3;25,26,27;,
  3;26,25,28;,
  3;29,30,31;,
  3;30,29,32;,
  3;30,33,31;,
  3;33,30,34;,
  3;35,36,37;,
  3;36,35,38;,
  3;38,39,36;,
  3;39,38,40;,
  3;37,41,42;,
  3;41,37,36;,
  3;36,43,41;,
  3;43,36,39;,
  3;42,30,32;,
  3;30,42,41;,
  3;41,34,30;,
  3;34,41,43;,
  3;44,45,46;,
  3;45,44,47;,
  3;48,49,50;,
  3;49,48,51;,
  3;50,52,53;,
  3;52,50,49;,
  3;54,55,56;,
  3;55,54,57;,
  3;57,58,55;,
  3;58,57,59;,
  3;56,60,61;,
  3;60,56,55;,
  3;55,62,60;,
  3;62,55,58;,
  3;61,49,51;,
  3;49,61,60;,
  3;60,52,49;,
  3;52,60,62;,
  3;32,19,63;,
  3;19,32,29;,
  3;64,65,66;,
  3;65,64,20;,
  3;14,67,12;,
  3;67,14,68;,
  3;68,69,67;,
  3;69,68,70;,
  3;70,42,69;,
  3;42,70,37;,
  3;48,34,51;,
  3;34,48,33;,
  3;51,43,61;,
  3;43,51,34;,
  3;43,56,61;,
  3;56,43,39;,
  3;39,54,56;,
  3;54,39,40;,
  3;12,63,17;,
  3;63,12,67;,
  3;67,32,63;,
  3;32,67,69;,
  3;69,42,32;,
  3;71,72,25;,
  3;73,74,75;,
  3;74,73,76;,
  3;74,77,75;,
  3;77,74,78;,
  3;79,78,80;,
  3;78,79,77;,
  3;81,82,83;,
  3;82,84,85;,
  3;84,82,86;,
  3;87,88,89;,
  3;88,90,89;,
  3;90,88,91;,
  3;92,93,94;,
  3;92,89,93;,
  3;92,87,89;,
  3;89,95,93;,
  3;95,89,90;,
  3;96,93,82;,
  3;93,86,82;,
  3;86,93,95;,
  3;97,98,99;,
  3;98,97,100;,
  3;100,101,98;,
  3;101,100,102;,
  3;103,104,105;,
  3;104,103,106;,
  3;106,107,104;,
  3;107,106,108;,
  3;105,109,110;,
  3;109,105,104;,
  3;104,111,109;,
  3;111,104,107;,
  3;110,100,97;,
  3;100,110,109;,
  3;109,102,100;,
  3;102,109,111;,
  3;112,113,114;,
  3;113,112,115;,
  3;116,117,118;,
  3;117,116,119;,
  3;120,121,122;,
  3;121,120,123;,
  3;120,124,125;,
  3;124,120,122;,
  3;126,124,127;,
  3;124,126,125;,
  3;95,97,86;,
  3;97,95,110;,
  3;86,99,84;,
  3;99,86,97;,
  3;90,103,105;,
  3;103,90,91;,
  3;105,95,90;,
  3;95,105,110;,
  3;128,96,129;,
  3;96,128,94;,
  3;129,130,128;,
  3;130,129,131;,
  3;72,28,25;,
  3;28,72,132;,
  3;10,133,8;,
  3;134,135,136;,
  3;135,134,137;,
  3;81,137,134;,
  3;138,11,139;,
  3;138,9,11;,
  3;138,140,9;,
  3;141,11,142;,
  3;11,141,139;,
  3;128,130,143;,
  3;94,144,92;,
  3;94,143,144;,
  3;94,128,143;,
  3;145,87,146;,
  3;87,145,147;,
  3;75,148,73;,
  3;148,75,149;,
  3;150,147,145;,
  3;7,149,75;,
  3;148,151,73;,
  3;102,152,101;,
  3;152,102,126;,
  3;102,125,126;,
  3;125,102,111;,
  3;111,120,125;,
  3;120,111,107;,
  3;120,108,123;,
  3;108,120,107;,
  3;8,153,154;,
  3;153,8,133;,
  3;154,155,8;,
  3;155,154,156;,
  3;122,114,113;,
  3;114,122,121;,
  3;121,112,114;,
  3;112,121,157;,
  3;158,124,159;,
  3;124,158,127;,
  3;159,122,113;,
  3;122,159,124;,
  3;126,160,152;,
  3;160,126,161;,
  3;162,121,123;,
  3;121,162,163;,
  3;121,164,157;,
  3;164,121,163;,
  3;165,126,127;,
  3;126,165,161;,
  3;161,166,160;,
  3;166,161,167;,
  3;162,118,163;,
  3;118,162,116;,
  3;163,117,164;,
  3;117,163,118;,
  3;165,167,161;,
  3;167,165,168;,
  3;169,170,171;,
  3;170,169,172;,
  3;173,174,175;,
  3;174,173,176;,
  3;177,178,179;,
  3;178,177,173;,
  3;180,178,181;,
  3;178,180,182;,
  3;183,169,171;,
  3;169,183,184;,
  3;174,185,186;,
  3;185,174,176;,
  3;46,187,44;,
  3;187,46,188;,
  3;180,169,182;,
  3;169,180,172;,
  3;20,29,65;,
  3;19,29,20;,
  3;29,31,189;,
  3;31,190,189;,
  3;190,31,33;,
  3;33,191,190;,
  3;191,33,48;,
  3;191,50,192;,
  3;50,191,48;,
  3;192,53,193;,
  3;53,192,50;,
  3;194,171,185;,
  3;171,194,183;,
  3;171,186,185;,
  3;186,171,170;,
  3;185,176,194;,
  3;194,173,177;,
  3;173,194,176;,
  3;178,175,181;,
  3;175,178,173;,
  3;179,182,184;,
  3;182,179,178;,
  3;182,169,184;,
  3;16,17,19;,
  3;17,63,19;,
  3;65,195,66;,
  3;196,197,198;,
  3;197,196,199;,
  3;200,154,153;,
  3;154,200,201;,
  3;202,203,204;,
  3;205,206,207;,
  3;196,208,209;,
  3;208,196,198;,
  3;210,209,211;,
  3;209,210,196;,
  3;212,213,214;,
  3;213,212,215;,
  3;212,214,211;,
  3;201,216,217;,
  3;216,201,200;,
  3;218,219,220;,
  3;219,218,217;,
  3;210,199,196;,
  3;213,205,207;,
  3;221,222,223;,
  3;198,197,224;,
  3;224,225,226;,
  3;225,224,197;,
  3;227,213,207;,
  3;228,229,214;,
  3;229,228,230;,
  3;220,231,232;,
  3;213,228,214;,
  3;156,201,233;,
  3;201,156,154;,
  3;233,217,218;,
  3;217,233,201;,
  3;219,217,234;,
  3;235,219,234;,
  3;236,237,238;,
  3;237,236,239;,
  3;209,240,211;,
  3;240,209,241;,
  3;211,242,212;,
  3;242,211,240;,
  3;243,239,244;,
  3;239,243,237;,
  3;244,236,245;,
  3;236,244,239;,
  3;246,221,223;,
  3;221,246,215;,
  3;221,212,247;,
  3;212,221,215;,
  3;199,248,2;,
  3;248,199,249;,
  3;133,10,250;,
  3;249,210,251;,
  3;210,249,199;,
  3;210,211,251;,
  3;252,1,253;,
  3;1,252,2;,
  3;20,254,18;,
  3;254,20,64;,
  3;24,68,14;,
  3;68,24,255;,
  3;68,256,70;,
  3;256,68,255;,
  3;256,37,70;,
  3;37,256,257;,
  3;258,2,252;,
  3;2,258,199;,
  3;257,259,37;,
  3;37,259,35;,
  3;260,204,261;,
  3;204,260,202;,
  3;262,263,223;,
  3;263,262,264;,
  3;197,258,225;,
  3;258,197,199;,
  3;265,203,227;,
  3;265,207,266;,
  3;207,265,227;,
  3;223,267,246;,
  3;267,223,263;,
  3;88,87,147;,
  3;83,82,85;,
  3;78,16,18;,
  3;16,78,74;,
  3;74,15,16;,
  3;15,74,76;,
  3;15,71,13;,
  3;71,15,76;,
  3;13,268,23;,
  3;268,13,71;,
  3;248,269,2;,
  3;2,269,0;,
  3;136,129,134;,
  3;129,136,131;,
  3;134,96,81;,
  3;96,134,129;,
  3;96,82,81;,
  3;93,96,94;,
  3;29,189,65;,
  3;205,215,246;,
  3;267,205,246;,
  3;205,267,206;,
  3;205,213,215;,
  3;187,188,270;,
  3;224,271,272;,
  3;222,221,208;,
  3;224,222,198;,
  3;272,273,262;,
  3;273,272,271;,
  3;263,274,275;,
  3;273,276,262;,
  3;277,271,278;,
  3;271,277,273;,
  3;222,272,262;,
  3;272,222,224;,
  3;222,208,198;,
  3;209,221,247;,
  3;221,209,208;,
  3;223,222,262;,
  3;266,206,279;,
  3;206,266,207;,
  3;206,280,279;,
  3;280,206,267;,
  3;280,263,275;,
  3;263,280,267;,
  3;264,262,276;,
  3;76,73,72;,
  3;138,281,140;,
  3;73,132,72;,
  3;132,73,151;,
  3;72,71,76;,
  3;271,226,278;,
  3;155,11,8;,
  3;276,277,282;,
  3;277,276,273;,
  3;274,276,282;,
  3;276,274,264;,
  3;28,141,26;,
  3;141,28,139;,
  3;139,132,138;,
  3;132,139,28;,
  3;132,281,138;,
  3;281,132,151;,
