xof 0303txt 0032
template ColorRGBA {
 <35ff44e0-6c7c-11cf-8f52-0040333594a3>
 FLOAT red;
 FLOAT green;
 FLOAT blue;
 FLOAT alpha;
}

template ColorRGB {
 <d3e16e81-7835-11cf-8f52-0040333594a3>
 FLOAT red;
 FLOAT green;
 FLOAT blue;
}

template Material {
 <3d82ab4d-62da-11cf-ab39-0020af71e433>
 ColorRGBA faceColor;
 FLOAT power;
 ColorRGB specularColor;
 ColorRGB emissiveColor;
 [...]
}

template TextureFilename {
 <a42790e1-7810-11cf-8f52-0040333594a3>
 STRING filename;
}

template Frame {
 <3d82ab46-62da-11cf-ab39-0020af71e433>
 [...]
}

template Matrix4x4 {
 <f6f23f45-7686-11cf-8f52-0040333594a3>
 array FLOAT matrix[16];
}

template FrameTransformMatrix {
 <f6f23f41-7686-11cf-8f52-0040333594a3>
 Matrix4x4 frameMatrix;
}

template Vector {
 <3d82ab5e-62da-11cf-ab39-0020af71e433>
 FLOAT x;
 FLOAT y;
 FLOAT z;
}

template MeshFace {
 <3d82ab5f-62da-11cf-ab39-0020af71e433>
 DWORD nFaceVertexIndices;
 array DWORD faceVertexIndices[nFaceVertexIndices];
}

template Mesh {
 <3d82ab44-62da-11cf-ab39-0020af71e433>
 DWORD nVertices;
 array Vector vertices[nVertices];
 DWORD nFaces;
 array MeshFace faces[nFaces];
 [...]
}

template MeshMaterialList {
 <f6f23f42-7686-11cf-8f52-0040333594a3>
 DWORD nMaterials;
 DWORD nFaceIndexes;
 array DWORD faceIndexes[nFaceIndexes];
 [Material <3d82ab4d-62da-11cf-ab39-0020af71e433>]
}

template VertexElement {
 <f752461c-1e23-48f6-b9f8-8350850f336f>
 DWORD Type;
 DWORD Method;
 DWORD Usage;
 DWORD UsageIndex;
}

template DeclData {
 <bf22e553-292c-4781-9fea-62bd554bdd93>
 DWORD nElements;
 array VertexElement Elements[nElements];
 DWORD nDWords;
 array DWORD data[nDWords];
}

template XSkinMeshHeader {
 <3cf169ce-ff7c-44ab-93c0-f78f62d172e2>
 WORD nMaxSkinWeightsPerVertex;
 WORD nMaxSkinWeightsPerFace;
 WORD nBones;
}

template SkinWeights {
 <6f0d123b-bad2-4167-a0d0-80224f25fabb>
 STRING transformNodeName;
 DWORD nWeights;
 array DWORD vertexIndices[nWeights];
 array FLOAT weights[nWeights];
 Matrix4x4 matrixOffset;
}

template AnimTicksPerSecond {
 <9e415a43-7ba6-4a73-8743-b73d47e88476>
 DWORD AnimTicksPerSecond;
}

template Animation {
 <3d82ab4f-62da-11cf-ab39-0020af71e433>
 [...]
}

template AnimationSet {
 <3d82ab50-62da-11cf-ab39-0020af71e433>
 [Animation <3d82ab4f-62da-11cf-ab39-0020af71e433>]
}

template FloatKeys {
 <10dd46a9-775b-11cf-8f52-0040333594a3>
 DWORD nValues;
 array FLOAT values[nValues];
}

template TimedFloatKeys {
 <f406b180-7b3b-11cf-8f52-0040333594a3>
 DWORD time;
 FloatKeys tfkeys;
}

template AnimationKey {
 <10dd46a8-775b-11cf-8f52-0040333594a3>
 DWORD keyType;
 DWORD nKeys;
 array TimedFloatKeys keys[nKeys];
}


Material _03_-_Default {
 1.000000;1.000000;1.000000;1.000000;;
 9.999999;
 0.000000;0.000000;0.000000;;
 0.000000;0.000000;0.000000;;

 TextureFilename {
  "MaleBody_full.png";
 }
}

Frame Dummy01 {
 

 FrameTransformMatrix {
  1.000000,0.000000,0.000000,0.000000,0.000000,-0.000000,-1.000000,0.000000,0.000000,1.000000,-0.000000,0.000000,0.000000,0.000000,0.000000,1.000000;;
 }

 Frame Bip01 {
  

  FrameTransformMatrix {
   0.109582,0.982350,-0.151592,0.000000,-0.006641,0.153231,0.988168,0.000000,0.993956,-0.107279,0.023315,0.000000,-0.027106,-0.035910,0.505041,1.000000;;
  }

  Frame Bip01_Pelvis {
   

   FrameTransformMatrix {
    -0.042317,0.996808,0.067703,0.000000,0.001965,-0.067681,0.997705,0.000000,0.999102,0.042353,0.000906,0.000000,0.000000,0.000000,0.000000,1.000000;;
   }

   Frame Bip01_Spine {
    

    FrameTransformMatrix {
     0.996552,-0.024665,0.079217,0.000000,0.036160,0.988457,-0.147122,0.000000,-0.074674,0.149479,0.985941,0.000000,0.051475,-0.003507,0.002103,1.000000;;
    }

    Frame Bip01_Spine1 {
     

     FrameTransformMatrix {
      0.997672,0.068052,-0.004437,0.000000,-0.068173,0.993531,-0.090828,0.000000,-0.001773,0.090920,0.995857,0.000000,0.106480,-0.000008,-0.000084,1.000000;;
     }

     Frame Bip01_Neck {
      

      FrameTransformMatrix {
       0.903366,0.000001,0.428870,0.000000,-0.000001,1.000000,-0.000000,0.000000,-0.428870,-0.000000,0.903366,0.000000,0.130516,0.000000,0.004628,1.000000;;
      }

      Frame Bip01_Head {
       

       FrameTransformMatrix {
        0.973223,-0.219320,-0.068821,0.000000,0.229024,0.950763,0.208803,0.000000,0.019638,-0.218973,0.975533,0.000000,0.033674,-0.000000,0.000000,1.000000;;
       }

       Frame Bip01_HeadNub {
        

        FrameTransformMatrix {
         1.000000,0.000000,-0.000000,0.000000,0.000000,1.000000,0.000000,0.000000,0.000000,0.000000,1.000000,0.000000,0.169824,0.000000,0.000000,1.000000;;
        }
       }
      }

      Frame Bip01_L_Clavicle {
       

       FrameTransformMatrix {
        -0.124569,0.988647,-0.084019,0.000000,0.896127,0.075749,-0.437286,0.000000,-0.425957,-0.129763,-0.895389,0.000000,-0.023698,0.015715,0.006128,1.000000;;
       }

       Frame Bip01_L_UpperArm {
        

        FrameTransformMatrix {
         0.716403,-0.632012,0.295512,0.000000,0.697687,0.648960,-0.303452,0.000000,0.000010,0.423569,0.905864,0.000000,0.087086,0.000000,0.000000,1.000000;;
        }

        Frame Bip01_L_Forearm {
         

         FrameTransformMatrix {
          0.227633,0.000000,-0.973747,0.000000,0.000000,1.000000,0.000000,0.000000,0.973747,0.000000,0.227633,0.000000,0.137062,0.000000,0.000000,1.000000;;
         }

         Frame Bip01_L_Hand {
          

          FrameTransformMatrix {
           0.986034,-0.161926,0.038939,0.000000,-0.095668,-0.359333,0.928293,0.000000,-0.136322,-0.919054,-0.369806,0.000000,0.137062,0.000000,-0.000000,1.000000;;
          }

          Frame Bip01_L_Finger0 {
           

           FrameTransformMatrix {
            0.789996,-0.349486,0.503753,0.000000,0.558537,0.749101,-0.356210,0.000000,-0.252872,0.562769,0.786987,0.000000,0.057681,-0.023605,-0.000272,1.000000;;
           }

           Frame Bip01_L_Finger0Nub {
            

            FrameTransformMatrix {
             1.000000,0.000000,-0.000000,0.000000,0.000000,1.000000,0.000000,0.000000,0.000000,-0.000000,1.000000,0.000000,0.029435,0.000000,0.000000,1.000000;;
            }
           }
          }

          Frame Bip01_L_Finger1 {
           

           FrameTransformMatrix {
            0.811794,-0.000465,0.583944,0.000000,0.000000,1.000000,0.000796,0.000000,-0.583944,-0.000646,0.811793,0.000000,0.084102,0.000000,0.000000,1.000000;;
           }

           Frame Bip01_L_Finger1Nub {
            

            FrameTransformMatrix {
             1.000000,-0.000000,0.000000,0.000000,0.000000,1.000000,0.000000,0.000000,-0.000000,0.000000,1.000000,0.000000,0.047988,0.000000,0.000000,1.000000;;
            }
           }
          }
         }
        }
       }
      }

      Frame Bip01_R_Clavicle {
       

       FrameTransformMatrix {
        -0.286082,-0.957493,0.036942,0.000000,-0.857444,0.273018,0.436178,0.000000,-0.427723,0.093107,-0.899102,0.000000,-0.023698,-0.015715,0.006128,1.000000;;
       }

       Frame Bip01_R_UpperArm {
        

        FrameTransformMatrix {
         0.604750,0.650684,-0.459226,0.000000,-0.394346,0.745617,0.537165,0.000000,0.691932,-0.143757,0.707506,0.000000,0.087086,0.000000,0.000000,1.000000;;
        }

        Frame Bip01_R_Forearm {
         

         FrameTransformMatrix {
          0.341191,0.000000,-0.939994,0.000000,0.000000,1.000000,0.000000,0.000000,0.939994,-0.000000,0.341191,0.000000,0.137062,0.000000,0.000000,1.000000;;
         }

         Frame Bip01_R_Hand {
          

          FrameTransformMatrix {
           0.994438,-0.011040,0.104748,0.000000,0.104476,0.229637,-0.967653,0.000000,-0.013371,0.973214,0.229513,0.000000,0.137062,0.000000,-0.000000,1.000000;;
          }

          Frame Bip01_R_Finger0 {
           

           FrameTransformMatrix {
            0.541349,0.329368,0.773600,0.000000,-0.705835,0.677985,0.205269,0.000000,-0.456880,-0.657156,0.599506,0.000000,0.057681,0.023605,-0.000272,1.000000;;
           }

           Frame Bip01_R_Finger0Nub {
            

            FrameTransformMatrix {
             -1.000000,0.000000,0.000000,0.000000,0.000000,1.000000,0.000000,0.000000,0.000000,0.000000,-1.000000,0.000000,0.029435,-0.000000,-0.000000,1.000000;;
            }
           }
          }

          Frame Bip01_R_Finger1 {
           

           FrameTransformMatrix {
            -0.187830,0.072026,0.979557,0.000000,0.106174,0.992953,-0.052653,0.000000,-0.976446,0.094113,-0.194153,0.000000,0.084102,0.000000,-0.000000,1.000000;;
           }

           Frame Bip01_R_Finger1Nub {
            

            FrameTransformMatrix {
             -1.000000,0.000000,-0.000000,0.000000,0.000000,1.000000,-0.000000,0.000000,0.000000,0.000000,-1.000000,0.000000,0.047988,0.000000,-0.000000,1.000000;;
            }
           }
          }
         }
        }
       }
      }
     }

     Frame Bip01_BackPack {
      

      FrameTransformMatrix {
       0.190104,-0.000002,-0.981764,0.000000,0.000003,1.000000,-0.000002,0.000000,0.981764,-0.000002,0.190104,0.000000,0.063697,-0.000000,-0.088856,1.000000;;
      }

      Frame Bip01_BackPackNub {
       

       FrameTransformMatrix {
        0.000796,0.000003,1.000000,0.000000,-0.000000,-1.000000,0.000003,0.000000,1.000000,-0.000000,-0.000796,0.000000,0.053240,-0.000000,0.000000,1.000000;;
       }
      }
     }
    }

    Frame Bip01_L_Thigh {
     

     FrameTransformMatrix {
      -0.935946,0.037815,0.350106,0.000000,-0.089325,-0.987195,-0.132166,0.000000,0.340625,-0.154974,0.927339,0.000000,-0.052913,0.056503,0.010550,1.000000;;
     }

     Frame Bip01_L_Calf {
      

      FrameTransformMatrix {
       0.947108,-0.000000,-0.320913,0.000000,0.000000,1.000000,0.000000,0.000000,0.320913,0.000000,0.947109,0.000000,0.237500,0.000000,0.000000,1.000000;;
      }

      Frame Bip01_L_Foot {
       

       FrameTransformMatrix {
        0.983496,0.071278,0.166300,0.000000,-0.080519,0.995523,0.049498,0.000000,-0.162028,-0.062071,0.984832,0.000000,0.206841,-0.000000,0.000000,1.000000;;
       }

       Frame Bip01_L_Toe0 {
        

        FrameTransformMatrix {
         -0.000001,0.172441,0.985020,0.000000,0.000002,0.985020,-0.172441,0.000000,-1.000000,0.000001,-0.000001,0.000000,0.065373,-0.000000,0.066450,1.000000;;
        }

        Frame Bip01_L_Toe0Nub {
         

         FrameTransformMatrix {
          -1.000000,0.000000,-0.000000,0.000000,-0.000000,1.000000,0.000000,0.000000,0.000000,0.000000,-1.000000,0.000000,0.006735,0.000000,-0.000000,1.000000;;
         }
        }
       }
      }
     }
    }

    Frame Bip01_R_Thigh {
     

     FrameTransformMatrix {
      -0.969266,0.005580,0.245951,0.000000,-0.041927,-0.988864,-0.142796,0.000000,0.242415,-0.148719,0.958706,0.000000,-0.050188,-0.052673,-0.005961,1.000000;;
     }

     Frame Bip01_R_Calf {
      

      FrameTransformMatrix {
       0.983244,-0.000000,-0.182298,0.000000,0.000000,1.000000,-0.000000,0.000000,0.182298,-0.000000,0.983243,0.000000,0.237500,0.000000,0.000000,1.000000;;
      }

      Frame Bip01_R_Foot {
       

       FrameTransformMatrix {
        0.991629,0.022740,0.127098,0.000000,-0.008480,0.993713,-0.111634,0.000000,-0.128838,0.109621,0.985588,0.000000,0.206841,0.000000,0.000000,1.000000;;
       }

       Frame Bip01_R_Toe0 {
        

        FrameTransformMatrix {
         -0.000000,-0.000002,1.000000,0.000000,0.000000,1.000000,0.000002,0.000000,-1.000000,0.000000,-0.000000,0.000000,0.065373,0.000000,0.066450,1.000000;;
        }

        Frame Bip01_R_Toe0Nub {
         

         FrameTransformMatrix {
          1.000000,-0.000000,0.000000,0.000000,-0.000000,1.000000,0.000000,0.000000,0.000000,0.000000,1.000000,0.000000,0.006735,0.000000,-0.000000,1.000000;;
         }
        }
       }
      }
     }
    }
   }

   Frame Bip01_DressFront {
    

    FrameTransformMatrix {
     -0.968845,0.087154,0.231827,0.000000,0.084745,0.996195,-0.020351,0.000000,-0.232718,-0.000071,-0.972544,0.000000,-0.043968,0.001399,0.061084,1.000000;;
    }

    Frame Bip01_DressFront02 {
     

     FrameTransformMatrix {
      0.977593,0.000001,0.210504,0.000000,-0.000001,1.000000,-0.000000,0.000000,-0.210504,-0.000000,0.977593,0.000000,0.183352,-0.000000,-0.000129,1.000000;;
     }

     Frame Bip01_DressFrontNub {
      

      FrameTransformMatrix {
       0.000796,0.000003,1.000000,0.000000,-0.000000,-1.000000,0.000003,0.000000,1.000000,0.000000,-0.000796,0.000000,0.165302,0.000000,0.000000,1.000000;;
      }
     }
    }
   }

   Frame Bip01_DressBack {
    

    FrameTransformMatrix {
     -0.960793,0.081313,0.265075,0.000000,0.093881,0.994966,0.035070,0.000000,-0.260889,0.058580,-0.963590,0.000000,-0.047696,-0.000008,-0.078284,1.000000;;
    }

    Frame Bip01_DressBack02 {
     

     FrameTransformMatrix {
      0.970613,0.000001,0.240646,0.000000,-0.000001,1.000000,-0.000000,0.000000,-0.240646,-0.000000,0.970613,0.000000,0.176185,-0.000000,-0.000106,1.000000;;
     }

     Frame Bip01_DressBackNub {
      

      FrameTransformMatrix {
       0.000796,0.000003,1.000000,0.000000,-0.000000,-1.000000,0.000003,0.000000,1.000000,0.000000,-0.000796,0.000000,0.136508,0.000000,-0.000000,1.000000;;
      }
     }
    }
   }
  }

  Frame Bip01_Prop1 {
   

   FrameTransformMatrix {
    -0.657849,0.741704,-0.130800,0.000000,0.486605,0.551129,0.677844,0.000000,0.574847,0.382271,-0.723477,0.000000,0.231117,0.074553,-0.022082,1.000000;;
   }
  }

  Frame Bip01_Prop2 {
   

   FrameTransformMatrix {
    0.583802,-0.753312,0.302813,0.000000,0.790133,0.612934,0.001482,0.000000,-0.186720,0.238397,0.953049,0.000000,0.038549,-0.009059,0.210910,1.000000;;
   }
  }
 }
}

Frame Translation_Data {
 

 FrameTransformMatrix {
  1.000000,0.000000,0.000000,0.000000,0.000000,-0.000000,-1.000000,0.000000,0.000000,1.000000,-0.000000,0.000000,0.000000,-0.000000,0.000000,1.000000;;
 }
}

Frame Body {
 

 FrameTransformMatrix {
  1.000000,0.000000,0.000000,0.000000,0.000000,1.000000,0.000000,0.000000,0.000000,0.000000,1.000000,0.000000,0.000000,0.000000,0.000000,1.000000;;
 }

 Mesh Body {
  617;
  0.062508;0.762327;-0.005770;,
  0.028923;0.752940;-0.024575;,
  0.021076;0.784452;-0.014869;,
  0.071482;0.741315;-0.003346;,
  0.075621;0.722957;-0.004573;,
  0.049228;0.685575;-0.032537;,
  0.039214;0.719441;-0.034092;,
  0.073882;0.691441;0.008382;,
  0.011016;0.810209;0.017533;,
  0.044428;0.789245;0.060631;,
  0.044637;0.792649;0.031305;,
  0.015364;0.793979;0.054640;,
  0.054117;0.554637;0.078579;,
  0.009878;0.567400;0.091473;,
  0.010166;0.554446;0.098347;,
  0.046311;0.566139;0.074354;,
  0.048907;0.560484;0.018682;,
  0.058574;0.534955;0.040339;,
  0.025459;0.553282;-0.014891;,
  0.045937;0.509892;0.012079;,
  0.018169;0.500043;0.000188;,
  0.000716;0.685015;-0.057359;,
  0.002071;0.722540;-0.051301;,
  -0.032588;0.566718;0.085464;,
  -0.031752;0.552025;0.093710;,
  0.006513;0.666185;0.086819;,
  -0.044839;0.707033;0.074668;,
  -0.044113;0.668643;0.074641;,
  0.010407;0.706569;0.089198;,
  0.034724;0.466641;-0.003174;,
  0.082054;0.366677;0.012438;,
  0.047015;0.371256;-0.019292;,
  0.065558;0.462725;0.036673;,
  0.052813;0.275701;-0.035013;,
  0.077019;0.272879;0.011811;,
  -0.015030;0.463785;0.011404;,
  -0.003711;0.353941;0.075802;,
  -0.025893;0.450319;0.109507;,
  -0.002793;0.365024;0.000651;,
  0.019626;0.270171;0.044577;,
  0.021100;0.269667;0.002460;,
  0.076126;0.358136;0.076369;,
  0.054619;0.440240;0.093620;,
  0.059989;0.274461;0.048689;,
  0.075368;-0.001438;0.056162;,
  0.028556;-0.001522;0.094118;,
  0.031674;-0.001415;0.045399;,
  0.062936;-0.001545;0.099866;,
  0.053639;0.217420;-0.005424;,
  0.080592;0.146777;0.037303;,
  0.054646;0.144162;0.005670;,
  0.081737;0.220686;0.026434;,
  0.074269;0.068094;0.050244;,
  0.058275;0.066226;0.019313;,
  0.010509;0.200235;0.015764;,
  0.015075;0.156227;0.067715;,
  0.005552;0.221401;0.067088;,
  0.022606;0.143238;0.027606;,
  0.038531;0.079265;0.068284;,
  0.038551;0.059932;0.041460;,
  0.076824;0.157382;0.074169;,
  0.076728;0.231928;0.074318;,
  0.062380;0.084863;0.070843;,
  0.062444;0.506595;0.049148;,
  -0.021662;0.492910;-0.015492;,
  -0.015030;0.463785;0.011404;,
  -0.025136;0.460188;0.001925;,
  0.057886;0.507251;0.103576;,
  0.005520;0.510774;0.121667;,
  0.052357;0.455147;0.100965;,
  0.004351;0.460744;0.118419;,
  0.005035;0.618316;0.084480;,
  0.041829;0.661560;0.079842;,
  0.058139;0.663946;0.066571;,
  0.048664;0.610979;0.017968;,
  0.068189;0.660060;0.013424;,
  0.042524;0.615099;0.068616;,
  0.046085;0.653657;-0.030620;,
  0.034163;0.603446;-0.015704;,
  -0.004845;0.654531;-0.053783;,
  -0.011814;0.598650;-0.032770;,
  0.118161;0.732656;0.033499;,
  0.142187;0.706410;0.069539;,
  0.068720;0.712626;0.026426;,
  0.110740;0.655179;0.106019;,
  0.092995;0.672384;0.066031;,
  0.151635;0.681101;0.109285;,
  0.047284;0.736252;0.078332;,
  0.092995;0.672384;0.066031;,
  0.065701;0.706525;0.115579;,
  0.099623;0.663245;0.150434;,
  0.110740;0.655179;0.106019;,
  0.050718;0.745447;0.083997;,
  0.114836;0.740849;0.118960;,
  0.090683;0.765863;0.083408;,
  0.140492;0.688906;0.153794;,
  0.112055;0.752351;0.055202;,
  0.158110;0.679788;0.092467;,
  0.146574;0.608241;0.059883;,
  0.110176;0.648629;0.086829;,
  0.175745;0.630048;0.064462;,
  0.170435;0.579568;0.043158;,
  0.193200;0.587331;0.044422;,
  0.110176;0.648629;0.086829;,
  0.161437;0.590436;0.112190;,
  0.117913;0.625191;0.144964;,
  0.146574;0.608241;0.059883;,
  0.178733;0.564454;0.078117;,
  0.170435;0.579568;0.043158;,
  0.183597;0.607521;0.115521;,
  0.165525;0.656277;0.150520;,
  0.198636;0.570843;0.077815;,
  0.204256;0.481183;-0.029199;,
  0.181134;0.486248;0.022729;,
  0.190275;0.497104;-0.023285;,
  0.195023;0.470802;0.016431;,
  0.193578;0.529229;-0.022211;,
  0.208189;0.521703;-0.018999;,
  0.197490;0.519144;-0.019247;,
  0.203436;0.533419;-0.026833;,
  0.169080;0.535334;0.054632;,
  0.203306;0.540860;0.005203;,
  0.188749;0.506118;0.042167;,
  0.177166;0.562200;0.013584;,
  0.208201;0.501999;0.043833;,
  0.204326;0.540826;0.067243;,
  0.213470;0.569806;0.025070;,
  0.222289;0.536037;0.008789;,
  0.069297;0.791255;0.049629;,
  0.087168;0.788315;0.025835;,
  0.044637;0.792649;0.031305;,
  0.053663;0.785525;0.010788;,
  0.050957;0.706518;0.084735;,
  0.028367;0.798931;-0.002302;,
  0.091154;0.767350;0.007589;,
  0.071482;0.741315;-0.003346;,
  0.062508;0.762327;-0.005770;,
  0.089854;0.738673;0.014023;,
  0.056942;0.749510;0.077566;,
  0.014802;0.743664;0.081188;,
  0.060826;0.753306;0.074582;,
  -0.040895;0.741382;0.064727;,
  -0.026936;0.790757;0.033517;,
  0.044428;0.789245;0.060631;,
  0.060826;0.753306;0.074582;,
  0.065241;0.721675;0.024803;,
  0.063274;0.742735;0.067959;,
  0.068720;0.712626;0.026426;,
  0.063076;0.698539;0.055861;,
  0.067431;0.690387;0.021735;,
  0.075621;0.722957;-0.004573;,
  0.063213;0.703548;0.072116;,
  0.177166;0.562200;0.013584;,
  0.032195;0.826310;-0.019851;,
  0.019460;0.838525;-0.004937;,
  -0.017444;0.814220;0.011106;,
  -0.007030;0.844827;-0.004567;,
  0.222289;0.536037;0.008789;,
  0.204256;0.481183;-0.029199;,
  0.195023;0.470802;0.016431;,
  0.184972;0.543402;-0.011108;,
  0.209961;0.548522;-0.015611;,
  0.184972;0.543402;-0.011108;,
  0.194166;0.529827;-0.004182;,
  0.217142;0.536437;0.001662;,
  0.217142;0.536437;0.001662;,
  0.193578;0.529229;-0.022211;,
  0.203436;0.533419;-0.026833;,
  0.208189;0.521703;-0.018999;,
  0.094765;0.020228;-0.018445;,
  0.072680;-0.001385;-0.067738;,
  0.070131;0.017194;-0.060838;,
  0.101490;-0.001397;-0.024615;,
  0.026699;0.031888;0.083000;,
  0.031674;-0.001415;0.045399;,
  0.028556;-0.001522;0.094118;,
  0.030761;0.023542;0.042667;,
  0.038531;0.079265;0.068284;,
  0.067708;0.034910;0.089641;,
  0.062380;0.084863;0.070843;,
  0.075368;-0.001438;0.056162;,
  0.062936;-0.001545;0.099866;,
  0.076927;0.033508;0.053926;,
  0.058275;0.066226;0.019313;,
  0.074269;0.068094;0.050244;,
  0.041248;0.014160;-0.055282;,
  0.036461;-0.001374;-0.063467;,
  0.101490;-0.001397;-0.024615;,
  0.036461;-0.001374;-0.063467;,
  -0.002793;0.365024;0.000651;,
  0.021100;0.269667;0.002460;,
  0.010509;0.200235;0.015764;,
  0.022606;0.143238;0.027606;,
  0.038551;0.059932;0.041460;,
  0.038551;0.059932;0.041460;,
  -0.031394;0.453295;0.053083;,
  0.046594;0.822529;-0.044600;,
  0.030036;0.804758;-0.056182;,
  0.039081;0.809978;-0.060302;,
  0.027571;0.814915;-0.034607;,
  0.037693;0.850336;-0.033389;,
  0.028690;0.868599;-0.020431;,
  0.021640;0.938006;-0.121855;,
  0.003467;0.917836;-0.142964;,
  0.002013;0.941643;-0.125013;,
  0.038108;0.857376;-0.130577;,
  0.021542;0.852899;-0.136764;,
  0.034151;0.886086;-0.137119;,
  0.045258;0.826298;-0.072630;,
  0.051861;0.848729;-0.054235;,
  0.044596;0.836657;-0.042301;,
  0.052217;0.887734;-0.055744;,
  0.054008;0.885811;-0.080139;,
  0.046657;0.900270;-0.125401;,
  0.053839;0.915225;-0.102932;,
  0.051246;0.869135;-0.101512;,
  0.048729;0.898760;-0.043553;,
  0.036818;0.915465;-0.030240;,
  -0.002857;0.920804;-0.022951;,
  0.031524;0.950347;-0.063519;,
  -0.001842;0.956239;-0.057201;,
  0.051526;0.849755;-0.089687;,
  0.036635;0.811018;-0.080604;,
  0.038390;0.833778;-0.108383;,
  0.022629;0.783520;-0.079815;,
  0.002471;0.783860;-0.067977;,
  0.003664;0.775542;-0.087377;,
  0.029289;0.907189;-0.138950;,
  0.041205;0.929600;-0.115537;,
  0.047689;0.939271;-0.077977;,
  0.034773;0.949988;-0.094716;,
  0.017242;0.957505;-0.092678;,
  -0.000081;0.960213;-0.092615;,
  -0.002431;0.881481;-0.014721;,
  0.047689;0.939271;-0.077977;,
  0.034773;0.949988;-0.094716;,
  0.058160;0.850929;-0.055760;,
  0.063399;0.896327;-0.069058;,
  0.067878;0.883698;-0.052506;,
  0.056471;0.877408;-0.064939;,
  0.067878;0.883698;-0.052506;,
  0.058160;0.850929;-0.055760;,
  0.063399;0.896327;-0.069058;,
  0.054008;0.885811;-0.080139;,
  0.054746;0.861327;-0.074363;,
  0.051861;0.848729;-0.054235;,
  0.038235;0.853294;-0.119083;,
  0.054746;0.861327;-0.074363;,
  0.028367;0.798931;-0.002302;,
  0.032195;0.826310;-0.019851;,
  0.053663;0.785525;0.010788;,
  0.037693;0.850336;-0.033389;,
  0.000371;0.772195;-0.040995;,
  0.000454;0.748592;-0.043973;,
  -0.017035;0.552098;-0.024456;,
  -0.036307;0.509978;0.116860;,
  -0.037887;0.475717;0.117407;,
  -0.036643;0.443736;0.103932;,
  0.004373;0.792705;-0.053669;,
  -0.031394;0.453295;0.053083;,
  0.017242;0.957505;-0.092678;,
  -0.000081;0.960213;-0.092615;,
  0.023720;0.808777;-0.099426;,
  0.016713;0.825331;-0.116708;,
  0.016864;0.816723;-0.112339;,
  0.004103;0.903690;-0.149247;,
  0.004716;0.878280;-0.150394;,
  0.018893;0.849371;-0.124515;,
  -0.041168;0.618477;0.073842;,
  0.053663;0.785525;0.010788;,
  0.072680;-0.001385;-0.067738;,
  0.015802;0.797831;-0.101688;,
  0.023077;0.803079;-0.096134;,
  0.015441;0.803764;-0.100796;,
  0.004387;0.813222;-0.116943;,
  0.004959;0.816328;-0.129220;,
  0.015481;0.804956;-0.106900;,
  0.003818;0.803532;-0.102001;,
  0.004109;0.794829;-0.103940;,
  0.004977;0.848422;-0.142951;,
  0.004708;0.841971;-0.135093;,
  0.063274;0.742735;0.067959;,
  0.004289;0.803021;-0.110821;,
  0.054960;0.726806;0.037856;,
  0.065241;0.721675;0.024803;,
  0.075621;0.722957;-0.004573;,
  0.048729;0.898760;-0.043553;,
  0.053639;0.217420;-0.005424;,
  0.024913;0.145028;-0.010935;,
  0.012514;0.220794;-0.024311;,
  0.054646;0.144162;0.005670;,
  0.052813;0.275702;-0.035013;,
  0.013780;0.277564;-0.037753;,
  0.047015;0.371256;-0.019292;,
  -0.004422;0.369344;-0.024567;,
  0.034724;0.466642;-0.003174;,
  -0.012798;0.457536;-0.017160;,
  0.018169;0.500043;0.000188;,
  0.028338;0.072657;-0.004558;,
  0.058275;0.066226;0.019313;,
  0.016727;0.151859;0.096079;,
  -0.016584;0.087341;0.127368;,
  0.022340;0.082369;0.104611;,
  -0.019861;0.160148;0.118309;,
  -0.021229;0.226056;0.101500;,
  0.008371;0.221383;0.081449;,
  -0.023596;0.288283;0.097886;,
  0.009260;0.267830;0.073726;,
  -0.006385;0.352276;0.090432;,
  -0.031874;0.372655;0.105188;,
  -0.037524;0.448007;0.117563;,
  0.054960;0.726806;0.037856;,
  -0.069579;0.760917;-0.055657;,
  -0.033291;0.755685;-0.048058;,
  -0.077338;0.741280;-0.059823;,
  -0.031398;0.786767;-0.034676;,
  -0.082952;0.730302;-0.063350;,
  -0.052498;0.688845;-0.068341;,
  -0.096859;0.696929;-0.051712;,
  -0.037289;0.722816;-0.062969;,
  -0.043266;0.812604;-0.002956;,
  -0.100359;0.792869;0.006612;,
  -0.072245;0.797843;0.021570;,
  -0.084111;0.790272;-0.014950;,
  -0.111305;0.561958;0.059331;,
  -0.074854;0.570267;0.079155;,
  -0.104869;0.571255;0.052376;,
  -0.073243;0.558137;0.088641;,
  -0.091817;0.565247;-0.001777;,
  -0.108578;0.542353;0.020889;,
  -0.060309;0.556185;-0.027360;,
  -0.092336;0.515430;-0.004136;,
  -0.063248;0.503646;-0.009286;,
  -0.032588;0.566718;0.085464;,
  -0.031752;0.552025;0.093710;,
  -0.092474;0.667883;0.055138;,
  -0.044839;0.707033;0.074668;,
  -0.096938;0.710019;0.051417;,
  -0.044113;0.668643;0.074641;,
  -0.077287;0.467688;-0.013232;,
  -0.117017;0.364427;0.004394;,
  -0.115589;0.464769;0.019445;,
  -0.076341;0.369696;-0.019547;,
  -0.070738;0.275719;-0.025292;,
  -0.104311;0.271914;0.015555;,
  -0.030389;0.470630;0.012920;,
  -0.046583;0.366607;0.085432;,
  -0.031817;0.370563;0.011017;,
  -0.049918;0.451382;0.106711;,
  -0.055527;0.275819;0.060255;,
  -0.047642;0.273913;0.018639;,
  -0.124649;0.362477;0.068684;,
  -0.116999;0.447364;0.078768;,
  -0.096026;0.276271;0.055341;,
  -0.091697;-0.001437;0.054143;,
  -0.052131;-0.001521;0.099603;,
  -0.086988;-0.001544;0.099336;,
  -0.046802;-0.001414;0.051076;,
  -0.072448;0.219522;0.002458;,
  -0.101016;0.144708;0.036064;,
  -0.106987;0.218676;0.027386;,
  -0.068680;0.146000;0.010896;,
  -0.089840;0.066942;0.048009;,
  -0.067871;0.067071;0.021008;,
  -0.033495;0.205197;0.032153;,
  -0.044933;0.158407;0.080489;,
  -0.042249;0.146828;0.039344;,
  -0.041918;0.224118;0.083900;,
  -0.059396;0.079518;0.073183;,
  -0.052897;0.059933;0.046010;,
  -0.106416;0.153744;0.073144;,
  -0.113642;0.227901;0.075501;,
  -0.083507;0.083624;0.070903;,
  -0.116820;0.514529;0.028288;,
  -0.030389;0.470630;0.012920;,
  -0.124818;0.515337;0.082316;,
  -0.077889;0.514466;0.111962;,
  -0.119153;0.462666;0.083638;,
  -0.077009;0.467661;0.110678;,
  -0.086201;0.619275;0.059035;,
  -0.117384;0.664291;0.028886;,
  -0.122916;0.667052;0.008625;,
  -0.089403;0.612430;-0.020538;,
  -0.110181;0.616704;0.026027;,
  -0.100555;0.662954;-0.040582;,
  -0.057356;0.655431;-0.063726;,
  -0.059827;0.604434;-0.041918;,
  -0.100293;0.732846;-0.075910;,
  -0.077186;0.714073;-0.031085;,
  -0.122971;0.694873;-0.100582;,
  -0.124696;0.628870;-0.075667;,
  -0.146086;0.653924;-0.111318;,
  -0.096428;0.662237;-0.057917;,
  -0.130144;0.707264;-0.001742;,
  -0.151380;0.665135;-0.021346;,
  -0.096428;0.662237;-0.057917;,
  -0.167046;0.614902;-0.057626;,
  -0.124696;0.628870;-0.075667;,
  -0.139913;0.712829;-0.003165;,
  -0.177944;0.698085;-0.063919;,
  -0.155092;0.734739;-0.039275;,
  -0.188404;0.639694;-0.093269;,
  -0.127483;0.738802;-0.064890;,
  -0.132222;0.658494;-0.121331;,
  -0.073316;0.605362;-0.125900;,
  -0.091753;0.625535;-0.150406;,
  -0.105398;0.628860;-0.080068;,
  -0.052140;0.583455;-0.154253;,
  -0.060673;0.595866;-0.176431;,
  -0.105398;0.628860;-0.080068;,
  -0.116813;0.569210;-0.134555;,
  -0.073316;0.605362;-0.125900;,
  -0.150481;0.584603;-0.081765;,
  -0.082453;0.560314;-0.164413;,
  -0.052140;0.583455;-0.154253;,
  -0.130884;0.585068;-0.153118;,
  -0.177163;0.614164;-0.122737;,
  -0.086282;0.568336;-0.179821;,
  0.012141;0.522587;-0.188061;,
  -0.042099;0.532600;-0.202705;,
  -0.031938;0.513452;-0.203829;,
  0.002324;0.542233;-0.186816;,
  0.011826;0.549212;-0.183371;,
  0.014912;0.547728;-0.199764;,
  0.019047;0.556703;-0.188648;,
  0.011711;0.541360;-0.191380;,
  -0.060436;0.536173;-0.177459;,
  -0.010477;0.563265;-0.197838;,
  -0.022274;0.565599;-0.165215;,
  -0.043997;0.523981;-0.208716;,
  -0.044357;0.531412;-0.227230;,
  -0.072035;0.559676;-0.204744;,
  -0.032943;0.591516;-0.192089;,
  -0.012686;0.569724;-0.216543;,
  -0.114441;0.781959;-0.019085;,
  -0.111717;0.778728;-0.048678;,
  -0.084111;0.790272;-0.014950;,
  -0.075560;0.782818;-0.037589;,
  -0.125721;0.712196;0.022550;,
  -0.044022;0.802125;-0.029627;,
  -0.099080;0.759592;-0.063950;,
  -0.077338;0.741280;-0.059823;,
  -0.093643;0.735349;-0.054447;,
  -0.069579;0.760917;-0.055657;,
  -0.125359;0.753687;0.009331;,
  -0.126166;0.757101;0.004328;,
  -0.093217;0.748430;0.040415;,
  -0.040895;0.741382;0.064727;,
  -0.026936;0.790757;0.033517;,
  -0.100359;0.792869;0.006612;,
  -0.126166;0.757101;0.004328;,
  -0.093794;0.726060;-0.034535;,
  -0.077186;0.714073;-0.031085;,
  -0.122585;0.745522;-0.001861;,
  -0.117632;0.704347;-0.007741;,
  -0.100233;0.695775;-0.037277;,
  -0.082952;0.730302;-0.063350;,
  -0.127573;0.709680;0.004967;,
  -0.022274;0.565599;-0.165215;,
  -0.035634;0.827218;-0.035165;,
  -0.030720;0.839197;-0.016266;,
  -0.017444;0.814220;0.011106;,
  -0.007030;0.844827;-0.004567;,
  -0.012686;0.569724;-0.216543;,
  0.012141;0.522587;-0.188061;,
  -0.031938;0.513452;-0.203829;,
  -0.003272;0.559324;-0.175126;,
  0.009026;0.573322;-0.193119;,
  -0.003272;0.559324;-0.175126;,
  -0.004775;0.550266;-0.190373;,
  -0.002972;0.565057;-0.209962;,
  -0.002972;0.565057;-0.209962;,
  0.011826;0.549212;-0.183371;,
  0.019047;0.556703;-0.188648;,
  0.014912;0.547728;-0.199764;,
  -0.097938;0.020228;-0.022691;,
  -0.067684;-0.001385;-0.067437;,
  -0.103498;-0.001396;-0.029928;,
  -0.066363;0.017195;-0.060201;,
  -0.048385;0.031889;0.088972;,
  -0.046802;-0.001414;0.051076;,
  -0.045431;0.023543;0.048543;,
  -0.052131;-0.001521;0.099603;,
  -0.059396;0.079518;0.073183;,
  -0.089925;0.034911;0.088442;,
  -0.083507;0.083624;0.070903;,
  -0.091697;-0.001437;0.054143;,
  -0.092847;0.033508;0.051672;,
  -0.086988;-0.001544;0.099336;,
  -0.067871;0.067071;0.021008;,
  -0.089840;0.066942;0.048009;,
  -0.038871;0.014161;-0.049747;,
  -0.032744;-0.001373;-0.056984;,
  -0.103498;-0.001396;-0.029928;,
  -0.032744;-0.001373;-0.056984;,
  -0.031817;0.370563;0.011017;,
  -0.047642;0.273913;0.018639;,
  -0.033495;0.205197;0.032153;,
  -0.042249;0.146828;0.039344;,
  -0.052897;0.059933;0.046010;,
  -0.052897;0.059933;0.046010;,
  -0.045479;0.820526;-0.049402;,
  -0.027051;0.803516;-0.059160;,
  -0.024971;0.815619;-0.046469;,
  -0.035837;0.808348;-0.064210;,
  -0.039007;0.848667;-0.037390;,
  -0.032201;0.867274;-0.023607;,
  -0.017659;0.937150;-0.123905;,
  0.002013;0.941643;-0.125013;,
  -0.029618;0.855902;-0.134109;,
  -0.026251;0.884772;-0.140269;,
  -0.012320;0.852162;-0.138530;,
  -0.041400;0.824413;-0.077150;,
  -0.050847;0.846494;-0.059593;,
  -0.044345;0.834722;-0.046940;,
  -0.052736;0.885450;-0.061218;,
  -0.051895;0.883506;-0.085664;,
  -0.040512;0.898373;-0.129948;,
  -0.046205;0.867015;-0.106595;,
  -0.050633;0.912952;-0.108381;,
  -0.051017;0.896590;-0.048756;,
  -0.041290;0.913765;-0.034314;,
  -0.002857;0.920804;-0.022951;,
  -0.034083;0.948919;-0.066941;,
  -0.001842;0.956239;-0.057201;,
  -0.046872;0.847614;-0.094820;,
  -0.031183;0.832264;-0.112012;,
  -0.031340;0.809539;-0.084150;,
  -0.016313;0.782672;-0.081846;,
  -0.022145;0.906070;-0.141633;,
  -0.037392;0.927890;-0.119637;,
  -0.048161;0.937185;-0.082977;,
  -0.034051;0.948490;-0.098306;,
  -0.000081;0.960213;-0.092615;,
  -0.017170;0.956756;-0.094473;,
  -0.002431;0.881481;-0.014721;,
  -0.048161;0.937185;-0.082977;,
  -0.034051;0.948490;-0.098306;,
  -0.057042;0.848422;-0.061769;,
  -0.062835;0.893580;-0.075642;,
  -0.055559;0.874970;-0.070783;,
  -0.068459;0.880731;-0.059617;,
  -0.068459;0.880731;-0.059617;,
  -0.057042;0.848422;-0.061769;,
  -0.062835;0.893580;-0.075642;,
  -0.051895;0.883506;-0.085664;,
  -0.052167;0.859000;-0.079940;,
  -0.050847;0.846494;-0.059593;,
  -0.030762;0.851792;-0.122682;,
  -0.052167;0.859000;-0.079940;,
  -0.044022;0.802125;-0.029627;,
  -0.035634;0.827218;-0.035165;,
  -0.075560;0.782818;-0.037589;,
  -0.039007;0.848667;-0.037390;,
  -0.036307;0.509978;0.116860;,
  -0.037887;0.475717;0.117407;,
  -0.036643;0.443736;0.103932;,
  -0.031394;0.453295;0.053083;,
  -0.017170;0.956756;-0.094473;,
  -0.000081;0.960213;-0.092615;,
  -0.016453;0.807903;-0.101521;,
  -0.008411;0.824784;-0.118018;,
  -0.008643;0.816168;-0.113669;,
  -0.010808;0.848724;-0.126065;,
  -0.041168;0.618477;0.073842;,
  -0.075560;0.782818;-0.037589;,
  -0.067684;-0.001385;-0.067437;,
  -0.015909;0.802230;-0.098168;,
  -0.007875;0.797316;-0.102923;,
  -0.007867;0.803257;-0.102012;,
  -0.007323;0.804460;-0.108089;,
  -0.122585;0.745522;-0.001861;,
  -0.096156;0.730920;-0.017357;,
  -0.093794;0.726060;-0.034535;,
  -0.082952;0.730302;-0.063350;,
  -0.051017;0.896590;-0.048756;,
  -0.032193;0.223423;-0.018848;,
  -0.009444;0.146415;-0.015793;,
  -0.037839;0.146754;-0.009977;,
  -0.011813;0.223885;-0.022287;,
  -0.036542;0.277302;-0.030449;,
  -0.011360;0.278034;-0.032999;,
  -0.030279;0.370062;-0.020220;,
  -0.016844;0.366355;-0.022490;,
  -0.029983;0.459212;-0.017146;,
  -0.021552;0.451990;-0.017250;,
  -0.021662;0.492910;-0.015492;,
  -0.063248;0.503646;-0.009286;,
  -0.006944;0.080089;-0.014115;,
  -0.036716;0.074420;-0.005389;,
  -0.042654;0.078973;0.112917;,
  -0.106416;0.153744;0.073144;,
  -0.083493;0.083625;0.070906;,
  -0.047908;0.153707;0.105068;,
  -0.113642;0.227901;0.075501;,
  -0.051456;0.220526;0.097929;,
  -0.052247;0.276381;0.095038;,
  -0.096026;0.276271;0.055341;,
  -0.124649;0.362477;0.068684;,
  -0.047145;0.365669;0.102904;,
  -0.037887;0.475717;0.117407;,
  -0.077009;0.467661;0.110678;,
  -0.096156;0.730920;-0.017357;,
  -0.077287;0.467688;-0.013232;,
  -0.076341;0.369696;-0.019547;,
  -0.070738;0.275719;-0.025292;,
  -0.072448;0.219522;0.002458;,
  -0.068681;0.146000;0.010896;,
  -0.067871;0.067071;0.021008;,
  0.076126;0.358136;0.076369;,
  0.004351;0.460744;0.118419;,
  0.054619;0.440240;0.093620;,
  0.059989;0.274461;0.048689;,
  0.076728;0.231928;0.074318;,
  0.076824;0.157382;0.074169;,
  0.062380;0.084863;0.070843;,
  -0.116999;0.447364;0.078768;;
  916;
  3;0,1,2;,
  3;1,0,3;,
  3;4,5,6;,
  3;5,4,7;,
  3;8,9,10;,
  3;9,8,11;,
  3;12,13,14;,
  3;13,12,15;,
  3;16,12,17;,
  3;12,16,15;,
  3;18,19,20;,
  3;19,18,16;,
  3;6,21,22;,
  3;21,6,5;,
  3;14,23,24;,
  3;23,14,13;,
  3;25,26,27;,
  3;26,25,28;,
  3;29,30,31;,
  3;30,29,32;,
  3;30,33,31;,
  3;33,30,34;,
  3;35,36,37;,
  3;36,35,38;,
  3;38,39,36;,
  3;39,38,40;,
  3;37,41,42;,
  3;41,37,36;,
  3;36,43,41;,
  3;43,36,39;,
  3;42,30,32;,
  3;30,42,41;,
  3;41,34,30;,
  3;34,41,43;,
  3;44,45,46;,
  3;45,44,47;,
  3;48,49,50;,
  3;49,48,51;,
  3;50,52,53;,
  3;52,50,49;,
  3;54,55,56;,
  3;55,54,57;,
  3;57,58,55;,
  3;58,57,59;,
  3;56,60,61;,
  3;60,56,55;,
  3;55,62,60;,
  3;62,55,58;,
  3;61,49,51;,
  3;49,61,60;,
  3;60,52,49;,
  3;52,60,62;,
  3;32,19,63;,
  3;19,32,29;,
  3;64,65,66;,
  3;65,64,20;,
  3;14,67,12;,
  3;67,14,68;,
  3;68,69,67;,
  3;69,68,70;,
  3;70,42,69;,
  3;42,70,37;,
  3;48,34,51;,
  3;34,48,33;,
  3;51,43,61;,
  3;43,51,34;,
  3;43,56,61;,
  3;56,43,39;,
  3;39,54,56;,
  3;54,39,40;,
  3;12,63,17;,
  3;63,12,67;,
  3;67,32,63;,
  3;32,67,69;,
  3;69,42,32;,
  3;71,72,25;,
  3;73,74,75;,
  3;74,73,76;,
  3;74,77,75;,
  3;77,74,78;,
  3;79,78,80;,
  3;78,79,77;,
  3;81,82,83;,
  3;82,84,85;,
  3;84,82,86;,
  3;87,88,89;,
  3;88,90,89;,
  3;90,88,91;,
  3;92,93,94;,
  3;92,89,93;,
  3;92,87,89;,
  3;89,95,93;,
  3;95,89,90;,
  3;96,93,82;,
  3;93,86,82;,
  3;86,93,95;,
  3;97,98,99;,
  3;98,97,100;,
  3;100,101,98;,
  3;101,100,102;,
  3;103,104,105;,
  3;104,103,106;,
  3;106,107,104;,
  3;107,106,108;,
  3;105,109,110;,
  3;109,105,104;,
  3;104,111,109;,
  3;111,104,107;,
  3;110,100,97;,
  3;100,110,109;,
  3;109,102,100;,
  3;102,109,111;,
  3;112,113,114;,
  3;113,112,115;,
  3;116,117,118;,
  3;117,116,119;,
  3;120,121,122;,
  3;121,120,123;,
  3;120,124,125;,
  3;124,120,122;,
  3;126,124,127;,
  3;124,126,125;,
  3;95,97,86;,
  3;97,95,110;,
  3;86,99,84;,
  3;99,86,97;,
  3;90,103,105;,
  3;103,90,91;,
  3;105,95,90;,
  3;95,105,110;,
  3;128,96,129;,
  3;96,128,94;,
  3;129,130,128;,
  3;130,129,131;,
  3;72,28,25;,
  3;28,72,132;,
  3;10,133,8;,
  3;134,135,136;,
  3;135,134,137;,
  3;81,137,134;,
  3;138,11,139;,
  3;138,9,11;,
  3;138,140,9;,
  3;141,11,142;,
  3;11,141,139;,
  3;128,130,143;,
  3;94,144,92;,
  3;94,143,144;,
  3;94,128,143;,
  3;145,87,146;,
  3;87,145,147;,
  3;75,148,73;,
  3;148,75,149;,
  3;150,147,145;,
  3;7,149,75;,
  3;148,151,73;,
  3;102,152,101;,
  3;152,102,126;,
  3;102,125,126;,
  3;125,102,111;,
  3;111,120,125;,
  3;120,111,107;,
  3;120,108,123;,
  3;108,120,107;,
  3;8,153,154;,
  3;153,8,133;,
  3;154,155,8;,
  3;155,154,156;,
  3;122,114,113;,
  3;114,122,121;,
  3;121,112,114;,
  3;112,121,157;,
  3;158,124,159;,
  3;124,158,127;,
  3;159,122,113;,
  3;122,159,124;,
  3;126,160,152;,
  3;160,126,161;,
  3;162,121,123;,
  3;121,162,163;,
  3;121,164,157;,
  3;164,121,163;,
  3;165,126,127;,
  3;126,165,161;,
  3;161,166,160;,
  3;166,161,167;,
  3;162,118,163;,
  3;118,162,116;,
  3;163,117,164;,
  3;117,163,118;,
  3;165,167,161;,
  3;167,165,168;,
  3;169,170,171;,
  3;170,169,172;,
  3;173,174,175;,
  3;174,173,176;,
  3;177,178,179;,
  3;178,177,173;,
  3;180,178,181;,
  3;178,180,182;,
  3;183,169,171;,
  3;169,183,184;,
  3;174,185,186;,
  3;185,174,176;,
  3;46,187,44;,
  3;187,46,188;,
  3;180,169,182;,
  3;169,180,172;,
  3;20,29,65;,
  3;19,29,20;,
  3;29,31,189;,
  3;31,190,189;,
  3;190,31,33;,
  3;33,191,190;,
  3;191,33,48;,
  3;191,50,192;,
  3;50,191,48;,
  3;192,53,193;,
  3;53,192,50;,
  3;194,171,185;,
  3;171,194,183;,
  3;171,186,185;,
  3;186,171,170;,
  3;185,176,194;,
  3;194,173,177;,
  3;173,194,176;,
  3;178,175,181;,
  3;175,178,173;,
  3;179,182,184;,
  3;182,179,178;,
  3;182,169,184;,
  3;16,17,19;,
  3;17,63,19;,
  3;65,195,66;,
  3;196,197,198;,
  3;197,196,199;,
  3;200,154,153;,
  3;154,200,201;,
  3;202,203,204;,
  3;205,206,207;,
  3;196,208,209;,
  3;208,196,198;,
  3;210,209,211;,
  3;209,210,196;,
  3;212,213,214;,
  3;213,212,215;,
  3;212,214,211;,
  3;201,216,217;,
  3;216,201,200;,
  3;218,219,220;,
  3;219,218,217;,
  3;210,199,196;,
  3;213,205,207;,
  3;221,222,223;,
  3;198,197,224;,
  3;224,225,226;,
  3;225,224,197;,
  3;227,213,207;,
  3;228,229,214;,
  3;229,228,230;,
  3;220,231,232;,
  3;213,228,214;,
  3;156,201,233;,
  3;201,156,154;,
  3;233,217,218;,
  3;217,233,201;,
  3;219,217,234;,
  3;235,219,234;,
  3;236,237,238;,
  3;237,236,239;,
  3;209,240,211;,
  3;240,209,241;,
  3;211,242,212;,
  3;242,211,240;,
  3;243,239,244;,
  3;239,243,237;,
  3;244,236,245;,
  3;236,244,239;,
  3;246,221,223;,
  3;221,246,215;,
  3;221,212,247;,
  3;212,221,215;,
  3;199,248,2;,
  3;248,199,249;,
  3;133,10,250;,
  3;249,210,251;,
  3;210,249,199;,
  3;210,211,251;,
  3;252,1,253;,
  3;1,252,2;,
  3;20,254,18;,
  3;254,20,64;,
  3;24,68,14;,
  3;68,24,255;,
  3;68,256,70;,
  3;256,68,255;,
  3;256,37,70;,
  3;37,256,257;,
  3;258,2,252;,
  3;2,258,199;,
  3;257,259,37;,
  3;37,259,35;,
  3;260,204,261;,
  3;204,260,202;,
  3;262,263,223;,
  3;263,262,264;,
  3;197,258,225;,
  3;258,197,199;,
  3;265,203,227;,
  3;265,207,266;,
  3;207,265,227;,
  3;223,267,246;,
  3;267,223,263;,
  3;88,87,147;,
  3;83,82,85;,
  3;78,16,18;,
  3;16,78,74;,
  3;74,15,16;,
  3;15,74,76;,
  3;15,71,13;,
  3;71,15,76;,
  3;13,268,23;,
  3;268,13,71;,
  3;248,269,2;,
  3;2,269,0;,
  3;136,129,134;,
  3;129,136,131;,
  3;134,96,81;,
  3;96,134,129;,
  3;96,82,81;,
  3;93,96,94;,
  3;29,189,65;,
  3;205,215,246;,
  3;267,205,246;,
  3;205,267,206;,
  3;205,213,215;,
  3;187,188,270;,
  3;224,271,272;,
  3;222,221,208;,
  3;224,222,198;,
  3;272,273,262;,
  3;273,272,271;,
  3;263,274,275;,
  3;273,276,262;,
  3;277,271,278;,
  3;271,277,273;,
  3;222,272,262;,
  3;272,222,224;,
  3;222,208,198;,
  3;209,221,247;,
  3;221,209,208;,
  3;223,222,262;,
  3;266,206,279;,
  3;206,266,207;,
  3;206,280,279;,
  3;280,206,267;,
  3;280,263,275;,
  3;263,280,267;,
  3;264,262,276;,
  3;76,73,72;,
  3;138,281,140;,
  3;73,132,72;,
  3;132,73,151;,
  3;72,71,76;,
  3;271,226,278;,
  3;155,11,8;,
  3;276,277,282;,
  3;277,276,273;,
  3;274,276,282;,
  3;276,274,264;,
