xof 0303txt 0032
template ColorRGBA {
 <35ff44e0-6c7c-11cf-8f52-0040333594a3>
 FLOAT red;
 FLOAT green;
 FLOAT blue;
 FLOAT alpha;
}

template ColorRGB {
 <d3e16e81-7835-11cf-8f52-0040333594a3>
 FLOAT red;
 FLOAT green;
 FLOAT blue;
}

template Material {
 <3d82ab4d-62da-11cf-ab39-0020af71e433>
 ColorRGBA faceColor;
 FLOAT power;
 ColorRGB specularColor;
 ColorRGB emissiveColor;
 [...]
}

template TextureFilename {
 <a42790e1-7810-11cf-8f52-0040333594a3>
 STRING filename;
}

template Frame {
 <3d82ab46-62da-11cf-ab39-0020af71e433>
 [...]
}

template Matrix4x4 {
 <f6f23f45-7686-11cf-8f52-0040333594a3>
 array FLOAT matrix[16];
}

template FrameTransformMatrix {
 <f6f23f41-7686-11cf-8f52-0040333594a3>
 Matrix4x4 frameMatrix;
}

template Vector {
 <3d82ab5e-62da-11cf-ab39-0020af71e433>
 FLOAT x;
 FLOAT y;
 FLOAT z;
}

template MeshFace {
 <3d82ab5f-62da-11cf-ab39-0020af71e433>
 DWORD nFaceVertexIndices;
 array DWORD faceVertexIndices[nFaceVertexIndices];
}

template Mesh {
 <3d82ab44-62da-11cf-ab39-0020af71e433>
 DWORD nVertices;
 array Vector vertices[nVertices];
 DWORD nFaces;
 array MeshFace faces[nFaces];
 [...]
}

template MeshMaterialList {
 <f6f23f42-7686-11cf-8f52-0040333594a3>
 DWORD nMaterials;
 DWORD nFaceIndexes;
 array DWORD faceIndexes[nFaceIndexes];
 [Material <3d82ab4d-62da-11cf-ab39-0020af71e433>]
}

template VertexElement {
 <f752461c-1e23-48f6-b9f8-8350850f336f>
 DWORD Type;
 DWORD Method;
 DWORD Usage;
 DWORD UsageIndex;
}

template DeclData {
 <bf22e553-292c-4781-9fea-62bd554bdd93>
 DWORD nElements;
 array VertexElement Elements[nElements];
 DWORD nDWords;
 array DWORD data[nDWords];
}

template XSkinMeshHeader {
 <3cf169ce-ff7c-44ab-93c0-f78f62d172e2>
 WORD nMaxSkinWeightsPerVertex;
 WORD nMaxSkinWeightsPerFace;
 WORD nBones;
}

template SkinWeights {
 <6f0d123b-bad2-4167-a0d0-80224f25fabb>
 STRING transformNodeName;
 DWORD nWeights;
 array DWORD vertexIndices[nWeights];
 array FLOAT weights[nWeights];
 Matrix4x4 matrixOffset;
}

template AnimTicksPerSecond {
 <9e415a43-7ba6-4a73-8743-b73d47e88476>
 DWORD AnimTicksPerSecond;
}

template Animation {
 <3d82ab4f-62da-11cf-ab39-0020af71e433>
 [...]
}

template AnimationSet {
 <3d82ab50-62da-11cf-ab39-0020af71e433>
 [Animation <3d82ab4f-62da-11cf-ab39-0020af71e433>]
}

template FloatKeys {
 <10dd46a9-775b-11cf-8f52-0040333594a3>
 DWORD nValues;
 array FLOAT values[nValues];
}

template TimedFloatKeys {
 <f406b180-7b3b-11cf-8f52-0040333594a3>
 DWORD time;
 FloatKeys tfkeys;
}

template AnimationKey {
 <10dd46a8-775b-11cf-8f52-0040333594a3>
 DWORD keyType;
 DWORD nKeys;
 array TimedFloatKeys keys[nKeys];
}


Material _03_-_Default {
 1.000000;1.000000;1.000000;1.000000;;
 9.999999;
 0.000000;0.000000;0.000000;;
 0.000000;0.000000;0.000000;;

 TextureFilename {
  "MaleBody_full.png";
 }
}

Frame Dummy01 {
 

 FrameTransformMatrix {
  1.000000,0.000000,0.000000,0.000000,0.000000,-0.000000,-1.000000,0.000000,0.000000,1.000000,-0.000000,0.000000,0.000000,0.000000,0.000000,1.000000;;
 }

 Frame Bip01 {
  

  FrameTransformMatrix {
   -0.394984,0.769494,-0.501863,0.000000,-0.081960,0.514589,0.853511,0.000000,0.915025,0.378256,-0.140186,0.000000,0.018209,-0.100716,0.475309,1.000000;;
  }

  Frame Bip01_Pelvis {
   

   FrameTransformMatrix {
    -0.106507,0.988806,0.104498,0.000000,-0.000002,-0.105096,0.994462,0.000000,0.994312,0.105917,0.011195,0.000000,0.000000,0.000000,0.000000,1.000000;;
   }

   Frame Bip01_Spine {
    

    FrameTransformMatrix {
     0.947196,-0.103353,0.303542,0.000000,0.082446,0.993304,0.080937,0.000000,-0.309875,-0.051637,0.949374,0.000000,0.051082,-0.005422,0.005388,1.000000;;
    }

    Frame Bip01_Spine1 {
     

     FrameTransformMatrix {
      0.954637,0.193608,0.226240,0.000000,-0.187201,0.981066,-0.049652,0.000000,-0.231570,0.005047,0.972805,0.000000,0.106499,-0.000000,-0.000082,1.000000;;
     }

     Frame Bip01_Neck {
      

      FrameTransformMatrix {
       0.747791,0.366629,0.553527,0.000000,-0.087530,0.880869,-0.465197,0.000000,-0.658140,0.299420,0.690797,0.000000,0.130522,-0.000008,0.004633,1.000000;;
      }

      Frame Bip01_Head {
       

       FrameTransformMatrix {
        0.657693,0.249138,-0.710894,0.000000,-0.311239,0.949278,0.044734,0.000000,0.685982,0.191837,0.701874,0.000000,0.033674,0.000000,0.000000,1.000000;;
       }

       Frame Bip01_HeadNub {
        

        FrameTransformMatrix {
         1.000000,-0.000000,-0.000000,0.000000,0.000000,1.000000,0.000000,0.000000,0.000000,-0.000000,1.000000,0.000000,0.169824,0.000000,-0.000000,1.000000;;
        }
       }
      }

      Frame Bip01_L_Clavicle {
       

       FrameTransformMatrix {
        0.217804,0.718617,0.660418,0.000000,0.870547,0.162888,-0.464345,0.000000,-0.441260,0.676060,-0.590112,0.000000,-0.014779,0.018109,0.017330,1.000000;;
       }

       Frame Bip01_L_UpperArm {
        

        FrameTransformMatrix {
         0.728560,-0.272772,-0.628328,0.000000,0.474745,0.862321,0.176124,0.000000,0.493779,-0.426613,0.757749,0.000000,0.087086,0.000000,0.000000,1.000000;;
        }

        Frame Bip01_L_Forearm {
         

         FrameTransformMatrix {
          0.719824,0.000000,-0.694156,0.000000,0.000000,1.000000,0.000000,0.000000,0.694156,0.000000,0.719824,0.000000,0.137062,0.000000,0.000000,1.000000;;
         }

         Frame Bip01_L_Hand {
          

          FrameTransformMatrix {
           0.987585,0.051297,-0.148471,0.000000,0.048918,0.797740,0.601014,0.000000,0.149271,-0.600815,0.785327,0.000000,0.137062,0.000000,0.000000,1.000000;;
          }

          Frame Bip01_L_Finger0 {
           

           FrameTransformMatrix {
            0.089629,-0.541691,0.835786,0.000000,0.815214,0.521995,0.250893,0.000000,-0.572183,0.658857,0.488380,0.000000,0.057681,-0.023605,-0.000272,1.000000;;
           }

           Frame Bip01_L_Finger0Nub {
            

            FrameTransformMatrix {
             1.000000,-0.000000,-0.000000,0.000000,0.000000,1.000000,-0.000000,0.000000,-0.000000,-0.000000,1.000000,0.000000,0.029435,-0.000000,0.000000,1.000000;;
            }
           }
          }

          Frame Bip01_L_Finger1 {
           

           FrameTransformMatrix {
            0.561333,-0.052586,0.825917,0.000000,0.278144,0.951915,-0.128432,0.000000,-0.779449,0.301817,0.548968,0.000000,0.084102,0.000000,0.000000,1.000000;;
           }

           Frame Bip01_L_Finger1Nub {
            

            FrameTransformMatrix {
             1.000000,0.000000,0.000000,0.000000,0.000000,1.000000,0.000000,0.000000,0.000000,-0.000000,1.000000,0.000000,0.047988,0.000000,-0.000000,1.000000;;
            }
           }
          }
         }
        }
       }
      }

      Frame Bip01_R_Clavicle {
       

       FrameTransformMatrix {
        -0.153128,-0.969193,-0.192916,0.000000,-0.765839,-0.006988,0.642995,0.000000,-0.624535,0.246203,-0.741175,0.000000,-0.026302,-0.009575,0.007920,1.000000;;
       }

       Frame Bip01_R_UpperArm {
        

        FrameTransformMatrix {
         0.249094,0.847271,-0.469132,0.000000,-0.687680,0.495821,0.530337,0.000000,0.681945,0.190509,0.706157,0.000000,0.087086,0.000000,0.000000,1.000000;;
        }

        Frame Bip01_R_Forearm {
         

         FrameTransformMatrix {
          0.594910,0.000000,-0.803792,0.000000,-0.000000,1.000000,-0.000000,0.000000,0.803792,-0.000000,0.594910,0.000000,0.137062,0.000000,-0.000000,1.000000;;
         }

         Frame Bip01_R_Hand {
          

          FrameTransformMatrix {
           0.936186,-0.185125,-0.298804,0.000000,-0.150422,0.557305,-0.816569,0.000000,0.317692,0.809407,0.493895,0.000000,0.137062,-0.000000,0.000000,1.000000;;
          }

          Frame Bip01_R_Finger0 {
           

           FrameTransformMatrix {
            0.623154,0.312263,0.717057,0.000000,-0.689164,0.652713,0.314672,0.000000,-0.369772,-0.690260,0.621941,0.000000,0.057681,0.023605,-0.000272,1.000000;;
           }

           Frame Bip01_R_Finger0Nub {
            

            FrameTransformMatrix {
             -1.000000,-0.000000,-0.000000,0.000000,0.000000,1.000000,-0.000000,0.000000,0.000000,0.000000,-1.000000,0.000000,0.029435,0.000000,0.000000,1.000000;;
            }
           }
          }

          Frame Bip01_R_Finger1 {
           

           FrameTransformMatrix {
            0.609194,0.000631,0.793021,0.000000,0.000000,1.000000,-0.000796,0.000000,-0.793021,0.000485,0.609194,0.000000,0.084102,-0.000000,0.000000,1.000000;;
           }

           Frame Bip01_R_Finger1Nub {
            

            FrameTransformMatrix {
             -1.000000,-0.000000,-0.000000,0.000000,-0.000000,1.000000,0.000000,0.000000,0.000000,0.000000,-1.000000,0.000000,0.047988,0.000000,0.000000,1.000000;;
            }
           }
          }
         }
        }
       }
      }
     }

     Frame Bip01_BackPack {
      

      FrameTransformMatrix {
       -0.089273,-0.000002,-0.996007,0.000000,0.000003,1.000000,-0.000003,0.000000,0.996007,-0.000003,-0.089273,0.000000,0.045511,-0.000000,-0.095612,1.000000;;
      }

      Frame Bip01_BackPackNub {
       

       FrameTransformMatrix {
        0.000796,0.000003,1.000000,0.000000,-0.000000,-1.000000,0.000003,0.000000,1.000000,0.000000,-0.000796,0.000000,0.053240,0.000000,-0.000000,1.000000;;
       }
      }
     }
    }

    Frame Bip01_L_Thigh {
     

     FrameTransformMatrix {
      -0.306253,0.338746,0.889640,0.000000,0.079989,-0.922083,0.378635,0.000000,0.948584,0.187120,0.255295,0.000000,-0.056288,0.055594,0.007582,1.000000;;
     }

     Frame Bip01_L_Calf {
      

      FrameTransformMatrix {
       0.613346,-0.000000,-0.789814,0.000000,-0.000000,1.000000,0.000000,0.000000,0.789814,0.000000,0.613346,0.000000,0.237500,0.000000,0.000000,1.000000;;
      }

      Frame Bip01_L_Foot {
       

       FrameTransformMatrix {
        0.924304,0.014377,0.381387,0.000000,-0.052939,0.994460,0.090813,0.000000,-0.377969,-0.104129,0.919944,0.000000,0.206841,-0.000000,-0.000000,1.000000;;
       }

       Frame Bip01_L_Toe0 {
        

        FrameTransformMatrix {
         -0.000001,-0.000002,1.000000,0.000000,0.000001,1.000000,0.000002,0.000000,-1.000000,0.000001,-0.000001,0.000000,0.065373,0.000000,0.066450,1.000000;;
        }

        Frame Bip01_L_Toe0Nub {
         

         FrameTransformMatrix {
          -1.000000,-0.000000,-0.000000,0.000000,-0.000000,1.000000,0.000000,0.000000,0.000000,0.000000,-1.000000,0.000000,0.006735,0.000000,-0.000000,1.000000;;
         }
        }
       }
      }
     }
    }

    Frame Bip01_R_Thigh {
     

     FrameTransformMatrix {
      -0.688073,-0.030552,0.724998,0.000000,0.025618,-0.999513,-0.017807,0.000000,0.725189,0.006321,0.688521,0.000000,-0.044873,-0.054117,0.013285,1.000000;;
     }

     Frame Bip01_R_Calf {
      

      FrameTransformMatrix {
       0.874688,-0.000000,-0.484686,0.000000,-0.000000,1.000000,0.000000,0.000000,0.484686,-0.000000,0.874688,0.000000,0.237500,-0.000000,0.000000,1.000000;;
      }

      Frame Bip01_R_Foot {
       

       FrameTransformMatrix {
        0.938831,-0.192769,0.285372,0.000000,0.200458,0.979699,0.002312,0.000000,-0.280025,0.055035,0.958414,0.000000,0.206841,0.000000,-0.000000,1.000000;;
       }

       Frame Bip01_R_Toe0 {
        

        FrameTransformMatrix {
         -0.120976,-0.499706,0.857705,0.000000,-0.030448,0.865513,0.499961,0.000000,-0.992188,0.034368,-0.119921,0.000000,0.065373,0.000000,0.066450,1.000000;;
        }

        Frame Bip01_R_Toe0Nub {
         

         FrameTransformMatrix {
          1.000000,0.000000,0.000000,0.000000,0.000000,1.000000,0.000000,0.000000,0.000000,0.000000,1.000000,0.000000,0.006735,0.000000,0.000000,1.000000;;
         }
        }
       }
      }
     }
    }
   }

   Frame Bip01_DressFront {
    

    FrameTransformMatrix {
     -0.656718,0.231146,0.717840,0.000000,0.360547,0.932270,0.029655,0.000000,-0.662366,0.278290,-0.695577,0.000000,-0.036132,0.001359,0.069338,1.000000;;
    }

    Frame Bip01_DressFront02 {
     

     FrameTransformMatrix {
      0.942575,0.023638,0.333158,0.000000,-0.016636,0.999577,-0.023854,0.000000,-0.333581,0.016941,0.942569,0.000000,0.183368,-0.000002,-0.000124,1.000000;;
     }

     Frame Bip01_DressFrontNub {
      

      FrameTransformMatrix {
       0.000796,0.000003,1.000000,0.000000,0.000000,-1.000000,0.000003,0.000000,1.000000,0.000000,-0.000796,0.000000,0.165302,0.000000,0.000000,1.000000;;
      }
     }
    }
   }

   Frame Bip01_DressBack {
    

    FrameTransformMatrix {
     -0.752006,0.185336,0.632565,0.000000,0.333927,0.934516,0.123174,0.000000,-0.568314,0.303858,-0.764650,0.000000,-0.047653,-0.000043,-0.078312,1.000000;;
    }

    Frame Bip01_DressBack02 {
     

     FrameTransformMatrix {
      0.970100,-0.049069,0.237695,0.000000,0.110871,0.960788,-0.254155,0.000000,-0.215903,0.272909,0.937500,0.000000,0.176182,-0.000030,-0.000102,1.000000;;
     }

     Frame Bip01_DressBackNub {
      

      FrameTransformMatrix {
       0.000796,0.000003,1.000000,0.000000,0.000000,-1.000000,0.000003,0.000000,1.000000,-0.000000,-0.000796,0.000000,0.136508,0.000000,0.000000,1.000000;;
      }
     }
    }
   }
  }

  Frame Bip01_Prop1 {
   

   FrameTransformMatrix {
    -0.732001,-0.333050,0.594350,0.000000,0.651667,-0.087770,0.753410,0.000000,-0.198757,0.938815,0.281286,0.000000,0.170797,-0.004805,-0.049639,1.000000;;
   }
  }

  Frame Bip01_Prop2 {
   

   FrameTransformMatrix {
    0.987184,-0.151925,-0.048848,0.000000,-0.028756,0.131740,-0.990867,0.000000,0.156972,0.979573,0.125682,0.000000,0.333523,-0.013949,0.127943,1.000000;;
   }
  }
 }
}

Frame Translation_Data {
 

 FrameTransformMatrix {
  1.000000,0.000000,0.000000,0.000000,0.000000,-0.000000,-1.000000,0.000000,0.000000,1.000000,-0.000000,0.000000,0.000000,-0.000000,0.000000,1.000000;;
 }
}

Frame Body {
 

 FrameTransformMatrix {
  1.000000,0.000000,0.000000,0.000000,0.000000,1.000000,0.000000,0.000000,0.000000,0.000000,1.000000,0.000000,0.000000,0.000000,0.000000,1.000000;;
 }

 Mesh Body {
  617;
  0.032345;0.603478;-0.115237;,
  0.007744;0.615959;-0.104902;,
  0.007634;0.646740;-0.119426;,
  0.039893;0.588702;-0.102513;,
  0.055299;0.584471;-0.096623;,
  0.020163;0.561282;-0.070140;,
  0.010079;0.583111;-0.089598;,
  0.065868;0.576013;-0.066799;,
  0.020792;0.687245;-0.118825;,
  0.078015;0.674042;-0.098076;,
  0.059281;0.647750;-0.112434;,
  0.050851;0.694154;-0.091854;,
  0.112684;0.515642;0.082683;,
  0.081647;0.541857;0.103315;,
  0.083983;0.530940;0.118245;,
  0.103579;0.526592;0.073185;,
  0.076499;0.503219;0.030697;,
  0.096805;0.485337;0.056245;,
  0.038826;0.491646;0.018393;,
  0.071547;0.458817;0.048694;,
  0.039996;0.450301;0.053273;,
  -0.032061;0.569466;-0.057084;,
  -0.028756;0.593838;-0.081710;,
  0.042442;0.549480;0.119005;,
  0.045047;0.536705;0.133582;,
  0.071794;0.628849;0.025659;,
  0.024467;0.675118;0.015504;,
  0.026370;0.644751;0.045086;,
  0.074560;0.657763;-0.005315;,
  0.061037;0.440367;0.034476;,
  0.102706;0.345543;-0.003496;,
  0.062336;0.361568;-0.022704;,
  0.100661;0.426032;0.059568;,
  0.055699;0.266999;-0.072241;,
  0.088781;0.258627;-0.035675;,
  0.017183;0.437916;0.051361;,
  0.031482;0.312208;0.069641;,
  0.051863;0.445183;0.180543;,
  0.017516;0.349296;0.004827;,
  0.039387;0.255070;0.005562;,
  0.032096;0.258879;-0.032520;,
  0.109663;0.314888;0.053137;,
  0.105250;0.396730;0.109483;,
  0.079892;0.256968;0.001101;,
  0.088921;-0.001438;0.054149;,
  0.049355;-0.001522;0.099609;,
  0.044025;-0.001415;0.051082;,
  0.084212;-0.001545;0.099342;,
  0.060391;0.203521;-0.035575;,
  0.093229;0.141773;0.015917;,
  0.061198;0.134504;-0.008616;,
  0.094595;0.211302;-0.011395;,
  0.086972;0.068277;0.047740;,
  0.065206;0.062984;0.021179;,
  0.022053;0.194761;-0.003050;,
  0.035828;0.162698;0.055590;,
  0.028600;0.226767;0.042111;,
  0.034408;0.140853;0.018781;,
  0.055758;0.083728;0.070044;,
  0.050120;0.059932;0.046017;,
  0.097572;0.160303;0.049436;,
  0.100039;0.232913;0.032738;,
  0.079737;0.088264;0.067271;,
  0.102797;0.460582;0.071997;,
  -0.002771;0.448040;0.060278;,
  0.017183;0.437916;0.051361;,
  0.000752;0.423330;0.087904;,
  0.125348;0.477831;0.118661;,
  0.088714;0.497986;0.155180;,
  0.110747;0.418679;0.124631;,
  0.075983;0.435569;0.158224;,
  0.072283;0.589704;0.058405;,
  0.093103;0.607926;0.005822;,
  0.095840;0.596693;-0.011460;,
  0.061621;0.538718;-0.000089;,
  0.067188;0.563531;-0.042329;,
  0.090148;0.566999;0.030290;,
  0.021391;0.545726;-0.049458;,
  0.028953;0.522524;-0.007308;,
  -0.031292;0.557047;-0.037085;,
  -0.016551;0.526906;0.010960;,
  0.063740;0.566739;-0.133888;,
  0.076694;0.518017;-0.138720;,
  0.028738;0.572238;-0.093389;,
  0.049544;0.463396;-0.098668;,
  0.034372;0.511138;-0.096870;,
  0.083826;0.468152;-0.132754;,
  0.071043;0.564116;-0.050305;,
  0.034372;0.511138;-0.096870;,
  0.080474;0.513909;-0.049622;,
  0.086201;0.456672;-0.061367;,
  0.049544;0.463396;-0.098668;,
  0.082179;0.566184;-0.050690;,
  0.122902;0.521099;-0.091478;,
  0.109365;0.568671;-0.086315;,
  0.120407;0.461276;-0.095331;,
  0.089180;0.569529;-0.118357;,
  0.075951;0.457959;-0.147329;,
  0.020814;0.401145;-0.140556;,
  0.034820;0.450365;-0.107947;,
  0.047670;0.408231;-0.164554;,
  0.012998;0.361061;-0.153831;,
  0.026799;0.364538;-0.177520;,
  0.034820;0.450365;-0.107947;,
  0.063071;0.373997;-0.113147;,
  0.075492;0.419849;-0.070459;,
  0.020814;0.401145;-0.140556;,
  0.044438;0.344135;-0.147308;,
  0.012998;0.361061;-0.153831;,
  0.083534;0.379862;-0.131612;,
  0.116466;0.427449;-0.109561;,
  0.051089;0.344530;-0.158160;,
  -0.041668;0.264987;-0.189889;,
  0.013934;0.271668;-0.200863;,
  -0.027912;0.277022;-0.177649;,
  -0.000055;0.259993;-0.212658;,
  -0.033658;0.315858;-0.159173;,
  -0.040058;0.306097;-0.171181;,
  -0.033477;0.305123;-0.162417;,
  -0.043560;0.318928;-0.164523;,
  0.036569;0.310851;-0.167156;,
  -0.020303;0.321229;-0.184565;,
  0.022429;0.292684;-0.196582;,
  -0.007639;0.328714;-0.153061;,
  0.019431;0.298835;-0.215324;,
  0.039066;0.335099;-0.196091;,
  -0.006706;0.355025;-0.181602;,
  -0.021265;0.326971;-0.203607;,
  0.083940;0.621606;-0.116880;,
  0.070129;0.599309;-0.131094;,
  0.059281;0.647750;-0.112434;,
  0.043682;0.626590;-0.122684;,
  0.100922;0.637235;-0.028184;,
  0.020897;0.660370;-0.127521;,
  0.051385;0.582651;-0.123338;,
  0.039893;0.588702;-0.102513;,
  0.032345;0.603478;-0.115237;,
  0.048006;0.576730;-0.103954;,
  0.098858;0.648177;-0.065956;,
  0.071001;0.675329;-0.042093;,
  0.099240;0.645976;-0.071822;,
  0.019528;0.691938;-0.020811;,
  0.005870;0.700984;-0.078591;,
  0.078015;0.674042;-0.098076;,
  0.099240;0.645976;-0.071822;,
  0.064427;0.599807;-0.075023;,
  0.095099;0.631543;-0.068973;,
  0.028738;0.572238;-0.093389;,
  0.090283;0.610935;-0.042980;,
  0.070410;0.585209;-0.056253;,
  0.055299;0.584471;-0.096623;,
  0.101298;0.622993;-0.038564;,
  -0.007639;0.328714;-0.153061;,
  0.019783;0.672383;-0.137910;,
  0.007740;0.691710;-0.136004;,
  -0.004446;0.699654;-0.111525;,
  -0.018464;0.698047;-0.140836;,
  -0.021265;0.326971;-0.203607;,
  -0.041668;0.264987;-0.189889;,
  -0.000055;0.259993;-0.212658;,
  -0.020066;0.330244;-0.161726;,
  -0.039371;0.332054;-0.178901;,
  -0.020066;0.330244;-0.161726;,
  -0.019991;0.315011;-0.170931;,
  -0.030019;0.317804;-0.193233;,
  -0.030019;0.317804;-0.193233;,
  -0.033658;0.315858;-0.159173;,
  -0.043560;0.318928;-0.164523;,
  -0.040058;0.306097;-0.171181;,
  0.095162;0.020228;-0.022685;,
  0.064907;-0.001385;-0.067431;,
  0.063586;0.017194;-0.060195;,
  0.100721;-0.001397;-0.029922;,
  0.045609;0.031888;0.088979;,
  0.044025;-0.001415;0.051082;,
  0.049355;-0.001522;0.099609;,
  0.042654;0.023542;0.048549;,
  0.055758;0.083728;0.070044;,
  0.087149;0.034910;0.088448;,
  0.079737;0.088264;0.067271;,
  0.088921;-0.001438;0.054149;,
  0.084212;-0.001545;0.099342;,
  0.090071;0.033508;0.051678;,
  0.065206;0.062984;0.021179;,
  0.086972;0.068277;0.047740;,
  0.036094;0.014161;-0.049741;,
  0.029967;-0.001374;-0.056978;,
  0.100721;-0.001397;-0.029922;,
  0.029967;-0.001374;-0.056978;,
  0.017516;0.349296;0.004827;,
  0.032096;0.258879;-0.032520;,
  0.022053;0.194761;-0.003050;,
  0.034408;0.140853;0.018781;,
  0.050120;0.059932;0.046017;,
  0.050120;0.059932;0.046017;,
  0.019787;0.432988;0.135320;,
  0.034441;0.662177;-0.137830;,
  0.021275;0.640972;-0.147888;,
  0.031507;0.644934;-0.150264;,
  0.014494;0.654841;-0.140846;,
  0.024386;0.691738;-0.139603;,
  0.013004;0.712838;-0.136816;,
  0.043778;0.745376;-0.251481;,
  0.031979;0.718759;-0.269782;,
  0.026511;0.747015;-0.261852;,
  0.056476;0.666980;-0.228217;,
  0.042504;0.660089;-0.237704;,
  0.056853;0.691851;-0.244466;,
  0.042444;0.656623;-0.164415;,
  0.044347;0.684040;-0.153025;,
  0.032807;0.676198;-0.140931;,
  0.047904;0.720443;-0.166662;,
  0.057294;0.710806;-0.187181;,
  0.065898;0.709547;-0.234469;,
  0.066516;0.731238;-0.216884;,
  0.060378;0.688019;-0.201801;,
  0.041470;0.734671;-0.160457;,
  0.027117;0.754297;-0.157808;,
  -0.012320;0.760126;-0.165963;,
  0.035250;0.776302;-0.200257;,
  0.002121;0.782591;-0.207393;,
  0.055486;0.673532;-0.185018;,
  0.035788;0.639255;-0.169465;,
  0.047962;0.651859;-0.200861;,
  0.020379;0.612956;-0.164582;,
  -0.002437;0.616305;-0.160730;,
  0.004335;0.602214;-0.174962;,
  0.054330;0.711017;-0.254397;,
  0.059639;0.740250;-0.236800;,
  0.054381;0.761798;-0.204328;,
  0.048309;0.766003;-0.226852;,
  0.031625;0.773073;-0.233149;,
  0.015434;0.774966;-0.239606;,
  -0.017318;0.725627;-0.145986;,
  0.054381;0.761798;-0.204328;,
  0.048309;0.766003;-0.226852;,
  0.050940;0.685877;-0.153027;,
  0.063343;0.724706;-0.177600;,
  0.061373;0.718296;-0.157387;,
  0.054150;0.707875;-0.170174;,
  0.061373;0.718296;-0.157387;,
  0.050940;0.685877;-0.153027;,
  0.063343;0.724706;-0.177600;,
  0.057294;0.710806;-0.187181;,
  0.054419;0.689556;-0.174008;,
  0.044347;0.684040;-0.153025;,
  0.052620;0.666843;-0.216645;,
  0.054419;0.689556;-0.174008;,
  0.020897;0.660370;-0.127521;,
  0.019783;0.672383;-0.137910;,
  0.043682;0.626590;-0.122684;,
  0.024386;0.691738;-0.139603;,
  -0.024582;0.633711;-0.112535;,
  -0.026012;0.616214;-0.096768;,
  -0.002278;0.497695;0.031516;,
  0.049871;0.505195;0.169755;,
  0.046746;0.473786;0.183186;,
  0.025617;0.411771;0.150359;,
  -0.009943;0.628049;-0.140268;,
  0.019787;0.432988;0.135320;,
  0.031625;0.773073;-0.233149;,
  0.015434;0.774966;-0.239606;,
  0.029477;0.630537;-0.189719;,
  0.029569;0.640320;-0.212655;,
  0.027706;0.633600;-0.205978;,
  0.033604;0.703379;-0.270666;,
  0.032769;0.679008;-0.263402;,
  0.035821;0.660609;-0.226543;,
  0.030583;0.601022;0.077730;,
  0.043682;0.626590;-0.122684;,
  0.064907;-0.001385;-0.067431;,
  0.021957;0.619142;-0.190833;,
  0.027413;0.626188;-0.185186;,
  0.021746;0.625025;-0.192044;,
  0.017154;0.628306;-0.213033;,
  0.021854;0.627295;-0.224763;,
  0.023827;0.624179;-0.197844;,
  0.011139;0.623954;-0.196835;,
  0.011426;0.615111;-0.195697;,
  0.028531;0.653198;-0.247191;,
  0.025301;0.649629;-0.238232;,
  0.095099;0.631543;-0.068973;,
  0.014380;0.620637;-0.204370;,
  0.068119;0.614872;-0.067501;,
  0.064427;0.599807;-0.075023;,
  0.055299;0.584471;-0.096623;,
  0.041470;0.734671;-0.160457;,
  0.060391;0.203521;-0.035575;,
  0.025102;0.124903;-0.024408;,
  0.010007;0.198350;-0.033640;,
  0.061198;0.134504;-0.008616;,
  0.055699;0.266999;-0.072241;,
  0.008635;0.266256;-0.046953;,
  0.062336;0.361568;-0.022703;,
  0.005133;0.351189;0.000617;,
  0.061037;0.440367;0.034476;,
  0.008147;0.432069;0.037315;,
  0.039996;0.450301;0.053273;,
  0.029447;0.054373;-0.017795;,
  0.065206;0.062984;0.021179;,
  0.043274;0.162574;0.083945;,
  0.029902;0.089372;0.168406;,
  0.047745;0.095872;0.103887;,
  0.028871;0.161439;0.159243;,
  0.022462;0.226323;0.145362;,
  0.034342;0.229606;0.055270;,
  0.027201;0.287548;0.149534;,
  0.035125;0.251168;0.033671;,
  0.031820;0.305482;0.083004;,
  0.029356;0.357982;0.153433;,
  0.045113;0.447284;0.185022;,
  0.068119;0.614872;-0.067501;,
  -0.083564;0.648254;-0.095162;,
  -0.053506;0.635244;-0.087406;,
  -0.095287;0.637788;-0.076607;,
  -0.044197;0.662190;-0.105380;,
  -0.099133;0.634469;-0.053165;,
  -0.078411;0.590162;-0.037891;,
  -0.099583;0.624485;-0.012671;,
  -0.065239;0.606825;-0.068082;,
  -0.032912;0.702805;-0.104664;,
  -0.068946;0.722813;-0.060851;,
  -0.035400;0.721311;-0.067215;,
  -0.073782;0.698751;-0.089908;,
  -0.040440;0.553835;0.136373;,
  0.003376;0.560815;0.132726;,
  -0.036074;0.560418;0.125661;,
  0.006775;0.550198;0.145316;,
  -0.053495;0.534706;0.079544;,
  -0.057922;0.523929;0.110497;,
  -0.040403;0.510836;0.048165;,
  -0.057363;0.489197;0.092749;,
  -0.035369;0.469099;0.079699;,
  0.042442;0.549480;0.119005;,
  0.045047;0.536705;0.133582;,
  -0.022208;0.653720;0.061472;,
  0.024467;0.675118;0.015504;,
  -0.029459;0.688237;0.028715;,
  0.026370;0.644751;0.045086;,
  -0.058171;0.448530;0.085419;,
  -0.107361;0.358857;0.125959;,
  -0.074387;0.454968;0.131986;,
  -0.084980;0.355707;0.084191;,
  -0.105974;0.257628;0.084454;,
  -0.112504;0.265675;0.135663;,
  -0.007093;0.440997;0.080622;,
  -0.006897;0.339864;0.158808;,
  -0.032268;0.344353;0.087342;,
  0.029624;0.450730;0.188341;,
  -0.047819;0.260714;0.146703;,
  -0.063817;0.253635;0.109036;,
  -0.080877;0.355194;0.184955;,
  -0.048517;0.441421;0.185705;,
  -0.083748;0.270878;0.163141;,
  -0.097528;0.008437;0.242462;,
  -0.040553;0.012445;0.261692;,
  -0.070855;0.013588;0.278884;,
  -0.060205;0.006549;0.217394;,
  -0.098212;0.205387;0.127846;,
  -0.109205;0.152075;0.195517;,
  -0.112708;0.220210;0.165064;,
  -0.096618;0.138198;0.159053;,
  -0.100378;0.078378;0.227693;,
  -0.096491;0.068591;0.194562;,
  -0.050691;0.189129;0.136896;,
  -0.036933;0.160983;0.197517;,
  -0.058817;0.139071;0.167935;,
  -0.026952;0.222095;0.175058;,
  -0.060495;0.090084;0.229106;,
  -0.069880;0.067019;0.208673;,
  -0.092055;0.171324;0.224172;,
  -0.090377;0.242771;0.202968;,
  -0.081851;0.098065;0.238393;,
  -0.063141;0.501971;0.130180;,
  -0.007093;0.440997;0.080622;,
  -0.043774;0.520014;0.177961;,
  0.011506;0.517244;0.182252;,
  -0.044018;0.462295;0.190543;,
  0.006749;0.464145;0.193551;,
  -0.013017;0.610558;0.093637;,
  -0.058092;0.647929;0.063425;,
  -0.076095;0.642183;0.054045;,
  -0.067464;0.570277;0.053228;,
  -0.052623;0.601904;0.089260;,
  -0.093057;0.605928;0.018721;,
  -0.076841;0.571716;-0.012034;,
  -0.058922;0.544008;0.028988;,
  -0.119611;0.627941;-0.094940;,
  -0.076171;0.642011;-0.066469;,
  -0.143046;0.589201;-0.072249;,
  -0.119906;0.558132;-0.011733;,
  -0.159133;0.555070;-0.040201;,
  -0.094875;0.591601;-0.036700;,
  -0.108669;0.668557;-0.022297;,
  -0.127834;0.630251;0.005553;,
  -0.094875;0.591601;-0.036700;,
  -0.147906;0.577094;0.026896;,
  -0.119906;0.558132;-0.011733;,
  -0.118945;0.673306;-0.022803;,
  -0.176044;0.628135;-0.030155;,
  -0.152215;0.665920;-0.052008;,
  -0.187065;0.573909;-0.001392;,
  -0.139865;0.645181;-0.081202;,
  -0.154782;0.540881;-0.050848;,
  -0.105589;0.482891;-0.027804;,
  -0.135577;0.484340;-0.048923;,
  -0.108022;0.542644;-0.017520;,
  -0.103199;0.440464;-0.025645;,
  -0.122479;0.436335;-0.044895;,
  -0.108022;0.542644;-0.017520;,
  -0.144560;0.476673;0.013626;,
  -0.105589;0.482891;-0.027804;,
  -0.143968;0.537367;0.034211;,
  -0.133790;0.431575;-0.004632;,
  -0.103199;0.440464;-0.025645;,
  -0.167395;0.478126;-0.002823;,
  -0.190495;0.535706;0.001080;,
  -0.144396;0.429920;-0.015335;,
  -0.060622;0.333015;-0.060331;,
  -0.108810;0.347798;-0.033571;,
  -0.105938;0.330058;-0.045744;,
  -0.063047;0.351181;-0.048166;,
  -0.059422;0.379157;-0.047089;,
  -0.063374;0.372164;-0.061783;,
  -0.054174;0.382765;-0.056863;,
  -0.063596;0.369549;-0.051097;,
  -0.124521;0.391191;-0.012518;,
  -0.084058;0.393699;-0.057257;,
  -0.082177;0.412230;-0.027898;,
  -0.122469;0.363423;-0.037428;,
  -0.129258;0.362361;-0.056160;,
  -0.143610;0.403425;-0.042806;,
  -0.100044;0.426505;-0.059278;,
  -0.092706;0.392181;-0.075129;,
  -0.102463;0.702274;-0.093370;,
  -0.111339;0.679552;-0.110656;,
  -0.073782;0.698751;-0.089908;,
  -0.076073;0.675368;-0.102490;,
  -0.070282;0.687392;0.027826;,
  -0.050802;0.680736;-0.108970;,
  -0.110872;0.652521;-0.107250;,
  -0.095287;0.637788;-0.076607;,
  -0.108097;0.643589;-0.086649;,
  -0.083564;0.648254;-0.095162;,
  -0.083034;0.710248;-0.018032;,
  -0.087544;0.709930;-0.023176;,
  -0.035343;0.708812;-0.011714;,
  0.019528;0.691938;-0.020811;,
  0.005870;0.700984;-0.078591;,
  -0.068946;0.722813;-0.060851;,
  -0.087544;0.709930;-0.023176;,
  -0.091325;0.652517;-0.036281;,
  -0.076171;0.642011;-0.066469;,
  -0.092330;0.697331;-0.022871;,
  -0.084826;0.662236;0.014308;,
  -0.092059;0.632807;-0.003101;,
  -0.099133;0.634469;-0.053165;,
  -0.083577;0.677156;0.021918;,
  -0.082177;0.412230;-0.027898;,
  -0.048171;0.667087;-0.151571;,
  -0.042533;0.687793;-0.146112;,
  -0.004446;0.699654;-0.111525;,
  -0.018464;0.698047;-0.140836;,
  -0.092706;0.392181;-0.075129;,
  -0.060622;0.333015;-0.060331;,
  -0.105938;0.330058;-0.045744;,
  -0.068740;0.394593;-0.038539;,
  -0.063292;0.399203;-0.063439;,
  -0.068740;0.394593;-0.038539;,
  -0.077219;0.382052;-0.047899;,
  -0.081869;0.389451;-0.070908;,
  -0.081869;0.389451;-0.070908;,
  -0.059422;0.379157;-0.047089;,
  -0.054174;0.382765;-0.056863;,
  -0.063374;0.372164;-0.061783;,
  -0.142004;0.020934;0.177058;,
  -0.137531;-0.006917;0.126175;,
  -0.149775;-0.001199;0.176245;,
  -0.133336;0.012340;0.129475;,
  -0.043643;0.044190;0.246660;,
  -0.060205;0.006549;0.217394;,
  -0.061044;0.030960;0.211517;,
  -0.040553;0.012445;0.261692;,
  -0.060495;0.090084;0.229106;,
  -0.079953;0.048553;0.266597;,
  -0.081851;0.098065;0.238393;,
  -0.097528;0.008437;0.242462;,
  -0.100823;0.042852;0.236689;,
  -0.070855;0.013588;0.278884;,
  -0.096491;0.068591;0.194562;,
  -0.100378;0.078378;0.227693;,
  -0.104222;0.009639;0.125070;,
  -0.102064;-0.006852;0.117680;,
  -0.149775;-0.001199;0.176245;,
  -0.102064;-0.006852;0.117680;,
  -0.032268;0.344353;0.087342;,
  -0.063817;0.253635;0.109036;,
  -0.050691;0.189129;0.136896;,
  -0.058817;0.139071;0.167935;,
  -0.069880;0.067019;0.208673;,
  -0.069880;0.067019;0.208673;,
  -0.051115;0.655072;-0.171505;,
  -0.031771;0.636567;-0.168767;,
  -0.038145;0.650739;-0.151429;,
  -0.038109;0.639153;-0.177665;,
  -0.046886;0.685819;-0.167656;,
  -0.043579;0.708139;-0.159087;,
  0.007261;0.742344;-0.265855;,
  0.026511;0.747015;-0.261852;,
  -0.006456;0.661754;-0.252987;,
  0.000726;0.687190;-0.266558;,
  0.011038;0.657476;-0.250089;,
  -0.038081;0.649936;-0.196110;,
  -0.051092;0.676114;-0.190590;,
  -0.049839;0.669335;-0.173461;,
  -0.049621;0.712344;-0.205049;,
  -0.041115;0.702634;-0.225915;,
  -0.015102;0.702821;-0.266351;,
  -0.030177;0.680500;-0.237443;,
  -0.030563;0.723176;-0.255094;,
  -0.051218;0.726975;-0.196939;,
  -0.045463;0.748270;-0.186376;,
  -0.012320;0.760126;-0.165963;,
  -0.025715;0.771240;-0.224253;,
  0.002121;0.782591;-0.207393;,
  -0.035948;0.665939;-0.221006;,
  -0.016687;0.646490;-0.226307;,
  -0.027376;0.634010;-0.194326;,
  -0.015807;0.609951;-0.178825;,
  0.006536;0.707049;-0.273209;,
  -0.013396;0.734185;-0.265547;,
  -0.034685;0.754401;-0.239385;,
  -0.015644;0.760692;-0.252024;,
  0.015434;0.774966;-0.239606;,
  -0.000352;0.770418;-0.245735;,
  -0.017318;0.725627;-0.145986;,
  -0.034685;0.754401;-0.239385;,
  -0.015644;0.760692;-0.252024;,
  -0.056109;0.676988;-0.195162;,
  -0.053958;0.714965;-0.223770;,
  -0.049951;0.699231;-0.211149;,
  -0.065316;0.707776;-0.207252;,
  -0.065316;0.707776;-0.207252;,
  -0.056109;0.676988;-0.195162;,
  -0.053958;0.714965;-0.223770;,
  -0.041115;0.702634;-0.225915;,
  -0.044929;0.681306;-0.213112;,
  -0.051092;0.676114;-0.190590;,
  -0.011495;0.661519;-0.241881;,
  -0.044929;0.681306;-0.213112;,
  -0.050802;0.680736;-0.108970;,
  -0.048171;0.667087;-0.151571;,
  -0.076073;0.675368;-0.102490;,
  -0.046886;0.685819;-0.167656;,
  0.049871;0.505195;0.169755;,
  0.046746;0.473786;0.183186;,
  0.025617;0.411771;0.150359;,
  0.019787;0.432988;0.135320;,
  -0.000352;0.770418;-0.245735;,
  0.015434;0.774966;-0.239606;,
  -0.007853;0.627437;-0.204412;,
  0.006223;0.638381;-0.221844;,
  0.004004;0.631632;-0.215307;,
  0.008222;0.658317;-0.237406;,
  0.030583;0.601022;0.077730;,
  -0.076073;0.675368;-0.102490;,
  -0.137531;-0.006917;0.126175;,
  -0.008813;0.623180;-0.199444;,
  -0.000044;0.617315;-0.199493;,
  0.000088;0.623226;-0.200569;,
  0.002637;0.622420;-0.206184;,
  -0.092330;0.697331;-0.022871;,
  -0.081463;0.666904;-0.030002;,
  -0.091325;0.652517;-0.036281;,
  -0.099133;0.634469;-0.053165;,
  -0.051218;0.726975;-0.196939;,
  -0.053613;0.189393;0.052796;,
  -0.017568;0.118289;0.007513;,
  -0.055955;0.116060;0.071658;,
  -0.021386;0.194281;0.002835;,
  -0.063478;0.248672;0.043043;,
  -0.026469;0.253596;0.000397;,
  -0.036447;0.338449;0.052228;,
  -0.015953;0.335501;0.029076;,
  -0.019489;0.424718;0.059141;,
  -0.007685;0.416834;0.052885;,
  -0.002771;0.448040;0.060278;,
  -0.035369;0.469099;0.079699;,
  -0.015960;0.053172;0.008103;,
  -0.055203;0.046000;0.082801;,
  -0.019245;0.092312;0.243270;,
  -0.092055;0.171324;0.224172;,
  -0.081838;0.098064;0.238387;,
  -0.021659;0.162101;0.215914;,
  -0.090377;0.242771;0.202968;,
  -0.027228;0.224879;0.192171;,
  -0.026432;0.263651;0.173247;,
  -0.083748;0.270878;0.163141;,
  -0.080877;0.355194;0.184955;,
  0.001454;0.338115;0.174095;,
  0.046746;0.473786;0.183186;,
  0.006749;0.464145;0.193551;,
  -0.081463;0.666904;-0.030002;,
  -0.058171;0.448531;0.085419;,
  -0.084980;0.355707;0.084191;,
  -0.105974;0.257628;0.084454;,
  -0.098212;0.205387;0.127846;,
  -0.096618;0.138198;0.159053;,
  -0.096491;0.068591;0.194562;,
  0.109663;0.314888;0.053137;,
  0.075983;0.435569;0.158224;,
  0.105250;0.396730;0.109483;,
  0.079892;0.256968;0.001101;,
  0.100039;0.232913;0.032738;,
  0.097572;0.160303;0.049436;,
  0.079737;0.088264;0.067271;,
  -0.048517;0.441421;0.185705;;
  916;
  3;0,1,2;,
  3;1,0,3;,
  3;4,5,6;,
  3;5,4,7;,
  3;8,9,10;,
  3;9,8,11;,
  3;12,13,14;,
  3;13,12,15;,
  3;16,12,17;,
  3;12,16,15;,
  3;18,19,20;,
  3;19,18,16;,
  3;6,21,22;,
  3;21,6,5;,
  3;14,23,24;,
  3;23,14,13;,
  3;25,26,27;,
  3;26,25,28;,
  3;29,30,31;,
  3;30,29,32;,
  3;30,33,31;,
  3;33,30,34;,
  3;35,36,37;,
  3;36,35,38;,
  3;38,39,36;,
  3;39,38,40;,
  3;37,41,42;,
  3;41,37,36;,
  3;36,43,41;,
  3;43,36,39;,
  3;42,30,32;,
  3;30,42,41;,
  3;41,34,30;,
  3;34,41,43;,
  3;44,45,46;,
  3;45,44,47;,
  3;48,49,50;,
  3;49,48,51;,
  3;50,52,53;,
  3;52,50,49;,
  3;54,55,56;,
  3;55,54,57;,
  3;57,58,55;,
  3;58,57,59;,
  3;56,60,61;,
  3;60,56,55;,
  3;55,62,60;,
  3;62,55,58;,
  3;61,49,51;,
  3;49,61,60;,
  3;60,52,49;,
  3;52,60,62;,
  3;32,19,63;,
  3;19,32,29;,
  3;64,65,66;,
  3;65,64,20;,
  3;14,67,12;,
  3;67,14,68;,
  3;68,69,67;,
  3;69,68,70;,
  3;70,42,69;,
  3;42,70,37;,
  3;48,34,51;,
  3;34,48,33;,
  3;51,43,61;,
  3;43,51,34;,
  3;43,56,61;,
  3;56,43,39;,
  3;39,54,56;,
  3;54,39,40;,
  3;12,63,17;,
  3;63,12,67;,
  3;67,32,63;,
  3;32,67,69;,
  3;69,42,32;,
  3;71,72,25;,
  3;73,74,75;,
  3;74,73,76;,
  3;74,77,75;,
  3;77,74,78;,
  3;79,78,80;,
  3;78,79,77;,
  3;81,82,83;,
  3;82,84,85;,
  3;84,82,86;,
  3;87,88,89;,
  3;88,90,89;,
  3;90,88,91;,
  3;92,93,94;,
  3;92,89,93;,
  3;92,87,89;,
  3;89,95,93;,
  3;95,89,90;,
  3;96,93,82;,
  3;93,86,82;,
  3;86,93,95;,
  3;97,98,99;,
  3;98,97,100;,
  3;100,101,98;,
  3;101,100,102;,
  3;103,104,105;,
  3;104,103,106;,
  3;106,107,104;,
  3;107,106,108;,
  3;105,109,110;,
  3;109,105,104;,
  3;104,111,109;,
  3;111,104,107;,
  3;110,100,97;,
  3;100,110,109;,
  3;109,102,100;,
  3;102,109,111;,
  3;112,113,114;,
  3;113,112,115;,
  3;116,117,118;,
  3;117,116,119;,
  3;120,121,122;,
  3;121,120,123;,
  3;120,124,125;,
  3;124,120,122;,
  3;126,124,127;,
  3;124,126,125;,
  3;95,97,86;,
  3;97,95,110;,
  3;86,99,84;,
  3;99,86,97;,
  3;90,103,105;,
  3;103,90,91;,
  3;105,95,90;,
  3;95,105,110;,
  3;128,96,129;,
  3;96,128,94;,
  3;129,130,128;,
  3;130,129,131;,
  3;72,28,25;,
  3;28,72,132;,
  3;10,133,8;,
  3;134,135,136;,
  3;135,134,137;,
  3;81,137,134;,
  3;138,11,139;,
  3;138,9,11;,
  3;138,140,9;,
  3;141,11,142;,
  3;11,141,139;,
  3;128,130,143;,
  3;94,144,92;,
  3;94,143,144;,
  3;94,128,143;,
  3;145,87,146;,
  3;87,145,147;,
  3;75,148,73;,
  3;148,75,149;,
  3;150,147,145;,
  3;7,149,75;,
  3;148,151,73;,
  3;102,152,101;,
  3;152,102,126;,
  3;102,125,126;,
  3;125,102,111;,
  3;111,120,125;,
  3;120,111,107;,
  3;120,108,123;,
  3;108,120,107;,
  3;8,153,154;,
  3;153,8,133;,
  3;154,155,8;,
  3;155,154,156;,
  3;122,114,113;,
  3;114,122,121;,
  3;121,112,114;,
  3;112,121,157;,
  3;158,124,159;,
  3;124,158,127;,
  3;159,122,113;,
  3;122,159,124;,
  3;126,160,152;,
  3;160,126,161;,
  3;162,121,123;,
  3;121,162,163;,
  3;121,164,157;,
  3;164,121,163;,
  3;165,126,127;,
  3;126,165,161;,
  3;161,166,160;,
  3;166,161,167;,
  3;162,118,163;,
  3;118,162,116;,
  3;163,117,164;,
  3;117,163,118;,
  3;165,167,161;,
  3;167,165,168;,
  3;169,170,171;,
  3;170,169,172;,
  3;173,174,175;,
  3;174,173,176;,
  3;177,178,179;,
  3;178,177,173;,
  3;180,178,181;,
  3;178,180,182;,
  3;183,169,171;,
  3;169,183,184;,
  3;174,185,186;,
  3;185,174,176;,
  3;46,187,44;,
  3;187,46,188;,
  3;180,169,182;,
  3;169,180,172;,
  3;20,29,65;,
  3;19,29,20;,
  3;29,31,189;,
  3;31,190,189;,
  3;190,31,33;,
  3;33,191,190;,
  3;191,33,48;,
  3;191,50,192;,
  3;50,191,48;,
  3;192,53,193;,
  3;53,192,50;,
  3;194,171,185;,
  3;171,194,183;,
  3;171,186,185;,
  3;186,171,170;,
  3;185,176,194;,
  3;194,173,177;,
  3;173,194,176;,
  3;178,175,181;,
  3;175,178,173;,
  3;179,182,184;,
  3;182,179,178;,
  3;182,169,184;,
  3;16,17,19;,
  3;17,63,19;,
  3;65,195,66;,
  3;196,197,198;,
  3;197,196,199;,
  3;200,154,153;,
  3;154,200,201;,
  3;202,203,204;,
  3;205,206,207;,
  3;196,208,209;,
  3;208,196,198;,
  3;210,209,211;,
  3;209,210,196;,
  3;212,213,214;,
  3;213,212,215;,
  3;212,214,211;,
  3;201,216,217;,
  3;216,201,200;,
  3;218,219,220;,
  3;219,218,217;,
  3;210,199,196;,
  3;213,205,207;,
  3;221,222,223;,
  3;198,197,224;,
  3;224,225,226;,
  3;225,224,197;,
  3;227,213,207;,
  3;228,229,214;,
  3;229,228,230;,
  3;220,231,232;,
  3;213,228,214;,
  3;156,201,233;,
  3;201,156,154;,
  3;233,217,218;,
  3;217,233,201;,
  3;219,217,234;,
  3;235,219,234;,
  3;236,237,238;,
  3;237,236,239;,
  3;209,240,211;,
  3;240,209,241;,
  3;211,242,212;,
  3;242,211,240;,
  3;243,239,244;,
  3;239,243,237;,
  3;244,236,245;,
  3;236,244,239;,
  3;246,221,223;,
  3;221,246,215;,
  3;221,212,247;,
  3;212,221,215;,
  3;199,248,2;,
  3;248,199,249;,
  3;133,10,250;,
  3;249,210,251;,
  3;210,249,199;,
  3;210,211,251;,
  3;252,1,253;,
  3;1,252,2;,
  3;20,254,18;,
  3;254,20,64;,
  3;24,68,14;,
  3;68,24,255;,
  3;68,256,70;,
  3;256,68,255;,
  3;256,37,70;,
  3;37,256,257;,
  3;258,2,252;,
  3;2,258,199;,
  3;257,259,37;,
  3;37,259,35;,
  3;260,204,261;,
  3;204,260,202;,
  3;262,263,223;,
  3;263,262,264;,
  3;197,258,225;,
  3;258,197,199;,
  3;265,203,227;,
  3;265,207,266;,
  3;207,265,227;,
  3;223,267,246;,
  3;267,223,263;,
  3;88,87,147;,
  3;83,82,85;,
  3;78,16,18;,
  3;16,78,74;,
  3;74,15,16;,
  3;15,74,76;,
  3;15,71,13;,
  3;71,15,76;,
  3;13,268,23;,
  3;268,13,71;,
  3;248,269,2;,
  3;2,269,0;,
  3;136,129,134;,
  3;129,136,131;,
  3;134,96,81;,
  3;96,134,129;,
  3;96,82,81;,
  3;93,96,94;,
  3;29,189,65;,
  3;205,215,246;,
  3;267,205,246;,
  3;205,267,206;,
  3;205,213,215;,
  3;187,188,270;,
  3;224,271,272;,
  3;222,221,208;,
  3;224,222,198;,
  3;272,273,262;,
  3;273,272,271;,
  3;263,274,275;,
  3;273,276,262;,
  3;277,271,278;,
  3;271,277,273;,
  3;222,272,262;,
  3;272,222,224;,
  3;222,208,198;,
  3;209,221,247;,
  3;221,209,208;,
  3;223,222,262;,
  3;266,206,279;,
  3;206,266,207;,
  3;206,280,279;,
  3;280,206,267;,
  3;280,263,275;,
  3;263,280,267;,
  3;264,262,276;,
  3;76,73,72;,
  3;138,281,140;,
  3;73,132,72;,
  3;132,73,151;,
  3;72,71,76;,
  3;271,226,278;,
  3;155,11,8;,
  3;276,277,282;,
  3;277,276,273;,
  3;274,276,282;,
