xof 0303txt 0032
template ColorRGBA {
 <35ff44e0-6c7c-11cf-8f52-0040333594a3>
 FLOAT red;
 FLOAT green;
 FLOAT blue;
 FLOAT alpha;
}

template ColorRGB {
 <d3e16e81-7835-11cf-8f52-0040333594a3>
 FLOAT red;
 FLOAT green;
 FLOAT blue;
}

template Material {
 <3d82ab4d-62da-11cf-ab39-0020af71e433>
 ColorRGBA faceColor;
 FLOAT power;
 ColorRGB specularColor;
 ColorRGB emissiveColor;
 [...]
}

template TextureFilename {
 <a42790e1-7810-11cf-8f52-0040333594a3>
 STRING filename;
}

template Frame {
 <3d82ab46-62da-11cf-ab39-0020af71e433>
 [...]
}

template Matrix4x4 {
 <f6f23f45-7686-11cf-8f52-0040333594a3>
 array FLOAT matrix[16];
}

template FrameTransformMatrix {
 <f6f23f41-7686-11cf-8f52-0040333594a3>
 Matrix4x4 frameMatrix;
}

template Vector {
 <3d82ab5e-62da-11cf-ab39-0020af71e433>
 FLOAT x;
 FLOAT y;
 FLOAT z;
}

template MeshFace {
 <3d82ab5f-62da-11cf-ab39-0020af71e433>
 DWORD nFaceVertexIndices;
 array DWORD faceVertexIndices[nFaceVertexIndices];
}

template Mesh {
 <3d82ab44-62da-11cf-ab39-0020af71e433>
 DWORD nVertices;
 array Vector vertices[nVertices];
 DWORD nFaces;
 array MeshFace faces[nFaces];
 [...]
}

template MeshNormals {
 <f6f23f43-7686-11cf-8f52-0040333594a3>
 DWORD nNormals;
 array Vector normals[nNormals];
 DWORD nFaceNormals;
 array MeshFace faceNormals[nFaceNormals];
}

template MeshMaterialList {
 <f6f23f42-7686-11cf-8f52-0040333594a3>
 DWORD nMaterials;
 DWORD nFaceIndexes;
 array DWORD faceIndexes[nFaceIndexes];
 [Material <3d82ab4d-62da-11cf-ab39-0020af71e433>]
}

template Coords2d {
 <f6f23f44-7686-11cf-8f52-0040333594a3>
 FLOAT u;
 FLOAT v;
}

template MeshTextureCoords {
 <f6f23f40-7686-11cf-8f52-0040333594a3>
 DWORD nTextureCoords;
 array Coords2d textureCoords[nTextureCoords];
}

template XSkinMeshHeader {
 <3cf169ce-ff7c-44ab-93c0-f78f62d172e2>
 WORD nMaxSkinWeightsPerVertex;
 WORD nMaxSkinWeightsPerFace;
 WORD nBones;
}

template SkinWeights {
 <6f0d123b-bad2-4167-a0d0-80224f25fabb>
 STRING transformNodeName;
 DWORD nWeights;
 array DWORD vertexIndices[nWeights];
 array FLOAT weights[nWeights];
 Matrix4x4 matrixOffset;
}

template AnimTicksPerSecond {
 <9e415a43-7ba6-4a73-8743-b73d47e88476>
 DWORD AnimTicksPerSecond;
}

template Animation {
 <3d82ab4f-62da-11cf-ab39-0020af71e433>
 [...]
}

template AnimationSet {
 <3d82ab50-62da-11cf-ab39-0020af71e433>
 [Animation <3d82ab4f-62da-11cf-ab39-0020af71e433>]
}

template FloatKeys {
 <10dd46a9-775b-11cf-8f52-0040333594a3>
 DWORD nValues;
 array FLOAT values[nValues];
}

template TimedFloatKeys {
 <f406b180-7b3b-11cf-8f52-0040333594a3>
 DWORD time;
 FloatKeys tfkeys;
}

template AnimationKey {
 <10dd46a8-775b-11cf-8f52-0040333594a3>
 DWORD keyType;
 DWORD nKeys;
 array TimedFloatKeys keys[nKeys];
}


Material Material__152 {
 1.000000;1.000000;1.000000;1.000000;;
 9.999999;
 0.000000;0.000000;0.000000;;
 0.000000;0.000000;0.000000;;
}

Material _05_-_Defaultaaaa {
 1.000000;1.000000;1.000000;1.000000;;
 9.999999;
 0.000000;0.000000;0.000000;;
 0.000000;0.000000;0.000000;;

 TextureFilename {
  "MaleBody01.png";
 }
}

Frame Dummy01 {
 

 FrameTransformMatrix {
  1.000000,0.000000,0.000000,0.000000,0.000000,-0.000000,-1.000000,0.000000,0.000000,1.000000,-0.000000,0.000000,0.000000,0.000000,0.000000,1.000000;;
 }

 Frame Bip01 {
  

  FrameTransformMatrix {
   -0.658657,0.752183,-0.019812,0.000000,-0.071507,-0.036361,0.996777,0.000000,0.749038,0.657951,0.077736,0.000000,-0.004024,-0.027993,0.500270,1.000000;;
  }

  Frame Bip01_Pelvis {
   

   FrameTransformMatrix {
    0.000000,1.000000,-0.000001,0.000000,-0.000001,0.000001,1.000000,0.000000,1.000000,0.000000,0.000001,0.000000,0.000000,0.000000,0.000000,1.000000;;
   }

   Frame Bip01_Spine {
    

    FrameTransformMatrix {
     0.999994,0.001077,-0.003436,0.000000,-0.001076,0.999999,0.000195,0.000000,0.003437,-0.000191,0.999994,0.000000,0.051633,0.000000,-0.000085,1.000000;;
    }

    Frame Bip01_Spine1 {
     

     FrameTransformMatrix {
      0.992062,-0.099522,0.076866,0.000000,0.081040,0.973389,0.214351,0.000000,-0.096153,-0.206420,0.973728,0.000000,0.106488,0.000018,-0.000083,1.000000;;
     }

     Frame Bip01_Neck {
      

      FrameTransformMatrix {
       0.977408,0.104915,0.183487,0.000000,-0.000395,0.869015,-0.494785,0.000000,-0.211364,0.483534,0.849423,0.000000,0.130510,-0.000013,0.004629,1.000000;;
      }

      Frame Bip01_Head {
       

       FrameTransformMatrix {
        0.950770,0.305430,0.052438,0.000000,-0.269426,0.898288,-0.347115,0.000000,-0.153124,0.315898,0.936355,0.000000,0.033674,0.000000,0.000000,1.000000;;
       }

       Frame Bip01_HeadNub {
        

        FrameTransformMatrix {
         1.000000,0.000000,0.000000,0.000000,0.000000,1.000000,0.000000,0.000000,0.000000,0.000000,1.000000,0.000000,0.169824,0.000000,0.000000,1.000000;;
        }
       }
      }

      Frame Bip01_L_Clavicle {
       

       FrameTransformMatrix {
        0.173853,0.866835,0.467303,0.000000,0.967379,-0.061537,-0.245747,0.000000,-0.184266,0.494783,-0.849256,0.000000,-0.022687,0.015967,0.008752,1.000000;;
       }

       Frame Bip01_L_UpperArm {
        

        FrameTransformMatrix {
         0.601818,-0.420249,-0.679121,0.000000,0.158101,0.896217,-0.414487,0.000000,0.782828,0.142076,0.605801,0.000000,0.087086,0.000000,-0.000000,1.000000;;
        }

        Frame Bip01_L_Forearm {
         

         FrameTransformMatrix {
          0.194525,0.000000,-0.980898,0.000000,-0.000000,1.000000,0.000000,0.000000,0.980897,-0.000000,0.194525,0.000000,0.137062,0.000000,-0.000000,1.000000;;
         }

         Frame Bip01_L_Hand {
          

          FrameTransformMatrix {
           0.994886,-0.009400,-0.100567,0.000000,0.021048,-0.954507,0.297447,0.000000,-0.098788,-0.298042,-0.949427,0.000000,0.137062,0.000000,-0.000000,1.000000;;
          }

          Frame Bip01_L_Finger0 {
           

           FrameTransformMatrix {
            0.829256,-0.514255,0.218807,0.000000,0.558537,0.749101,-0.356210,0.000000,0.019274,0.417601,0.908427,0.000000,0.057681,-0.023605,-0.000272,1.000000;;
           }

           Frame Bip01_L_Finger0Nub {
            

            FrameTransformMatrix {
             1.000000,0.000000,0.000000,0.000000,0.000000,1.000000,0.000000,0.000000,0.000000,0.000000,1.000000,0.000000,0.029435,0.000000,-0.000000,1.000000;;
            }
           }
          }

          Frame Bip01_L_Finger1 {
           

           FrameTransformMatrix {
            0.533346,-0.000674,0.845897,0.000000,-0.000000,1.000000,0.000796,0.000000,-0.845897,-0.000425,0.533345,0.000000,0.084102,0.000000,0.000000,1.000000;;
           }

           Frame Bip01_L_Finger1Nub {
            

            FrameTransformMatrix {
             1.000000,-0.000000,0.000000,0.000000,0.000000,1.000000,0.000000,0.000000,0.000000,0.000000,1.000000,0.000000,0.047988,0.000000,0.000000,1.000000;;
            }
           }
          }
         }
        }
       }
      }

      Frame Bip01_R_Clavicle {
       

       FrameTransformMatrix {
        -0.186868,-0.865927,-0.463951,0.000000,-0.964949,0.073208,0.252020,0.000000,-0.184266,0.494783,-0.849256,0.000000,-0.025984,-0.011345,-0.006445,1.000000;;
       }

       Frame Bip01_R_UpperArm {
        

        FrameTransformMatrix {
         0.644269,0.635774,0.425099,0.000000,-0.721745,0.321566,0.612928,0.000000,0.252986,-0.701703,0.666041,0.000000,0.087086,0.000000,0.000000,1.000000;;
        }

        Frame Bip01_R_Forearm {
         

         FrameTransformMatrix {
          0.093128,0.000000,-0.995654,0.000000,-0.000000,1.000000,-0.000000,0.000000,0.995654,-0.000000,0.093128,0.000000,0.137062,-0.000000,-0.000000,1.000000;;
         }

         Frame Bip01_R_Hand {
          

          FrameTransformMatrix {
           0.891299,-0.452042,-0.035262,0.000000,-0.103765,-0.127652,-0.986376,0.000000,0.441382,0.882815,-0.160682,0.000000,0.137062,0.000000,-0.000000,1.000000;;
          }

          Frame Bip01_R_Finger0 {
           

           FrameTransformMatrix {
            0.061162,-0.391076,0.918325,0.000000,-0.558537,0.749101,0.356210,0.000000,-0.827222,-0.534704,-0.172613,0.000000,0.057681,0.023605,-0.000272,1.000000;;
           }

           Frame Bip01_R_Finger0Nub {
            

            FrameTransformMatrix {
             -1.000000,0.000000,0.000000,0.000000,-0.000000,1.000000,-0.000000,0.000000,0.000000,-0.000000,-1.000000,0.000000,0.029435,0.000000,0.000000,1.000000;;
            }
           }
          }

          Frame Bip01_R_Finger1 {
           

           FrameTransformMatrix {
            -0.093714,0.000793,0.995598,0.000000,-0.000000,1.000000,-0.000796,0.000000,-0.995599,-0.000075,-0.093714,0.000000,0.084102,0.000000,-0.000000,1.000000;;
           }

           Frame Bip01_R_Finger1Nub {
            

            FrameTransformMatrix {
             -1.000000,0.000000,0.000000,0.000000,0.000000,1.000000,-0.000000,0.000000,0.000000,-0.000000,-1.000000,0.000000,0.047988,0.000000,0.000000,1.000000;;
            }
           }
          }
         }
        }
       }
      }
     }

     Frame Bip01_BackPack {
      

      FrameTransformMatrix {
       0.194307,-0.311832,-0.930057,0.000000,0.095370,0.949641,-0.298473,0.000000,0.976294,-0.030704,0.214261,0.000000,0.063586,0.000049,-0.088990,1.000000;;
      }

      Frame Bip01_BackPackNub {
       

       FrameTransformMatrix {
        0.000796,0.000003,1.000000,0.000000,-0.000000,-1.000000,0.000003,0.000000,1.000000,0.000000,-0.000796,0.000000,0.053240,0.000000,-0.000000,1.000000;;
       }
      }
     }
    }

    Frame Bip01_L_Thigh {
     

     FrameTransformMatrix {
      -0.930710,0.205073,0.302861,0.000000,-0.093097,-0.933585,0.346052,0.000000,0.353713,0.293879,0.887988,0.000000,-0.051574,0.055281,-0.000103,1.000000;;
     }

     Frame Bip01_L_Calf {
      

      FrameTransformMatrix {
       0.920550,-0.000000,-0.390624,0.000000,0.000000,1.000000,-0.000000,0.000000,0.390624,0.000000,0.920550,0.000000,0.237500,0.000000,0.000000,1.000000;;
      }

      Frame Bip01_L_Foot {
       

       FrameTransformMatrix {
        0.989220,0.003553,0.146392,0.000000,-0.016806,0.995854,0.089395,0.000000,-0.145467,-0.090891,0.985179,0.000000,0.206841,0.000000,0.000000,1.000000;;
       }

       Frame Bip01_L_Toe0 {
        

        FrameTransformMatrix {
         -0.334144,-0.308054,0.890758,0.000000,-0.180793,0.948479,0.260196,0.000000,-0.925020,-0.074100,-0.372622,0.000000,0.065373,0.000000,0.066450,1.000000;;
        }

        Frame Bip01_L_Toe0Nub {
         

         FrameTransformMatrix {
          -1.000000,-0.000000,0.000000,0.000000,-0.000000,1.000000,-0.000000,0.000000,-0.000000,0.000000,-1.000000,0.000000,0.006735,0.000000,0.000000,1.000000;;
         }
        }
       }
      }
     }
    }

    Frame Bip01_R_Thigh {
     

     FrameTransformMatrix {
      -0.981132,-0.180387,0.069583,0.000000,0.185084,-0.980349,0.068267,0.000000,0.055901,0.079858,0.995238,0.000000,-0.051692,-0.055170,-0.000082,1.000000;;
     }

     Frame Bip01_R_Calf {
      

      FrameTransformMatrix {
       0.863467,0.000000,-0.504406,0.000000,0.000000,1.000000,0.000000,0.000000,0.504406,-0.000000,0.863467,0.000000,0.237500,0.000000,0.000000,1.000000;;
      }

      Frame Bip01_R_Foot {
       

       FrameTransformMatrix {
        0.966126,0.011724,0.257805,0.000000,-0.001387,0.999189,-0.040241,0.000000,-0.258067,0.038521,0.965359,0.000000,0.206841,0.000000,0.000000,1.000000;;
       }

       Frame Bip01_R_Toe0 {
        

        FrameTransformMatrix {
         0.892235,0.421085,-0.163110,0.000000,0.183329,-0.667872,-0.721344,0.000000,-0.412684,0.613705,-0.673096,0.000000,0.065373,0.000000,0.066450,1.000000;;
        }

        Frame Bip01_R_Toe0Nub {
         

         FrameTransformMatrix {
          1.000000,-0.000000,0.000000,0.000000,-0.000000,1.000000,0.000000,0.000000,-0.000000,0.000000,1.000000,0.000000,0.006735,-0.000000,0.000000,1.000000;;
         }
        }
       }
      }
     }
    }
   }

   Frame Bip01_DressFront {
    

    FrameTransformMatrix {
     -0.980922,-0.150025,0.123628,0.000000,-0.112834,0.957246,0.266362,0.000000,-0.158304,0.247330,-0.955912,0.000000,-0.043979,0.001363,0.061081,1.000000;;
    }

    Frame Bip01_DressFront02 {
     

     FrameTransformMatrix {
      0.989181,-0.000000,-0.146699,0.000000,0.000000,1.000000,-0.000000,0.000000,0.146699,-0.000000,0.989181,0.000000,0.183305,0.000000,-0.000130,1.000000;;
     }

     Frame Bip01_DressFrontNub {
      

      FrameTransformMatrix {
       0.000796,0.000003,1.000000,0.000000,0.000000,-1.000000,0.000003,0.000000,1.000000,0.000000,-0.000796,0.000000,0.165302,-0.000000,-0.000000,1.000000;;
      }
     }
    }
   }

   Frame Bip01_DressBack {
    

    FrameTransformMatrix {
     -0.982604,-0.066303,0.173476,0.000000,0.003768,0.926789,0.375563,0.000000,-0.185676,0.369684,-0.910416,0.000000,-0.047706,-0.000052,-0.078292,1.000000;;
    }

    Frame Bip01_DressBack02 {
     

     FrameTransformMatrix {
      0.902704,-0.314257,0.293884,0.000000,0.302225,0.949280,0.086764,0.000000,-0.306244,0.010497,0.951895,0.000000,0.176192,-0.000001,-0.000103,1.000000;;
     }

     Frame Bip01_DressBackNub {
      

      FrameTransformMatrix {
       0.000796,0.000003,1.000000,0.000000,0.000000,-1.000000,0.000003,0.000000,1.000000,0.000000,-0.000796,0.000000,0.136508,0.000000,0.000000,1.000000;;
      }
     }
    }
   }
  }

  Frame Bip01_Prop1 {
   

   FrameTransformMatrix {
    0.485807,-0.785527,0.383327,0.000000,0.666191,0.616671,0.419411,0.000000,-0.565845,0.051617,0.822894,0.000000,0.001743,-0.021727,-0.157125,1.000000;;
   }

   Frame BaseballBat {
    

    FrameTransformMatrix {
     1.000000,-0.000000,0.000000,0.000000,0.000000,1.000000,-0.000000,0.000000,0.000000,0.000000,1.000000,0.000000,-0.000000,0.000000,0.000000,1.000000;;
    }

    Mesh BaseballBat {
     125;
     0.000000;0.493058;-0.000000;,
     0.012389;0.490386;0.012389;,
     0.017521;0.490386;-0.000000;,
     0.000000;0.493058;0.000000;,
     0.019608;0.482106;0.019608;,
     0.027730;0.482106;-0.000000;,
     0.018224;0.343855;0.018224;,
     0.025773;0.343855;-0.000000;,
     0.015404;0.294497;0.015404;,
     0.021784;0.294497;-0.000000;,
     0.011792;0.231257;0.011792;,
     0.016677;0.231257;-0.000000;,
     0.008556;0.160306;0.008556;,
     0.012099;0.160306;0.000000;,
     0.008556;0.015317;0.008556;,
     0.012099;0.015317;0.000000;,
     0.012099;0.015317;0.000000;,
     0.018371;0.012232;0.018371;,
     0.025981;0.012232;0.000000;,
     0.008556;0.015317;0.008556;,
     0.025981;0.012232;0.000000;,
     0.018371;-0.000000;0.018371;,
     0.025981;-0.000000;0.000000;,
     0.018371;0.012232;0.018371;,
     0.025981;-0.000000;0.000000;,
     -0.000000;0.000000;0.000000;,
     0.000000;-0.000000;0.000000;,
     0.018371;-0.000000;0.018371;,
     0.000000;0.490386;0.017521;,
     0.000000;0.493058;0.000000;,
     0.000000;0.482106;0.027730;,
     0.000000;0.343855;0.025773;,
     0.000000;0.294497;0.021784;,
     0.000000;0.231257;0.016677;,
     0.000000;0.160306;0.012099;,
     -0.000000;0.015317;0.012099;,
     -0.000000;0.012232;0.025981;,
     -0.000000;0.015317;0.012099;,
     -0.000000;-0.000000;0.025981;,
     -0.000000;0.012232;0.025981;,
     0.018371;-0.000000;0.018371;,
     -0.000000;0.000000;-0.000000;,
     -0.000000;-0.000000;0.025981;,
     -0.012389;0.490386;0.012389;,
     0.000000;0.493058;0.000000;,
     -0.019608;0.482106;0.019608;,
     -0.018224;0.343855;0.018224;,
     -0.015404;0.294497;0.015404;,
     -0.011792;0.231257;0.011792;,
     0.000000;0.231257;0.016677;,
     -0.008556;0.160306;0.008556;,
     0.000000;0.160306;0.012099;,
     -0.011792;0.231257;0.011792;,
     -0.008556;0.015317;0.008556;,
     -0.000000;0.015317;0.012099;,
     -0.000000;0.015317;0.012099;,
     -0.018371;0.012232;0.018371;,
     -0.000000;0.012232;0.025981;,
     -0.008556;0.015317;0.008556;,
     -0.000000;0.012232;0.025981;,
     -0.018371;0.000000;0.018371;,
     -0.000000;-0.000000;0.025981;,
     -0.018371;0.012232;0.018371;,
     -0.000000;0.000000;-0.000000;,
     -0.018371;0.000000;0.018371;,
     -0.017521;0.490386;0.000000;,
     -0.012389;0.490386;0.012389;,
     0.000000;0.493058;0.000000;,
     -0.027730;0.482106;0.000000;,
     -0.019608;0.482106;0.019608;,
     -0.025773;0.343855;0.000000;,
     -0.018224;0.343855;0.018224;,
     -0.021784;0.294497;0.000000;,
     -0.015404;0.294497;0.015404;,
     -0.016677;0.231257;0.000000;,
     -0.012099;0.160306;0.000000;,
     -0.012099;0.015317;-0.000000;,
     -0.025981;0.012232;-0.000000;,
     -0.012099;0.015317;-0.000000;,
     -0.025981;0.000000;-0.000000;,
     -0.025981;0.012232;-0.000000;,
     0.000000;0.000000;-0.000000;,
     -0.025981;0.000000;-0.000000;,
     -0.012389;0.490386;-0.012389;,
     -0.000000;0.493058;0.000000;,
     -0.019608;0.482106;-0.019608;,
     -0.018224;0.343855;-0.018224;,
     -0.015404;0.294497;-0.015404;,
     -0.011792;0.231257;-0.011792;,
     -0.008556;0.160306;-0.008555;,
     -0.008556;0.015317;-0.008556;,
     -0.018371;0.012232;-0.018371;,
     -0.008556;0.015317;-0.008556;,
     -0.018371;0.000000;-0.018371;,
     -0.018371;0.012232;-0.018371;,
     0.000000;-0.000000;-0.000000;,
     -0.018371;0.000000;-0.018371;,
     -0.000000;0.490386;-0.017521;,
     -0.000000;0.493058;0.000000;,
     -0.000000;0.482106;-0.027730;,
     -0.000000;0.343855;-0.025773;,
     -0.000000;0.294497;-0.021784;,
     -0.000000;0.231257;-0.016677;,
     -0.000000;0.160306;-0.012099;,
     0.000000;0.015317;-0.012099;,
     0.000000;0.012232;-0.025981;,
     0.000000;0.015317;-0.012099;,
     0.000000;0.000000;-0.025981;,
     0.000000;0.012232;-0.025981;,
     0.000000;-0.000000;-0.000000;,
     0.000000;0.000000;-0.025981;,
     0.012389;0.490386;-0.012389;,
     -0.000000;0.493058;0.000000;,
     0.019608;0.482106;-0.019608;,
     0.018224;0.343855;-0.018224;,
     0.015404;0.294497;-0.015404;,
     0.011792;0.231257;-0.011792;,
     0.008556;0.160306;-0.008556;,
     0.008556;0.015317;-0.008556;,
     0.018371;0.012232;-0.018371;,
     0.008556;0.015317;-0.008556;,
     0.018371;-0.000000;-0.018371;,
     0.018371;0.012232;-0.018371;,
     0.000000;-0.000000;0.000000;,
     0.018371;-0.000000;-0.018371;;
     160;
     3;0,1,2;,
     3;1,0,3;,
     3;2,4,5;,
     3;4,2,1;,
     3;5,6,7;,
     3;6,5,4;,
     3;7,8,9;,
     3;8,7,6;,
     3;9,10,11;,
     3;10,9,8;,
     3;11,12,13;,
     3;12,11,10;,
     3;13,14,15;,
     3;14,13,12;,
     3;16,17,18;,
     3;17,16,19;,
     3;20,21,22;,
     3;21,20,23;,
     3;24,25,26;,
     3;25,24,27;,
     3;3,28,1;,
     3;28,3,29;,
     3;1,30,4;,
     3;30,1,28;,
     3;4,31,6;,
     3;31,4,30;,
     3;6,32,8;,
     3;32,6,31;,
     3;8,33,10;,
     3;33,8,32;,
     3;10,34,12;,
     3;34,10,33;,
     3;12,35,14;,
     3;35,12,34;,
     3;19,36,17;,
     3;36,19,37;,
     3;23,38,21;,
     3;38,23,39;,
     3;40,41,25;,
     3;41,40,42;,
     3;29,43,28;,
     3;43,29,44;,
     3;28,45,30;,
     3;45,28,43;,
     3;30,46,31;,
     3;46,30,45;,
     3;31,47,32;,
     3;47,31,46;,
     3;32,48,33;,
     3;48,32,47;,
     3;49,50,51;,
     3;50,49,52;,
     3;51,53,54;,
     3;53,51,50;,
     3;55,56,57;,
     3;56,55,58;,
     3;59,60,61;,
     3;60,59,62;,
     3;42,63,41;,
     3;63,42,64;,
     3;44,65,66;,
     3;65,44,67;,
     3;66,68,69;,
     3;68,66,65;,
     3;69,70,71;,
     3;70,69,68;,
     3;71,72,73;,
     3;72,71,70;,
     3;73,74,52;,
     3;74,73,72;,
     3;52,75,50;,
     3;75,52,74;,
     3;50,76,53;,
     3;76,50,75;,
     3;58,77,56;,
     3;77,58,78;,
     3;62,79,60;,
     3;79,62,80;,
     3;64,81,63;,
     3;81,64,82;,
     3;67,83,65;,
     3;83,67,84;,
     3;65,85,68;,
     3;85,65,83;,
     3;68,86,70;,
     3;86,68,85;,
     3;70,87,72;,
     3;87,70,86;,
     3;72,88,74;,
     3;88,72,87;,
     3;74,89,75;,
     3;89,74,88;,
     3;75,90,76;,
     3;90,75,89;,
     3;78,91,77;,
     3;91,78,92;,
     3;80,93,79;,
     3;93,80,94;,
     3;82,95,81;,
     3;95,82,96;,
     3;84,97,83;,
     3;97,84,98;,
     3;83,99,85;,
     3;99,83,97;,
     3;85,100,86;,
     3;100,85,99;,
     3;86,101,87;,
     3;101,86,100;,
     3;87,102,88;,
     3;102,87,101;,
     3;88,103,89;,
     3;103,88,102;,
     3;89,104,90;,
     3;104,89,103;,
     3;92,105,91;,
     3;105,92,106;,
     3;94,107,93;,
     3;107,94,108;,
     3;96,109,95;,
     3;109,96,110;,
     3;98,111,97;,
     3;111,98,112;,
     3;97,113,99;,
     3;113,97,111;,
     3;99,114,100;,
     3;114,99,113;,
     3;100,115,101;,
     3;115,100,114;,
     3;101,116,102;,
     3;116,101,115;,
     3;102,117,103;,
     3;117,102,116;,
     3;103,118,104;,
     3;118,103,117;,
     3;106,119,105;,
     3;119,106,120;,
     3;108,121,107;,
     3;121,108,122;,
     3;110,123,109;,
     3;123,110,124;,
     3;112,2,111;,
     3;2,112,0;,
     3;111,5,113;,
     3;5,111,2;,
     3;113,7,114;,
     3;7,113,5;,
     3;114,9,115;,
     3;9,114,7;,
     3;115,11,116;,
     3;11,115,9;,
     3;116,13,117;,
     3;13,116,11;,
     3;117,15,118;,
     3;15,117,13;,
     3;120,18,119;,
     3;18,120,16;,
     3;122,22,121;,
     3;22,122,20;,
     3;124,26,123;,
     3;26,124,24;;

     MeshNormals {
      125;
      -0.087644;-0.902286;-0.422137;,
      0.322510;0.889931;0.322507;,
      0.456096;0.889931;-0.000002;,
      0.246206;-0.895950;-0.369670;,
      0.651839;0.387576;0.651836;,
      0.921838;0.387576;-0.000002;,
      0.706327;-0.047000;0.706324;,
      0.998895;-0.047000;-0.000002;,
      0.704812;-0.080522;0.704809;,
      0.996753;-0.080522;-0.000002;,
      0.705243;-0.072584;0.705240;,
      0.997362;-0.072584;-0.000002;,
      0.706735;-0.032464;0.706733;,
      0.999473;-0.032464;-0.000001;,
      0.707106;-0.000000;0.707107;,
      1.000000;0.000000;0.000001;,
      0.216931;0.976187;0.000000;,
      0.153393;0.976187;0.153393;,
      0.216931;0.976187;0.000000;,
      0.153393;0.976187;0.153394;,
      1.000000;-0.000000;0.000000;,
      0.707107;-0.000000;0.707107;,
      1.000000;0.000000;0.000000;,
      0.707107;-0.000000;0.707107;,
      -0.000000;-1.000000;-0.000000;,
      0.000000;1.000000;0.000000;,
      0.000000;1.000000;0.000000;,
      -0.000000;-1.000000;-0.000000;,
      0.000002;0.889931;0.456096;,
      0.425476;-0.900758;-0.087214;,
      0.000002;0.387577;0.921838;,
      0.000002;-0.047000;0.998895;,
      0.000002;-0.080522;0.996753;,
      0.000002;-0.072585;0.997362;,
      0.000001;-0.032464;0.999473;,
      -0.000001;-0.000000;1.000000;,
      -0.000000;0.976187;0.216931;,
      -0.000000;0.976187;0.216931;,
      -0.000000;-0.000000;1.000000;,
      -0.000000;-0.000000;1.000000;,
      -0.000000;-1.000000;-0.000000;,
      0.000000;1.000000;0.000000;,
      -0.000000;-1.000000;-0.000000;,
      -0.322507;0.889931;0.322510;,
      0.379216;-0.889120;0.256246;,
      -0.651836;0.387576;0.651839;,
      -0.706324;-0.047000;0.706327;,
      -0.704810;-0.080522;0.704812;,
      -0.705241;-0.072584;0.705243;,
      0.000002;-0.072585;0.997362;,
      -0.706733;-0.032464;0.706735;,
      0.000001;-0.032464;0.999473;,
      -0.705241;-0.072584;0.705243;,
      -0.707107;-0.000000;0.707106;,
      -0.000001;-0.000000;1.000000;,
      -0.000000;0.976187;0.216931;,
      -0.153393;0.976187;0.153393;,
      -0.000000;0.976187;0.216931;,
      -0.153394;0.976187;0.153393;,
      -0.000000;-0.000000;1.000000;,
      -0.707107;-0.000000;0.707106;,
      -0.000000;-0.000000;1.000000;,
      -0.707107;-0.000000;0.707107;,
      0.000000;1.000000;0.000000;,
      -0.000000;-1.000000;-0.000000;,
      -0.456096;0.889931;0.000002;,
      -0.322507;0.889931;0.322510;,
      0.087924;-0.908879;0.407686;,
      -0.921838;0.387577;0.000002;,
      -0.651836;0.387576;0.651839;,
      -0.998895;-0.047000;0.000002;,
      -0.706324;-0.047000;0.706327;,
      -0.996753;-0.080522;0.000002;,
      -0.704810;-0.080522;0.704812;,
      -0.997362;-0.072584;0.000002;,
      -0.999473;-0.032464;0.000001;,
      -1.000000;0.000000;-0.000001;,
      -0.216931;0.976187;-0.000000;,
      -0.216931;0.976187;-0.000000;,
      -1.000000;-0.000000;-0.000000;,
      -1.000000;-0.000000;-0.000000;,
      0.000000;1.000000;0.000000;,
      -0.000000;-1.000000;-0.000000;,
      -0.322536;0.889923;-0.322503;,
      -0.253938;-0.890313;0.377967;,
      -0.651839;0.387577;-0.651836;,
      -0.706327;-0.047000;-0.706324;,
      -0.704812;-0.080522;-0.704810;,
      -0.705243;-0.072584;-0.705241;,
      -0.706735;-0.032464;-0.706733;,
      -0.707106;0.000000;-0.707107;,
      -0.153393;0.976187;-0.153393;,
      -0.153393;0.976187;-0.153394;,
      -0.707106;0.000000;-0.707107;,
      -0.707107;0.000000;-0.707107;,
      0.000000;1.000000;0.000000;,
      -0.000000;-1.000000;-0.000000;,
      -0.000002;0.889931;-0.456096;,
      -0.381050;-0.920310;0.088487;,
      -0.000002;0.387577;-0.921838;,
      -0.000002;-0.047000;-0.998895;,
      -0.000002;-0.080521;-0.996753;,
      -0.000002;-0.072584;-0.997362;,
      -0.000001;-0.032464;-0.999473;,
      0.000001;0.000000;-1.000000;,
      0.000000;0.976187;-0.216931;,
      0.000000;0.976187;-0.216931;,
      0.000001;0.000000;-1.000000;,
      0.000000;0.000000;-1.000000;,
      0.000000;1.000000;0.000000;,
      -0.000000;-1.000000;-0.000000;,
      0.322502;0.889923;-0.322537;,
      -0.394931;-0.876807;-0.274297;,
      0.651836;0.387577;-0.651839;,
      0.706324;-0.047000;-0.706327;,
      0.704810;-0.080522;-0.704812;,
      0.705241;-0.072584;-0.705243;,
      0.706733;-0.032464;-0.706735;,
      0.707107;0.000000;-0.707106;,
      0.153394;0.976187;-0.153393;,
      0.153394;0.976187;-0.153393;,
      0.707107;0.000000;-0.707106;,
      0.707107;0.000000;-0.707106;,
      0.000000;1.000000;0.000000;,
      -0.000000;-1.000000;-0.000000;;
      160;
      3;0,1,2;,
      3;1,0,3;,
      3;2,4,5;,
      3;4,2,1;,
      3;5,6,7;,
      3;6,5,4;,
      3;7,8,9;,
      3;8,7,6;,
      3;9,10,11;,
      3;10,9,8;,
      3;11,12,13;,
      3;12,11,10;,
      3;13,14,15;,
      3;14,13,12;,
      3;16,17,18;,
      3;17,16,19;,
      3;20,21,22;,
      3;21,20,23;,
      3;24,25,26;,
      3;25,24,27;,
      3;3,28,1;,
      3;28,3,29;,
      3;1,30,4;,
      3;30,1,28;,
      3;4,31,6;,
      3;31,4,30;,
      3;6,32,8;,
      3;32,6,31;,
      3;8,33,10;,
      3;33,8,32;,
      3;10,34,12;,
      3;34,10,33;,
      3;12,35,14;,
      3;35,12,34;,
      3;19,36,17;,
      3;36,19,37;,
      3;23,38,21;,
      3;38,23,39;,
      3;40,41,25;,
      3;41,40,42;,
      3;29,43,28;,
      3;43,29,44;,
      3;28,45,30;,
      3;45,28,43;,
      3;30,46,31;,
      3;46,30,45;,
      3;31,47,32;,
      3;47,31,46;,
      3;32,48,33;,
      3;48,32,47;,
      3;49,50,51;,
      3;50,49,52;,
      3;51,53,54;,
      3;53,51,50;,
      3;55,56,57;,
      3;56,55,58;,
      3;59,60,61;,
      3;60,59,62;,
      3;42,63,41;,
      3;63,42,64;,
      3;44,65,66;,
      3;65,44,67;,
      3;66,68,69;,
      3;68,66,65;,
      3;69,70,71;,
      3;70,69,68;,
      3;71,72,73;,
      3;72,71,70;,
      3;73,74,52;,
      3;74,73,72;,
      3;52,75,50;,
      3;75,52,74;,
      3;50,76,53;,
      3;76,50,75;,
      3;58,77,56;,
      3;77,58,78;,
      3;62,79,60;,
      3;79,62,80;,
      3;64,81,63;,
      3;81,64,82;,
      3;67,83,65;,
      3;83,67,84;,
      3;65,85,68;,
      3;85,65,83;,
      3;68,86,70;,
      3;86,68,85;,
      3;70,87,72;,
      3;87,70,86;,
      3;72,88,74;,
      3;88,72,87;,
      3;74,89,75;,
      3;89,74,88;,
      3;75,90,76;,
      3;90,75,89;,
      3;78,91,77;,
      3;91,78,92;,
      3;80,93,79;,
      3;93,80,94;,
      3;82,95,81;,
      3;95,82,96;,
      3;84,97,83;,
      3;97,84,98;,
      3;83,99,85;,
      3;99,83,97;,
      3;85,100,86;,
      3;100,85,99;,
      3;86,101,87;,
      3;101,86,100;,
      3;87,102,88;,
      3;102,87,101;,
      3;88,103,89;,
      3;103,88,102;,
      3;89,104,90;,
      3;104,89,103;,
      3;92,105,91;,
      3;105,92,106;,
      3;94,107,93;,
      3;107,94,108;,
      3;96,109,95;,
      3;109,96,110;,
      3;98,111,97;,
      3;111,98,112;,
      3;97,113,99;,
      3;113,97,111;,
      3;99,114,100;,
      3;114,99,113;,
      3;100,115,101;,
      3;115,100,114;,
      3;101,116,102;,
      3;116,101,115;,
      3;102,117,103;,
      3;117,102,116;,
      3;103,118,104;,
      3;118,103,117;,
      3;106,119,105;,
      3;119,106,120;,
      3;108,121,107;,
      3;121,108,122;,
      3;110,123,109;,
      3;123,110,124;,
      3;112,2,111;,
      3;2,112,0;,
      3;111,5,113;,
      3;5,111,2;,
      3;113,7,114;,
      3;7,113,5;,
      3;114,9,115;,
      3;9,114,7;,
      3;115,11,116;,
      3;11,115,9;,
      3;116,13,117;,
      3;13,116,11;,
      3;117,15,118;,
      3;15,117,13;,
      3;120,18,119;,
      3;18,120,16;,
      3;122,22,121;,
      3;22,122,20;,
      3;124,26,123;,
      3;26,124,24;;
     }

     MeshMaterialList {
      1;
      160;
      0,
      0,
      0,
      0,
      0,
      0,
      0,
      0,
      0,
      0,
      0,
      0,
      0,
      0,
      0,
      0,
      0,
      0,
      0,
      0,
      0,
      0,
      0,
      0,
      0,
      0,
      0,
      0,
      0,
      0,
      0,
      0,
      0,
      0,
      0,
      0,
      0,
      0,
      0,
      0,
      0,
      0,
      0,
      0,
      0,
      0,
      0,
      0,
      0,
      0,
      0,
      0,
      0,
      0,
      0,
      0,
      0,
      0,
      0,
      0,
      0,
      0,
      0,
      0,
      0,
      0,
      0,
      0,
      0,
      0,
      0,
      0,
      0,
      0,
      0,
      0,
      0,
      0,
      0,
      0,
      0,
      0,
      0,
      0,
      0,
      0,
      0,
      0,
      0,
      0,
      0,
      0,
      0,
      0,
      0,
      0,
      0,
      0,
      0,
      0,
      0,
      0,
      0,
      0,
      0,
      0,
      0,
      0,
      0,
      0,
      0,
      0,
      0,
      0,
      0,
      0,
      0,
      0,
      0,
      0,
      0,
      0,
      0,
      0,
      0,
      0,
      0,
      0,
      0,
      0,
      0,
      0,
      0,
      0,
      0,
      0,
      0,
      0,
      0,
      0,
      0,
      0,
      0,
      0,
      0,
      0,
      0,
      0,
      0,
      0,
      0,
      0,
      0,
      0,
      0,
      0,
      0,
      0,
      0,
      0;
      { Material__152 }
     }

     MeshTextureCoords c1 {
      125;
      0.581900;0.119424;,
      0.874999;0.147379;,
      0.749999;0.147379;,
      0.581900;0.119424;,
      0.875000;0.164155;,
      0.750000;0.164155;,
      0.875000;0.391872;,
      0.750000;0.391872;,
      0.875000;0.491877;,
      0.750000;0.491877;,
      0.875000;0.594888;,
      0.749999;0.594888;,
      0.875000;0.674700;,
      0.749999;0.674700;,
      0.875000;0.968466;,
      0.749999;0.968466;,
      0.749999;0.968466;,
      0.875000;0.974717;,
      0.750000;0.974717;,
      0.875000;0.968466;,
      0.750000;0.974717;,
      0.875000;0.999501;,
      0.750000;0.999501;,
      0.875000;0.974717;,
      0.750000;0.999501;,
      0.500000;0.999501;,
      0.500000;0.999501;,
      0.875000;0.999501;,
      0.999999;0.147379;,
      0.581900;0.119424;,
      1.000000;0.164155;,
      1.000000;0.391872;,
      1.000000;0.491877;,
      1.000000;0.594888;,
      1.000001;0.674700;,
      1.000001;0.968466;,
      1.000001;0.974717;,
      1.000001;0.968466;,
      1.000001;0.999501;,
      1.000001;0.974717;,
      -0.125000;0.999501;,
      0.500000;0.999501;,
      0.000001;0.999501;,
      1.124999;0.147379;,
      0.581900;0.119424;,
      1.125000;0.164155;,
      1.125000;0.391872;,
      1.125000;0.491877;,
      1.125000;0.594888;,
      0.000000;0.594888;,
      0.125001;0.674700;,
      0.000001;0.674700;,
      0.125000;0.594888;,
      0.125001;0.968466;,
      0.000001;0.968466;,
      0.000001;0.968466;,
      0.125001;0.974717;,
      0.000001;0.974717;,
      0.125001;0.968466;,
      0.000001;0.974717;,
      0.125001;0.999501;,
      0.000001;0.999501;,
      0.125001;0.974717;,
      0.500000;0.999501;,
      0.125001;0.999501;,
      0.249999;0.147379;,
      0.124999;0.147379;,
      0.581900;0.119424;,
      0.250000;0.164155;,
      0.125000;0.164155;,
      0.250000;0.391872;,
      0.125000;0.391872;,
      0.250000;0.491877;,
      0.125000;0.491877;,
      0.250000;0.594888;,
      0.250000;0.674700;,
      0.250001;0.968466;,
      0.250000;0.974717;,
      0.250001;0.968466;,
      0.250000;0.999501;,
      0.250000;0.974717;,
      0.500000;0.999501;,
      0.250000;0.999501;,
      0.374999;0.147379;,
      0.581900;0.119424;,
      0.375000;0.164155;,
      0.375000;0.391872;,
      0.375000;0.491877;,
      0.375000;0.594888;,
      0.375000;0.674700;,
      0.375000;0.968466;,
      0.375000;0.974717;,
      0.375000;0.968466;,
      0.375000;0.999501;,
      0.375000;0.974717;,
      0.500000;0.999501;,
      0.375000;0.999501;,
      0.499999;0.147379;,
      0.581900;0.119424;,
      0.500000;0.164155;,
      0.500000;0.391872;,
      0.499999;0.491877;,
      0.499999;0.594888;,
      0.499999;0.674700;,
      0.499999;0.968466;,
      0.499999;0.974717;,
      0.499999;0.968466;,
      0.500000;0.999501;,
      0.499999;0.974717;,
      0.500000;0.999501;,
      0.500000;0.999501;,
      0.624999;0.147379;,
      0.581900;0.119424;,
      0.625000;0.164155;,
      0.625000;0.391872;,
      0.624999;0.491877;,
      0.624999;0.594888;,
      0.624999;0.674700;,
      0.624999;0.968466;,
      0.624999;0.974717;,
      0.624999;0.968466;,
      0.624999;0.999501;,
      0.624999;0.974717;,
      0.500000;0.999501;,
      0.624999;0.999501;;
     }
    }
   }
  }

  Frame Bip01_Prop2 {
   

   FrameTransformMatrix {
    -0.086828,-0.803688,-0.588682,0.000000,0.362073,-0.575962,0.732919,0.000000,-0.928097,-0.149507,0.341003,0.000000,0.210846,0.172975,0.057271,1.000000;;
   }
  }
 }
}

Frame Translation_Data {
 

 FrameTransformMatrix {
  -0.000000,0.000000,-1.000000,0.000000,-1.000000,-0.000000,0.000000,0.000000,-0.000000,1.000000,0.000000,0.000000,0.000000,-0.000000,0.000000,1.000000;;
 }
}

Frame Body {
 

 FrameTransformMatrix {
  1.000000,0.000000,0.000000,0.000000,0.000000,1.000000,0.000000,0.000000,0.000000,0.000000,1.000000,0.000000,0.000000,0.000000,0.000000,1.000000;;
 }

 Mesh Body {
  617;
  0.068560;0.779957;0.011864;,
  0.033278;0.768389;0.006601;,
  0.028068;0.793049;0.029264;,
  0.079726;0.760977;0.003618;,
  0.085701;0.741425;-0.002082;,
  0.054006;0.709725;-0.032359;,
  0.040921;0.742233;-0.017401;,
  0.090646;0.705759;-0.001340;,
  0.029035;0.804402;0.070309;,
  0.076611;0.776256;0.088829;,
  0.064699;0.790919;0.061753;,
  0.046861;0.777654;0.095329;,
  0.083349;0.554485;0.049585;,
  0.042914;0.561534;0.068134;,
  0.042026;0.549778;0.073930;,
  0.076569;0.564457;0.046073;,
  0.071273;0.566318;-0.009852;,
  0.084221;0.539164;0.009161;,
  0.043439;0.562362;-0.040642;,
  0.069605;0.515564;-0.020557;,
  0.041023;0.506404;-0.029880;,
  -0.000000;0.710190;-0.039992;,
  -0.000000;0.744656;-0.019644;,
  0.000000;0.559411;0.068002;,
  0.000000;0.545507;0.073700;,
  0.052058;0.648684;0.081993;,
  -0.000000;0.682557;0.098994;,
  -0.000000;0.649023;0.086149;,
  0.056989;0.685349;0.095069;,
  0.059611;0.462639;-0.029589;,
  0.112493;0.367238;0.005074;,
  0.074674;0.364204;-0.023492;,
  0.094133;0.465612;0.007499;,
  0.082599;0.272149;-0.019732;,
  0.111412;0.275183;0.024713;,
  0.011665;0.459665;-0.007049;,
  0.033157;0.366178;0.077445;,
  0.012105;0.443199;0.077515;,
  0.027090;0.361171;0.001884;,
  0.057707;0.274123;0.063591;,
  0.055039;0.269115;0.021523;,
  0.112493;0.372246;0.069651;,
  0.089672;0.449499;0.066707;,
  0.098048;0.280191;0.063060;,
  0.124838;-0.000748;0.061638;,
  0.085272;-0.000832;0.107098;,
  0.079943;-0.000725;0.058570;,
  0.120129;-0.000855;0.106831;,
  0.088752;0.218872;0.008779;,
  0.123549;0.148516;0.045951;,
  0.094301;0.145482;0.017386;,
  0.120133;0.222653;0.037344;,
  0.122452;0.069143;0.056695;,
  0.102511;0.067275;0.028130;,
  0.049140;0.199087;0.034154;,
  0.061582;0.154011;0.083851;,
  0.049140;0.218646;0.086348;,
  0.065052;0.142448;0.042761;,
  0.089119;0.078864;0.079592;,
  0.086037;0.060622;0.053505;,
  0.123549;0.157963;0.083320;,
  0.120133;0.232389;0.085817;,
  0.112937;0.085184;0.079061;,
  0.090324;0.510304;0.014329;,
  0.000000;0.498718;-0.041766;,
  0.011665;0.459665;-0.007049;,
  0.000000;0.464220;-0.027763;,
  0.092057;0.505044;0.068670;,
  0.042026;0.503728;0.092694;,
  0.087953;0.459820;0.068565;,
  0.042026;0.461523;0.089653;,
  0.047486;0.605109;0.068208;,
  0.083731;0.650191;0.064113;,
  0.095217;0.658132;0.048113;,
  0.071861;0.618686;-0.007089;,
  0.088743;0.671053;-0.004327;,
  0.079480;0.609146;0.042880;,
  0.054400;0.675385;-0.040070;,
  0.048920;0.618874;-0.036813;,
  -0.000000;0.675725;-0.046646;,
  -0.000000;0.614862;-0.042193;,
  0.134397;0.782909;0.007273;,
  0.184534;0.784469;0.014260;,
  0.117145;0.732087;0.011159;,
  0.234561;0.725017;0.022630;,
  0.178103;0.724899;0.014268;,
  0.239411;0.773369;0.022601;,
  0.123431;0.730267;0.071732;,
  0.178103;0.724899;0.014268;,
  0.173570;0.725277;0.080183;,
  0.225469;0.725391;0.076597;,
  0.234561;0.725017;0.022630;,
  0.123024;0.738733;0.079254;,
  0.179714;0.784993;0.080237;,
  0.130559;0.782548;0.073104;,
  0.230325;0.773588;0.076622;,
  0.132499;0.790603;0.036141;,
  0.264952;0.774859;0.016955;,
  0.323494;0.721146;0.018181;,
  0.262927;0.717455;0.017970;,
  0.322214;0.757820;0.017309;,
  0.363882;0.720380;0.021679;,
  0.370825;0.745300;0.021227;,
  0.262927;0.717455;0.017970;,
  0.320283;0.730140;0.074597;,
  0.258577;0.718016;0.080584;,
  0.323494;0.721146;0.018181;,
  0.363719;0.728152;0.060549;,
  0.363882;0.720380;0.021679;,
  0.319015;0.758272;0.073574;,
  0.260571;0.775125;0.079758;,
  0.370221;0.745720;0.059018;,
  0.493237;0.689228;0.019866;,
  0.458189;0.679360;0.063809;,
  0.474792;0.677304;0.018656;,
  0.476429;0.691108;0.064464;,
  0.442877;0.692495;-0.005517;,
  0.453172;0.704330;0.000349;,
  0.451486;0.693529;0.001599;,
  0.444913;0.702100;-0.011818;,
  0.388932;0.704985;0.061957;,
  0.424787;0.710841;0.013736;,
  0.426046;0.703480;0.065980;,
  0.391121;0.702261;0.012360;,
  0.439605;0.718115;0.066213;,
  0.400487;0.741011;0.062204;,
  0.402247;0.739404;0.010278;,
  0.437802;0.725743;0.015977;,
  0.096798;0.794029;0.063809;,
  0.101167;0.802802;0.035562;,
  0.064699;0.790919;0.061753;,
  0.065851;0.794825;0.037332;,
  0.093798;0.692466;0.078810;,
  0.038721;0.803487;0.043345;,
  0.096959;0.789981;0.011055;,
  0.079726;0.760977;0.003618;,
  0.068560;0.779957;0.011864;,
  0.103839;0.762170;0.005761;,
  0.098348;0.734841;0.084890;,
  0.057778;0.722014;0.099984;,
  0.100834;0.740275;0.082288;,
  -0.000000;0.716092;0.102207;,
  -0.000000;0.774663;0.088931;,
  0.076611;0.776256;0.088829;,
  0.100834;0.740275;0.082288;,
  0.087386;0.729750;0.024999;,
  0.102281;0.734252;0.070749;,
  0.117145;0.732087;0.011159;,
  0.095937;0.695842;0.046672;,
  0.089012;0.699619;0.012141;,
  0.085701;0.741425;-0.002082;,
  0.101288;0.695415;0.062838;,
  0.391121;0.702261;0.012360;,
  0.035203;0.831562;0.041937;,
  0.026043;0.834377;0.063137;,
  0.000000;0.805501;0.075117;,
  0.000000;0.836861;0.071453;,
  0.437802;0.725743;0.015977;,
  0.493237;0.689228;0.019866;,
  0.476429;0.691108;0.064464;,
  0.423316;0.691062;-0.001837;,
  0.430073;0.715054;-0.008888;,
  0.423316;0.691062;-0.001837;,
  0.435128;0.696666;0.010242;,
  0.435619;0.721225;0.011779;,
  0.435619;0.721225;0.011779;,
  0.442877;0.692495;-0.005517;,
  0.444913;0.702100;-0.011818;,
  0.453172;0.704330;0.000349;,
  0.131079;0.020918;-0.015197;,
  0.100825;-0.000695;-0.059943;,
  0.099504;0.017884;-0.052706;,
  0.136639;-0.000707;-0.022433;,
  0.081526;0.032578;0.096467;,
  0.079943;-0.000725;0.058570;,
  0.085272;-0.000832;0.107098;,
  0.078571;0.024232;0.056038;,
  0.089119;0.078864;0.079592;,
  0.123066;0.035600;0.095936;,
