xof 0303txt 0032
template ColorRGBA {
 <35ff44e0-6c7c-11cf-8f52-0040333594a3>
 FLOAT red;
 FLOAT green;
 FLOAT blue;
 FLOAT alpha;
}

template ColorRGB {
 <d3e16e81-7835-11cf-8f52-0040333594a3>
 FLOAT red;
 FLOAT green;
 FLOAT blue;
}

template Material {
 <3d82ab4d-62da-11cf-ab39-0020af71e433>
 ColorRGBA faceColor;
 FLOAT power;
 ColorRGB specularColor;
 ColorRGB emissiveColor;
 [...]
}

template TextureFilename {
 <a42790e1-7810-11cf-8f52-0040333594a3>
 STRING filename;
}

template Frame {
 <3d82ab46-62da-11cf-ab39-0020af71e433>
 [...]
}

template Matrix4x4 {
 <f6f23f45-7686-11cf-8f52-0040333594a3>
 array FLOAT matrix[16];
}

template FrameTransformMatrix {
 <f6f23f41-7686-11cf-8f52-0040333594a3>
 Matrix4x4 frameMatrix;
}

template Vector {
 <3d82ab5e-62da-11cf-ab39-0020af71e433>
 FLOAT x;
 FLOAT y;
 FLOAT z;
}

template MeshFace {
 <3d82ab5f-62da-11cf-ab39-0020af71e433>
 DWORD nFaceVertexIndices;
 array DWORD faceVertexIndices[nFaceVertexIndices];
}

template Mesh {
 <3d82ab44-62da-11cf-ab39-0020af71e433>
 DWORD nVertices;
 array Vector vertices[nVertices];
 DWORD nFaces;
 array MeshFace faces[nFaces];
 [...]
}

template MeshMaterialList {
 <f6f23f42-7686-11cf-8f52-0040333594a3>
 DWORD nMaterials;
 DWORD nFaceIndexes;
 array DWORD faceIndexes[nFaceIndexes];
 [Material <3d82ab4d-62da-11cf-ab39-0020af71e433>]
}

template VertexElement {
 <f752461c-1e23-48f6-b9f8-8350850f336f>
 DWORD Type;
 DWORD Method;
 DWORD Usage;
 DWORD UsageIndex;
}

template DeclData {
 <bf22e553-292c-4781-9fea-62bd554bdd93>
 DWORD nElements;
 array VertexElement Elements[nElements];
 DWORD nDWords;
 array DWORD data[nDWords];
}

template XSkinMeshHeader {
 <3cf169ce-ff7c-44ab-93c0-f78f62d172e2>
 WORD nMaxSkinWeightsPerVertex;
 WORD nMaxSkinWeightsPerFace;
 WORD nBones;
}

template SkinWeights {
 <6f0d123b-bad2-4167-a0d0-80224f25fabb>
 STRING transformNodeName;
 DWORD nWeights;
 array DWORD vertexIndices[nWeights];
 array FLOAT weights[nWeights];
 Matrix4x4 matrixOffset;
}

template AnimTicksPerSecond {
 <9e415a43-7ba6-4a73-8743-b73d47e88476>
 DWORD AnimTicksPerSecond;
}

template Animation {
 <3d82ab4f-62da-11cf-ab39-0020af71e433>
 [...]
}

template AnimationSet {
 <3d82ab50-62da-11cf-ab39-0020af71e433>
 [Animation <3d82ab4f-62da-11cf-ab39-0020af71e433>]
}

template FloatKeys {
 <10dd46a9-775b-11cf-8f52-0040333594a3>
 DWORD nValues;
 array FLOAT values[nValues];
}

template TimedFloatKeys {
 <f406b180-7b3b-11cf-8f52-0040333594a3>
 DWORD time;
 FloatKeys tfkeys;
}

template AnimationKey {
 <10dd46a8-775b-11cf-8f52-0040333594a3>
 DWORD keyType;
 DWORD nKeys;
 array TimedFloatKeys keys[nKeys];
}


Material _02_-_Default {
 1.000000;1.000000;1.000000;1.000000;;
 9.999999;
 0.000000;0.000000;0.000000;;
 0.000000;0.000000;0.000000;;

 TextureFilename {
  "MaleBody_noTrans.png";
 }
}

Frame Dummy01 {
 

 FrameTransformMatrix {
  1.000000,0.000000,0.000000,0.000000,0.000000,-0.000000,-1.000000,0.000000,0.000000,1.000000,-0.000000,0.000000,0.000000,0.000000,0.000000,1.000000;;
 }

 Frame Bip01 {
  

  FrameTransformMatrix {
   -0.489721,0.856107,0.165090,0.000000,0.089573,-0.138946,0.986241,0.000000,0.867266,0.497771,-0.008639,0.000000,0.020594,-0.010862,0.491068,1.000000;;
  }

  Frame Bip01_Pelvis {
   

   FrameTransformMatrix {
    -0.000000,0.996195,-0.087157,0.000000,-0.000001,0.087157,0.996195,0.000000,1.000000,0.000000,0.000001,0.000000,0.000000,0.000000,0.000000,1.000000;;
   }

   Frame Bip01_Spine {
    

    FrameTransformMatrix {
     0.950422,0.111404,0.290322,0.000000,-0.192524,0.943977,0.268033,0.000000,-0.244198,-0.310639,0.918625,0.000000,0.051458,0.004527,-0.000078,1.000000;;
    }

    Frame Bip01_Spine1 {
     

     FrameTransformMatrix {
      0.983961,0.064136,0.166455,0.000000,-0.070403,0.997005,0.032021,0.000000,-0.163903,-0.043226,0.985529,0.000000,0.106494,0.000004,-0.000084,1.000000;;
     }

     Frame Bip01_Neck {
      

      FrameTransformMatrix {
       1.000000,0.000000,-0.000000,0.000000,-0.000000,1.000000,0.000000,0.000000,0.000000,0.000000,1.000000,0.000000,0.130504,0.000000,0.004625,1.000000;;
      }

      Frame Bip01_Head {
       

       FrameTransformMatrix {
        0.970561,-0.122949,-0.207111,0.000000,-0.054623,0.725133,-0.686439,0.000000,0.234580,0.677544,0.697070,0.000000,0.033674,0.000000,0.000000,1.000000;;
       }

       Frame Bip01_HeadNub {
        

        FrameTransformMatrix {
         1.000000,0.000000,-0.000000,0.000000,0.000000,1.000000,-0.000000,0.000000,0.000000,0.000000,1.000000,0.000000,0.169824,0.000000,-0.000000,1.000000;;
        }
       }
      }

      Frame Bip01_L_Clavicle {
       

       FrameTransformMatrix {
        -0.183094,0.958926,0.216653,0.000000,0.983095,0.178766,0.039579,0.000000,-0.000777,0.220237,-0.975446,0.000000,-0.024025,0.015715,-0.004625,1.000000;;
       }

       Frame Bip01_L_UpperArm {
        

        FrameTransformMatrix {
         -0.024532,0.171597,-0.984862,0.000000,0.462234,0.875472,0.141024,0.000000,0.886419,-0.451777,-0.100795,0.000000,0.087086,0.000000,0.000000,1.000000;;
        }

        Frame Bip01_L_Forearm {
         

         FrameTransformMatrix {
          0.160757,-0.000000,-0.986994,0.000000,0.000000,1.000000,0.000000,0.000000,0.986994,0.000000,0.160757,0.000000,0.137062,0.000000,-0.000000,1.000000;;
         }

         Frame Bip01_L_Hand {
          

          FrameTransformMatrix {
           0.978537,-0.186333,-0.088004,0.000000,-0.008607,-0.463643,0.885980,0.000000,-0.205890,-0.866207,-0.455296,0.000000,0.137062,0.000000,-0.000000,1.000000;;
          }

          Frame Bip01_L_Finger0 {
           

           FrameTransformMatrix {
            0.370242,-0.503806,0.780449,0.000000,0.794693,0.606833,0.014732,0.000000,-0.481024,0.614764,0.625046,0.000000,0.057681,-0.023605,-0.000272,1.000000;;
           }

           Frame Bip01_L_Finger0Nub {
            

            FrameTransformMatrix {
             1.000000,-0.000000,-0.000000,0.000000,0.000000,1.000000,0.000000,0.000000,0.000000,0.000000,1.000000,0.000000,0.029435,0.000000,-0.000000,1.000000;;
            }
           }
          }

          Frame Bip01_L_Finger1 {
           

           FrameTransformMatrix {
            0.662163,-0.000597,0.749359,0.000000,-0.000000,1.000000,0.000796,0.000000,-0.749360,-0.000527,0.662163,0.000000,0.084102,0.000000,0.000000,1.000000;;
           }

           Frame Bip01_L_Finger1Nub {
            

            FrameTransformMatrix {
             1.000000,0.000000,0.000000,0.000000,-0.000000,1.000000,0.000000,0.000000,0.000000,-0.000000,1.000000,0.000000,0.047988,0.000000,0.000000,1.000000;;
            }
           }
          }
         }
        }
       }
      }

      Frame Bip01_R_Clavicle {
       

       FrameTransformMatrix {
        0.133078,-0.991106,-0.000103,0.000000,-0.991105,-0.133078,0.000790,0.000000,-0.000796,-0.000003,-1.000000,0.000000,-0.024025,-0.015715,-0.004625,1.000000;;
       }

       Frame Bip01_R_UpperArm {
        

        FrameTransformMatrix {
         0.256327,0.918349,-0.301549,0.000000,-0.952145,0.186160,-0.242416,0.000000,-0.166486,0.349256,0.922119,0.000000,0.087086,0.000000,0.000000,1.000000;;
        }

        Frame Bip01_R_Forearm {
         

         FrameTransformMatrix {
          -0.801726,-0.000000,-0.597691,0.000000,0.000000,1.000000,-0.000000,0.000000,0.597692,-0.000000,-0.801726,0.000000,0.137062,-0.000000,-0.000000,1.000000;;
         }

         Frame Bip01_R_Hand {
          

          FrameTransformMatrix {
           0.978059,-0.190839,0.083559,0.000000,0.004071,-0.383507,-0.923529,0.000000,0.208291,0.903605,-0.374315,0.000000,0.137062,0.000000,0.000000,1.000000;;
          }

          Frame Bip01_R_Finger0 {
           

           FrameTransformMatrix {
            -0.119180,0.310912,0.942937,0.000000,-0.869175,0.426391,-0.250449,0.000000,-0.479928,-0.849426,0.219420,0.000000,0.057681,0.023605,-0.000272,1.000000;;
           }

           Frame Bip01_R_Finger0Nub {
            

            FrameTransformMatrix {
             -1.000000,0.000000,-0.000000,0.000000,0.000000,1.000000,0.000000,0.000000,-0.000000,0.000000,-1.000000,0.000000,0.029435,0.000000,0.000000,1.000000;;
            }
           }
          }

          Frame Bip01_R_Finger1 {
           

           FrameTransformMatrix {
            0.547245,0.000666,0.836972,0.000000,-0.000000,1.000000,-0.000796,0.000000,-0.836972,0.000436,0.547245,0.000000,0.084102,0.000000,-0.000000,1.000000;;
           }

           Frame Bip01_R_Finger1Nub {
            

            FrameTransformMatrix {
             -1.000000,0.000000,0.000000,0.000000,0.000000,1.000000,-0.000000,0.000000,-0.000000,0.000000,-1.000000,0.000000,0.047988,0.000000,0.000000,1.000000;;
            }
           }
          }
         }
        }
       }
      }
     }

     Frame Bip01_BackPack {
      

      FrameTransformMatrix {
       0.068803,-0.000002,-0.997630,0.000000,0.000003,1.000000,-0.000002,0.000000,0.997630,-0.000003,0.068803,0.000000,0.063696,-0.000000,-0.088851,1.000000;;
      }

      Frame Bip01_BackPackNub {
       

       FrameTransformMatrix {
        0.000796,0.000003,1.000000,0.000000,-0.000000,-1.000000,0.000003,0.000000,1.000000,0.000000,-0.000796,0.000000,0.053240,0.000000,0.000000,1.000000;;
       }
      }
     }
    }

    Frame Bip01_L_Thigh {
     

     FrameTransformMatrix {
      -0.898833,0.336880,0.280375,0.000000,-0.112774,-0.795926,0.594797,0.000000,0.423533,0.503004,0.753397,0.000000,-0.043236,0.057786,-0.003112,1.000000;;
     }

     Frame Bip01_L_Calf {
      

      FrameTransformMatrix {
       0.941948,0.000000,-0.335758,0.000000,0.000000,1.000000,0.000000,0.000000,0.335758,-0.000000,0.941948,0.000000,0.237500,-0.000000,0.000000,1.000000;;
      }

      Frame Bip01_L_Foot {
       

       FrameTransformMatrix {
        0.996818,0.064828,0.046388,0.000000,-0.074839,0.961469,0.264529,0.000000,-0.027452,-0.267159,0.963261,0.000000,0.206841,0.000000,-0.000000,1.000000;;
       }

       Frame Bip01_L_Toe0 {
        

        FrameTransformMatrix {
         -0.281150,0.092896,0.955157,0.000000,0.009525,0.995525,-0.094018,0.000000,-0.959616,-0.017335,-0.280777,0.000000,0.065373,-0.000000,0.066450,1.000000;;
        }

        Frame Bip01_L_Toe0Nub {
         

         FrameTransformMatrix {
          -1.000000,0.000000,-0.000000,0.000000,-0.000000,1.000000,0.000000,0.000000,-0.000000,0.000000,-1.000000,0.000000,0.006735,0.000000,0.000000,1.000000;;
         }
        }
       }
      }
     }
    }

    Frame Bip01_R_Thigh {
     

     FrameTransformMatrix {
      -0.940122,-0.080107,0.331292,0.000000,0.164001,-0.958390,0.233650,0.000000,0.298789,0.273991,0.914141,0.000000,-0.055540,-0.046477,0.031199,1.000000;;
     }

     Frame Bip01_R_Calf {
      

      FrameTransformMatrix {
       0.881730,-0.000000,-0.471755,0.000000,-0.000000,1.000000,0.000000,0.000000,0.471755,0.000000,0.881730,0.000000,0.237500,0.000000,-0.000000,1.000000;;
      }

      Frame Bip01_R_Foot {
       

       FrameTransformMatrix {
        0.928293,-0.217325,0.301730,0.000000,0.249826,0.965522,-0.073174,0.000000,-0.275424,0.143307,0.950581,0.000000,0.206841,0.000000,-0.000000,1.000000;;
       }

       Frame Bip01_R_Toe0 {
        

        FrameTransformMatrix {
         0.793109,-0.384599,0.472293,0.000000,-0.009867,0.767207,0.641324,0.000000,-0.609000,-0.513300,0.604684,0.000000,0.065373,-0.000000,0.066450,1.000000;;
        }

        Frame Bip01_R_Toe0Nub {
         

         FrameTransformMatrix {
          1.000000,0.000000,0.000000,0.000000,-0.000000,1.000000,-0.000000,0.000000,0.000000,-0.000000,1.000000,0.000000,0.006735,0.000000,0.000000,1.000000;;
         }
        }
       }
      }
     }
    }
   }

   Frame Bip01_DressFront {
    

    FrameTransformMatrix {
     -0.997354,-0.051360,-0.051450,0.000000,-0.051294,0.998680,-0.002606,0.000000,0.051516,0.000040,-0.998672,0.000000,-0.044009,0.001399,0.061087,1.000000;;
    }

    Frame Bip01_DressFront02 {
     

     FrameTransformMatrix {
      1.000000,-0.000000,0.000000,0.000000,0.000000,1.000000,0.000000,0.000000,0.000000,0.000000,1.000000,0.000000,0.183324,0.000000,-0.000132,1.000000;;
     }

     Frame Bip01_DressFrontNub {
      

      FrameTransformMatrix {
       0.000796,0.000003,1.000000,0.000000,0.000000,-1.000000,0.000003,0.000000,1.000000,-0.000000,-0.000796,0.000000,0.165302,-0.000000,-0.000000,1.000000;;
      }
     }
    }
   }

   Frame Bip01_DressBack {
    

    FrameTransformMatrix {
     -0.996897,-0.075512,0.022223,0.000000,-0.074193,0.995718,0.055147,0.000000,-0.026292,0.053327,-0.998231,0.000000,-0.047729,-0.000007,-0.078279,1.000000;;
    }

    Frame Bip01_DressBack02 {
     

     FrameTransformMatrix {
      0.974078,0.000001,0.226213,0.000000,-0.000001,1.000000,-0.000000,0.000000,-0.226213,-0.000000,0.974078,0.000000,0.176183,-0.000000,-0.000106,1.000000;;
     }

     Frame Bip01_DressBackNub {
      

      FrameTransformMatrix {
       0.000796,0.000003,1.000000,0.000000,0.000000,-1.000000,0.000003,0.000000,1.000000,-0.000000,-0.000796,0.000000,0.136508,0.000000,0.000000,1.000000;;
      }
     }
    }
   }
  }

  Frame Bip01_Prop1 {
   

   FrameTransformMatrix {
    0.005473,0.001754,0.999984,0.000000,-0.717466,0.696589,0.002705,0.000000,-0.696573,-0.717469,0.005071,0.000000,0.213485,0.260067,-0.113275,1.000000;;
   }
  }

  Frame Bip01_Prop2 {
   

   FrameTransformMatrix {
    0.793700,-0.191439,0.577401,0.000000,0.524647,0.695827,-0.490481,0.000000,-0.307874,0.692226,0.652715,0.000000,0.226601,0.281575,-0.066497,1.000000;;
   }
  }
 }
}

Frame Translation_Data {
 

 FrameTransformMatrix {
  1.000000,0.000000,0.000000,0.000000,0.000000,-0.000000,-1.000000,0.000000,0.000000,1.000000,-0.000000,0.000000,0.000000,-0.000000,0.000000,1.000000;;
 }
}

Frame Body {
 

 FrameTransformMatrix {
  1.000000,0.000000,0.000000,0.000000,0.000000,1.000000,0.000000,0.000000,0.000000,0.000000,1.000000,0.000000,0.000000,0.000000,0.000000,1.000000;;
 }

 Mesh Body {
  617;
  0.027106;0.730890;-0.094884;,
  0.010519;0.730938;-0.068075;,
  0.016934;0.763728;-0.061622;,
  0.032733;0.709684;-0.098459;,
  0.046474;0.697261;-0.098521;,
  0.013184;0.663630;-0.080157;,
  0.005151;0.696020;-0.076480;,
  0.060555;0.667278;-0.087547;,
  0.043997;0.791034;-0.043725;,
  0.095405;0.763050;-0.061514;,
  0.066772;0.757933;-0.078958;,
  0.079757;0.776736;-0.032698;,
  0.112893;0.539661;0.012666;,
  0.088600;0.543009;0.044458;,
  0.088727;0.527818;0.052643;,
  0.104873;0.549637;0.008833;,
  0.070470;0.556679;-0.033960;,
  0.093647;0.531338;-0.025148;,
  0.030738;0.554477;-0.044837;,
  0.067095;0.512339;-0.047450;,
  0.036422;0.502231;-0.043629;,
  -0.028560;0.668077;-0.045349;,
  -0.024280;0.703100;-0.048747;,
  0.052695;0.538898;0.066911;,
  0.051918;0.520406;0.072001;,
  0.105499;0.648463;0.010125;,
  0.075574;0.696696;0.044718;,
  0.073133;0.655718;0.050385;,
  0.110460;0.690351;-0.000091;,
  0.059627;0.467775;-0.066652;,
  0.114146;0.368749;-0.080947;,
  0.070951;0.375324;-0.099560;,
  0.102737;0.459968;-0.041842;,
  0.073673;0.283186;-0.130702;,
  0.111144;0.275837;-0.094307;,
  0.019427;0.458362;-0.037889;,
  0.052346;0.341667;0.002601;,
  0.062943;0.420119;0.050811;,
  0.029847;0.363080;-0.066728;,
  0.066665;0.265063;-0.046585;,
  0.055145;0.270201;-0.086757;,
  0.128371;0.351065;-0.020282;,
  0.115045;0.427208;0.007474;,
  0.106231;0.271426;-0.054232;,
  0.129539;-0.000569;-0.077590;,
  0.086395;-0.003830;-0.035638;,
  0.085119;-0.002808;-0.084430;,
  0.121103;-0.002032;-0.032967;,
  0.084956;0.221552;-0.111157;,
  0.125414;0.148087;-0.088603;,
  0.091094;0.147706;-0.111023;,
  0.121377;0.222690;-0.089083;,
  0.124842;0.068434;-0.084183;,
  0.102319;0.068237;-0.110371;,
  0.050825;0.199127;-0.080552;,
  0.072161;0.149451;-0.038916;,
  0.061323;0.213450;-0.027719;,
  0.067351;0.142012;-0.080817;,
  0.094218;0.075717;-0.057623;,
  0.088296;0.058879;-0.087727;,
  0.132869;0.153809;-0.051221;,
  0.131013;0.227605;-0.040840;,
  0.117576;0.082567;-0.060099;,
  0.101105;0.502581;-0.028923;,
  -0.005266;0.493463;-0.035357;,
  0.019427;0.458362;-0.037889;,
  0.001120;0.457231;-0.029640;,
  0.129155;0.488572;0.015804;,
  0.097287;0.479442;0.060335;,
  0.118662;0.439380;0.011400;,
  0.087131;0.434775;0.048187;,
  0.097346;0.599084;0.019988;,
  0.113979;0.640904;-0.024254;,
  0.109085;0.642119;-0.044651;,
  0.060713;0.594207;-0.049288;,
  0.065260;0.638670;-0.075722;,
  0.101766;0.595109;-0.019872;,
  0.015829;0.635396;-0.073884;,
  0.024004;0.589842;-0.052814;,
  -0.025549;0.643352;-0.039433;,
  -0.013572;0.588625;-0.021308;,
  0.037307;0.750350;-0.116999;,
  -0.002893;0.749475;-0.147792;,
  0.029120;0.716987;-0.075581;,
  -0.056827;0.705602;-0.137646;,
  -0.025309;0.715189;-0.104066;,
  -0.040615;0.734161;-0.173365;,
  0.037556;0.666784;-0.109054;,
  -0.025309;0.715189;-0.104066;,
  -0.005357;0.660996;-0.136168;,
  -0.063377;0.670413;-0.165718;,
  -0.056827;0.705602;-0.137646;,
  0.043681;0.665383;-0.118485;,
  0.017387;0.695291;-0.179876;,
  0.056301;0.695862;-0.148918;,
  -0.047444;0.698925;-0.201392;,
  0.049495;0.730890;-0.136207;,
  -0.035415;0.749143;-0.163969;,
  -0.086049;0.766203;-0.105157;,
  -0.054250;0.716814;-0.120376;,
  -0.072446;0.784911;-0.133658;,
  -0.108584;0.798241;-0.095904;,
  -0.106233;0.815203;-0.111957;,
  -0.054250;0.716814;-0.120376;,
  -0.124794;0.750240;-0.144117;,
  -0.099208;0.692280;-0.157276;,
  -0.086049;0.766203;-0.105157;,
  -0.137880;0.786650;-0.118058;,
  -0.108584;0.798241;-0.095904;,
  -0.113931;0.764480;-0.165872;,
  -0.080349;0.724412;-0.200586;,
  -0.135075;0.802285;-0.132187;,
  -0.156341;0.869527;-0.012370;,
  -0.173646;0.825195;-0.043865;,
  -0.142855;0.854982;-0.021880;,
  -0.186525;0.839853;-0.034357;,
  -0.110126;0.848685;-0.045337;,
  -0.121489;0.860580;-0.042203;,
  -0.119274;0.850275;-0.039045;,
  -0.107434;0.859910;-0.047025;,
  -0.149157;0.795508;-0.080052;,
  -0.127842;0.850916;-0.069059;,
  -0.171858;0.821910;-0.066507;,
  -0.108114;0.822462;-0.072234;,
  -0.180719;0.837256;-0.075675;,
  -0.159250;0.816391;-0.109943;,
  -0.116134;0.844608;-0.103103;,
  -0.138143;0.864866;-0.078845;,
  0.078714;0.748911;-0.105754;,
  0.055465;0.743496;-0.123510;,
  0.066772;0.757933;-0.078958;,
  0.042277;0.753628;-0.089804;,
  0.122171;0.685767;-0.038828;,
  0.031664;0.777450;-0.065496;,
  0.037253;0.726114;-0.121043;,
  0.032733;0.709684;-0.098459;,
  0.027106;0.730890;-0.094884;,
  0.044156;0.711839;-0.104357;,
  0.111938;0.719776;-0.063723;,
  0.104007;0.728094;-0.015890;,
  0.109690;0.722127;-0.069724;,
  0.068547;0.732244;0.029976;,
  0.044777;0.778044;-0.000752;,
  0.095405;0.763050;-0.061514;,
  0.109690;0.722127;-0.069724;,
  0.065572;0.694836;-0.080813;,
  0.103051;0.711612;-0.073604;,
  0.029120;0.716987;-0.075581;,
  0.100156;0.676145;-0.060163;,
  0.070282;0.667135;-0.076412;,
  0.046474;0.697261;-0.098521;,
  0.115278;0.681306;-0.054562;,
  -0.108114;0.822462;-0.072234;,
  0.035318;0.807599;-0.051605;,
  0.037431;0.811899;-0.030515;,
  0.027885;0.798251;-0.020298;,
  0.020018;0.816463;-0.012427;,
  -0.138143;0.864866;-0.078845;,
  -0.156341;0.869527;-0.012370;,
  -0.186525;0.839853;-0.034357;,
  -0.107953;0.838742;-0.062502;,
  -0.109716;0.864303;-0.066315;,
  -0.107953;0.838742;-0.062502;,
  -0.123781;0.843668;-0.056020;,
  -0.131983;0.864265;-0.066707;,
  -0.131983;0.864265;-0.066707;,
  -0.110126;0.848685;-0.045337;,
  -0.107434;0.859910;-0.047025;,
  -0.121489;0.860580;-0.042203;,
  0.140968;0.023274;-0.153173;,
  0.115746;0.001222;-0.200737;,
  0.112829;0.019524;-0.193264;,
  0.148267;0.002153;-0.160349;,
  0.081748;0.029591;-0.045872;,
  0.085119;-0.002808;-0.084430;,
  0.086395;-0.003830;-0.035638;,
  0.082619;0.022099;-0.086566;,
  0.094218;0.075717;-0.057623;,
  0.122965;0.034783;-0.042838;,
  0.117576;0.082567;-0.060099;,
  0.129539;-0.000569;-0.077590;,
  0.121103;-0.002032;-0.032967;,
  0.129005;0.034439;-0.079252;,
  0.102319;0.068237;-0.110371;,
  0.124842;0.068434;-0.084183;,
  0.084766;0.014808;-0.185229;,
  0.080109;-0.000842;-0.193268;,
  0.148267;0.002153;-0.160349;,
  0.080109;-0.000842;-0.193268;,
  0.029847;0.363080;-0.066728;,
  0.055145;0.270201;-0.086757;,
  0.050825;0.199127;-0.080552;,
  0.067351;0.142012;-0.080817;,
  0.088296;0.058879;-0.087727;,
  0.088296;0.058879;-0.087727;,
  0.025666;0.436598;0.011293;,
  0.045756;0.815428;-0.056610;,
  0.026964;0.805190;-0.072925;,
  0.035534;0.812082;-0.075180;,
  0.020982;0.803314;-0.061835;,
  0.039750;0.833654;-0.031916;,
  0.033491;0.842733;-0.010447;,
  0.014843;0.953064;-0.061763;,
  -0.007019;0.945423;-0.087185;,
  -0.004862;0.957095;-0.059794;,
  0.026452;0.888065;-0.111651;,
  0.008993;0.886673;-0.116749;,
  0.022813;0.916071;-0.102421;,
  0.040556;0.832577;-0.078531;,
  0.050685;0.843118;-0.052622;,
  0.044711;0.826465;-0.047339;,
  0.052472;0.877702;-0.034605;,
  0.050645;0.888220;-0.056697;,
  0.037467;0.922988;-0.087180;,
  0.048440;0.925044;-0.061578;,
  0.044128;0.884283;-0.082860;,
  0.051248;0.881082;-0.018190;,
  0.042098;0.888531;0.003234;,
  0.004150;0.888140;0.017914;,
  0.033546;0.935126;-0.007160;,
  0.001719;0.935919;0.006044;,
  0.045288;0.861612;-0.082402;,
  0.030234;0.822986;-0.091681;,
  0.028930;0.856585;-0.104413;,
  0.015336;0.798255;-0.102609;,
  -0.002873;0.791957;-0.089367;,
  -0.004841;0.794426;-0.110271;,
  0.018637;0.935108;-0.092805;,
  0.034741;0.943327;-0.063385;,
  0.046974;0.933277;-0.027390;,
  0.032247;0.950432;-0.034509;,
  0.015527;0.955319;-0.026474;,
  -0.001476;0.957024;-0.022546;,
  0.004091;0.849968;0.005377;,
  0.046974;0.933277;-0.027390;,
  0.032247;0.950432;-0.034509;,
  0.056786;0.846006;-0.053753;,
  0.061973;0.892163;-0.043365;,
  0.068251;0.873146;-0.036123;,
  0.054915;0.873467;-0.048220;,
  0.068251;0.873146;-0.036123;,
  0.056786;0.846006;-0.053753;,
  0.061973;0.892163;-0.043365;,
  0.050645;0.888220;-0.056697;,
  0.051171;0.864145;-0.064015;,
  0.050685;0.843118;-0.052622;,
  0.028061;0.878818;-0.103860;,
  0.051171;0.864145;-0.064015;,
  0.031664;0.777450;-0.065496;,
  0.035318;0.807599;-0.051605;,
  0.042277;0.753628;-0.089804;,
  0.039750;0.833654;-0.031916;,
  -0.015088;0.753434;-0.050368;,
  -0.017869;0.729435;-0.048138;,
  -0.007516;0.550659;-0.025029;,
  0.060501;0.473639;0.079990;,
  0.058546;0.440547;0.071175;,
  0.038971;0.419091;0.052063;,
  -0.011674;0.790303;-0.066734;,
  0.025666;0.436598;0.011293;,
  0.015527;0.955319;-0.026474;,
  -0.001476;0.957024;-0.022546;,
  0.014659;0.829939;-0.107014;,
  0.005942;0.852633;-0.112564;,
  0.006356;0.843003;-0.113120;,
  -0.007896;0.936301;-0.099676;,
  -0.008532;0.914860;-0.113359;,
  0.007990;0.877434;-0.107632;,
  0.065548;0.602308;0.054738;,
  0.042277;0.753628;-0.089804;,
  0.115746;0.001222;-0.200737;,
  0.006040;0.821293;-0.113227;,
  0.014255;0.823340;-0.106932;,
  0.006064;0.825981;-0.109466;,
  -0.006792;0.841815;-0.116976;,
  -0.007864;0.850629;-0.126024;,
  0.005274;0.830049;-0.114104;,
  -0.005611;0.825968;-0.108915;,
  -0.005972;0.819396;-0.114937;,
  -0.008465;0.885281;-0.121847;,
  -0.007872;0.875774;-0.118286;,
  0.103051;0.711612;-0.073604;,
  -0.006438;0.829925;-0.116786;,
  0.075928;0.699927;-0.068792;,
  0.065572;0.694836;-0.080813;,
  0.046474;0.697261;-0.098521;,
  0.051248;0.881082;-0.018190;,
  0.084956;0.221552;-0.111157;,
  0.038490;0.145932;-0.106595;,
  0.025099;0.222373;-0.100537;,
  0.091094;0.147706;-0.111023;,
  0.073673;0.283186;-0.130702;,
  0.024729;0.282214;-0.106368;,
  0.070951;0.375324;-0.099560;,
  0.013150;0.371794;-0.078441;,
  0.059627;0.467775;-0.066652;,
  0.008115;0.458545;-0.060497;,
  0.036422;0.502231;-0.043629;,
  0.041004;0.073640;-0.114114;,
  0.102319;0.068237;-0.110371;,
  0.082106;0.139164;-0.011661;,
  0.051686;0.058443;0.065461;,
  0.091359;0.069579;-0.014512;,
  0.047767;0.131268;0.058375;,
  0.039252;0.197664;0.044934;,
  0.068408;0.211848;-0.015013;,
  0.040382;0.257116;0.044656;,
  0.065803;0.258254;-0.016359;,
  0.054383;0.337819;0.016915;,
  0.043920;0.340412;0.052858;,
  0.057833;0.412960;0.068081;,
  0.075928;0.699927;-0.068792;,
  -0.056319;0.762561;0.002708;,
  -0.033810;0.740601;-0.019381;,
  -0.065916;0.743886;0.015056;,
  -0.020456;0.771878;-0.020551;,
  -0.068434;0.723423;0.023670;,
  -0.059305;0.677573;-0.001382;,
  -0.061113;0.690682;0.044674;,
  -0.049360;0.707903;-0.016602;,
  0.005319;0.799465;-0.001240;,
  -0.006640;0.791122;0.054745;,
  0.017333;0.790344;0.035873;,
  -0.020822;0.794535;0.025238;,
  -0.032431;0.526767;0.093310;,
  0.016913;0.538935;0.090054;,
  -0.023031;0.542367;0.090186;,
  0.015452;0.521316;0.093305;,
  -0.048588;0.549912;0.041766;,
  -0.053196;0.518309;0.056339;,
  -0.041826;0.550352;0.001316;,
  -0.055065;0.501553;0.019523;,
  -0.035103;0.495885;-0.003938;,
  0.052695;0.538898;0.066911;,
  0.051918;0.520406;0.072001;,
  0.034955;0.659771;0.085752;,
  0.075574;0.696696;0.044718;,
  0.033968;0.705064;0.083036;,
  0.073133;0.655718;0.050385;,
  -0.057052;0.454254;-0.001425;,
  -0.105917;0.359622;0.040676;,
  -0.068901;0.451370;0.047821;,
  -0.087252;0.359498;-0.002994;,
  -0.111523;0.262664;-0.009227;,
  -0.113461;0.266133;0.042925;,
  -0.007016;0.442599;-0.006118;,
  -0.003768;0.335090;0.062964;,
  -0.034891;0.346467;-0.005398;,
  0.041837;0.418246;0.062523;,
  -0.048289;0.258217;0.047944;,
  -0.067632;0.255137;0.011250;,
  -0.074707;0.350122;0.096632;,
  -0.038481;0.422601;0.093528;,
  -0.082326;0.267905;0.068243;,
  -0.098284;-0.001503;0.121538;,
  -0.038773;-0.001072;0.131044;,
  -0.065686;-0.001526;0.153192;,
  -0.065807;-0.000927;0.090394;,
  -0.102384;0.206475;0.028163;,
  -0.110131;0.147087;0.091057;,
  -0.113202;0.217998;0.067726;,
  -0.101113;0.136494;0.052494;,
  -0.101442;0.070116;0.115418;,
  -0.101675;0.063888;0.081311;,
  -0.055015;0.187791;0.031569;,
  -0.037622;0.153292;0.087816;,
  -0.062716;0.135193;0.058205;,
  -0.026918;0.215964;0.070601;,
  -0.061217;0.080432;0.113489;,
  -0.074337;0.060337;0.090875;,
  -0.089937;0.162791;0.119890;,
  -0.086966;0.235897;0.105616;,
  -0.081009;0.087960;0.125902;,
  -0.056379;0.488607;0.058469;,
  -0.007016;0.442599;-0.006118;,
  -0.031350;0.474330;0.104872;,
  0.024012;0.472941;0.100997;,
  -0.032192;0.431401;0.095373;,
  0.018909;0.429957;0.091108;,
  0.030760;0.606383;0.086491;,
  0.000514;0.659092;0.097387;,
  -0.019945;0.662802;0.093677;,
  -0.040053;0.605251;0.051351;,
  -0.009683;0.607324;0.091436;,
  -0.054996;0.657947;0.053201;,
  -0.057889;0.647213;0.005146;,
  -0.044593;0.597360;0.015696;,
  -0.103973;0.766379;0.051745;,
  -0.075229;0.749881;0.009352;,
  -0.123948;0.726314;0.075426;,
  -0.099575;0.654972;0.065996;,
  -0.121686;0.677483;0.102704;,
  -0.100776;0.697325;0.028388;,
  -0.029359;0.728819;0.043472;,
  -0.045971;0.684648;0.063047;,
  -0.100776;0.697325;0.028388;,
  -0.093908;0.634225;0.075635;,
  -0.099575;0.654972;0.065996;,
  -0.025981;0.732096;0.053781;,
  -0.068999;0.713931;0.110122;,
  -0.049335;0.752758;0.086063;,
  -0.116258;0.656530;0.112118;,
  -0.082536;0.765058;0.072599;,
  -0.103687;0.703453;0.103512;,
  -0.096501;0.728156;0.028333;,
  -0.114060;0.740749;0.058006;,
  -0.074604;0.680866;0.059417;,
  -0.112080;0.759383;0.005016;,
  -0.127009;0.770815;0.020164;,
  -0.074604;0.680866;0.059417;,
  -0.144926;0.698359;0.021920;,
  -0.096501;0.728156;0.028333;,
  -0.121790;0.642637;0.047127;,
  -0.144044;0.739176;-0.003700;,
  -0.112080;0.759383;0.005016;,
  -0.158020;0.707993;0.044938;,
  -0.150531;0.665349;0.090928;,
  -0.156518;0.749944;0.009821;,
  -0.135245;0.857984;-0.061935;,
  -0.151768;0.803361;-0.061848;,
  -0.161173;0.819487;-0.072923;,
  -0.125409;0.842012;-0.050445;,
  -0.108067;0.813843;-0.016454;,
  -0.112928;0.828147;-0.023679;,
  -0.105969;0.824042;-0.011191;,
  -0.110345;0.817878;-0.026668;,
  -0.138022;0.764982;-0.035710;,
  -0.135545;0.819848;-0.010634;,
  -0.110661;0.795728;-0.007814;,
  -0.159903;0.792402;-0.048564;,
  -0.176796;0.799988;-0.041136;,
  -0.167286;0.766546;-0.011781;,
  -0.139130;0.798057;0.018489;,
  -0.153391;0.825795;-0.004104;,
  -0.040068;0.807231;0.042019;,
  -0.064798;0.803497;0.025721;,
  -0.020822;0.794535;0.025238;,
  -0.038876;0.786650;0.007248;,
  -0.003728;0.709984;0.097990;,
  -0.019917;0.788693;-0.008837;,
  -0.078021;0.781782;0.017697;,
  -0.065916;0.743886;0.015056;,
  -0.082129;0.764732;0.028637;,
  -0.056319;0.762561;0.002708;,
  -0.013177;0.754595;0.080863;,
  -0.017940;0.758211;0.079029;,
  0.027040;0.744871;0.068655;,
  0.068547;0.732244;0.029976;,
  0.044777;0.778044;-0.000752;,
  -0.006640;0.791122;0.054745;,
  -0.017940;0.758211;0.079029;,
  -0.048179;0.726251;0.044190;,
  -0.075229;0.749881;0.009352;,
  -0.026023;0.750386;0.075593;,
  -0.028614;0.700915;0.079775;,
  -0.049194;0.690117;0.053426;,
  -0.068434;0.723423;0.023670;,
  -0.020674;0.707457;0.093181;,
  -0.110661;0.795728;-0.007814;,
  -0.022014;0.812328;-0.020408;,
  -0.004983;0.815397;-0.007436;,
  0.027885;0.798251;-0.020298;,
  0.020018;0.816463;-0.012427;,
  -0.153391;0.825795;-0.004104;,
  -0.135245;0.857984;-0.061935;,
  -0.161173;0.819487;-0.072923;,
  -0.119145;0.802393;-0.004437;,
  -0.120117;0.827352;0.002427;,
  -0.119145;0.802393;-0.004437;,
  -0.125805;0.811153;-0.018427;,
  -0.136669;0.832179;-0.011669;,
  -0.136669;0.832179;-0.011669;,
  -0.108067;0.813843;-0.016454;,
  -0.105969;0.824042;-0.011191;,
  -0.112928;0.828147;-0.023679;,
  -0.152562;0.020038;0.066750;,
  -0.157834;-0.001225;0.012854;,
  -0.161255;-0.001657;0.064601;,
  -0.152363;0.017373;0.017699;,
  -0.043046;0.032376;0.120735;,
  -0.065807;-0.000927;0.090394;,
  -0.066626;0.024044;0.087758;,
  -0.038773;-0.001072;0.131044;,
  -0.061217;0.080432;0.113489;,
  -0.075286;0.034884;0.146990;,
  -0.081009;0.087960;0.125902;,
  -0.098284;-0.001503;0.121538;,
  -0.101096;0.033424;0.120641;,
  -0.065686;-0.001526;0.153192;,
  -0.101675;0.063888;0.081311;,
  -0.101442;0.070116;0.115418;,
  -0.124537;0.014686;0.008066;,
  -0.124324;-0.000775;-0.001531;,
  -0.161255;-0.001657;0.064601;,
  -0.124324;-0.000775;-0.001531;,
  -0.034891;0.346467;-0.005398;,
  -0.067632;0.255137;0.011250;,
  -0.055015;0.187791;0.031569;,
  -0.062716;0.135193;0.058205;,
  -0.074337;0.060337;0.090875;,
  -0.074337;0.060337;0.090875;,
  -0.046048;0.812828;-0.048271;,
  -0.029956;0.803578;-0.067755;,
  -0.023429;0.806978;-0.037670;,
  -0.039165;0.809967;-0.068395;,
  -0.036727;0.831489;-0.024969;,
  -0.027224;0.841014;-0.004932;,
  -0.024341;0.951954;-0.058204;,
  -0.004862;0.957095;-0.059794;,
  -0.041076;0.886153;-0.105517;,
  -0.037413;0.914366;-0.096951;,
  -0.024771;0.885717;-0.113682;,
  -0.045850;0.830130;-0.070682;,
  -0.051724;0.840219;-0.043319;,
  -0.043972;0.823955;-0.039283;,
  -0.052176;0.874739;-0.025099;,
  -0.054950;0.885230;-0.047105;,
  -0.049448;0.920528;-0.079285;,
  -0.053039;0.881532;-0.074034;,
  -0.055729;0.922095;-0.052115;,
  -0.048208;0.878266;-0.009155;,
  -0.035783;0.886326;0.010308;,
  0.004150;0.888140;0.017914;,
  -0.031871;0.933274;-0.001217;,
  0.001719;0.935919;0.006044;,
  -0.052823;0.858835;-0.073489;,
  -0.040440;0.854621;-0.098111;,
  -0.037543;0.821067;-0.085524;,
  -0.023492;0.797156;-0.099082;,
  -0.032648;0.933656;-0.088146;,
  -0.043628;0.941108;-0.056266;,
  -0.048597;0.930571;-0.018708;,
  -0.036378;0.948489;-0.028276;,
  -0.001476;0.957024;-0.022546;,
  -0.018785;0.954347;-0.023357;,
  0.004091;0.849968;0.005377;,
  -0.048597;0.930571;-0.018708;,
  -0.036378;0.948489;-0.028276;,
  -0.058081;0.842754;-0.043319;,
  -0.063895;0.888600;-0.031932;,
  -0.056789;0.870305;-0.038073;,
  -0.067690;0.869297;-0.023775;,
  -0.067690;0.869297;-0.023775;,
  -0.058081;0.842754;-0.043319;,
  -0.063895;0.888600;-0.031932;,
  -0.054950;0.885230;-0.047105;,
  -0.055432;0.861127;-0.054331;,
  -0.051724;0.840219;-0.043319;,
  -0.040735;0.876871;-0.097610;,
  -0.055432;0.861127;-0.054331;,
  -0.019917;0.788693;-0.008837;,
  -0.022014;0.812328;-0.020408;,
  -0.038876;0.786650;0.007248;,
  -0.036727;0.831489;-0.024969;,
  0.060501;0.473639;0.079990;,
  0.058546;0.440547;0.071175;,
  0.038971;0.419091;0.052063;,
  0.025666;0.436598;0.011293;,
  -0.018785;0.954347;-0.023357;,
  -0.001476;0.957024;-0.022546;,
  -0.025398;0.828805;-0.103376;,
  -0.019110;0.851924;-0.110288;,
  -0.019077;0.842283;-0.110810;,
  -0.021625;0.876596;-0.104942;,
  0.065548;0.602308;0.054738;,
  -0.038876;0.786650;0.007248;,
  -0.157834;-0.001225;0.012854;,
  -0.024617;0.822239;-0.103401;,
  -0.017567;0.820624;-0.111083;,
  -0.017176;0.825323;-0.107355;,
  -0.017464;0.829405;-0.112038;,
  -0.026023;0.750386;0.075593;,
  -0.032616;0.731351;0.049734;,
  -0.048179;0.726251;0.044190;,
  -0.068434;0.723423;0.023670;,
  -0.048208;0.878266;-0.009155;,
  -0.054585;0.208092;-0.032147;,
  -0.014882;0.140731;-0.072416;,
  -0.061616;0.133601;-0.017680;,
  -0.013733;0.217907;-0.069021;,
  -0.062112;0.267449;-0.039543;,
  -0.016446;0.274756;-0.069423;,
  -0.036035;0.359018;-0.036512;,
  -0.010571;0.364051;-0.056164;,
  -0.020287;0.446770;-0.035564;,
  -0.007308;0.449405;-0.048096;,
  -0.005266;0.493463;-0.035357;,
  -0.035103;0.495885;-0.003938;,
  -0.017575;0.075146;-0.078735;,
  -0.065516;0.062639;-0.010874;,
  -0.017447;0.076966;0.125949;,
  -0.089937;0.162791;0.119890;,
  -0.080997;0.087960;0.125895;,
  -0.019646;0.149132;0.104759;,
  -0.086966;0.235897;0.105616;,
  -0.025699;0.217037;0.087865;,
  -0.024663;0.258018;0.072763;,
  -0.082326;0.267905;0.068243;,
  -0.074707;0.350122;0.096632;,
  0.005737;0.331796;0.077287;,
  0.058546;0.440547;0.071175;,
  0.018909;0.429957;0.091108;,
  -0.032616;0.731351;0.049734;,
  -0.057052;0.454254;-0.001425;,
  -0.087252;0.359498;-0.002994;,
  -0.111523;0.262664;-0.009227;,
  -0.102384;0.206475;0.028163;,
  -0.101113;0.136494;0.052494;,
  -0.101675;0.063888;0.081311;,
  0.128371;0.351065;-0.020282;,
  0.087131;0.434775;0.048187;,
  0.115045;0.427208;0.007474;,
  0.106231;0.271426;-0.054232;,
  0.131013;0.227605;-0.040840;,
  0.132869;0.153809;-0.051221;,
  0.117576;0.082567;-0.060099;,
  -0.038481;0.422601;0.093528;;
  916;
  3;0,1,2;,
  3;1,0,3;,
  3;4,5,6;,
  3;5,4,7;,
  3;8,9,10;,
  3;9,8,11;,
  3;12,13,14;,
  3;13,12,15;,
  3;16,12,17;,
  3;12,16,15;,
  3;18,19,20;,
  3;19,18,16;,
  3;6,21,22;,
  3;21,6,5;,
  3;14,23,24;,
  3;23,14,13;,
  3;25,26,27;,
  3;26,25,28;,
  3;29,30,31;,
  3;30,29,32;,
  3;30,33,31;,
  3;33,30,34;,
  3;35,36,37;,
  3;36,35,38;,
  3;38,39,36;,
  3;39,38,40;,
  3;37,41,42;,
  3;41,37,36;,
  3;36,43,41;,
  3;43,36,39;,
  3;42,30,32;,
  3;30,42,41;,
  3;41,34,30;,
  3;34,41,43;,
  3;44,45,46;,
  3;45,44,47;,
  3;48,49,50;,
  3;49,48,51;,
  3;50,52,53;,
  3;52,50,49;,
  3;54,55,56;,
  3;55,54,57;,
  3;57,58,55;,
  3;58,57,59;,
  3;56,60,61;,
  3;60,56,55;,
  3;55,62,60;,
  3;62,55,58;,
  3;61,49,51;,
  3;49,61,60;,
  3;60,52,49;,
  3;52,60,62;,
  3;32,19,63;,
  3;19,32,29;,
  3;64,65,66;,
  3;65,64,20;,
  3;14,67,12;,
  3;67,14,68;,
  3;68,69,67;,
  3;69,68,70;,
  3;70,42,69;,
  3;42,70,37;,
  3;48,34,51;,
  3;34,48,33;,
  3;51,43,61;,
  3;43,51,34;,
  3;43,56,61;,
  3;56,43,39;,
  3;39,54,56;,
  3;54,39,40;,
  3;12,63,17;,
  3;63,12,67;,
  3;67,32,63;,
  3;32,67,69;,
  3;69,42,32;,
  3;71,72,25;,
  3;73,74,75;,
  3;74,73,76;,
  3;74,77,75;,
  3;77,74,78;,
  3;79,78,80;,
  3;78,79,77;,
  3;81,82,83;,
  3;82,84,85;,
  3;84,82,86;,
  3;87,88,89;,
  3;88,90,89;,
  3;90,88,91;,
  3;92,93,94;,
  3;92,89,93;,
  3;92,87,89;,
  3;89,95,93;,
  3;95,89,90;,
  3;96,93,82;,
  3;93,86,82;,
  3;86,93,95;,
  3;97,98,99;,
  3;98,97,100;,
  3;100,101,98;,
  3;101,100,102;,
  3;103,104,105;,
  3;104,103,106;,
  3;106,107,104;,
  3;107,106,108;,
  3;105,109,110;,
  3;109,105,104;,
  3;104,111,109;,
  3;111,104,107;,
  3;110,100,97;,
  3;100,110,109;,
  3;109,102,100;,
  3;102,109,111;,
  3;112,113,114;,
  3;113,112,115;,
  3;116,117,118;,
  3;117,116,119;,
  3;120,121,122;,
  3;121,120,123;,
  3;120,124,125;,
  3;124,120,122;,
  3;126,124,127;,
  3;124,126,125;,
  3;95,97,86;,
  3;97,95,110;,
  3;86,99,84;,
  3;99,86,97;,
  3;90,103,105;,
  3;103,90,91;,
  3;105,95,90;,
  3;95,105,110;,
  3;128,96,129;,
  3;96,128,94;,
  3;129,130,128;,
  3;130,129,131;,
  3;72,28,25;,
  3;28,72,132;,
  3;10,133,8;,
  3;134,135,136;,
  3;135,134,137;,
  3;81,137,134;,
  3;138,11,139;,
  3;138,9,11;,
  3;138,140,9;,
  3;141,11,142;,
  3;11,141,139;,
  3;128,130,143;,
  3;94,144,92;,
  3;94,143,144;,
  3;94,128,143;,
  3;145,87,146;,
  3;87,145,147;,
  3;75,148,73;,
  3;148,75,149;,
  3;150,147,145;,
  3;7,149,75;,
  3;148,151,73;,
  3;102,152,101;,
  3;152,102,126;,
  3;102,125,126;,
  3;125,102,111;,
  3;111,120,125;,
  3;120,111,107;,
  3;120,108,123;,
  3;108,120,107;,
  3;8,153,154;,
  3;153,8,133;,
  3;154,155,8;,
  3;155,154,156;,
  3;122,114,113;,
  3;114,122,121;,
  3;121,112,114;,
  3;112,121,157;,
  3;158,124,159;,
  3;124,158,127;,
  3;159,122,113;,
  3;122,159,124;,
  3;126,160,152;,
  3;160,126,161;,
  3;162,121,123;,
  3;121,162,163;,
  3;121,164,157;,
  3;164,121,163;,
  3;165,126,127;,
  3;126,165,161;,
  3;161,166,160;,
  3;166,161,167;,
  3;162,118,163;,
  3;118,162,116;,
  3;163,117,164;,
  3;117,163,118;,
  3;165,167,161;,
  3;167,165,168;,
  3;169,170,171;,
  3;170,169,172;,
  3;173,174,175;,
  3;174,173,176;,
  3;177,178,179;,
  3;178,177,173;,
  3;180,178,181;,
  3;178,180,182;,
  3;183,169,171;,
  3;169,183,184;,
  3;174,185,186;,
  3;185,174,176;,
  3;46,187,44;,
  3;187,46,188;,
  3;180,169,182;,
  3;169,180,172;,
  3;20,29,65;,
  3;19,29,20;,
  3;29,31,189;,
  3;31,190,189;,
  3;190,31,33;,
  3;33,191,190;,
  3;191,33,48;,
  3;191,50,192;,
  3;50,191,48;,
  3;192,53,193;,
  3;53,192,50;,
  3;194,171,185;,
  3;171,194,183;,
  3;171,186,185;,
  3;186,171,170;,
  3;185,176,194;,
  3;194,173,177;,
  3;173,194,176;,
  3;178,175,181;,
  3;175,178,173;,
  3;179,182,184;,
  3;182,179,178;,
  3;182,169,184;,
  3;16,17,19;,
  3;17,63,19;,
  3;65,195,66;,
  3;196,197,198;,
  3;197,196,199;,
  3;200,154,153;,
  3;154,200,201;,
  3;202,203,204;,
  3;205,206,207;,
  3;196,208,209;,
  3;208,196,198;,
  3;210,209,211;,
  3;209,210,196;,
  3;212,213,214;,
  3;213,212,215;,
  3;212,214,211;,
  3;201,216,217;,
  3;216,201,200;,
  3;218,219,220;,
  3;219,218,217;,
  3;210,199,196;,
  3;213,205,207;,
  3;221,222,223;,
  3;198,197,224;,
  3;224,225,226;,
  3;225,224,197;,
  3;227,213,207;,
  3;228,229,214;,
  3;229,228,230;,
  3;220,231,232;,
  3;213,228,214;,
  3;156,201,233;,
  3;201,156,154;,
  3;233,217,218;,
  3;217,233,201;,
  3;219,217,234;,
  3;235,219,234;,
  3;236,237,238;,
  3;237,236,239;,
  3;209,240,211;,
  3;240,209,241;,
  3;211,242,212;,
  3;242,211,240;,
  3;243,239,244;,
  3;239,243,237;,
  3;244,236,245;,
  3;236,244,239;,
  3;246,221,223;,
  3;221,246,215;,
  3;221,212,247;,
  3;212,221,215;,
  3;199,248,2;,
  3;248,199,249;,
  3;133,10,250;,
  3;249,210,251;,
  3;210,249,199;,
  3;210,211,251;,
  3;252,1,253;,
  3;1,252,2;,
  3;20,254,18;,
  3;254,20,64;,
  3;24,68,14;,
  3;68,24,255;,
  3;68,256,70;,
  3;256,68,255;,
  3;256,37,70;,
  3;37,256,257;,
  3;258,2,252;,
  3;2,258,199;,
  3;257,259,37;,
  3;37,259,35;,
  3;260,204,261;,
  3;204,260,202;,
  3;262,263,223;,
  3;263,262,264;,
  3;197,258,225;,
  3;258,197,199;,
  3;265,203,227;,
  3;265,207,266;,
  3;207,265,227;,
  3;223,267,246;,
  3;267,223,263;,
  3;88,87,147;,
  3;83,82,85;,
  3;78,16,18;,
  3;16,78,74;,
  3;74,15,16;,
  3;15,74,76;,
  3;15,71,13;,
  3;71,15,76;,
  3;13,268,23;,
  3;268,13,71;,
  3;248,269,2;,
  3;2,269,0;,
  3;136,129,134;,
  3;129,136,131;,
  3;134,96,81;,
  3;96,134,129;,
  3;96,82,81;,
  3;93,96,94;,
  3;29,189,65;,
  3;205,215,246;,
  3;267,205,246;,
  3;205,267,206;,
  3;205,213,215;,
  3;187,188,270;,
  3;224,271,272;,
  3;222,221,208;,
  3;224,222,198;,
  3;272,273,262;,
  3;273,272,271;,
  3;263,274,275;,
  3;273,276,262;,
  3;277,271,278;,
  3;271,277,273;,
  3;222,272,262;,
  3;272,222,224;,
  3;222,208,198;,
  3;209,221,247;,
  3;221,209,208;,
  3;223,222,262;,
  3;266,206,279;,
  3;206,266,207;,
  3;206,280,279;,
  3;280,206,267;,
  3;280,263,275;,
  3;263,280,267;,
  3;264,262,276;,
  3;76,73,72;,
  3;138,281,140;,
  3;73,132,72;,
  3;132,73,151;,
  3;72,71,76;,
