xof 0303txt 0032
template ColorRGBA {
 <35ff44e0-6c7c-11cf-8f52-0040333594a3>
 FLOAT red;
 FLOAT green;
 FLOAT blue;
 FLOAT alpha;
}

template ColorRGB {
 <d3e16e81-7835-11cf-8f52-0040333594a3>
 FLOAT red;
 FLOAT green;
 FLOAT blue;
}

template Material {
 <3d82ab4d-62da-11cf-ab39-0020af71e433>
 ColorRGBA faceColor;
 FLOAT power;
 ColorRGB specularColor;
 ColorRGB emissiveColor;
 [...]
}

template TextureFilename {
 <a42790e1-7810-11cf-8f52-0040333594a3>
 STRING filename;
}

template Frame {
 <3d82ab46-62da-11cf-ab39-0020af71e433>
 [...]
}

template Matrix4x4 {
 <f6f23f45-7686-11cf-8f52-0040333594a3>
 array FLOAT matrix[16];
}

template FrameTransformMatrix {
 <f6f23f41-7686-11cf-8f52-0040333594a3>
 Matrix4x4 frameMatrix;
}

template Vector {
 <3d82ab5e-62da-11cf-ab39-0020af71e433>
 FLOAT x;
 FLOAT y;
 FLOAT z;
}

template MeshFace {
 <3d82ab5f-62da-11cf-ab39-0020af71e433>
 DWORD nFaceVertexIndices;
 array DWORD faceVertexIndices[nFaceVertexIndices];
}

template Mesh {
 <3d82ab44-62da-11cf-ab39-0020af71e433>
 DWORD nVertices;
 array Vector vertices[nVertices];
 DWORD nFaces;
 array MeshFace faces[nFaces];
 [...]
}

template MeshNormals {
 <f6f23f43-7686-11cf-8f52-0040333594a3>
 DWORD nNormals;
 array Vector normals[nNormals];
 DWORD nFaceNormals;
 array MeshFace faceNormals[nFaceNormals];
}

template MeshMaterialList {
 <f6f23f42-7686-11cf-8f52-0040333594a3>
 DWORD nMaterials;
 DWORD nFaceIndexes;
 array DWORD faceIndexes[nFaceIndexes];
 [Material <3d82ab4d-62da-11cf-ab39-0020af71e433>]
}

template Coords2d {
 <f6f23f44-7686-11cf-8f52-0040333594a3>
 FLOAT u;
 FLOAT v;
}

template MeshTextureCoords {
 <f6f23f40-7686-11cf-8f52-0040333594a3>
 DWORD nTextureCoords;
 array Coords2d textureCoords[nTextureCoords];
}

template XSkinMeshHeader {
 <3cf169ce-ff7c-44ab-93c0-f78f62d172e2>
 WORD nMaxSkinWeightsPerVertex;
 WORD nMaxSkinWeightsPerFace;
 WORD nBones;
}

template SkinWeights {
 <6f0d123b-bad2-4167-a0d0-80224f25fabb>
 STRING transformNodeName;
 DWORD nWeights;
 array DWORD vertexIndices[nWeights];
 array FLOAT weights[nWeights];
 Matrix4x4 matrixOffset;
}

template AnimTicksPerSecond {
 <9e415a43-7ba6-4a73-8743-b73d47e88476>
 DWORD AnimTicksPerSecond;
}

template Animation {
 <3d82ab4f-62da-11cf-ab39-0020af71e433>
 [...]
}

template AnimationSet {
 <3d82ab50-62da-11cf-ab39-0020af71e433>
 [Animation <3d82ab4f-62da-11cf-ab39-0020af71e433>]
}

template FloatKeys {
 <10dd46a9-775b-11cf-8f52-0040333594a3>
 DWORD nValues;
 array FLOAT values[nValues];
}

template TimedFloatKeys {
 <f406b180-7b3b-11cf-8f52-0040333594a3>
 DWORD time;
 FloatKeys tfkeys;
}

template AnimationKey {
 <10dd46a8-775b-11cf-8f52-0040333594a3>
 DWORD keyType;
 DWORD nKeys;
 array TimedFloatKeys keys[nKeys];
}


Material Material__38 {
 1.000000;1.000000;1.000000;1.000000;;
 9.999999;
 0.000000;0.000000;0.000000;;
 0.000000;0.000000;0.000000;;

 TextureFilename {
  "Objects_Shotgun.png";
 }
}

Material _05_-_Defaultaaaa {
 1.000000;1.000000;1.000000;1.000000;;
 9.999999;
 0.000000;0.000000;0.000000;;
 0.000000;0.000000;0.000000;;

 TextureFilename {
  "M_Mannequin01.png";
 }
}

Frame Dummy01 {
 

 FrameTransformMatrix {
  1.000000,0.000000,0.000000,0.000000,0.000000,-0.000000,-1.000000,0.000000,0.000000,1.000000,-0.000000,0.000000,0.000000,0.000000,0.000000,1.000000;;
 }

 Frame Bip01 {
  

  FrameTransformMatrix {
   -0.342528,0.911769,-0.226611,0.000000,-0.056497,0.220776,0.973687,0.000000,0.937807,0.346318,-0.024110,0.000000,-0.022802,-0.090583,0.370334,1.000000;;
  }

  Frame Bip01_Pelvis {
   

   FrameTransformMatrix {
    -0.008703,0.999025,0.043284,0.000000,0.048759,-0.042810,0.997893,0.000000,0.998773,0.010795,-0.048339,0.000000,0.000000,0.000000,0.000000,1.000000;;
   }

   Frame Bip01_Spine {
    

    FrameTransformMatrix {
     0.835779,0.112338,0.537451,0.000000,-0.096940,0.993660,-0.056944,0.000000,-0.540440,-0.004508,0.841370,0.000000,0.051629,-0.002210,0.000486,1.000000;;
    }

    Frame Bip01_Spine1 {
     

     FrameTransformMatrix {
      0.859351,0.216447,0.463321,0.000000,-0.168417,0.975254,-0.143231,0.000000,-0.482857,0.045054,0.874539,0.000000,0.106521,-0.000004,-0.000074,1.000000;;
     }

     Frame Bip01_Neck {
      

      FrameTransformMatrix {
       0.984448,0.054757,-0.166923,0.000000,-0.102147,0.951466,-0.290309,0.000000,0.142925,0.302845,0.942262,0.000000,0.130501,-0.000008,0.004627,1.000000;;
      }

      Frame Bip01_Head {
       

       FrameTransformMatrix {
        0.860585,0.010673,-0.509196,0.000000,0.052658,0.992558,0.109800,0.000000,0.506578,-0.121306,0.853618,0.000000,0.033674,0.000000,-0.000000,1.000000;;
       }

       Frame Bip01_HeadNub {
        

        FrameTransformMatrix {
         1.000000,0.000000,-0.000000,0.000000,-0.000000,1.000000,-0.000000,0.000000,0.000000,-0.000000,1.000000,0.000000,0.169824,0.000000,0.000000,1.000000;;
        }
       }
      }

      Frame Bip01_L_Clavicle {
       

       FrameTransformMatrix {
        0.003854,0.963761,0.266741,0.000000,0.986374,-0.047535,0.157499,0.000000,0.164471,0.262500,-0.950812,0.000000,-0.022014,0.018756,-0.003031,1.000000;;
       }

       Frame Bip01_L_UpperArm {
        

        FrameTransformMatrix {
         0.483204,-0.648825,-0.587827,0.000000,0.844767,0.521875,0.118384,0.000000,0.229962,-0.553780,0.800278,0.000000,0.087086,0.000000,0.000000,1.000000;;
        }

        Frame Bip01_L_Forearm {
         

         FrameTransformMatrix {
          -0.479525,0.000000,-0.877528,0.000000,-0.000000,1.000000,-0.000000,0.000000,0.877528,-0.000000,-0.479525,0.000000,0.137062,-0.000000,0.000000,1.000000;;
         }

         Frame Bip01_L_Hand {
          

          FrameTransformMatrix {
           0.993313,0.008245,0.115158,0.000000,-0.070010,-0.750119,0.657587,0.000000,0.091804,-0.661252,-0.744526,0.000000,0.137062,0.000000,-0.000000,1.000000;;
          }

          Frame Bip01_L_Finger0 {
           

           FrameTransformMatrix {
            0.434157,-0.900562,0.022272,0.000000,0.891588,0.426034,-0.153516,0.000000,0.128761,0.086507,0.987896,0.000000,0.057681,-0.023605,-0.000272,1.000000;;
           }

           Frame Bip01_L_Finger0Nub {
            

            FrameTransformMatrix {
             1.000000,0.000000,0.000000,0.000000,0.000000,1.000000,-0.000000,0.000000,0.000000,0.000000,1.000000,0.000000,0.029435,0.000000,0.000000,1.000000;;
            }
           }
          }

          Frame Bip01_L_Finger1 {
           

           FrameTransformMatrix {
            0.391047,0.023068,0.920081,0.000000,-0.262234,0.961042,0.087358,0.000000,-0.882222,-0.275438,0.381862,0.000000,0.084102,0.000000,0.000000,1.000000;;
           }

           Frame Bip01_L_Finger1Nub {
            

            FrameTransformMatrix {
             1.000000,-0.000000,0.000000,0.000000,0.000000,1.000000,0.000000,0.000000,0.000000,0.000000,1.000000,0.000000,0.047988,0.000000,0.000000,1.000000;;
            }
           }
          }
         }
        }
       }
      }

      Frame Bip01_R_Clavicle {
       

       FrameTransformMatrix {
        -0.092010,-0.941546,-0.324076,0.000000,-0.981649,0.140361,-0.129090,0.000000,0.167031,0.306251,-0.937182,0.000000,-0.023735,-0.011147,-0.012549,1.000000;;
       }

       Frame Bip01_R_UpperArm {
        

        FrameTransformMatrix {
         0.249144,0.962977,-0.102974,0.000000,-0.919109,0.268617,0.288244,0.000000,0.305232,0.022830,0.952004,0.000000,0.087086,0.000000,-0.000000,1.000000;;
        }

        Frame Bip01_R_Forearm {
         

         FrameTransformMatrix {
          -0.569536,0.000000,-0.821966,0.000000,-0.000000,1.000000,0.000000,0.000000,0.821966,-0.000000,-0.569536,0.000000,0.137062,0.000000,0.000000,1.000000;;
         }

         Frame Bip01_R_Hand {
          

          FrameTransformMatrix {
           0.967384,0.032359,0.251238,0.000000,0.137223,0.766736,-0.627125,0.000000,-0.212927,0.641146,0.737288,0.000000,0.137062,0.000000,-0.000000,1.000000;;
          }

          Frame Bip01_R_Finger0 {
           

           FrameTransformMatrix {
            0.525453,0.830401,-0.185298,0.000000,-0.839298,0.541618,0.047216,0.000000,0.139568,0.130710,0.981548,0.000000,0.057681,0.023605,-0.000272,1.000000;;
           }

           Frame Bip01_R_Finger0Nub {
            

            FrameTransformMatrix {
             -1.000000,-0.000000,-0.000000,0.000000,-0.000000,1.000000,-0.000000,0.000000,-0.000000,0.000000,-1.000000,0.000000,0.029435,0.000000,0.000000,1.000000;;
            }
           }
          }

          Frame Bip01_R_Finger1 {
           

           FrameTransformMatrix {
            0.375074,0.000738,0.926994,0.000000,0.000000,1.000000,-0.000796,0.000000,-0.926995,0.000299,0.375074,0.000000,0.084102,0.000000,0.000000,1.000000;;
           }

           Frame Bip01_R_Finger1Nub {
            

            FrameTransformMatrix {
             -1.000000,0.000000,0.000000,0.000000,-0.000000,1.000000,0.000000,0.000000,-0.000000,0.000000,-1.000000,0.000000,0.047988,0.000000,0.000000,1.000000;;
            }
           }
          }
         }
        }
       }
      }
     }

     Frame Bip01_BackPack {
      

      FrameTransformMatrix {
       -0.174826,0.237733,-0.955468,0.000000,0.110404,0.969026,0.220905,0.000000,0.978390,-0.066868,-0.195658,0.000000,0.043238,0.001401,-0.084748,1.000000;;
      }

      Frame Bip01_BackPackNub {
       

       FrameTransformMatrix {
        0.000796,0.000003,1.000000,0.000000,0.000000,-1.000000,0.000003,0.000000,1.000000,0.000000,-0.000796,0.000000,0.053240,0.000000,0.000000,1.000000;;
       }
      }
     }
    }

    Frame Bip01_L_Thigh {
     

     FrameTransformMatrix {
      0.338220,0.347507,0.874555,0.000000,-0.028881,-0.925052,0.378742,0.000000,0.940624,-0.153356,-0.302835,0.000000,-0.036959,0.062104,0.027235,1.000000;;
     }

     Frame Bip01_L_Calf {
      

      FrameTransformMatrix {
       0.057881,0.000000,-0.998323,0.000000,0.000000,1.000000,0.000000,0.000000,0.998324,0.000000,0.057881,0.000000,0.237500,0.000000,0.000000,1.000000;;
      }

      Frame Bip01_L_Foot {
       

       FrameTransformMatrix {
        0.779311,0.127967,0.613432,0.000000,-0.167243,0.985892,0.006802,0.000000,-0.603907,-0.107893,0.789718,0.000000,0.206841,0.000000,-0.000000,1.000000;;
       }

       Frame Bip01_L_Toe0 {
        

        FrameTransformMatrix {
         0.132994,0.006613,0.991095,0.000000,0.009841,0.999920,-0.007992,0.000000,-0.991068,0.010816,0.132918,0.000000,0.065373,0.000000,0.066450,1.000000;;
        }

        Frame Bip01_L_Toe0Nub {
         

         FrameTransformMatrix {
          -1.000000,-0.000000,-0.000000,0.000000,0.000000,1.000000,0.000000,0.000000,-0.000000,0.000000,-1.000000,0.000000,0.006735,-0.000000,0.000000,1.000000;;
         }
        }
       }
      }
     }
    }

    Frame Bip01_R_Thigh {
     

     FrameTransformMatrix {
      -0.197496,-0.027661,0.979913,0.000000,-0.227998,-0.970894,-0.073359,0.000000,0.953421,-0.237906,0.185441,0.000000,-0.049367,-0.047647,0.027732,1.000000;;
     }

     Frame Bip01_R_Calf {
      

      FrameTransformMatrix {
       -0.023866,0.000000,-0.999715,0.000000,0.000000,1.000000,0.000000,0.000000,0.999715,-0.000000,-0.023866,0.000000,0.237500,0.000000,-0.000000,1.000000;;
      }

      Frame Bip01_R_Foot {
       

       FrameTransformMatrix {
        0.545085,0.005271,0.838364,0.000000,0.095052,0.993144,-0.068045,0.000000,-0.832975,0.116778,0.540847,0.000000,0.206841,-0.000000,-0.000000,1.000000;;
       }

       Frame Bip01_R_Toe0 {
        

        FrameTransformMatrix {
         0.356226,-0.296812,0.886005,0.000000,0.155026,0.953840,0.257207,0.000000,-0.921450,0.045730,0.385796,0.000000,0.065373,0.000000,0.066450,1.000000;;
        }

        Frame Bip01_R_Toe0Nub {
         

         FrameTransformMatrix {
          1.000000,0.000000,0.000000,0.000000,-0.000000,1.000000,-0.000000,0.000000,0.000000,0.000000,1.000000,0.000000,0.006735,0.000000,-0.000000,1.000000;;
         }
        }
       }
      }
     }
    }
   }

   Frame Bip01_DressFront {
    

    FrameTransformMatrix {
     -0.462871,0.284655,0.839478,0.000000,0.304093,0.940557,-0.151259,0.000000,-0.832633,0.185266,-0.521918,0.000000,-0.015002,0.019053,0.084534,1.000000;;
    }

    Frame Bip01_DressFront02 {
     

     FrameTransformMatrix {
      0.866064,0.000001,0.499933,0.000000,-0.000001,1.000000,-0.000000,0.000000,-0.499933,-0.000000,0.866064,0.000000,0.183390,0.000000,-0.000114,1.000000;;
     }

     Frame Bip01_DressFrontNub {
      

      FrameTransformMatrix {
       0.000796,0.000003,1.000000,0.000000,0.000000,-1.000000,0.000003,0.000000,1.000000,0.000000,-0.000796,0.000000,0.165302,-0.000000,0.000000,1.000000;;
      }
     }
    }
   }

   Frame Bip01_DressBack {
    

    FrameTransformMatrix {
     -0.511471,0.274686,0.814214,0.000000,0.601991,0.790693,0.111406,0.000000,-0.613192,0.547131,-0.569776,0.000000,-0.047646,-0.000077,-0.078340,1.000000;;
    }

    Frame Bip01_DressBack02 {
     

     FrameTransformMatrix {
      0.780396,-0.312462,0.541617,0.000000,0.260018,0.949914,0.173360,0.000000,-0.568658,0.005540,0.822555,0.000000,0.176220,-0.000001,-0.000089,1.000000;;
     }

     Frame Bip01_DressBackNub {
      

      FrameTransformMatrix {
       0.000796,0.000003,1.000000,0.000000,-0.000000,-1.000000,0.000003,0.000000,1.000000,0.000000,-0.000796,0.000000,0.136508,0.000000,0.000000,1.000000;;
      }
     }
    }
   }
  }

  Frame Bip01_Prop1 {
   

   FrameTransformMatrix {
    -0.777934,-0.376826,0.502814,0.000000,0.418292,0.286563,0.861924,0.000000,-0.468883,0.880843,-0.065303,0.000000,0.190960,0.014535,-0.046632,1.000000;;
   }

   Frame Shotgun {
    

    FrameTransformMatrix {
     1.000000,-0.000000,0.000000,0.000000,0.000000,1.000000,-0.000000,0.000000,-0.000000,-0.000000,1.000000,0.000000,-0.000000,0.000000,0.000000,1.000000;;
    }

    Mesh Shotgun {
     354;
     -0.009564;0.163755;0.020288;,
     -0.009564;0.042191;0.002815;,
     -0.009564;0.035505;0.015885;,
     -0.009564;0.163755;0.009639;,
     -0.005739;0.002086;0.014422;,
     -0.000000;0.027215;0.032484;,
     -0.005739;0.027190;0.032484;,
     0.000000;0.002086;0.014422;,
     -0.005739;-0.005579;0.012332;,
     0.000000;-0.005579;0.012332;,
     -0.005739;-0.019387;0.017875;,
     -0.000000;-0.019387;0.017875;,
     -0.000000;0.163755;0.039380;,
     -0.006768;0.212820;0.036703;,
     -0.005739;0.163755;0.039380;,
     -0.006768;0.212820;0.036703;,
     -0.000000;0.212820;0.039506;,
     -0.009564;0.163755;0.035554;,
     -0.009572;0.212820;0.029934;,
     -0.009564;0.163755;0.029834;,
     -0.006768;0.212820;0.023166;,
     0.000000;0.212820;0.020362;,
     0.000000;0.163755;0.020288;,
     -0.006768;0.470067;0.036703;,
     -0.000000;0.470067;0.039506;,
     -0.009572;0.470067;0.029934;,
     -0.006768;0.470067;0.023166;,
     0.000000;0.470067;0.020362;,
     -0.005739;0.054367;0.039380;,
     -0.009564;0.054828;0.035554;,
     -0.009564;0.028818;0.028955;,
     -0.009564;0.003760;0.010913;,
     -0.009564;-0.005812;0.008303;,
     -0.009564;-0.019936;0.013973;,
     -0.005723;-0.151675;0.002099;,
     -0.011706;-0.149460;-0.010374;,
     -0.015062;-0.011502;-0.031712;,
     -0.009564;0.001519;-0.036331;,
     -0.015062;-0.011839;-0.034241;,
     -0.009564;0.001856;-0.033803;,
     0.000000;-0.027181;-0.029622;,
     -0.009564;-0.024173;-0.032150;,
     0.000000;-0.027518;-0.032150;,
     -0.009564;-0.023836;-0.029622;,
     -0.006768;0.212562;0.015704;,
     0.000000;0.212562;0.018507;,
     -0.009572;0.212562;0.008935;,
     -0.006768;0.212562;0.002167;,
     -0.009564;0.163755;0.002815;,
     -0.005739;0.163755;-0.001011;,
     0.000000;0.212562;-0.000637;,
     0.000000;0.163755;-0.001011;,
     -0.006768;0.296891;0.015704;,
     0.000000;0.296891;0.018507;,
     -0.009572;0.296891;0.008935;,
     -0.006768;0.296891;0.002167;,
     0.000000;0.296891;-0.000637;,
     -0.015423;-0.143959;-0.040819;,
     -0.009564;-0.023836;-0.029622;,
     -0.012582;-0.139007;-0.068151;,
     -0.007558;-0.136433;-0.082245;,
     0.000000;0.042503;-0.001011;,
     -0.005739;0.042503;-0.001011;,
     0.000000;0.026595;-0.003624;,
     -0.005739;0.026595;-0.003624;,
     0.000000;0.013689;-0.012669;,
     -0.005739;0.013689;-0.012669;,
     -0.009564;0.001856;-0.033803;,
     0.000000;0.004177;-0.033803;,
     0.000000;0.003840;-0.036331;,
     0.000000;0.004177;-0.033803;,
     -0.009564;-0.024173;-0.032150;,
     0.000000;0.003840;-0.036331;,
     0.000000;-0.027518;-0.032150;,
     -0.015062;-0.011839;-0.034241;,
     0.000000;-0.135807;-0.085798;,
     0.000000;-0.027181;-0.029622;,
     -0.000000;0.054392;0.039380;,
     -0.009564;0.010332;-0.010954;,
     -0.009564;0.025114;0.000010;,
     -0.015062;-0.011502;-0.031712;,
     -0.009564;0.001519;-0.036331;,
     -0.011232;0.007046;-0.000020;,
     -0.009572;0.296891;0.008935;,
     0.000000;0.296891;-0.000637;,
     -0.006768;0.296891;0.002167;,
     -0.006768;0.296891;0.015704;,
     0.000000;0.296891;0.018507;,
     -0.000973;0.079747;-0.000042;,
     -0.000973;0.067575;-0.000842;,
     -0.000973;0.064111;0.001290;,
     -0.000973;0.068730;-0.003418;,
     -0.000973;0.067042;-0.011148;,
     -0.000973;0.048918;-0.007772;,
     -0.000973;0.044565;-0.000931;,
     -0.000973;0.054604;0.000135;,
     -0.000973;0.046164;-0.012569;,
     -0.000973;0.049629;-0.013102;,
     -0.000973;0.047586;-0.014079;,
     -0.000973;0.062867;-0.013458;,
     -0.000973;0.064555;-0.014790;,
     0.000973;0.067575;-0.000842;,
     -0.000973;0.068730;-0.003418;,
     0.000973;0.068730;-0.003418;,
     -0.000973;0.067575;-0.000842;,
     -0.000973;0.067042;-0.011148;,
     0.000973;0.067042;-0.011148;,
     -0.000973;0.062867;-0.013458;,
     0.000973;0.062867;-0.013458;,
     -0.000973;0.049629;-0.013102;,
     0.000973;0.049629;-0.013102;,
     -0.000973;0.048918;-0.007772;,
     0.000973;0.048918;-0.007772;,
     -0.000973;0.054604;0.000135;,
     0.000973;0.054604;0.000135;,
     0.000973;0.044565;-0.000931;,
     -0.000973;0.046164;-0.012569;,
     0.000973;0.046164;-0.012569;,
     -0.000973;0.044565;-0.000931;,
     -0.000973;0.047586;-0.014079;,
     0.000973;0.047586;-0.014079;,
     -0.000973;0.064555;-0.014790;,
     0.000973;0.064555;-0.014790;,
     -0.000973;0.079747;-0.000042;,
     0.000973;0.079747;-0.000042;,
     0.000000;-0.152001;0.003947;,
     -0.011706;-0.149460;-0.010374;,
     0.000000;-0.152001;0.003947;,
     -0.005723;-0.151675;0.002099;,
     -0.015423;-0.143959;-0.040819;,
     0.000000;-0.152001;0.003947;,
     -0.011706;-0.149460;-0.010374;,
     0.000000;-0.135807;-0.085798;,
     0.000000;-0.152001;0.003947;,
     -0.015423;-0.143959;-0.040819;,
     0.000973;0.064111;0.001290;,
     -0.000973;0.064111;0.001290;,
     0.009564;0.163755;0.020288;,
     0.009564;0.042191;0.002815;,
     0.009564;0.163755;0.009639;,
     0.009564;0.035505;0.015885;,
     0.005739;0.002086;0.014422;,
     0.005739;0.027190;0.032484;,
     0.005739;-0.005579;0.012332;,
     0.005739;-0.019387;0.017875;,
     0.006768;0.212820;0.036703;,
     0.006768;0.212820;0.036703;,
     0.005739;0.163755;0.039380;,
     0.009572;0.212820;0.029934;,
     0.009564;0.163755;0.035554;,
     0.009564;0.163755;0.029834;,
     0.006768;0.212820;0.023166;,
     0.006768;0.470067;0.036703;,
     0.009572;0.470067;0.029934;,
     0.006768;0.470067;0.023166;,
     0.005739;0.054367;0.039380;,
     0.009564;0.054828;0.035554;,
     0.009564;0.028818;0.028955;,
     0.009564;0.003760;0.010913;,
     0.009564;-0.005812;0.008303;,
     0.009564;-0.019936;0.013973;,
     0.005723;-0.151675;0.002099;,
     0.011706;-0.149460;-0.010374;,
     0.015062;-0.011502;-0.031712;,
     0.009564;0.001519;-0.036331;,
     0.009564;0.001856;-0.033803;,
     0.015062;-0.011839;-0.034241;,
     0.009564;-0.024173;-0.032150;,
     0.009564;-0.023836;-0.029622;,
     0.006768;0.212562;0.015704;,
     0.009572;0.212562;0.008935;,
     0.006768;0.212562;0.002167;,
     0.009564;0.163755;0.002815;,
     0.005739;0.163755;-0.001011;,
     0.006768;0.296891;0.015704;,
     0.009572;0.296891;0.008935;,
     0.006768;0.296891;0.002167;,
     0.015423;-0.143959;-0.040819;,
     0.012582;-0.139007;-0.068151;,
     0.009564;-0.023836;-0.029622;,
     0.007558;-0.136433;-0.082245;,
     0.005739;0.042503;-0.001011;,
     0.005739;0.026595;-0.003624;,
     0.005739;0.013689;-0.012669;,
     0.009564;0.001856;-0.033803;,
     0.009564;-0.024173;-0.032150;,
     0.015062;-0.011839;-0.034241;,
     0.009564;0.010332;-0.010954;,
     0.009564;0.025114;0.000010;,
     0.015062;-0.011502;-0.031712;,
     0.009564;0.001519;-0.036331;,
     0.011232;0.007046;-0.000020;,
     0.009572;0.296891;0.008935;,
     0.006768;0.296891;0.002167;,
     0.006768;0.296891;0.015704;,
     0.000973;0.044565;-0.000931;,
     0.000973;0.048918;-0.007772;,
     0.000973;0.054604;0.000135;,
     0.000973;0.046164;-0.012569;,
     0.000973;0.049629;-0.013102;,
     0.000973;0.047586;-0.014079;,
     0.000973;0.062867;-0.013458;,
     0.000973;0.064555;-0.014790;,
     0.000973;0.067042;-0.011148;,
     0.000973;0.079747;-0.000042;,
     0.000973;0.068730;-0.003418;,
     0.000973;0.067575;-0.000842;,
     0.000973;0.064111;0.001290;,
     0.000000;-0.135807;-0.085798;,
     0.012582;-0.139007;-0.068151;,
     0.015423;-0.143959;-0.040819;,
     0.012582;-0.139007;-0.068151;,
     0.000000;-0.135807;-0.085798;,
     0.007558;-0.136433;-0.082245;,
     -0.000000;0.470067;0.039506;,
     -0.005792;0.470067;0.035727;,
     -0.006768;0.470067;0.036703;,
     0.000000;0.470067;0.038126;,
     -0.008192;0.470067;0.029934;,
     -0.009572;0.470067;0.029934;,
     -0.005792;0.470067;0.024142;,
     -0.006768;0.470067;0.023166;,
     0.000000;0.470067;0.021743;,
     0.000000;0.470067;0.020362;,
     0.005792;0.470067;0.024142;,
     0.006768;0.470067;0.023166;,
     0.008192;0.470067;0.029934;,
     0.009572;0.470067;0.029934;,
     0.005792;0.470067;0.035727;,
     0.006768;0.470067;0.036703;,
     0.000000;0.470067;0.038126;,
     -0.000000;0.399859;0.029934;,
     -0.005792;0.470067;0.035727;,
     -0.008192;0.470067;0.029934;,
     -0.005792;0.470067;0.024142;,
     0.000000;0.470067;0.021743;,
     -0.000000;0.399859;0.029934;,
     0.005792;0.470067;0.024142;,
     0.008192;0.470067;0.029934;,
     0.005792;0.470067;0.035727;,
     0.000000;-0.152001;0.003947;,
     0.011706;-0.149460;-0.010374;,
     0.005723;-0.151675;0.002099;,
     0.000000;-0.152001;0.003947;,
     0.015423;-0.143959;-0.040819;,
     0.011706;-0.149460;-0.010374;,
     0.000000;-0.135807;-0.085798;,
     0.015423;-0.143959;-0.040819;,
     0.000000;-0.152001;0.003947;,
     0.000000;-0.135807;-0.085798;,
     -0.012582;-0.139007;-0.068151;,
     -0.007558;-0.136433;-0.082245;,
     -0.012582;-0.139007;-0.068151;,
     0.000000;-0.135807;-0.085798;,
     -0.015423;-0.143959;-0.040819;,
     0.000000;0.198633;-0.003429;,
     -0.008949;0.284754;-0.001289;,
     0.000000;0.284754;-0.003429;,
     -0.008949;0.198633;-0.001289;,
     0.000000;0.284754;-0.003429;,
     -0.007596;0.284754;0.000177;,
     0.000000;0.284754;-0.001356;,
     -0.008949;0.284754;-0.001289;,
     0.000000;0.284754;-0.001356;,
     -0.007596;0.284754;0.000177;,
     0.000000;0.198633;-0.001356;,
     -0.007596;0.198633;0.000177;,
     0.000000;0.198633;-0.001356;,
     -0.008949;0.198633;-0.001289;,
     0.000000;0.198633;-0.003429;,
     -0.007596;0.198633;0.000177;,
     -0.012656;0.284754;0.004880;,
     -0.012656;0.198633;0.004880;,
     -0.010742;0.284754;0.004880;,
     -0.012656;0.284754;0.004880;,
     -0.010742;0.198633;0.004880;,
     -0.010742;0.284754;0.004880;,
     -0.012656;0.198633;0.004880;,
     -0.010742;0.198633;0.004880;,
     -0.012656;0.198633;0.015708;,
     -0.012656;0.213382;0.015708;,
     -0.012656;0.284754;0.015708;,
     -0.010742;0.284754;0.015708;,
     -0.012656;0.284754;0.015708;,
     -0.010742;0.213382;0.015708;,
     -0.010742;0.284754;0.015708;,
     -0.010742;0.198633;0.015708;,
     -0.012656;0.198633;0.015708;,
     -0.012656;0.213382;0.017307;,
     -0.012656;0.198633;0.016609;,
     -0.012656;0.217121;0.021376;,
     -0.012656;0.284754;0.021376;,
     -0.010742;0.284754;0.021376;,
     -0.012656;0.284754;0.021376;,
     -0.010742;0.284754;0.021376;,
     -0.010742;0.217121;0.021376;,
     -0.010742;0.213382;0.017307;,
     -0.010742;0.198633;0.016609;,
     -0.012656;0.213382;0.017307;,
     -0.010742;0.198633;0.016609;,
     -0.010742;0.213382;0.017307;,
     -0.012656;0.198633;0.016609;,
     -0.010742;0.217121;0.021376;,
     -0.012656;0.217121;0.021376;,
     -0.012656;0.217121;0.021376;,
     -0.010742;0.284754;0.021376;,
     -0.012656;0.284754;0.021376;,
     -0.010742;0.217121;0.021376;,
     0.008949;0.284754;-0.001289;,
     0.008949;0.198633;-0.001289;,
     0.007596;0.284754;0.000177;,
     0.008949;0.284754;-0.001289;,
     0.007596;0.284754;0.000177;,
     0.007596;0.198633;0.000177;,
     0.008949;0.198633;-0.001289;,
     0.007596;0.198633;0.000177;,
     0.012656;0.284754;0.004880;,
     0.012656;0.198633;0.004880;,
     0.010742;0.284754;0.004880;,
     0.012656;0.284754;0.004880;,
     0.010742;0.198633;0.004880;,
     0.010742;0.284754;0.004880;,
     0.012656;0.198633;0.004880;,
     0.010742;0.198633;0.004880;,
     0.012656;0.198633;0.015708;,
     0.012656;0.213382;0.015708;,
     0.012656;0.284754;0.015708;,
     0.010742;0.284754;0.015708;,
     0.012656;0.284754;0.015708;,
     0.010742;0.213382;0.015708;,
     0.010742;0.284754;0.015708;,
     0.010742;0.198633;0.015708;,
     0.012656;0.198633;0.015708;,
     0.012656;0.213382;0.017307;,
     0.012656;0.198633;0.016609;,
     0.012656;0.217121;0.021376;,
     0.012656;0.284754;0.021376;,
     0.010742;0.284754;0.021376;,
     0.012656;0.284754;0.021376;,
     0.010742;0.284754;0.021376;,
     0.010742;0.217121;0.021376;,
     0.010742;0.213382;0.017307;,
     0.010742;0.198633;0.016609;,
     0.010742;0.198633;0.015708;,
     0.012656;0.213382;0.017307;,
     0.010742;0.198633;0.016609;,
     0.012656;0.198633;0.016609;,
     0.010742;0.213382;0.017307;,
     0.010742;0.217121;0.021376;,
     0.012656;0.217121;0.021376;,
     0.012656;0.217121;0.021376;,
     0.010742;0.284754;0.021376;,
     0.010742;0.217121;0.021376;,
     0.012656;0.284754;0.021376;;
     396;
     3;0,1,2;,
     3;1,0,3;,
     3;4,5,6;,
     3;5,4,7;,
     3;8,7,4;,
     3;7,8,9;,
     3;10,9,8;,
     3;9,10,11;,
     3;12,13,14;,
     3;12,15,13;,
     3;12,16,15;,
     3;17,18,19;,
     3;17,15,18;,
     3;13,15,17;,
     3;19,20,0;,
     3;20,19,18;,
     3;0,21,22;,
     3;21,0,20;,
     3;16,23,15;,
     3;23,16,24;,
     3;15,25,18;,
     3;25,15,23;,
     3;18,26,20;,
     3;26,18,25;,
     3;20,27,21;,
     3;27,20,26;,
     3;17,14,13;,
     3;17,28,14;,
     3;28,17,29;,
     3;29,6,28;,
     3;6,29,30;,
     3;30,4,6;,
     3;4,30,31;,
     3;31,8,4;,
     3;8,31,32;,
     3;32,10,8;,
     3;10,32,33;,
     3;33,34,10;,
     3;34,33,35;,
     3;36,37,38;,
     3;37,36,39;,
     3;40,41,42;,
     3;41,40,43;,
     3;22,44,0;,
     3;44,22,45;,
     3;0,46,3;,
     3;46,0,44;,
     3;3,47,48;,
     3;47,3,46;,
     3;49,50,51;,
     3;50,49,47;,
     3;45,52,44;,
     3;52,45,53;,
     3;44,54,46;,
     3;54,44,52;,
     3;46,55,47;,
     3;55,46,54;,
     3;47,56,50;,
     3;56,47,55;,
     3;57,58,59;,
     3;33,57,35;,
     3;57,33,32;,
     3;59,58,60;,
     3;57,32,58;,
     3;49,61,62;,
     3;61,49,51;,
     3;62,63,64;,
     3;63,62,61;,
     3;64,65,66;,
     3;65,64,63;,
     3;65,67,66;,
     3;67,65,68;,
     3;39,69,37;,
     3;69,39,70;,
     3;71,72,73;,
     3;72,71,74;,
     3;58,75,60;,
     3;75,58,76;,
     3;28,12,14;,
     3;12,28,77;,
     3;6,77,28;,
     3;77,6,5;,
     3;49,48,47;,
     3;78,64,66;,
     3;64,78,79;,
     3;79,62,64;,
     3;62,79,1;,
     3;1,49,62;,
     3;49,1,48;,
     3;32,80,58;,
     3;80,32,31;,
     3;43,38,41;,
     3;38,43,36;,
     3;72,74,81;,
     3;80,78,67;,
     3;78,80,82;,
     3;66,67,78;,
     3;82,80,31;,
     3;30,82,31;,
     3;30,2,82;,
     3;82,79,78;,
     3;79,2,1;,
     3;19,2,30;,
     3;2,19,0;,
     3;19,29,17;,
     3;29,19,30;,
     3;1,3,48;,
     3;2,79,82;,
     3;83,84,85;,
     3;86,84,83;,
     3;87,84,86;,
     3;88,89,90;,
     3;88,91,89;,
     3;88,92,91;,
     3;93,94,95;,
     3;93,96,94;,
     3;97,96,93;,
     3;97,98,96;,
     3;99,98,97;,
     3;99,100,98;,
     3;92,100,99;,
     3;88,100,92;,
     3;101,102,103;,
     3;102,101,104;,
     3;103,105,106;,
     3;105,103,102;,
     3;106,107,108;,
     3;107,106,105;,
     3;108,109,110;,
     3;109,108,107;,
     3;110,111,112;,
     3;111,110,109;,
     3;112,113,114;,
     3;113,112,111;,
     3;115,116,117;,
     3;116,115,118;,
     3;117,119,120;,
     3;119,117,116;,
     3;120,121,122;,
     3;121,120,119;,
     3;122,123,124;,
     3;123,122,121;,
     3;34,11,10;,
     3;11,34,125;,
     3;126,127,128;,
     3;129,130,131;,
     3;132,133,134;,
     3;104,135,136;,
     3;135,104,101;,
     3;137,138,139;,
     3;138,137,140;,
     3;141,5,7;,
     3;5,141,142;,
     3;143,7,9;,
     3;7,143,141;,
     3;144,9,11;,
     3;9,144,143;,
     3;12,145,16;,
     3;12,146,145;,
     3;12,147,146;,
     3;148,149,150;,
     3;145,149,148;,
     3;146,149,145;,
     3;150,151,148;,
     3;151,150,137;,
     3;137,21,151;,
     3;21,137,22;,
     3;16,152,24;,
     3;152,16,145;,
     3;145,153,152;,
     3;153,145,148;,
     3;148,154,153;,
     3;154,148,151;,
     3;151,27,154;,
     3;27,151,21;,
     3;149,146,147;,
     3;149,155,156;,
     3;155,149,147;,
     3;156,142,157;,
     3;142,156,155;,
     3;157,141,158;,
     3;141,157,142;,
     3;158,143,159;,
     3;143,158,141;,
     3;159,144,160;,
     3;144,159,143;,
     3;160,161,162;,
     3;161,160,144;,
     3;163,164,165;,
     3;164,163,166;,
     3;40,167,168;,
     3;167,40,42;,
     3;22,169,45;,
     3;169,22,137;,
     3;137,170,169;,
     3;170,137,139;,
     3;139,171,170;,
     3;171,139,172;,
     3;173,50,171;,
     3;50,173,51;,
     3;45,174,53;,
     3;174,45,169;,
     3;169,175,174;,
     3;175,169,170;,
     3;170,176,175;,
     3;176,170,171;,
     3;171,56,176;,
     3;56,171,50;,
     3;177,178,179;,
     3;160,177,159;,
     3;177,160,162;,
     3;178,180,179;,
     3;159,177,179;,
     3;173,61,51;,
     3;61,173,181;,
     3;181,63,61;,
     3;63,181,182;,
     3;182,65,63;,
     3;65,182,183;,
     3;65,184,68;,
     3;184,65,183;,
     3;165,69,70;,
     3;69,165,164;,
     3;185,72,186;,
     3;72,185,73;,
     3;179,75,76;,
     3;75,179,180;,
     3;155,12,77;,
     3;12,155,147;,
     3;142,77,5;,
     3;77,142,155;,
     3;173,171,172;,
     3;187,182,188;,
     3;182,187,183;,
     3;188,181,138;,
     3;181,188,182;,
     3;138,173,172;,
     3;173,138,181;,
     3;159,189,158;,
     3;189,159,179;,
     3;168,166,163;,
     3;166,168,167;,
     3;186,72,190;,
     3;189,187,191;,
     3;187,189,184;,
     3;183,187,184;,
     3;191,158,189;,
     3;157,158,191;,
     3;157,191,140;,
     3;191,187,188;,
     3;188,138,140;,
     3;150,140,137;,
     3;140,150,157;,
     3;150,156,157;,
     3;156,150,149;,
     3;138,172,139;,
     3;140,191,188;,
     3;84,192,193;,
     3;84,194,192;,
     3;87,194,84;,
     3;195,196,197;,
     3;198,196,195;,
     3;198,199,196;,
     3;200,199,198;,
     3;200,201,199;,
     3;202,201,200;,
     3;202,203,201;,
     3;204,203,202;,
     3;204,205,203;,
     3;204,206,205;,
     3;204,207,206;,
     3;161,11,125;,
     3;11,161,144;,
     3;208,209,210;,
     3;211,212,213;,
     3;214,215,216;,
     3;215,214,217;,
     3;216,218,219;,
     3;218,216,215;,
     3;219,220,221;,
     3;220,219,218;,
     3;221,222,223;,
     3;222,221,220;,
     3;223,224,225;,
     3;224,223,222;,
     3;225,226,227;,
     3;226,225,224;,
     3;227,228,229;,
     3;228,227,226;,
     3;229,217,214;,
     3;217,229,228;,
     3;230,231,232;,
     3;232,231,233;,
     3;233,231,234;,
     3;234,231,235;,
     3;235,236,237;,
     3;237,236,238;,
     3;238,236,239;,
     3;239,236,230;,
     3;240,241,242;,
     3;243,244,245;,
     3;246,247,248;,
     3;249,250,251;,
     3;252,253,254;,
     3;255,256,257;,
     3;256,255,258;,
     3;259,260,261;,
     3;260,259,262;,
     3;263,264,265;,
     3;265,264,266;,
     3;267,268,269;,
     3;268,267,270;,
     3;258,271,256;,
     3;271,258,272;,
     3;262,273,260;,
     3;273,262,274;,
     3;264,275,266;,
     3;275,264,276;,
     3;270,277,268;,
     3;277,270,278;,
     3;272,279,280;,
     3;272,281,271;,
     3;281,272,280;,
     3;274,282,273;,
     3;282,274,283;,
     3;276,284,275;,
     3;284,276,285;,
     3;278,284,286;,
     3;278,287,277;,
     3;287,278,286;,
     3;279,288,280;,
     3;288,279,289;,
     3;280,290,281;,
     3;290,280,288;,
     3;281,290,291;,
     3;283,292,282;,
     3;292,283,293;,
     3;285,294,295;,
     3;285,296,284;,
     3;296,285,295;,
     3;284,297,286;,
     3;297,284,296;,
     3;286,289,279;,
     3;289,286,297;,
     3;298,299,300;,
     3;299,298,301;,
     3;298,302,303;,
     3;302,298,300;,
     3;304,305,306;,
     3;305,304,307;,
     3;255,308,309;,
     3;308,255,257;,
     3;259,310,311;,
     3;310,259,261;,
     3;263,265,312;,
     3;265,313,312;,
     3;267,314,315;,
     3;314,267,269;,
     3;309,316,317;,
     3;316,309,308;,
     3;311,318,319;,
     3;318,311,310;,
     3;312,320,321;,
     3;320,312,313;,
     3;315,322,323;,
     3;322,315,314;,
     3;324,317,325;,
     3;317,326,325;,
     3;326,317,316;,
     3;319,327,328;,
     3;327,319,318;,
     3;321,329,330;,
     3;329,321,320;,
     3;329,323,331;,
     3;323,332,331;,
     3;332,323,322;,
     3;324,333,334;,
     3;333,324,325;,
     3;325,335,333;,
     3;335,325,326;,
     3;335,326,336;,
     3;328,337,338;,
     3;337,328,327;,
     3;339,330,340;,
     3;330,341,340;,
     3;341,330,329;,
     3;329,342,341;,
     3;342,329,343;,
     3;343,334,342;,
     3;334,343,324;,
     3;344,345,346;,
     3;345,344,347;,
     3;344,348,347;,
     3;348,344,349;,
     3;350,351,352;,
     3;351,350,353;;

     MeshNormals {
      354;
      -0.999129;0.040966;0.007963;,
      -0.931099;0.029658;-0.363559;,
      -0.999824;0.018728;0.001325;,
      -0.999878;0.012746;-0.009057;,
      -0.402801;-0.393922;0.826182;,
      -0.000001;-0.421939;0.906624;,
      -0.370024;-0.392569;0.842005;,
      -0.000000;-0.430215;0.902726;,
      -0.427390;0.052185;0.902560;,
      -0.000000;0.057723;0.998333;,
      -0.369045;0.122166;0.921348;,
      -0.000000;0.131346;0.991337;,
      -0.000000;0.024765;0.999693;,
      -0.372732;0.042757;0.926954;,
      -0.378161;0.021259;0.925496;,
      -0.711972;0.011244;0.702118;,
      -0.000000;-0.001287;0.999999;,
      -0.922412;0.007281;0.386139;,
      -0.999914;0.011156;-0.006892;,
      -0.999875;0.012980;-0.009032;,
      -0.715450;0.022845;-0.698291;,
      0.000000;0.036152;-0.999346;,
      0.000000;0.999011;-0.044471;,
      -0.707108;-0.000000;0.707105;,
      -0.000001;-0.000000;1.000000;,
      -1.000000;0.000000;-0.000000;,
      -0.707109;0.000000;-0.707105;,
      0.000001;0.000000;-1.000000;,
      -0.373728;-0.115055;0.920375;,
      -0.913791;-0.050445;0.403040;,
      -0.905901;-0.171312;0.387294;,
      -0.908849;-0.180874;0.375869;,
      -0.934678;-0.006657;0.355434;,
      -0.892623;0.062859;0.446400;,
      -0.647696;-0.090229;0.756537;,
      -0.961215;-0.035520;0.273503;,
      -0.999776;-0.020996;0.002799;,
      -0.653314;0.750446;-0.100060;,
      -0.999977;-0.006745;0.000899;,
      -0.650797;0.752591;-0.100346;,
      -0.000000;-0.991228;0.132164;,
      -0.676944;-0.729578;0.097277;,
      -0.000000;-0.991228;0.132164;,
      -0.679249;-0.727470;0.096995;,
      -0.700339;0.035966;0.712904;,
      -0.000000;0.018312;0.999832;,
      -0.999704;0.019093;-0.015056;,
      -0.713502;0.014217;-0.700509;,
      -0.925162;0.023900;-0.378819;,
      -0.386045;0.011378;-0.922410;,
      0.000000;0.026395;-0.999652;,
      0.000000;0.003831;-0.999993;,
      -0.707108;-0.000000;0.707105;,
      -0.000000;-0.000000;1.000000;,
      -1.000000;0.000000;-0.000000;,
      -0.707108;0.000000;-0.707106;,
      0.000000;0.000000;-1.000000;,
      -0.999555;0.029120;0.006508;,
      -0.961161;0.057581;-0.269916;,
      -0.972181;0.096822;-0.213285;,
      -0.701724;0.291346;-0.650155;,
      0.000000;0.081306;-0.996689;,
      -0.390662;0.074845;-0.917487;,
      0.000000;0.377453;-0.926029;,
      -0.406709;0.349569;-0.844032;,
      0.000000;0.748821;-0.662772;,
      -0.375148;0.698135;-0.609813;,
      -0.689948;0.665195;-0.285460;,
      0.000000;0.911897;-0.410419;,
      -0.000000;0.991228;-0.132164;,
      -0.000000;0.991228;-0.132164;,
      -0.023349;-0.139779;-0.989907;,
      0.000000;-0.156808;-0.987629;,
      0.000000;-0.132163;-0.991228;,
      0.027979;-0.158473;-0.986967;,
      -0.000000;0.419107;-0.907937;,
      0.000000;0.459364;-0.888248;,
      -0.000000;-0.123579;0.992335;,
      -0.888062;0.393277;-0.238073;,
      -0.928759;0.167520;-0.330673;,
      -0.996204;-0.058357;0.064587;,
      0.041518;-0.171133;-0.984373;,
      -0.998473;0.043002;0.034674;,
      -0.000000;1.000000;-0.000000;,
      -0.000000;1.000000;-0.000000;,
      -0.000000;1.000000;-0.000000;,
      -0.000000;1.000000;-0.000000;,
      -0.000000;1.000000;-0.000000;,
      -1.000000;0.000000;-0.000000;,
      -1.000000;0.000000;0.000000;,
      -1.000000;0.000000;0.000000;,
      -1.000000;0.000000;-0.000000;,
      -1.000000;0.000000;-0.000000;,
      -1.000000;0.000000;-0.000000;,
      -1.000000;0.000000;-0.000000;,
      -1.000000;0.000000;-0.000000;,
      -1.000000;0.000000;-0.000000;,
      -1.000000;0.000000;0.000000;,
      -1.000000;0.000000;0.000000;,
      -1.000000;0.000000;-0.000000;,
      -1.000000;0.000000;-0.000000;,
      -0.000001;-0.751621;-0.659596;,
      -0.000000;-0.994679;-0.103020;,
      -0.000001;-0.994680;-0.103017;,
      -0.000000;-0.751620;-0.659596;,
      0.000000;-0.801940;0.597405;,
      0.000000;-0.801940;0.597405;,
      0.000000;-0.236951;0.971522;,
      -0.000000;-0.236950;0.971522;,
      -0.000003;0.668761;0.743477;,
      -0.000003;0.668763;0.743476;,
      0.000000;0.970031;-0.242983;,
      0.000000;0.970031;-0.242983;,
      -0.000000;0.811880;-0.583824;,
      -0.000000;0.811880;-0.583824;,
      0.000000;-0.990692;-0.136126;,
      0.000002;-0.902254;-0.431205;,
      0.000001;-0.902255;-0.431203;,
      0.000000;-0.990692;-0.136126;,
      0.000001;-0.415758;-0.909475;,
      -0.000000;-0.415759;-0.909475;,
      0.000001;0.356344;-0.934355;,
      0.000001;0.356343;-0.934355;,
      0.000000;0.696539;-0.717519;,
      0.000000;0.696539;-0.717519;,
      -0.000001;-0.104452;0.994530;,
      0.000439;-0.984560;-0.175047;,
      0.000439;-0.984560;-0.175047;,
      0.000439;-0.984560;-0.175047;,
      0.004617;-0.983955;-0.178354;,
      0.004617;-0.983955;-0.178354;,
      0.004617;-0.983955;-0.178354;,
      0.002276;-0.984105;-0.177575;,
      0.002276;-0.984105;-0.177575;,
      0.002276;-0.984105;-0.177575;,
      -0.000000;-0.524097;-0.851659;,
      -0.000000;-0.524097;-0.851659;,
      0.999129;0.040966;0.007963;,
      0.931099;0.029658;-0.363559;,
      0.999878;0.012746;-0.009057;,
      0.999824;0.018728;0.001326;,
      0.402800;-0.393922;0.826183;,
      0.370023;-0.392569;0.842005;,
      0.427390;0.052185;0.902560;,
      0.369045;0.122166;0.921348;,
      0.711971;0.011244;0.702119;,
      0.372735;0.042757;0.926952;,
      0.378160;0.021259;0.925496;,
      0.999914;0.011156;-0.006892;,
      0.922412;0.007281;0.386139;,
      0.999875;0.012980;-0.009032;,
      0.715450;0.022845;-0.698290;,
      0.707108;-0.000000;0.707106;,
      1.000000;0.000000;-0.000001;,
      0.707109;0.000000;-0.707105;,
      0.373728;-0.115054;0.920375;,
      0.913791;-0.050445;0.403040;,
      0.905901;-0.171311;0.387294;,
      0.908849;-0.180874;0.375870;,
