xof 0303txt 0032
template ColorRGBA {
 <35ff44e0-6c7c-11cf-8f52-0040333594a3>
 FLOAT red;
 FLOAT green;
 FLOAT blue;
 FLOAT alpha;
}

template ColorRGB {
 <d3e16e81-7835-11cf-8f52-0040333594a3>
 FLOAT red;
 FLOAT green;
 FLOAT blue;
}

template Material {
 <3d82ab4d-62da-11cf-ab39-0020af71e433>
 ColorRGBA faceColor;
 FLOAT power;
 ColorRGB specularColor;
 ColorRGB emissiveColor;
 [...]
}

template TextureFilename {
 <a42790e1-7810-11cf-8f52-0040333594a3>
 STRING filename;
}

template Frame {
 <3d82ab46-62da-11cf-ab39-0020af71e433>
 [...]
}

template Matrix4x4 {
 <f6f23f45-7686-11cf-8f52-0040333594a3>
 array FLOAT matrix[16];
}

template FrameTransformMatrix {
 <f6f23f41-7686-11cf-8f52-0040333594a3>
 Matrix4x4 frameMatrix;
}

template Vector {
 <3d82ab5e-62da-11cf-ab39-0020af71e433>
 FLOAT x;
 FLOAT y;
 FLOAT z;
}

template MeshFace {
 <3d82ab5f-62da-11cf-ab39-0020af71e433>
 DWORD nFaceVertexIndices;
 array DWORD faceVertexIndices[nFaceVertexIndices];
}

template Mesh {
 <3d82ab44-62da-11cf-ab39-0020af71e433>
 DWORD nVertices;
 array Vector vertices[nVertices];
 DWORD nFaces;
 array MeshFace faces[nFaces];
 [...]
}

template MeshMaterialList {
 <f6f23f42-7686-11cf-8f52-0040333594a3>
 DWORD nMaterials;
 DWORD nFaceIndexes;
 array DWORD faceIndexes[nFaceIndexes];
 [Material <3d82ab4d-62da-11cf-ab39-0020af71e433>]
}

template VertexElement {
 <f752461c-1e23-48f6-b9f8-8350850f336f>
 DWORD Type;
 DWORD Method;
 DWORD Usage;
 DWORD UsageIndex;
}

template DeclData {
 <bf22e553-292c-4781-9fea-62bd554bdd93>
 DWORD nElements;
 array VertexElement Elements[nElements];
 DWORD nDWords;
 array DWORD data[nDWords];
}

template XSkinMeshHeader {
 <3cf169ce-ff7c-44ab-93c0-f78f62d172e2>
 WORD nMaxSkinWeightsPerVertex;
 WORD nMaxSkinWeightsPerFace;
 WORD nBones;
}

template SkinWeights {
 <6f0d123b-bad2-4167-a0d0-80224f25fabb>
 STRING transformNodeName;
 DWORD nWeights;
 array DWORD vertexIndices[nWeights];
 array FLOAT weights[nWeights];
 Matrix4x4 matrixOffset;
}

template AnimTicksPerSecond {
 <9e415a43-7ba6-4a73-8743-b73d47e88476>
 DWORD AnimTicksPerSecond;
}

template Animation {
 <3d82ab4f-62da-11cf-ab39-0020af71e433>
 [...]
}

template AnimationSet {
 <3d82ab50-62da-11cf-ab39-0020af71e433>
 [Animation <3d82ab4f-62da-11cf-ab39-0020af71e433>]
}

template FloatKeys {
 <10dd46a9-775b-11cf-8f52-0040333594a3>
 DWORD nValues;
 array FLOAT values[nValues];
}

template TimedFloatKeys {
 <f406b180-7b3b-11cf-8f52-0040333594a3>
 DWORD time;
 FloatKeys tfkeys;
}

template AnimationKey {
 <10dd46a8-775b-11cf-8f52-0040333594a3>
 DWORD keyType;
 DWORD nKeys;
 array TimedFloatKeys keys[nKeys];
}


Material _03_-_Default {
 1.000000;1.000000;1.000000;1.000000;;
 9.999999;
 0.000000;0.000000;0.000000;;
 0.000000;0.000000;0.000000;;

 TextureFilename {
  "MaleBody_full.png";
 }
}

Frame Dummy01 {
 

 FrameTransformMatrix {
  1.000000,0.000000,0.000000,0.000000,0.000000,-0.000000,-1.000000,0.000000,0.000000,1.000000,-0.000000,0.000000,0.000000,0.000000,0.000000,1.000000;;
 }

 Frame Bip01 {
  

  FrameTransformMatrix {
   -0.350989,0.933893,0.068190,0.000000,0.128445,-0.024117,0.991423,0.000000,0.927528,0.356737,-0.111489,0.000000,0.052197,-0.186614,1.102715,1.000000;;
  }

  Frame Bip01_Pelvis {
   

   FrameTransformMatrix {
    0.000000,1.000000,-0.000001,0.000000,-0.000001,0.000001,1.000000,0.000000,1.000000,-0.000000,0.000001,0.000000,0.000000,0.000000,0.000000,1.000000;;
   }

   Frame Bip01_Spine {
    

    FrameTransformMatrix {
     0.987051,-0.020769,0.159056,0.000000,0.032265,0.997023,-0.070037,0.000000,-0.157128,0.074262,0.984782,0.000000,0.051647,-0.000006,-0.000083,1.000000;;
    }

    Frame Bip01_Spine1 {
     

     FrameTransformMatrix {
      0.990570,-0.065463,0.120358,0.000000,0.060753,0.997252,0.042399,0.000000,-0.122803,-0.034687,0.991825,0.000000,0.106490,0.000003,-0.000084,1.000000;;
     }

     Frame Bip01_Neck {
      

      FrameTransformMatrix {
       0.903366,0.000001,0.428870,0.000000,-0.000001,1.000000,-0.000000,0.000000,-0.428870,-0.000000,0.903366,0.000000,0.130516,0.000000,0.004628,1.000000;;
      }

      Frame Bip01_Head {
       

       FrameTransformMatrix {
        0.900424,-0.158653,-0.405050,0.000000,-0.013927,0.920131,-0.391363,0.000000,0.434790,0.358033,0.826299,0.000000,0.033674,-0.000000,0.000000,1.000000;;
       }

       Frame Bip01_HeadNub {
        

        FrameTransformMatrix {
         1.000000,-0.000000,-0.000000,0.000000,0.000000,1.000000,-0.000000,0.000000,0.000000,0.000000,1.000000,0.000000,0.169824,0.000000,0.000000,1.000000;;
        }
       }
      }

      Frame Bip01_L_Clavicle {
       

       FrameTransformMatrix {
        0.279210,0.860929,-0.425257,0.000000,0.867966,-0.415703,-0.271710,0.000000,-0.410704,-0.293244,-0.863325,0.000000,-0.023698,0.015715,0.006128,1.000000;;
       }

       Frame Bip01_L_UpperArm {
        

        FrameTransformMatrix {
         0.723936,-0.688990,-0.034767,0.000000,0.609337,0.614988,0.500498,0.000000,-0.323457,-0.383514,0.865039,0.000000,0.087086,0.000000,0.000000,1.000000;;
        }

        Frame Bip01_L_Forearm {
         

         FrameTransformMatrix {
          -0.662649,0.000000,-0.748930,0.000000,0.000000,1.000000,0.000000,0.000000,0.748930,-0.000000,-0.662649,0.000000,0.137062,0.000000,0.000000,1.000000;;
         }

         Frame Bip01_L_Hand {
          

          FrameTransformMatrix {
           0.924922,-0.221644,-0.308858,0.000000,0.321738,0.023628,0.946534,0.000000,-0.202496,-0.974841,0.093166,0.000000,0.137062,0.000000,0.000000,1.000000;;
          }

          Frame Bip01_L_Finger0 {
           

           FrameTransformMatrix {
            0.829256,-0.514255,0.218807,0.000000,0.558537,0.749101,-0.356210,0.000000,0.019274,0.417601,0.908427,0.000000,0.057681,-0.023605,-0.000272,1.000000;;
           }

           Frame Bip01_L_Finger0Nub {
            

            FrameTransformMatrix {
             1.000000,0.000000,0.000000,0.000000,0.000000,1.000000,-0.000000,0.000000,-0.000000,0.000000,1.000000,0.000000,0.029435,-0.000000,0.000000,1.000000;;
            }
           }
          }

          Frame Bip01_L_Finger1 {
           

           FrameTransformMatrix {
            0.691168,-0.000575,0.722693,0.000000,-0.000000,1.000000,0.000796,0.000000,-0.722694,-0.000550,0.691168,0.000000,0.084102,0.000000,0.000000,1.000000;;
           }

           Frame Bip01_L_Finger1Nub {
            

            FrameTransformMatrix {
             1.000000,0.000000,0.000000,0.000000,0.000000,1.000000,-0.000000,0.000000,0.000000,-0.000000,1.000000,0.000000,0.047988,-0.000000,-0.000000,1.000000;;
            }
           }
          }
         }
        }
       }
      }

      Frame Bip01_R_Clavicle {
       

       FrameTransformMatrix {
        0.038901,-0.999072,-0.018503,0.000000,-0.902186,-0.043078,0.429191,0.000000,-0.429589,-0.000002,-0.903024,0.000000,-0.023698,-0.015714,0.006128,1.000000;;
       }

       Frame Bip01_R_UpperArm {
        

        FrameTransformMatrix {
         0.435785,0.657680,-0.614449,0.000000,-0.879696,0.455601,-0.136250,0.000000,0.190334,0.599904,0.777102,0.000000,0.087086,0.000000,0.000000,1.000000;;
        }

        Frame Bip01_R_Forearm {
         

         FrameTransformMatrix {
          -0.214035,-0.000000,-0.976826,0.000000,0.000000,1.000000,0.000000,0.000000,0.976826,0.000000,-0.214035,0.000000,0.137062,0.000000,-0.000000,1.000000;;
         }

         Frame Bip01_R_Hand {
          

          FrameTransformMatrix {
           0.823483,-0.316118,-0.471110,0.000000,-0.047761,0.788809,-0.612780,0.000000,0.565326,0.527115,0.634473,0.000000,0.137062,0.000000,0.000000,1.000000;;
          }

          Frame Bip01_R_Finger0 {
           

           FrameTransformMatrix {
            0.829256,0.514255,0.218807,0.000000,-0.558537,0.749101,0.356210,0.000000,0.019274,-0.417601,0.908427,0.000000,0.057681,0.023605,-0.000272,1.000000;;
           }

           Frame Bip01_R_Finger0Nub {
            

            FrameTransformMatrix {
             -1.000000,-0.000000,-0.000000,0.000000,-0.000000,1.000000,0.000000,0.000000,-0.000000,-0.000000,-1.000000,0.000000,0.029435,0.000000,0.000000,1.000000;;
            }
           }
          }

          Frame Bip01_R_Finger1 {
           

           FrameTransformMatrix {
            0.834368,0.000439,0.551207,0.000000,-0.000000,1.000000,-0.000796,0.000000,-0.551207,0.000664,0.834368,0.000000,0.084102,0.000000,0.000000,1.000000;;
           }

           Frame Bip01_R_Finger1Nub {
            

            FrameTransformMatrix {
             -1.000000,-0.000000,-0.000000,0.000000,-0.000000,1.000000,0.000000,0.000000,0.000000,0.000000,-1.000000,0.000000,0.047988,0.000000,0.000000,1.000000;;
            }
           }
          }
         }
        }
       }
      }
     }

     Frame Bip01_BackPack {
      

      FrameTransformMatrix {
       0.060666,-0.032326,-0.997635,0.000000,-0.021305,0.999206,-0.033673,0.000000,0.997931,0.023298,0.059929,0.000000,0.063696,-0.000001,-0.088851,1.000000;;
      }

      Frame Bip01_BackPackNub {
       

       FrameTransformMatrix {
        0.000796,0.000003,1.000000,0.000000,0.000000,-1.000000,0.000003,0.000000,1.000000,-0.000000,-0.000796,0.000000,0.053240,0.000000,0.000000,1.000000;;
       }
      }
     }
    }

    Frame Bip01_L_Thigh {
     

     FrameTransformMatrix {
      -0.801489,0.109760,0.587850,0.000000,-0.136404,-0.990653,-0.001007,0.000000,0.582245,-0.080992,0.808969,0.000000,-0.052112,0.053395,0.012299,1.000000;;
     }

     Frame Bip01_L_Calf {
      

      FrameTransformMatrix {
       0.788518,0.000000,-0.615012,0.000000,0.000000,1.000000,-0.000000,0.000000,0.615012,-0.000000,0.788518,0.000000,0.237500,0.000000,0.000000,1.000000;;
      }

      Frame Bip01_L_Foot {
       

       FrameTransformMatrix {
        0.966060,-0.017660,0.257715,0.000000,-0.050041,0.965968,0.253774,0.000000,-0.253426,-0.258057,0.932299,0.000000,0.206841,0.000000,0.000000,1.000000;;
       }

       Frame Bip01_L_Toe0 {
        

        FrameTransformMatrix {
         -0.653130,-0.056896,0.755106,0.000000,-0.026694,0.998284,0.052130,0.000000,-0.756776,0.013891,-0.653527,0.000000,0.065373,-0.000000,0.066450,1.000000;;
        }

        Frame Bip01_L_Toe0Nub {
         

         FrameTransformMatrix {
          -1.000000,0.000000,0.000000,0.000000,-0.000000,1.000000,-0.000000,0.000000,-0.000000,-0.000000,-1.000000,0.000000,0.006735,0.000000,0.000000,1.000000;;
         }
        }
       }
      }
     }
    }

    Frame Bip01_R_Thigh {
     

     FrameTransformMatrix {
      0.151466,-0.064188,0.986376,0.000000,0.042587,-0.996539,-0.071389,0.000000,0.987545,0.052820,-0.148208,0.000000,-0.049818,-0.056727,0.004097,1.000000;;
     }

     Frame Bip01_R_Calf {
      

      FrameTransformMatrix {
       -0.578528,0.000000,-0.815663,0.000000,-0.000000,1.000000,0.000000,0.000000,0.815663,-0.000000,-0.578528,0.000000,0.237500,0.000000,0.000000,1.000000;;
      }

      Frame Bip01_R_Foot {
       

       FrameTransformMatrix {
        0.656721,-0.030804,0.753504,0.000000,0.041363,0.999133,0.004795,0.000000,-0.752999,0.028018,0.657425,0.000000,0.206841,0.000000,0.000000,1.000000;;
       }

       Frame Bip01_R_Toe0 {
        

        FrameTransformMatrix {
         0.112240,-0.090836,0.989521,0.000000,0.024342,0.995765,0.088649,0.000000,-0.993383,0.014137,0.113976,0.000000,0.065373,0.000000,0.066450,1.000000;;
        }

        Frame Bip01_R_Toe0Nub {
         

         FrameTransformMatrix {
          1.000000,0.000000,0.000000,0.000000,0.000000,1.000000,0.000000,0.000000,-0.000000,0.000000,1.000000,0.000000,0.006735,0.000000,-0.000000,1.000000;;
         }
        }
       }
      }
     }
    }
   }

   Frame Bip01_DressFront {
    

    FrameTransformMatrix {
     -0.043829,0.103810,0.993631,0.000000,-0.221513,0.968821,-0.110988,0.000000,-0.974172,-0.224967,-0.019467,0.000000,0.004382,0.000181,0.082719,1.000000;;
    }

    Frame Bip01_DressFront02 {
     

     FrameTransformMatrix {
      -0.154044,0.396460,0.905036,0.000000,-0.334679,0.840886,-0.425324,0.000000,-0.929656,-0.368415,0.003153,0.000000,0.183447,0.000048,-0.000000,1.000000;;
     }

     Frame Bip01_DressFrontNub {
      

      FrameTransformMatrix {
       0.000796,0.000003,1.000000,0.000000,0.000000,-1.000000,0.000003,0.000000,1.000000,0.000000,-0.000796,0.000000,0.165301,0.000000,-0.000000,1.000000;;
      }
     }
    }
   }

   Frame Bip01_DressBack {
    

    FrameTransformMatrix {
     -0.677491,0.030065,0.734917,0.000000,-0.219939,0.945169,-0.241419,0.000000,-0.701879,-0.325196,-0.633731,0.000000,-0.047634,0.000046,-0.078330,1.000000;;
    }

    Frame Bip01_DressBack02 {
     

     FrameTransformMatrix {
      0.651390,0.268287,0.709727,0.000000,0.101383,0.896234,-0.431839,0.000000,-0.751939,0.353251,0.556599,0.000000,0.176240,-0.000038,-0.000061,1.000000;;
     }

     Frame Bip01_DressBackNub {
      

      FrameTransformMatrix {
       0.000796,0.000003,1.000000,0.000000,0.000000,-1.000000,0.000003,0.000000,1.000000,0.000000,-0.000796,0.000000,0.136509,0.000000,-0.000000,1.000000;;
      }
     }
    }
   }
  }

  Frame Bip01_Prop1 {
   

   FrameTransformMatrix {
    0.745076,-0.589828,0.311392,0.000000,-0.317616,0.096771,0.943269,0.000000,-0.586500,-0.801710,-0.115237,0.000000,0.267443,0.278242,-0.123786,1.000000;;
   }
  }

  Frame Bip01_Prop2 {
   

   FrameTransformMatrix {
    1.000000,0.000000,0.000000,0.000000,-0.000000,1.000000,-0.000000,0.000000,-0.000000,-0.000000,1.000000,0.000000,0.109008,0.330775,0.156694,1.000000;;
   }
  }
 }
}

Frame Translation_Data {
 

 FrameTransformMatrix {
  1.000000,0.000000,0.000000,0.000000,0.000000,-0.000000,-1.000000,0.000000,0.000000,1.000000,-0.000000,0.000000,0.000000,-0.000000,0.000000,1.000000;;
 }
}

Frame Body {
 

 FrameTransformMatrix {
  1.000000,0.000000,0.000000,0.000000,0.000000,1.000000,0.000000,0.000000,0.000000,0.000000,1.000000,0.000000,0.000000,0.000000,0.000000,1.000000;;
 }

 Mesh Body {
  617;
  0.115404;1.379185;0.108982;,
  0.080689;1.350973;0.114676;,
  0.080310;1.382732;0.126509;,
  0.130024;1.358854;0.104700;,
  0.130201;1.324878;0.099425;,
  0.096035;1.283766;0.098405;,
  0.083095;1.317241;0.101443;,
  0.140695;1.289268;0.115050;,
  0.093066;1.409403;0.157175;,
  0.143484;1.392500;0.170200;,
  0.112928;1.406646;0.151982;,
  0.120759;1.394294;0.182945;,
  0.149410;1.139730;0.194160;,
  0.118865;1.152759;0.226549;,
  0.119023;1.138011;0.231524;,
  0.143059;1.152601;0.194315;,
  0.119271;1.156306;0.143795;,
  0.134063;1.127200;0.155728;,
  0.082386;1.156057;0.124611;,
  0.107379;1.108904;0.133568;,
  0.076084;1.102199;0.133889;,
  0.042610;1.283734;0.109140;,
  0.043591;1.319703;0.112340;,
  0.078561;1.155209;0.241190;,
  0.079412;1.138478;0.246198;,
  0.134190;1.260820;0.221330;,
  0.088500;1.305756;0.240533;,
  0.086140;1.265194;0.241263;,
  0.140849;1.304731;0.217576;,
  0.086445;1.077871;0.115102;,
  0.122609;0.982126;0.072774;,
  0.078676;0.996981;0.062544;,
  0.130129;1.061637;0.134066;,
  0.064814;0.907681;0.013056;,
  0.105313;0.895133;0.042371;,
  0.047140;1.070462;0.145968;,
  0.068910;0.945081;0.158079;,
  0.078839;1.035437;0.242975;,
  0.040832;0.982660;0.098323;,
  0.066036;0.885006;0.093643;,
  0.050471;0.893632;0.057007;,
  0.141954;0.950851;0.126093;,
  0.140988;1.022711;0.181003;,
  0.104735;0.888515;0.081220;,
  0.116028;0.620385;0.071553;,
  0.078903;0.612484;0.118364;,
  0.071050;0.619324;0.070669;,
  0.113686;0.613680;0.116432;,
  0.075202;0.841190;0.034417;,
  0.115192;0.768570;0.060296;,
  0.078507;0.767555;0.042025;,
  0.113961;0.842814;0.052029;,
  0.112140;0.689641;0.073680;,
  0.086557;0.689871;0.050374;,
  0.044039;0.823864;0.070928;,
  0.068173;0.777844;0.115157;,
  0.061149;0.843131;0.120352;,
  0.058241;0.766280;0.075134;,
  0.085235;0.699157;0.103380;,
  0.075233;0.680938;0.074205;,
  0.127158;0.777818;0.095750;,
  0.129325;0.852297;0.098055;,
  0.108348;0.704739;0.097949;,
  0.137830;1.097555;0.157682;,
  0.032875;1.099963;0.137238;,
  0.047140;1.070462;0.145968;,
  0.033359;1.064806;0.149483;,
  0.157835;1.088441;0.207685;,
  0.119694;1.091076;0.247937;,
  0.144503;1.036330;0.195290;,
  0.109948;1.039236;0.233798;,
  0.125873;1.210140;0.221738;,
  0.158613;1.255544;0.194894;,
  0.164247;1.258030;0.174676;,
  0.125699;1.206557;0.142173;,
  0.141408;1.256177;0.125858;,
  0.148361;1.206722;0.187738;,
  0.097653;1.252328;0.103190;,
  0.094748;1.202471;0.121909;,
  0.044677;1.257114;0.113685;,
  0.046704;1.201018;0.132917;,
  0.184045;1.424902;0.111875;,
  0.233892;1.416770;0.115625;,
  0.159450;1.379684;0.096191;,
  0.263623;1.348930;0.117968;,
  0.218676;1.363768;0.092188;,
  0.277932;1.392295;0.134084;,
  0.165711;1.352618;0.150413;,
  0.218676;1.363768;0.092188;,
  0.214594;1.337969;0.152878;,
  0.281901;1.332586;0.132243;,
  0.263623;1.348930;0.117968;,
  0.166607;1.357274;0.160706;,
  0.229548;1.391116;0.176449;,
  0.180539;1.398376;0.172147;,
  0.296392;1.375827;0.148056;,
  0.183462;1.420398;0.141465;,
  0.252156;1.402833;0.141401;,
  0.204700;1.386288;0.079854;,
  0.230985;1.352694;0.123012;,
  0.219235;1.417057;0.093617;,
  0.190826;1.404625;0.048657;,
  0.195242;1.430156;0.051712;,
  0.230985;1.352694;0.123012;,
  0.254482;1.384621;0.051697;,
  0.283429;1.341506;0.091397;,
  0.204700;1.386288;0.079854;,
  0.221305;1.408016;0.024804;,
  0.190826;1.404625;0.048657;,
  0.265483;1.408127;0.062673;,
  0.304216;1.391427;0.109750;,
  0.225009;1.425421;0.029224;,
  0.090576;1.410276;-0.013101;,
  0.145460;1.407230;-0.028437;,
  0.106460;1.401277;-0.000828;,
  0.129449;1.416069;-0.040127;,
  0.110483;1.415585;0.031705;,
  0.110366;1.431101;0.025403;,
  0.107963;1.420871;0.022138;,
  0.109567;1.424771;0.038839;,
  0.190944;1.402721;0.000413;,
  0.141414;1.423557;0.027940;,
  0.164119;1.419421;-0.019522;,
  0.162923;1.399775;0.041379;,
  0.159767;1.438778;-0.021637;,
  0.196691;1.439842;0.004936;,
  0.168257;1.437591;0.048393;,
  0.138607;1.442951;0.024406;,
  0.131613;1.431187;0.151392;,
  0.132704;1.429787;0.121622;,
  0.112928;1.406646;0.151982;,
  0.108331;1.402841;0.128305;,
  0.169929;1.304306;0.188905;,
  0.093685;1.397601;0.131060;,
  0.136940;1.410021;0.104933;,
  0.130024;1.358854;0.104700;,
  0.115404;1.379185;0.108982;,
  0.153846;1.395936;0.106414;,
  0.167698;1.349982;0.172306;,
  0.138618;1.344787;0.204549;,
  0.168402;1.354160;0.167595;,
  0.085582;1.341827;0.228145;,
  0.074930;1.390304;0.194331;,
  0.143484;1.392500;0.170200;,
  0.168402;1.354160;0.167595;,
  0.143773;1.330671;0.128581;,
  0.166625;1.350392;0.161215;,
  0.159450;1.379684;0.096191;,
  0.161572;1.296318;0.158839;,
  0.143874;1.288245;0.129491;,
  0.130201;1.324878;0.099425;,
  0.171744;1.301264;0.171441;,
  0.162923;1.399775;0.041379;,
  0.085218;1.425440;0.126779;,
  0.079507;1.433657;0.147140;,
  0.066941;1.413022;0.170657;,
  0.055542;1.436459;0.159002;,
  0.138607;1.442951;0.024406;,
  0.090576;1.410276;-0.013101;,
  0.129449;1.416069;-0.040127;,
  0.126684;1.405023;0.036622;,
  0.127550;1.429056;0.046245;,
  0.126684;1.405023;0.036622;,
  0.126082;1.416015;0.022636;,
  0.136322;1.437806;0.027739;,
  0.136322;1.437806;0.027739;,
  0.110483;1.415585;0.031705;,
  0.109567;1.424771;0.038839;,
  0.110366;1.431101;0.025403;,
  0.117676;0.652976;-0.001570;,
  0.085718;0.636947;-0.047466;,
  0.084281;0.654250;-0.037574;,
  0.123426;0.632805;-0.012102;,
  0.073717;0.646922;0.112847;,
  0.071050;0.619324;0.070669;,
  0.078903;0.612484;0.118364;,
  0.068883;0.644326;0.071825;,
  0.085235;0.699157;0.103380;,
  0.115077;0.651394;0.110774;,
  0.108348;0.704739;0.097949;,
  0.116028;0.620385;0.071553;,
  0.113686;0.613680;0.116432;,
  0.116116;0.655345;0.074088;,
  0.086557;0.689871;0.050374;,
  0.112140;0.689641;0.073680;,
  0.057462;0.648829;-0.026365;,
  0.051383;0.634286;-0.035463;,
  0.123426;0.632805;-0.012102;,
  0.051383;0.634286;-0.035463;,
  0.040832;0.982660;0.098323;,
  0.050471;0.893632;0.057007;,
  0.044039;0.823864;0.070928;,
  0.058241;0.766280;0.075134;,
  0.075233;0.680938;0.074205;,
  0.075233;0.680938;0.074205;,
  0.049467;1.048961;0.196315;,
  0.093324;1.432402;0.115243;,
  0.078349;1.417354;0.098706;,
  0.085755;1.425468;0.096396;,
  0.075384;1.415839;0.113597;,
  0.081770;1.451463;0.137181;,
  0.071900;1.461224;0.156925;,
  0.039354;1.560798;0.092274;,
  0.021825;1.546855;0.066179;,
  0.019151;1.561275;0.092180;,
  0.067136;1.494633;0.051057;,
  0.050792;1.489551;0.044751;,
  0.057725;1.522228;0.056778;,
  0.087402;1.446126;0.091196;,
  0.092882;1.460778;0.116501;,
  0.089433;1.443885;0.123109;,
  0.086750;1.496647;0.130630;,
  0.085316;1.504494;0.107427;,
  0.069338;1.533159;0.072288;,
  0.077166;1.539638;0.098304;,
  0.082238;1.496948;0.081426;,
  0.083318;1.501287;0.146412;,
  0.070908;1.508913;0.166059;,
  0.032347;1.502892;0.177573;,
  0.055374;1.551913;0.149872;,
  0.022747;1.548044;0.160286;,
  0.087316;1.475034;0.084504;,
  0.080294;1.433582;0.078407;,
  0.074378;1.464992;0.061941;,
  0.071145;1.405594;0.069138;,
  0.053098;1.397318;0.081484;,
  0.052823;1.397380;0.060345;,
  0.049326;1.540987;0.063840;,
  0.060715;1.554808;0.093365;,
  0.070870;1.550670;0.131128;,
  0.054140;1.564041;0.120970;,
  0.036104;1.566485;0.127030;,
  0.018760;1.565375;0.129354;,
  0.040256;1.464356;0.169411;,
  0.070870;1.550670;0.131128;,
  0.054140;1.564041;0.120970;,
  0.098461;1.464625;0.115551;,
  0.094385;1.511719;0.121108;,
  0.103156;1.494971;0.130912;,
  0.091246;1.491663;0.117815;,
  0.103156;1.494971;0.130912;,
  0.098461;1.464625;0.115551;,
  0.094385;1.511719;0.121108;,
  0.085316;1.504494;0.107427;,
  0.090796;1.480350;0.102909;,
  0.092882;1.460778;0.116501;,
  0.069561;1.486629;0.059937;,
  0.090796;1.480350;0.102909;,
  0.093685;1.397601;0.131060;,
  0.085218;1.425440;0.126779;,
  0.108331;1.402841;0.128305;,
  0.081770;1.451463;0.137181;,
  0.047887;1.369635;0.120278;,
  0.046537;1.345954;0.118438;,
  0.040374;1.158615;0.136099;,
  0.080294;1.093166;0.262650;,
  0.074838;1.059499;0.258987;,
  0.063998;1.024159;0.231889;,
  0.047673;1.393974;0.102254;,
  0.049467;1.048961;0.196315;,
  0.036104;1.566485;0.127030;,
  0.018760;1.565375;0.129354;,
  0.065348;1.436038;0.061184;,
  0.053373;1.456090;0.052449;,
  0.055529;1.446696;0.053007;,
  0.023818;1.536584;0.054755;,
  0.028333;1.514194;0.043544;,
  0.050524;1.481196;0.054731;,
  0.081493;1.213072;0.238438;,
  0.108331;1.402841;0.128305;,
  0.085718;0.636947;-0.047466;,
  0.059049;1.425393;0.055298;,
  0.066105;1.429516;0.061970;,
  0.057871;1.430340;0.058502;,
  0.043246;1.442730;0.048256;,
  0.041549;1.450292;0.038224;,
  0.056845;1.433731;0.053391;,
  0.046385;1.428216;0.058104;,
  0.047789;1.421149;0.052845;,
  0.034448;1.484469;0.038444;,
  0.036345;1.475619;0.043081;,
  0.166625;1.350392;0.161215;,
  0.045665;1.431184;0.049800;,
  0.143130;1.333429;0.143873;,
  0.143773;1.330671;0.128581;,
  0.130201;1.324878;0.099425;,
  0.083318;1.501287;0.146412;,
  0.075202;0.841190;0.034417;,
  0.031565;0.881197;0.004854;,
  0.015207;0.956382;-0.005712;,
  0.078507;0.767555;0.042025;,
  0.064814;0.907681;0.013056;,
  0.013179;0.992065;-0.017876;,
  0.078676;0.996981;0.062544;,
  0.019080;1.042996;0.050629;,
  0.086445;1.077871;0.115102;,
  0.032307;1.091198;0.110331;,
  0.076084;1.102199;0.133889;,
  0.037752;0.809178;0.010753;,
  0.086557;0.689871;0.050374;,
  0.076892;0.774330;0.136176;,
  0.022146;0.779341;0.144845;,
  0.082620;0.704382;0.139232;,
  0.022695;0.850996;0.135700;,
  0.019801;0.921896;0.117098;,
  0.069598;0.842523;0.132288;,
  0.020326;0.979836;0.112380;,
  0.068080;0.876894;0.122432;,
  0.072183;0.938161;0.170937;,
  0.038974;0.987510;0.173270;,
  0.067491;1.037275;0.247147;,
  0.143130;1.333429;0.143873;,
  -0.014621;1.367957;0.148624;,
  0.018032;1.352807;0.137045;,
  -0.026150;1.347536;0.152702;,
  0.027462;1.384279;0.145376;,
  -0.030202;1.328885;0.157013;,
  -0.005938;1.288083;0.133600;,
  -0.030459;1.296515;0.174122;,
  0.006048;1.319498;0.128950;,
  0.038398;1.411004;0.176692;,
  0.001798;1.392976;0.220160;,
  0.032526;1.396878;0.214445;,
  0.001927;1.397263;0.189381;,
  -0.005207;1.158315;0.253628;,
  0.038811;1.161856;0.256013;,
  0.000225;1.168830;0.246886;,
  0.041061;1.147382;0.261509;,
  -0.013686;1.171413;0.192729;,
  -0.022172;1.145979;0.215819;,
  0.001352;1.165264;0.154436;,
  -0.020400;1.124780;0.186224;,
  -0.000016;1.111346;0.163158;,
  0.078561;1.155209;0.241190;,
  0.079412;1.138478;0.246198;,
  0.035545;1.266625;0.253896;,
  0.088500;1.305756;0.240533;,
  0.033245;1.309287;0.254715;,
  0.086140;1.265194;0.241263;,
  -0.009635;1.136744;0.168627;,
  -0.084568;1.135922;0.086833;,
  -0.044154;1.112145;0.185282;,
  -0.044312;1.158872;0.076431;,
  -0.084116;1.140011;-0.029420;,
  -0.107757;1.127141;-0.004459;,
  0.035318;1.124569;0.152824;,
  -0.020451;1.053257;0.062572;,
  -0.003468;1.127278;0.060589;,
  0.056383;1.038136;0.251612;,
  -0.054440;1.107253;-0.008473;,
  -0.055357;1.120975;-0.025275;,
  -0.093940;1.071842;0.087986;,
  -0.043286;1.061047;0.191064;,
  -0.092029;1.113321;0.006127;,
  -0.090813;0.884218;0.094612;,
  -0.039323;0.867026;0.120790;,
  -0.071635;0.870407;0.133420;,
  -0.050316;0.880858;0.075280;,
  -0.085116;1.071217;-0.006236;,
  -0.093367;1.022870;0.065438;,
  -0.103722;1.087072;0.028656;,
  -0.076820;1.007755;0.031110;,
  -0.077119;0.953705;0.104832;,
  -0.068983;0.946198;0.072952;,
  -0.036558;1.062322;0.006704;,
  -0.023124;1.041547;0.070299;,
  -0.040084;1.014453;0.041796;,
  -0.019732;1.101309;0.042810;,
  -0.038505;0.964867;0.109836;,
  -0.045713;0.941280;0.087700;,
  -0.080689;1.046618;0.093024;,
  -0.086929;1.115575;0.065398;,
  -0.060755;0.971832;0.117558;,
  -0.029725;1.117695;0.222126;,
  0.035318;1.124569;0.152824;,
  -0.012935;1.108968;0.273366;,
  0.041732;1.100447;0.277922;,
  -0.029762;1.062603;0.227153;,
  0.021039;1.050723;0.236408;,
  0.035874;1.216928;0.251065;,
  -0.000050;1.264881;0.247274;,
  -0.016182;1.268648;0.234242;,
  -0.010498;1.216830;0.186554;,
  -0.002276;1.218084;0.236825;,
  -0.026753;1.266072;0.181375;,
  -0.005432;1.258394;0.137223;,
  0.002031;1.209464;0.152121;,
  -0.073559;1.374573;0.157725;,
  -0.025357;1.354698;0.144413;,
  -0.109372;1.339927;0.148666;,
  -0.093185;1.272883;0.132383;,
  -0.132140;1.296232;0.149344;,
  -0.063057;1.310250;0.124913;,
  -0.022579;1.317917;0.192903;,
  -0.053656;1.278790;0.182249;,
  -0.063057;1.310250;0.124913;,
  -0.100867;1.239624;0.151366;,
  -0.093185;1.272883;0.132383;,
  -0.027490;1.319030;0.203055;,
  -0.099865;1.308700;0.206207;,
  -0.064139;1.342296;0.214453;,
  -0.139859;1.262777;0.168064;,
  -0.074783;1.365006;0.186065;,
  -0.124653;1.316874;0.149051;,
  -0.087381;1.325588;0.079419;,
  -0.117333;1.340393;0.094621;,
  -0.077112;1.291801;0.128765;,
  -0.094699;1.340807;0.037740;,
  -0.113906;1.357453;0.047761;,
  -0.077112;1.291801;0.128765;,
  -0.124959;1.285703;0.062957;,
  -0.087381;1.325588;0.079419;,
  -0.110780;1.242384;0.109423;,
  -0.126036;1.323792;0.029298;,
  -0.094699;1.340807;0.037740;,
  -0.147710;1.297168;0.074999;,
  -0.157939;1.267450;0.129679;,
  -0.135576;1.331025;0.033787;,
  -0.083726;1.449340;-0.026910;,
  -0.127870;1.413173;-0.026747;,
  -0.129115;1.434785;-0.025161;,
  -0.081920;1.427471;-0.028456;,
  -0.062181;1.409768;-0.001224;,
  -0.069760;1.420874;0.008759;,
  -0.057755;1.412110;0.009312;,
  -0.068988;1.418650;-0.001989;,
  -0.133041;1.358829;0.000473;,
  -0.085346;1.393338;0.013871;,
  -0.083792;1.359232;0.007298;,
  -0.135111;1.395919;-0.003509;,
  -0.137563;1.410249;0.010157;,
  -0.139690;1.372312;0.035192;,
  -0.088391;1.372271;0.043583;,
  -0.089843;1.407205;0.027436;,
  -0.025250;1.404020;0.196721;,
  -0.039243;1.401214;0.170508;,
  0.001927;1.397263;0.189381;,
  -0.004961;1.391732;0.163719;,
  -0.007177;1.311804;0.250032;,
  0.020780;1.399736;0.157087;,
  -0.042876;1.380860;0.154477;,
  -0.026150;1.347536;0.152702;,
  -0.044455;1.363861;0.159980;,
  -0.014621;1.367957;0.148624;,
  -0.013803;1.352341;0.236598;,
  -0.017677;1.355804;0.233027;,
  0.029831;1.347973;0.243387;,
  0.085582;1.341827;0.228145;,
  0.074930;1.390304;0.194331;,
  0.001798;1.392976;0.220160;,
  -0.017677;1.355804;0.233027;,
  -0.022230;1.328300;0.184936;,
  -0.025357;1.354698;0.144413;,
  -0.021595;1.347744;0.225503;,
  -0.019573;1.303988;0.221360;,
  -0.024195;1.295361;0.187499;,
  -0.030202;1.328885;0.157013;,
  -0.019504;1.309361;0.237449;,
  -0.083792;1.359232;0.007298;,
  0.017746;1.420061;0.140179;,
  0.029590;1.429677;0.157054;,
  0.066941;1.413022;0.170657;,
  0.055542;1.436459;0.159002;,
  -0.089843;1.407205;0.027436;,
  -0.083726;1.449340;-0.026910;,
  -0.129115;1.434785;-0.025161;,
  -0.066351;1.390290;-0.002430;,
  -0.063744;1.398095;0.022131;,
  -0.066351;1.390290;-0.002430;,
  -0.078763;1.402778;0.000174;,
  -0.084954;1.404645;0.023922;,
  -0.084954;1.404645;0.023922;,
  -0.062181;1.409768;-0.001224;,
  -0.057755;1.412110;0.009312;,
  -0.069760;1.420874;0.008759;,
  -0.117619;0.927966;0.033135;,
  -0.108544;0.917650;-0.023398;,
  -0.129330;0.910049;0.023504;,
  -0.101342;0.933074;-0.012932;,
  -0.032870;0.901568;0.117876;,
  -0.050316;0.880858;0.075280;,
  -0.045039;0.905210;0.078486;,
  -0.039323;0.867026;0.120790;,
  -0.038505;0.964867;0.109836;,
  -0.070856;0.908560;0.133469;,
  -0.060755;0.971832;0.117558;,
  -0.090813;0.884218;0.094612;,
  -0.085908;0.918294;0.101201;,
  -0.071635;0.870407;0.133420;,
  -0.068983;0.946198;0.072952;,
  -0.077119;0.953705;0.104832;,
  -0.073084;0.924499;-0.014430;,
  -0.072811;0.911262;-0.026917;,
  -0.129330;0.910049;0.023504;,
  -0.072811;0.911262;-0.026917;,
  -0.003468;1.127278;0.060589;,
  -0.055357;1.120975;-0.025275;,
  -0.036558;1.062322;0.006704;,
  -0.040084;1.014453;0.041796;,
  -0.045713;0.941280;0.087700;,
  -0.045713;0.941280;0.087700;,
  0.003041;1.413635;0.116364;,
  0.022373;1.405718;0.099401;,
  0.023119;1.411672;0.123977;,
  0.012294;1.410199;0.097309;,
  0.006562;1.435830;0.138115;,
  0.012192;1.448813;0.157666;,
  0.000819;1.552788;0.092753;,
  0.019151;1.561275;0.092180;,
  0.000727;1.480830;0.051882;,
  -0.001502;1.509917;0.057514;,
  0.017588;1.482649;0.045163;,
  0.002429;1.428464;0.092251;,
  -0.007830;1.439844;0.117752;,
  0.002220;1.425757;0.124192;,
  -0.016163;1.475255;0.131909;,
  -0.018528;1.482909;0.108717;,
  -0.016136;1.515392;0.073349;,
  -0.013318;1.477086;0.082613;,
  -0.025276;1.518344;0.099577;,
  -0.014489;1.480956;0.147627;,
  -0.005682;1.492993;0.167011;,
  0.032347;1.502892;0.177573;,
  -0.008958;1.538541;0.150671;,
  0.022747;1.548044;0.160286;,
  -0.009169;1.454979;0.085703;,
  0.006157;1.450812;0.062789;,
  0.013641;1.419727;0.079235;,
  0.032960;1.397657;0.069613;,
  -0.001108;1.530504;0.064467;,
  -0.016354;1.538789;0.094322;,
  -0.023117;1.531134;0.132296;,
  -0.013347;1.550013;0.121808;,
  0.018760;1.565375;0.129354;,
  0.002361;1.559471;0.127449;,
  0.040256;1.464356;0.169411;,
  -0.023117;1.531134;0.132296;,
  -0.013347;1.550013;0.121808;,
  -0.014501;1.441145;0.116955;,
  -0.029396;1.485990;0.122646;,
  -0.018606;1.468829;0.119180;,
  -0.030531;1.467183;0.132572;,
  -0.030531;1.467183;0.132572;,
  -0.014501;1.441145;0.116955;,
  -0.029396;1.485990;0.122646;,
  -0.018528;1.482909;0.108717;,
  -0.014040;1.458559;0.104212;,
  -0.007830;1.439844;0.117752;,
  0.001905;1.472566;0.060777;,
  -0.014040;1.458559;0.104212;,
  0.020780;1.399736;0.157087;,
  0.017746;1.420061;0.140179;,
  -0.004961;1.391732;0.163719;,
  0.006562;1.435830;0.138115;,
  0.080294;1.093166;0.262650;,
  0.074838;1.059499;0.258987;,
  0.063998;1.024159;0.231889;,
  0.049467;1.048961;0.196315;,
  0.002361;1.559471;0.127449;,
  0.018760;1.565375;0.129354;,
  0.025955;1.427850;0.061673;,
  0.028737;1.450969;0.052755;,
  0.030517;1.441497;0.053317;,
  0.021400;1.475142;0.055093;,
  0.081493;1.213072;0.238438;,
  -0.004961;1.391732;0.163719;,
  -0.108544;0.917650;-0.023398;,
  0.027878;1.421570;0.062444;,
  0.035832;1.420567;0.055587;,
  0.035017;1.425589;0.058786;,
  0.034485;1.429084;0.053668;,
  -0.021595;1.347744;0.225503;,
  -0.011986;1.332773;0.198240;,
  -0.022230;1.328300;0.184936;,
  -0.030202;1.328885;0.157013;,
  -0.014489;1.480956;0.147627;,
  -0.050433;1.059532;-0.047062;,
  -0.012760;0.944766;-0.018526;,
  -0.050761;0.988402;-0.020419;,
  -0.019195;1.020652;-0.030711;,
  -0.046694;1.139516;-0.042581;,
  -0.017659;1.095401;-0.037346;,
  -0.005908;1.137303;0.047959;,
  0.002599;1.099508;0.035888;,
  0.025769;1.136893;0.131499;,
  0.024858;1.112847;0.111828;,
  0.032875;1.099963;0.137238;,
  -0.000016;1.111346;0.163158;,
  -0.007505;0.879509;-0.011861;,
  -0.045989;0.920050;-0.000250;,
  -0.005543;0.956282;0.132143;,
  -0.080689;1.046618;0.093024;,
  -0.060742;0.971831;0.117554;,
  -0.013684;1.022639;0.099013;,
  -0.086929;1.115575;0.065398;,
  -0.021443;1.105478;0.059554;,
  -0.044205;1.096636;0.002373;,
  -0.092029;1.113321;0.006127;,
  -0.093939;1.071842;0.087986;,
  -0.021750;1.035811;0.061940;,
  0.074838;1.059499;0.258987;,
  0.021039;1.050723;0.236408;,
  -0.011986;1.332773;0.198240;,
  -0.009635;1.136744;0.168627;,
  -0.044312;1.158872;0.076431;,
  -0.084116;1.140011;-0.029420;,
  -0.085116;1.071217;-0.006236;,
  -0.076820;1.007755;0.031110;,
  -0.068983;0.946198;0.072952;,
  0.141954;0.950851;0.126093;,
  0.109948;1.039236;0.233798;,
  0.140988;1.022711;0.181003;,
  0.104735;0.888515;0.081220;,
  0.129325;0.852297;0.098055;,
  0.127158;0.777818;0.095750;,
  0.108348;0.704739;0.097949;,
  -0.043286;1.061047;0.191064;;
  916;
  3;0,1,2;,
  3;1,0,3;,
  3;4,5,6;,
  3;5,4,7;,
  3;8,9,10;,
  3;9,8,11;,
  3;12,13,14;,
  3;13,12,15;,
  3;16,12,17;,
  3;12,16,15;,
  3;18,19,20;,
  3;19,18,16;,
  3;6,21,22;,
  3;21,6,5;,
  3;14,23,24;,
  3;23,14,13;,
  3;25,26,27;,
  3;26,25,28;,
  3;29,30,31;,
  3;30,29,32;,
  3;30,33,31;,
  3;33,30,34;,
  3;35,36,37;,
  3;36,35,38;,
  3;38,39,36;,
  3;39,38,40;,
  3;37,41,42;,
  3;41,37,36;,
  3;36,43,41;,
  3;43,36,39;,
  3;42,30,32;,
  3;30,42,41;,
  3;41,34,30;,
  3;34,41,43;,
  3;44,45,46;,
  3;45,44,47;,
  3;48,49,50;,
  3;49,48,51;,
  3;50,52,53;,
  3;52,50,49;,
  3;54,55,56;,
  3;55,54,57;,
  3;57,58,55;,
  3;58,57,59;,
  3;56,60,61;,
  3;60,56,55;,
  3;55,62,60;,
  3;62,55,58;,
  3;61,49,51;,
  3;49,61,60;,
  3;60,52,49;,
  3;52,60,62;,
  3;32,19,63;,
  3;19,32,29;,
  3;64,65,66;,
  3;65,64,20;,
  3;14,67,12;,
  3;67,14,68;,
  3;68,69,67;,
  3;69,68,70;,
  3;70,42,69;,
  3;42,70,37;,
  3;48,34,51;,
  3;34,48,33;,
  3;51,43,61;,
  3;43,51,34;,
  3;43,56,61;,
  3;56,43,39;,
  3;39,54,56;,
  3;54,39,40;,
  3;12,63,17;,
  3;63,12,67;,
  3;67,32,63;,
  3;32,67,69;,
  3;69,42,32;,
  3;71,72,25;,
  3;73,74,75;,
  3;74,73,76;,
  3;74,77,75;,
  3;77,74,78;,
  3;79,78,80;,
  3;78,79,77;,
  3;81,82,83;,
  3;82,84,85;,
  3;84,82,86;,
  3;87,88,89;,
  3;88,90,89;,
  3;90,88,91;,
  3;92,93,94;,
  3;92,89,93;,
  3;92,87,89;,
  3;89,95,93;,
  3;95,89,90;,
  3;96,93,82;,
  3;93,86,82;,
  3;86,93,95;,
  3;97,98,99;,
  3;98,97,100;,
  3;100,101,98;,
  3;101,100,102;,
  3;103,104,105;,
  3;104,103,106;,
  3;106,107,104;,
  3;107,106,108;,
  3;105,109,110;,
  3;109,105,104;,
  3;104,111,109;,
  3;111,104,107;,
  3;110,100,97;,
  3;100,110,109;,
  3;109,102,100;,
  3;102,109,111;,
  3;112,113,114;,
  3;113,112,115;,
  3;116,117,118;,
  3;117,116,119;,
  3;120,121,122;,
  3;121,120,123;,
  3;120,124,125;,
  3;124,120,122;,
  3;126,124,127;,
  3;124,126,125;,
  3;95,97,86;,
  3;97,95,110;,
  3;86,99,84;,
  3;99,86,97;,
  3;90,103,105;,
  3;103,90,91;,
  3;105,95,90;,
  3;95,105,110;,
  3;128,96,129;,
  3;96,128,94;,
  3;129,130,128;,
  3;130,129,131;,
  3;72,28,25;,
  3;28,72,132;,
  3;10,133,8;,
  3;134,135,136;,
  3;135,134,137;,
  3;81,137,134;,
  3;138,11,139;,
  3;138,9,11;,
  3;138,140,9;,
  3;141,11,142;,
  3;11,141,139;,
  3;128,130,143;,
  3;94,144,92;,
  3;94,143,144;,
  3;94,128,143;,
  3;145,87,146;,
  3;87,145,147;,
  3;75,148,73;,
  3;148,75,149;,
  3;150,147,145;,
  3;7,149,75;,
  3;148,151,73;,
  3;102,152,101;,
  3;152,102,126;,
  3;102,125,126;,
  3;125,102,111;,
  3;111,120,125;,
  3;120,111,107;,
  3;120,108,123;,
  3;108,120,107;,
  3;8,153,154;,
  3;153,8,133;,
  3;154,155,8;,
  3;155,154,156;,
  3;122,114,113;,
  3;114,122,121;,
  3;121,112,114;,
  3;112,121,157;,
  3;158,124,159;,
  3;124,158,127;,
  3;159,122,113;,
  3;122,159,124;,
  3;126,160,152;,
  3;160,126,161;,
  3;162,121,123;,
  3;121,162,163;,
  3;121,164,157;,
  3;164,121,163;,
  3;165,126,127;,
  3;126,165,161;,
  3;161,166,160;,
  3;166,161,167;,
  3;162,118,163;,
  3;118,162,116;,
  3;163,117,164;,
  3;117,163,118;,
  3;165,167,161;,
  3;167,165,168;,
  3;169,170,171;,
  3;170,169,172;,
  3;173,174,175;,
  3;174,173,176;,
  3;177,178,179;,
  3;178,177,173;,
  3;180,178,181;,
  3;178,180,182;,
  3;183,169,171;,
  3;169,183,184;,
  3;174,185,186;,
  3;185,174,176;,
  3;46,187,44;,
  3;187,46,188;,
  3;180,169,182;,
  3;169,180,172;,
  3;20,29,65;,
  3;19,29,20;,
  3;29,31,189;,
  3;31,190,189;,
  3;190,31,33;,
  3;33,191,190;,
  3;191,33,48;,
  3;191,50,192;,
  3;50,191,48;,
  3;192,53,193;,
  3;53,192,50;,
  3;194,171,185;,
  3;171,194,183;,
  3;171,186,185;,
  3;186,171,170;,
  3;185,176,194;,
  3;194,173,177;,
  3;173,194,176;,
  3;178,175,181;,
  3;175,178,173;,
  3;179,182,184;,
  3;182,179,178;,
  3;182,169,184;,
  3;16,17,19;,
  3;17,63,19;,
  3;65,195,66;,
  3;196,197,198;,
  3;197,196,199;,
  3;200,154,153;,
  3;154,200,201;,
  3;202,203,204;,
  3;205,206,207;,
  3;196,208,209;,
  3;208,196,198;,
  3;210,209,211;,
  3;209,210,196;,
  3;212,213,214;,
  3;213,212,215;,
  3;212,214,211;,
  3;201,216,217;,
  3;216,201,200;,
  3;218,219,220;,
  3;219,218,217;,
  3;210,199,196;,
  3;213,205,207;,
  3;221,222,223;,
  3;198,197,224;,
  3;224,225,226;,
  3;225,224,197;,
  3;227,213,207;,
  3;228,229,214;,
  3;229,228,230;,
  3;220,231,232;,
  3;213,228,214;,
  3;156,201,233;,
  3;201,156,154;,
  3;233,217,218;,
  3;217,233,201;,
  3;219,217,234;,
  3;235,219,234;,
  3;236,237,238;,
  3;237,236,239;,
  3;209,240,211;,
  3;240,209,241;,
  3;211,242,212;,
  3;242,211,240;,
  3;243,239,244;,
  3;239,243,237;,
  3;244,236,245;,
  3;236,244,239;,
  3;246,221,223;,
  3;221,246,215;,
  3;221,212,247;,
  3;212,221,215;,
  3;199,248,2;,
  3;248,199,249;,
  3;133,10,250;,
  3;249,210,251;,
  3;210,249,199;,
  3;210,211,251;,
  3;252,1,253;,
  3;1,252,2;,
  3;20,254,18;,
  3;254,20,64;,
  3;24,68,14;,
  3;68,24,255;,
  3;68,256,70;,
  3;256,68,255;,
  3;256,37,70;,
  3;37,256,257;,
  3;258,2,252;,
  3;2,258,199;,
  3;257,259,37;,
  3;37,259,35;,
  3;260,204,261;,
  3;204,260,202;,
  3;262,263,223;,
  3;263,262,264;,
  3;197,258,225;,
  3;258,197,199;,
  3;265,203,227;,
  3;265,207,266;,
  3;207,265,227;,
  3;223,267,246;,
  3;267,223,263;,
  3;88,87,147;,
  3;83,82,85;,
  3;78,16,18;,
  3;16,78,74;,
  3;74,15,16;,
  3;15,74,76;,
  3;15,71,13;,
  3;71,15,76;,
  3;13,268,23;,
  3;268,13,71;,
  3;248,269,2;,
  3;2,269,0;,
  3;136,129,134;,
  3;129,136,131;,
  3;134,96,81;,
  3;96,134,129;,
  3;96,82,81;,
  3;93,96,94;,
  3;29,189,65;,
  3;205,215,246;,
  3;267,205,246;,
  3;205,267,206;,
  3;205,213,215;,
  3;187,188,270;,
  3;224,271,272;,
  3;222,221,208;,
  3;224,222,198;,
  3;272,273,262;,
  3;273,272,271;,
  3;263,274,275;,
  3;273,276,262;,
  3;277,271,278;,
  3;271,277,273;,
  3;222,272,262;,
  3;272,222,224;,
  3;222,208,198;,
  3;209,221,247;,
  3;221,209,208;,
  3;223,222,262;,
  3;266,206,279;,
  3;206,266,207;,
  3;206,280,279;,
  3;280,206,267;,
  3;280,263,275;,
  3;263,280,267;,
  3;264,262,276;,
  3;76,73,72;,
  3;138,281,140;,
  3;73,132,72;,
  3;132,73,151;,
  3;72,71,76;,
  3;271,226,278;,
  3;155,11,8;,
  3;276,277,282;,
  3;277,276,273;,
  3;274,276,282;,
  3;276,274,264;,
  3;28,141,26;,
  3;141,28,139;,
  3;139,132,138;,
  3;132,139,28;,
  3;132,281,138;,
  3;281,132,151;,
  3;281,148,283;,
  3;148,281,151;,
  3;283,149,284;,
  3;149,283,148;,
  3;7,284,149;,
  3;284,7,4;,
  3;5,79,21;,
  3;79,5,77;,
  3;77,7,75;,
  3;7,77,5;,
  3;6,3,4;,
  3;3,6,1;,
  3;285,137,83;,
  3;137,285,135;,
  3;137,81,83;,
  3;92,146,87;,
  3;146,92,144;,
  3;1,22,253;,
  3;22,1,6;,
