xof 0303txt 0032
template ColorRGBA {
 <35ff44e0-6c7c-11cf-8f52-0040333594a3>
 FLOAT red;
 FLOAT green;
 FLOAT blue;
 FLOAT alpha;
}

template ColorRGB {
 <d3e16e81-7835-11cf-8f52-0040333594a3>
 FLOAT red;
 FLOAT green;
 FLOAT blue;
}

template Material {
 <3d82ab4d-62da-11cf-ab39-0020af71e433>
 ColorRGBA faceColor;
 FLOAT power;
 ColorRGB specularColor;
 ColorRGB emissiveColor;
 [...]
}

template TextureFilename {
 <a42790e1-7810-11cf-8f52-0040333594a3>
 STRING filename;
}

template Frame {
 <3d82ab46-62da-11cf-ab39-0020af71e433>
 [...]
}

template Matrix4x4 {
 <f6f23f45-7686-11cf-8f52-0040333594a3>
 array FLOAT matrix[16];
}

template FrameTransformMatrix {
 <f6f23f41-7686-11cf-8f52-0040333594a3>
 Matrix4x4 frameMatrix;
}

template Vector {
 <3d82ab5e-62da-11cf-ab39-0020af71e433>
 FLOAT x;
 FLOAT y;
 FLOAT z;
}

template MeshFace {
 <3d82ab5f-62da-11cf-ab39-0020af71e433>
 DWORD nFaceVertexIndices;
 array DWORD faceVertexIndices[nFaceVertexIndices];
}

template Mesh {
 <3d82ab44-62da-11cf-ab39-0020af71e433>
 DWORD nVertices;
 array Vector vertices[nVertices];
 DWORD nFaces;
 array MeshFace faces[nFaces];
 [...]
}

template MeshMaterialList {
 <f6f23f42-7686-11cf-8f52-0040333594a3>
 DWORD nMaterials;
 DWORD nFaceIndexes;
 array DWORD faceIndexes[nFaceIndexes];
 [Material <3d82ab4d-62da-11cf-ab39-0020af71e433>]
}

template VertexElement {
 <f752461c-1e23-48f6-b9f8-8350850f336f>
 DWORD Type;
 DWORD Method;
 DWORD Usage;
 DWORD UsageIndex;
}

template DeclData {
 <bf22e553-292c-4781-9fea-62bd554bdd93>
 DWORD nElements;
 array VertexElement Elements[nElements];
 DWORD nDWords;
 array DWORD data[nDWords];
}

template XSkinMeshHeader {
 <3cf169ce-ff7c-44ab-93c0-f78f62d172e2>
 WORD nMaxSkinWeightsPerVertex;
 WORD nMaxSkinWeightsPerFace;
 WORD nBones;
}

template SkinWeights {
 <6f0d123b-bad2-4167-a0d0-80224f25fabb>
 STRING transformNodeName;
 DWORD nWeights;
 array DWORD vertexIndices[nWeights];
 array FLOAT weights[nWeights];
 Matrix4x4 matrixOffset;
}

template AnimTicksPerSecond {
 <9e415a43-7ba6-4a73-8743-b73d47e88476>
 DWORD AnimTicksPerSecond;
}

template Animation {
 <3d82ab4f-62da-11cf-ab39-0020af71e433>
 [...]
}

template AnimationSet {
 <3d82ab50-62da-11cf-ab39-0020af71e433>
 [Animation <3d82ab4f-62da-11cf-ab39-0020af71e433>]
}

template FloatKeys {
 <10dd46a9-775b-11cf-8f52-0040333594a3>
 DWORD nValues;
 array FLOAT values[nValues];
}

template TimedFloatKeys {
 <f406b180-7b3b-11cf-8f52-0040333594a3>
 DWORD time;
 FloatKeys tfkeys;
}

template AnimationKey {
 <10dd46a8-775b-11cf-8f52-0040333594a3>
 DWORD keyType;
 DWORD nKeys;
 array TimedFloatKeys keys[nKeys];
}


Material _03_-_Default {
 1.000000;1.000000;1.000000;1.000000;;
 9.999999;
 0.000000;0.000000;0.000000;;
 0.000000;0.000000;0.000000;;

 TextureFilename {
  "MaleBody_full.png";
 }
}

Frame Dummy01 {
 

 FrameTransformMatrix {
  1.000000,0.000000,0.000000,0.000000,0.000000,-0.000000,-1.000000,0.000000,0.000000,1.000000,-0.000000,0.000000,0.000000,0.000000,0.000000,1.000000;;
 }

 Frame Bip01 {
  

  FrameTransformMatrix {
   -0.353776,0.923581,-0.147782,0.000000,-0.030695,0.146450,0.988742,0.000000,0.934826,0.354330,-0.023461,0.000000,0.005533,-0.024850,0.474789,1.000000;;
  }

  Frame Bip01_Pelvis {
   

   FrameTransformMatrix {
    -0.014298,0.997250,-0.072713,0.000000,0.047421,0.073315,0.996181,0.000000,0.998773,0.010795,-0.048339,0.000000,0.000000,0.000000,0.000000,1.000000;;
   }

   Frame Bip01_Spine {
    

    FrameTransformMatrix {
     0.968420,0.025748,0.247994,0.000000,-0.029731,0.999482,0.012327,0.000000,-0.247548,-0.019311,0.968683,0.000000,0.051512,0.003787,0.000475,1.000000;;
    }

    Frame Bip01_Spine1 {
     

     FrameTransformMatrix {
      0.919245,0.159125,0.360094,0.000000,-0.169515,0.985524,-0.002768,0.000000,-0.355322,-0.058497,0.932912,0.000000,0.106510,0.000005,-0.000079,1.000000;;
     }

     Frame Bip01_Neck {
      

      FrameTransformMatrix {
       0.865364,0.220628,0.449965,0.000000,-0.081728,0.947986,-0.307642,0.000000,-0.494435,0.229447,0.838384,0.000000,0.130518,-0.000006,0.004630,1.000000;;
      }

      Frame Bip01_Head {
       

       FrameTransformMatrix {
        0.530072,0.018052,-0.847760,0.000000,-0.075127,0.996841,-0.025747,0.000000,0.844618,0.077337,0.529754,0.000000,0.033674,0.000000,-0.000000,1.000000;;
       }

       Frame Bip01_HeadNub {
        

        FrameTransformMatrix {
         1.000000,0.000000,0.000000,0.000000,0.000000,1.000000,0.000000,0.000000,0.000000,0.000000,1.000000,0.000000,0.169824,0.000000,0.000000,1.000000;;
        }
       }
      }

      Frame Bip01_L_Clavicle {
       

       FrameTransformMatrix {
        0.276470,0.943563,0.182353,0.000000,0.847303,-0.149789,-0.509550,0.000000,-0.453478,0.295384,-0.840896,0.000000,-0.019416,0.018292,0.011611,1.000000;;
       }

       Frame Bip01_L_UpperArm {
        

        FrameTransformMatrix {
         0.389071,-0.893583,-0.223906,0.000000,0.862577,0.438710,-0.251980,0.000000,0.323395,-0.095098,0.941473,0.000000,0.087086,-0.000000,0.000000,1.000000;;
        }

        Frame Bip01_L_Forearm {
         

         FrameTransformMatrix {
          0.459414,-0.000000,-0.888222,0.000000,-0.000000,1.000000,0.000000,0.000000,0.888222,0.000000,0.459414,0.000000,0.137062,0.000000,0.000000,1.000000;;
         }

         Frame Bip01_L_Hand {
          

          FrameTransformMatrix {
           0.978101,0.162344,-0.130242,0.000000,0.088660,0.241160,0.966427,0.000000,0.188303,-0.956811,0.221485,0.000000,0.137062,0.000000,0.000000,1.000000;;
          }

          Frame Bip01_L_Finger0 {
           

           FrameTransformMatrix {
            0.469515,-0.188366,0.862598,0.000000,0.720132,0.646965,-0.250692,0.000000,-0.510849,0.738888,0.439408,0.000000,0.057681,-0.023605,-0.000272,1.000000;;
           }

           Frame Bip01_L_Finger0Nub {
            

            FrameTransformMatrix {
             1.000000,0.000000,0.000000,0.000000,-0.000000,1.000000,-0.000000,0.000000,-0.000000,0.000000,1.000000,0.000000,0.029435,-0.000000,0.000000,1.000000;;
            }
           }
          }

          Frame Bip01_L_Finger1 {
           

           FrameTransformMatrix {
            0.313558,-0.000756,0.949569,0.000000,0.000000,1.000000,0.000796,0.000000,-0.949569,-0.000250,0.313558,0.000000,0.084102,0.000000,0.000000,1.000000;;
           }

           Frame Bip01_L_Finger1Nub {
            

            FrameTransformMatrix {
             1.000000,-0.000000,0.000000,0.000000,0.000000,1.000000,0.000000,0.000000,0.000000,0.000000,1.000000,0.000000,0.047988,0.000000,-0.000000,1.000000;;
            }
           }
          }
         }
        }
       }
      }

      Frame Bip01_R_Clavicle {
       

       FrameTransformMatrix {
        -0.228742,-0.925039,-0.303283,0.000000,-0.871668,0.055911,0.486897,0.000000,-0.433442,0.375736,-0.819115,0.000000,-0.026350,-0.011503,0.004400,1.000000;;
       }

       Frame Bip01_R_UpperArm {
        

        FrameTransformMatrix {
         0.252927,0.955847,0.149615,0.000000,-0.953068,0.219562,0.208457,0.000000,0.166403,-0.195317,0.966520,0.000000,0.087086,0.000000,0.000000,1.000000;;
        }

        Frame Bip01_R_Forearm {
         

         FrameTransformMatrix {
          0.398839,-0.000000,-0.917021,0.000000,0.000000,1.000000,0.000000,0.000000,0.917021,-0.000000,0.398839,0.000000,0.137062,0.000000,-0.000000,1.000000;;
         }

         Frame Bip01_R_Hand {
          

          FrameTransformMatrix {
           0.996654,0.020045,-0.079247,0.000000,-0.078454,-0.037666,-0.996206,0.000000,-0.022953,0.999089,-0.035968,0.000000,0.137062,-0.000000,0.000000,1.000000;;
          }

          Frame Bip01_R_Finger0 {
           

           FrameTransformMatrix {
            -0.119180,0.310912,0.942937,0.000000,-0.869175,0.426392,-0.250449,0.000000,-0.479928,-0.849426,0.219420,0.000000,0.057681,0.023605,-0.000272,1.000000;;
           }

           Frame Bip01_R_Finger0Nub {
            

            FrameTransformMatrix {
             -1.000000,-0.000000,0.000000,0.000000,-0.000000,1.000000,0.000000,0.000000,0.000000,-0.000000,-1.000000,0.000000,0.029435,0.000000,-0.000000,1.000000;;
            }
           }
          }

          Frame Bip01_R_Finger1 {
           

           FrameTransformMatrix {
            0.077369,0.000794,0.997002,0.000000,-0.000000,1.000000,-0.000796,0.000000,-0.997002,0.000062,0.077369,0.000000,0.084102,-0.000000,-0.000000,1.000000;;
           }

           Frame Bip01_R_Finger1Nub {
            

            FrameTransformMatrix {
             -1.000000,0.000000,0.000000,0.000000,-0.000000,1.000000,0.000000,0.000000,0.000000,0.000000,-1.000000,0.000000,0.047988,-0.000000,-0.000000,1.000000;;
            }
           }
          }
         }
        }
       }
      }
     }

     Frame Bip01_BackPack {
      

      FrameTransformMatrix {
       -0.106593,-0.000073,-0.994303,0.000000,0.087902,0.996084,-0.009496,0.000000,0.990410,-0.088413,-0.106169,0.000000,0.063696,0.000004,-0.088844,1.000000;;
      }

      Frame Bip01_BackPackNub {
       

       FrameTransformMatrix {
        0.000796,0.000003,1.000000,0.000000,-0.000000,-1.000000,0.000003,0.000000,1.000000,-0.000000,-0.000796,0.000000,0.053240,0.000000,-0.000000,1.000000;;
       }
      }
     }
    }

    Frame Bip01_L_Thigh {
     

     FrameTransformMatrix {
      -0.648549,0.204277,0.733250,0.000000,0.075603,-0.941265,0.329097,0.000000,0.757409,0.268871,0.595012,0.000000,-0.048679,0.052937,0.011298,1.000000;;
     }

     Frame Bip01_L_Calf {
      

      FrameTransformMatrix {
       0.816709,0.000000,-0.577049,0.000000,0.000000,1.000000,-0.000000,0.000000,0.577049,0.000000,0.816709,0.000000,0.237500,0.000000,-0.000000,1.000000;;
      }

      Frame Bip01_L_Foot {
       

       FrameTransformMatrix {
        0.994216,0.004560,0.107305,0.000000,-0.015303,0.994919,0.099508,0.000000,-0.106306,-0.100574,0.989234,0.000000,0.206841,-0.000000,-0.000000,1.000000;;
       }

       Frame Bip01_L_Toe0 {
        

        FrameTransformMatrix {
         -0.000797,0.013164,0.999913,0.000000,-0.060279,0.998094,-0.013188,0.000000,-0.998181,-0.060285,-0.000002,0.000000,0.065373,0.000000,0.066450,1.000000;;
        }

        Frame Bip01_L_Toe0Nub {
         

         FrameTransformMatrix {
          -1.000000,-0.000000,-0.000000,0.000000,-0.000000,1.000000,-0.000000,0.000000,0.000000,-0.000000,-1.000000,0.000000,0.006735,0.000000,-0.000000,1.000000;;
         }
        }
       }
      }
     }
    }

    Frame Bip01_R_Thigh {
     

     FrameTransformMatrix {
      -0.813767,-0.166122,0.556944,0.000000,0.088737,-0.982559,-0.163415,0.000000,0.574377,-0.083560,0.814315,0.000000,-0.051523,-0.057456,0.013431,1.000000;;
     }

     Frame Bip01_R_Calf {
      

      FrameTransformMatrix {
       0.731227,0.000000,-0.682134,0.000000,0.000000,1.000000,-0.000000,0.000000,0.682134,-0.000000,0.731227,0.000000,0.237500,0.000000,0.000000,1.000000;;
      }

      Frame Bip01_R_Foot {
       

       FrameTransformMatrix {
        0.869868,-0.081025,0.486584,0.000000,0.118636,0.991828,-0.046929,0.000000,-0.478805,0.098548,0.872372,0.000000,0.206841,0.000000,-0.000000,1.000000;;
       }

       Frame Bip01_R_Toe0 {
        

        FrameTransformMatrix {
         -0.033519,-0.296848,0.954336,0.000000,0.037490,0.953827,0.298006,0.000000,-0.998735,0.045767,-0.020842,0.000000,0.065373,-0.000000,0.066450,1.000000;;
        }

        Frame Bip01_R_Toe0Nub {
         

         FrameTransformMatrix {
          1.000000,0.000000,0.000000,0.000000,0.000000,1.000000,-0.000000,0.000000,0.000000,-0.000000,1.000000,0.000000,0.006735,0.000000,0.000000,1.000000;;
         }
        }
       }
      }
     }
    }
   }

   Frame Bip01_DressFront {
    

    FrameTransformMatrix {
     -0.890634,-0.000002,0.454722,0.000000,-0.000003,1.000000,-0.000001,0.000000,-0.454722,-0.000002,-0.890634,0.000000,-0.043935,0.001399,0.061072,1.000000;;
    }

    Frame Bip01_DressFront02 {
     

     FrameTransformMatrix {
      0.866064,0.000001,0.499933,0.000000,-0.000001,1.000000,-0.000000,0.000000,-0.499933,-0.000000,0.866064,0.000000,0.183390,0.000000,-0.000114,1.000000;;
     }

     Frame Bip01_DressFrontNub {
      

      FrameTransformMatrix {
       0.000796,0.000003,1.000000,0.000000,0.000000,-1.000000,0.000003,0.000000,1.000000,0.000000,-0.000796,0.000000,0.165302,0.000000,0.000000,1.000000;;
      }
     }
    }
   }

   Frame Bip01_DressBack {
    

    FrameTransformMatrix {
     -0.855902,-0.042480,0.515391,0.000000,0.123641,0.950907,0.283706,0.000000,-0.502140,0.306548,-0.808631,0.000000,-0.047662,-0.000043,-0.078306,1.000000;;
    }

    Frame Bip01_DressBack02 {
     

     FrameTransformMatrix {
      0.818329,-0.097524,0.566416,0.000000,0.083258,0.995219,0.051067,0.000000,-0.568688,0.005369,0.822536,0.000000,0.176221,-0.000001,-0.000089,1.000000;;
     }

     Frame Bip01_DressBackNub {
      

      FrameTransformMatrix {
       0.000796,0.000003,1.000000,0.000000,0.000000,-1.000000,0.000003,0.000000,1.000000,-0.000000,-0.000796,0.000000,0.136508,-0.000000,0.000000,1.000000;;
      }
     }
    }
   }
  }

  Frame Bip01_Prop1 {
   

   FrameTransformMatrix {
    0.106704,0.177388,-0.978339,0.000000,0.374391,-0.918706,-0.125742,0.000000,-0.921111,-0.352865,-0.164442,0.000000,0.069178,0.023870,-0.140299,1.000000;;
   }
  }

  Frame Bip01_Prop2 {
   

   FrameTransformMatrix {
    0.736484,-0.676054,0.023290,0.000000,0.504030,0.525468,-0.685447,0.000000,0.451161,0.516560,0.727750,0.000000,0.127122,0.004976,0.130181,1.000000;;
   }
  }
 }
}

Frame Translation_Data {
 

 FrameTransformMatrix {
  1.000000,0.000000,0.000000,0.000000,0.000000,-0.000000,-1.000000,0.000000,0.000000,1.000000,-0.000000,0.000000,0.000000,-0.000000,0.000000,1.000000;;
 }
}

Frame Body {
 

 FrameTransformMatrix {
  1.000000,0.000000,0.000000,0.000000,0.000000,1.000000,0.000000,0.000000,0.000000,0.000000,1.000000,0.000000,0.000000,0.000000,0.000000,1.000000;;
 }

 Mesh Body {
  617;
  0.023214;0.679348;-0.139397;,
  -0.008305;0.671438;-0.119194;,
  -0.010941;0.704773;-0.125230;,
  0.035673;0.660004;-0.132652;,
  0.041867;0.643239;-0.121389;,
  0.010255;0.612652;-0.099703;,
  -0.003343;0.635968;-0.113196;,
  0.055013;0.628472;-0.092507;,
  0.000016;0.744397;-0.113828;,
  0.057162;0.736424;-0.099845;,
  0.035479;0.727388;-0.122444;,
  0.030335;0.746270;-0.086787;,
  0.092364;0.532411;0.020644;,
  0.062424;0.543234;0.051478;,
  0.064818;0.529318;0.060067;,
  0.084105;0.542980;0.017599;,
  0.057082;0.533688;-0.030310;,
  0.078468;0.511793;-0.014731;,
  0.020047;0.522836;-0.045680;,
  0.056722;0.485605;-0.031982;,
  0.026553;0.472246;-0.029025;,
  -0.042141;0.613411;-0.084740;,
  -0.042435;0.641491;-0.101938;,
  0.023486;0.539605;0.069262;,
  0.026788;0.523290;0.077441;,
  0.059064;0.650358;0.012549;,
  0.009035;0.696107;0.014182;,
  0.012651;0.656671;0.035005;,
  0.059730;0.688759;-0.010767;,
  0.050606;0.455573;-0.049835;,
  0.097182;0.360852;-0.081945;,
  0.056385;0.374530;-0.102043;,
  0.090572;0.442997;-0.023780;,
  0.055114;0.284668;-0.150757;,
  0.088362;0.272766;-0.112888;,
  0.006063;0.449343;-0.029765;,
  0.026496;0.324778;-0.009591;,
  0.048921;0.423049;0.086923;,
  0.011779;0.360295;-0.075115;,
  0.038928;0.262263;-0.071188;,
  0.031667;0.270540;-0.110679;,
  0.104713;0.331296;-0.024804;,
  0.097484;0.408893;0.024502;,
  0.079363;0.266289;-0.074823;,
  0.096760;-0.001281;-0.079542;,
  0.056676;-0.003751;-0.034607;,
  0.051990;-0.003965;-0.083200;,
  0.091471;-0.001672;-0.034415;,
  0.061313;0.218731;-0.128209;,
  0.095478;0.145858;-0.095577;,
  0.063682;0.144978;-0.121439;,
  0.095271;0.220248;-0.102526;,
  0.090810;0.067077;-0.085636;,
  0.069374;0.065905;-0.113046;,
  0.023120;0.200452;-0.099721;,
  0.037515;0.153691;-0.052154;,
  0.028813;0.218809;-0.047402;,
  0.036689;0.142889;-0.093588;,
  0.059004;0.076894;-0.060859;,
  0.054442;0.057638;-0.088233;,
  0.099311;0.154453;-0.058198;,
  0.100108;0.228881;-0.054086;,
  0.082786;0.082889;-0.062627;,
  0.088796;0.484186;-0.009440;,
  -0.014891;0.461296;-0.022264;,
  0.006063;0.449343;-0.029765;,
  -0.006079;0.429050;-0.005871;,
  0.112543;0.486431;0.039698;,
  0.076609;0.486284;0.082014;,
  0.103196;0.427104;0.036373;,
  0.068913;0.429741;0.072458;,
  0.059306;0.601840;0.030658;,
  0.081698;0.638279;-0.012285;,
  0.085175;0.633465;-0.031954;,
  0.052106;0.574406;-0.041415;,
  0.058687;0.610975;-0.071811;,
  0.078735;0.591509;-0.002777;,
  0.014056;0.594350;-0.084892;,
  0.020448;0.560239;-0.054517;,
  -0.038833;0.599792;-0.071732;,
  -0.025462;0.555603;-0.037228;,
  0.071365;0.653583;-0.157256;,
  0.100878;0.613814;-0.146655;,
  0.033819;0.658954;-0.119084;,
  0.092493;0.573458;-0.088807;,
  0.060734;0.606145;-0.102842;,
  0.125321;0.578195;-0.124264;,
  0.073050;0.680580;-0.077791;,
  0.060734;0.606145;-0.102842;,
  0.099394;0.640019;-0.061327;,
  0.126309;0.584064;-0.053996;,
  0.092493;0.573458;-0.088807;,
  0.082752;0.686221;-0.079363;,
  0.139528;0.647998;-0.105252;,
  0.109849;0.686656;-0.115139;,
  0.159108;0.588614;-0.089294;,
  0.093019;0.670015;-0.144716;,
  0.117373;0.569811;-0.137672;,
  0.069179;0.508559;-0.122202;,
  0.077758;0.562920;-0.096641;,
  0.094817;0.515381;-0.147570;,
  0.063246;0.468837;-0.133193;,
  0.079426;0.468365;-0.154692;,
  0.077758;0.562920;-0.096641;,
  0.114528;0.490198;-0.092532;,
  0.122146;0.542820;-0.056361;,
  0.069179;0.508559;-0.122202;,
  0.095762;0.453156;-0.117530;,
  0.063246;0.468837;-0.133193;,
  0.134007;0.495832;-0.112100;,
  0.161543;0.549773;-0.097158;,
  0.105657;0.453433;-0.132123;,
  0.012483;0.375871;-0.168062;,
  0.065176;0.386349;-0.148817;,
  0.019478;0.395474;-0.160944;,
  0.057821;0.367240;-0.156021;,
  0.018726;0.415637;-0.159141;,
  0.020573;0.406804;-0.173248;,
  0.021857;0.405376;-0.162414;,
  0.012617;0.418503;-0.168658;,
  0.078559;0.418100;-0.126229;,
  0.042217;0.426770;-0.173655;,
  0.075376;0.391637;-0.152410;,
  0.040133;0.444353;-0.143732;,
  0.083438;0.390467;-0.170624;,
  0.101179;0.429133;-0.154478;,
  0.061853;0.457591;-0.173070;,
  0.052003;0.424904;-0.190896;,
  0.060325;0.728206;-0.135319;,
  0.053775;0.710084;-0.158179;,
  0.035479;0.727388;-0.122444;,
  0.024423;0.709155;-0.137114;,
  0.086892;0.677520;-0.038466;,
  0.001200;0.720831;-0.129729;,
  0.046991;0.683594;-0.159635;,
  0.035673;0.660004;-0.132652;,
  0.023214;0.679348;-0.139397;,
  0.052583;0.666836;-0.144709;,
  0.082461;0.706139;-0.076154;,
  0.053526;0.716477;-0.044229;,
  0.082917;0.706536;-0.082506;,
  0.001982;0.723250;-0.018235;,
  -0.014437;0.746197;-0.071251;,
  0.057162;0.736424;-0.099845;,
  0.082917;0.706536;-0.082506;,
  0.054837;0.658348;-0.099597;,
  0.081096;0.694730;-0.084648;,
  0.033819;0.658954;-0.119084;,
  0.077647;0.656212;-0.060000;,
  0.059178;0.634438;-0.079886;,
  0.041867;0.643239;-0.121389;,
  0.087964;0.667040;-0.052400;,
  0.040133;0.444353;-0.143732;,
  -0.001886;0.737383;-0.139455;,
  -0.010893;0.751840;-0.125583;,
  -0.025794;0.752845;-0.102601;,
  -0.036901;0.758157;-0.120013;,
  0.052003;0.424904;-0.190896;,
  0.012483;0.375871;-0.168062;,
  0.057821;0.367240;-0.156021;,
  0.029828;0.431232;-0.153505;,
  0.021858;0.433434;-0.178053;,
  0.029828;0.431232;-0.153505;,
  0.036452;0.417170;-0.162174;,
  0.038873;0.421638;-0.186256;,
  0.038873;0.421638;-0.186256;,
  0.018726;0.415637;-0.159141;,
  0.012617;0.418503;-0.168658;,
  0.020573;0.406804;-0.173248;,
  0.102697;0.020721;-0.156304;,
  0.074393;-0.002677;-0.201428;,
  0.071859;0.015789;-0.194224;,
  0.109645;-0.000529;-0.163450;,
  0.051062;0.029373;-0.045312;,
  0.051990;-0.003965;-0.083200;,
  0.056676;-0.003751;-0.034607;,
  0.049150;0.020864;-0.085770;,
  0.059004;0.076894;-0.060859;,
  0.092348;0.034894;-0.045298;,
  0.082786;0.082889;-0.062627;,
  0.096760;-0.001281;-0.079542;,
  0.091471;-0.001672;-0.034415;,
  0.095834;0.033670;-0.082026;,
  0.069374;0.065905;-0.113046;,
  0.090810;0.067077;-0.085636;,
  0.044465;0.011104;-0.184131;,
  0.039382;-0.004772;-0.191435;,
  0.109645;-0.000529;-0.163450;,
  0.039382;-0.004772;-0.191435;,
  0.011779;0.360295;-0.075115;,
  0.031667;0.270540;-0.110679;,
  0.023120;0.200452;-0.099721;,
  0.036689;0.142889;-0.093588;,
  0.054442;0.057638;-0.088233;,
  0.054442;0.057638;-0.088233;,
  0.015222;0.423520;0.041240;,
  0.009092;0.735112;-0.151951;,
  -0.008177;0.721553;-0.167510;,
  0.000650;0.727897;-0.170315;,
  -0.009831;0.724033;-0.149064;,
  0.000971;0.758019;-0.132268;,
  -0.007201;0.771306;-0.113851;,
  -0.019562;0.868415;-0.188490;,
  -0.038987;0.855480;-0.213749;,
  -0.039316;0.872603;-0.189298;,
  -0.004012;0.794572;-0.222458;,
  -0.020920;0.792006;-0.228805;,
  -0.008184;0.823852;-0.219632;,
  0.006210;0.747291;-0.177349;,
  0.013944;0.763068;-0.153342;,
  0.007296;0.747825;-0.145316;,
  0.014411;0.800652;-0.142807;,
  0.014825;0.806337;-0.166672;,
  0.005029;0.833906;-0.204826;,
  0.013530;0.841325;-0.179276;,
  0.010789;0.796999;-0.191950;,
  0.011666;0.807357;-0.127645;,
  0.000601;0.819017;-0.109211;,
  -0.038577;0.821367;-0.098474;,
  -0.006369;0.862365;-0.129818;,
  -0.039300;0.865618;-0.120178;,
  0.011632;0.774928;-0.186688;,
  -0.002922;0.735092;-0.189149;,
  -0.002608;0.765303;-0.208641;,
  -0.016999;0.708509;-0.196084;,
  -0.036462;0.704947;-0.183629;,
  -0.036397;0.703004;-0.204681;,
  -0.013035;0.844436;-0.214620;,
  0.000284;0.858719;-0.186142;,
  0.008906;0.856467;-0.147842;,
  -0.004872;0.871645;-0.159744;,
  -0.022223;0.877955;-0.154537;,
  -0.039502;0.880298;-0.152697;,
  -0.037889;0.781425;-0.102764;,
  0.008906;0.856467;-0.147842;,
  -0.004872;0.871645;-0.159744;,
  0.020158;0.765708;-0.154458;,
  0.024874;0.813058;-0.153426;,
  0.030208;0.796012;-0.141828;,
  0.018092;0.793703;-0.154949;,
  0.030208;0.796012;-0.141828;,
  0.020158;0.765708;-0.154458;,
  0.024874;0.813058;-0.153426;,
  0.014825;0.806337;-0.166672;,
  0.015763;0.781273;-0.168750;,
  0.013944;0.763068;-0.153342;,
  -0.003263;0.787159;-0.212799;,
  0.015763;0.781273;-0.168750;,
  0.001200;0.720831;-0.129729;,
  -0.001886;0.737383;-0.139455;,
  0.024423;0.709155;-0.137114;,
  0.000971;0.758019;-0.132268;,
  -0.042120;0.688308;-0.121383;,
  -0.041671;0.667176;-0.110580;,
  -0.020768;0.518462;-0.030848;,
  0.038426;0.481876;0.099213;,
  0.040409;0.447643;0.100115;,
  0.018645;0.407636;0.065817;,
  -0.036670;0.700288;-0.155671;,
  0.015222;0.423520;0.041240;,
  -0.022223;0.877955;-0.154537;,
  -0.039502;0.880298;-0.152697;,
  -0.016880;0.738580;-0.207012;,
  -0.024759;0.759553;-0.217959;,
  -0.024407;0.750022;-0.216462;,
  -0.038774;0.843956;-0.224099;,
  -0.038354;0.820136;-0.233033;,
  -0.022898;0.784854;-0.218108;,
  0.016779;0.603451;0.051413;,
  0.024423;0.709155;-0.137114;,
  0.074393;-0.002677;-0.201428;,
  -0.024967;0.728761;-0.212092;,
  -0.017367;0.732139;-0.205601;,
  -0.025247;0.734128;-0.209401;,
  -0.037140;0.747950;-0.221229;,
  -0.037239;0.754684;-0.231970;,
  -0.025543;0.737137;-0.214836;,
  -0.036921;0.734133;-0.209981;,
  -0.036783;0.726451;-0.214514;,
  -0.037827;0.789441;-0.235152;,
  -0.037689;0.780886;-0.229655;,
  0.081096;0.694730;-0.084648;,
  -0.036946;0.736361;-0.218543;,
  0.055962;0.671876;-0.087876;,
  0.054837;0.658348;-0.099597;,
  0.041867;0.643239;-0.121389;,
  0.011666;0.807357;-0.127645;,
  0.061313;0.218731;-0.128209;,
  0.027036;0.137087;-0.101197;,
  0.009895;0.212360;-0.109881;,
  0.063682;0.144978;-0.121439;,
  0.055114;0.284668;-0.150757;,
  0.007147;0.275177;-0.124154;,
  0.056385;0.374530;-0.102043;,
  -0.000070;0.359772;-0.079594;,
  0.050606;0.455574;-0.049835;,
  -0.000110;0.441737;-0.045452;,
  0.026553;0.472246;-0.029025;,
  0.033393;0.065097;-0.095713;,
  0.069374;0.065905;-0.113046;,
  0.046551;0.147011;-0.021905;,
  0.050386;0.082371;0.079689;,
  0.053741;0.077368;-0.018095;,
  0.037618;0.152552;0.064310;,
  0.021170;0.214808;0.043724;,
  0.034458;0.218011;-0.033922;,
  0.014693;0.273604;0.039428;,
  0.034719;0.254200;-0.042415;,
  0.026945;0.318243;0.003863;,
  0.021573;0.342084;0.058298;,
  0.039609;0.420748;0.095914;,
  0.055962;0.671876;-0.087876;,
  -0.103589;0.699718;-0.088738;,
  -0.069911;0.681095;-0.095935;,
  -0.112781;0.683744;-0.073896;,
  -0.063063;0.712562;-0.106222;,
  -0.115158;0.667433;-0.062053;,
  -0.089345;0.624615;-0.060392;,
  -0.112160;0.648551;-0.026527;,
  -0.079100;0.647843;-0.084596;,
  -0.053984;0.752270;-0.094482;,
  -0.086108;0.759240;-0.045688;,
  -0.056419;0.759869;-0.054035;,
  -0.087932;0.746865;-0.074315;,
  -0.059704;0.525392;0.088576;,
  -0.015826;0.540155;0.086588;,
  -0.055511;0.537485;0.080243;,
  -0.011857;0.525779;0.094319;,
  -0.072878;0.528573;0.028001;,
  -0.075190;0.504700;0.053912;,
  -0.059161;0.519718;-0.010140;,
  -0.071406;0.479269;0.024214;,
  -0.048291;0.468791;0.004410;,
  0.023486;0.539605;0.069262;,
  0.026788;0.523290;0.077441;,
  -0.036476;0.657339;0.052361;,
  0.009035;0.696107;0.014182;,
  -0.045371;0.701383;0.030715;,
  0.012651;0.656671;0.035005;,
  -0.071534;0.439139;0.008056;,
  -0.118441;0.342676;0.039376;,
  -0.084665;0.435246;0.056608;,
  -0.099413;0.346722;-0.003948;,
  -0.120027;0.245114;-0.016987;,
  -0.122633;0.249194;0.033841;,
  -0.022331;0.432700;0.000460;,
  -0.015637;0.320215;0.060819;,
  -0.046580;0.335857;-0.006777;,
  0.026835;0.422029;0.096789;,
  -0.057669;0.247396;0.037232;,
  -0.076177;0.242090;0.001979;,
  -0.087375;0.329895;0.094756;,
  -0.054634;0.410219;0.104367;,
  -0.092298;0.254080;0.057736;,
  -0.076374;-0.000014;0.140280;,
  -0.017427;-0.001858;0.152686;,
  -0.045347;-0.000024;0.173475;,
  -0.042473;-0.002409;0.110785;,
  -0.101950;0.191010;0.026492;,
  -0.098038;0.140588;0.097096;,
  -0.113715;0.206009;0.064594;,
  -0.088185;0.126337;0.059941;,
  -0.075930;0.070525;0.131029;,
  -0.075158;0.060921;0.097877;,
  -0.052019;0.181141;0.030230;,
  -0.027751;0.158264;0.089762;,
  -0.050017;0.132263;0.064027;,
  -0.028314;0.218797;0.063799;,
  -0.037100;0.084315;0.127497;,
  -0.048061;0.059135;0.108067;,
  -0.080206;0.163324;0.122606;,
  -0.090109;0.233167;0.098499;,
  -0.057594;0.091032;0.139290;,
  -0.075996;0.476579;0.064176;,
  -0.022331;0.432700;0.000460;,
  -0.055411;0.478678;0.114727;,
  -0.000066;0.482745;0.116267;,
  -0.049874;0.425599;0.111003;,
  0.000829;0.430391;0.111324;,
  -0.027519;0.604503;0.068337;,
  -0.071971;0.649508;0.051749;,
  -0.089575;0.646235;0.040864;,
  -0.079287;0.578437;0.015606;,
  -0.066588;0.595967;0.060289;,
  -0.104181;0.622876;-0.003944;,
  -0.085783;0.601646;-0.043289;,
  -0.068998;0.562983;-0.015700;,
  -0.151898;0.686928;-0.045113;,
  -0.100150;0.681117;-0.058680;,
  -0.160486;0.664346;-0.000602;,
  -0.109584;0.632467;0.036824;,
  -0.155771;0.645683;0.043812;,
  -0.103825;0.646373;-0.008118;,
  -0.080610;0.721793;-0.017747;,
  -0.082642;0.697919;0.027376;,
  -0.103825;0.646373;-0.008118;,
  -0.094556;0.658489;0.075384;,
  -0.109584;0.632467;0.036824;,
  -0.086055;0.730669;-0.013275;,
  -0.139366;0.716153;0.034703;,
  -0.130182;0.737751;-0.009140;,
  -0.140611;0.671530;0.082504;,
  -0.149646;0.712185;-0.029201;,
  -0.164359;0.634508;0.033192;,
  -0.134093;0.561604;0.024090;,
  -0.167819;0.574966;0.029694;,
  -0.110266;0.617410;0.024136;,
  -0.146357;0.523140;0.026894;,
  -0.171904;0.525056;0.030757;,
  -0.110266;0.617410;0.024136;,
  -0.132301;0.563468;0.081249;,
  -0.134093;0.561604;0.024090;,
  -0.098964;0.618329;0.086322;,
  -0.146910;0.520774;0.066319;,
  -0.146357;0.523140;0.026894;,
  -0.158131;0.574013;0.085204;,
  -0.152743;0.635424;0.095279;,
  -0.165994;0.522532;0.067956;,
  -0.139827;0.426548;-0.000370;,
  -0.152439;0.450916;0.049669;,
  -0.147318;0.430047;0.046606;,
  -0.145049;0.447763;0.002191;,
  -0.145715;0.478240;-0.003025;,
  -0.149697;0.462779;-0.008080;,
  -0.150796;0.476624;-0.013402;,
  -0.142572;0.467623;-0.001235;,
  -0.139397;0.483799;0.056829;,
  -0.171162;0.469872;0.007412;,
  -0.146728;0.494566;0.008846;,
  -0.156726;0.450785;0.054449;,
  -0.175982;0.446119;0.056797;,
  -0.175519;0.490744;0.065681;,
  -0.183962;0.503041;0.015886;,
  -0.190017;0.465226;0.011819;,
  -0.112005;0.756275;-0.063984;,
  -0.128614;0.739812;-0.082611;,
  -0.087932;0.746865;-0.074315;,
  -0.094764;0.728358;-0.089137;,
  -0.086095;0.698298;0.029809;,
  -0.070890;0.731163;-0.104216;,
  -0.132798;0.712280;-0.084880;,
  -0.112781;0.683744;-0.073896;,
  -0.131754;0.694322;-0.066427;,
  -0.103589;0.699718;-0.088738;,
  -0.096197;0.735642;-0.009642;,
  -0.100323;0.736925;-0.014124;,
  -0.053438;0.733244;-0.003846;,
  0.001982;0.723250;-0.018235;,
  -0.014437;0.746197;-0.071251;,
  -0.086108;0.759240;-0.045688;,
  -0.100323;0.736925;-0.014124;,
  -0.105312;0.683577;-0.038297;,
  -0.100150;0.681117;-0.058680;,
  -0.103228;0.725050;-0.014810;,
  -0.099285;0.677464;0.009832;,
  -0.104983;0.654156;-0.015094;,
  -0.115158;0.667433;-0.062053;,
  -0.098836;0.689477;0.021327;,
  -0.146728;0.494566;0.008846;,
  -0.072166;0.736317;-0.136488;,
  -0.062886;0.751051;-0.123388;,
  -0.025794;0.752845;-0.102601;,
  -0.036901;0.758157;-0.120013;,
  -0.190017;0.465226;0.011819;,
  -0.139827;0.426548;-0.000370;,
  -0.147318;0.430047;0.046606;,
  -0.157119;0.490271;0.008085;,
  -0.170354;0.479939;-0.011640;,
  -0.157119;0.490271;0.008085;,
  -0.156465;0.472628;0.010343;,
  -0.175475;0.461355;-0.000488;,
  -0.175475;0.461355;-0.000488;,
  -0.145715;0.478240;-0.003025;,
  -0.150796;0.476624;-0.013402;,
  -0.149697;0.462779;-0.008080;,
  -0.126906;0.021361;0.081958;,
  -0.130644;-0.002179;0.028886;,
  -0.136521;0.000009;0.080367;,
  -0.124520;0.016359;0.033147;,
  -0.019596;0.031222;0.140673;,
  -0.042473;-0.002409;0.110785;,
  -0.041965;0.022419;0.106983;,
  -0.017427;-0.001858;0.152686;,
  -0.037100;0.084315;0.127497;,
  -0.052882;0.036451;0.165162;,
  -0.057594;0.091032;0.139290;,
  -0.076374;-0.000014;0.140280;,
  -0.077459;0.034923;0.137663;,
  -0.045347;-0.000024;0.173475;,
  -0.075158;0.060921;0.097877;,
  -0.075930;0.070525;0.131029;,
  -0.096431;0.011943;0.025033;,
  -0.096509;-0.003951;0.016168;,
  -0.136521;0.000009;0.080367;,
  -0.096509;-0.003951;0.016168;,
  -0.046580;0.335857;-0.006777;,
  -0.076177;0.242090;0.001979;,
  -0.052019;0.181141;0.030230;,
  -0.050017;0.132263;0.064027;,
  -0.048061;0.059135;0.108067;,
  -0.048061;0.059135;0.108067;,
  -0.083114;0.733538;-0.152090;,
  -0.065346;0.720577;-0.167596;,
  -0.064272;0.723207;-0.146766;,
  -0.074376;0.726617;-0.170428;,
  -0.075840;0.756707;-0.132384;,
  -0.068181;0.770265;-0.113943;,
  -0.058917;0.867744;-0.188549;,
  -0.039316;0.872603;-0.189298;,
  -0.071836;0.793414;-0.222559;,
  -0.068674;0.822820;-0.219723;,
  -0.054831;0.791427;-0.228856;,
  -0.080573;0.745809;-0.177479;,
  -0.088913;0.761312;-0.153496;,
  -0.081774;0.746305;-0.145450;,
  -0.090694;0.798858;-0.142965;,
  -0.091231;0.804527;-0.166831;,
  -0.082267;0.832416;-0.204957;,
  -0.086803;0.795333;-0.192097;,
  -0.091093;0.839539;-0.179433;,
  -0.088225;0.805652;-0.127795;,
  -0.077620;0.817682;-0.109329;,
  -0.038577;0.821367;-0.098474;,
  -0.072072;0.861244;-0.129916;,
  -0.039300;0.865618;-0.120178;,
  -0.086908;0.773246;-0.186836;,
  -0.072282;0.764114;-0.208746;,
  -0.070995;0.733930;-0.189251;,
  -0.055998;0.707843;-0.196142;,
  -0.064543;0.843557;-0.214698;,
  -0.078427;0.857376;-0.186260;,
  -0.087083;0.854828;-0.147986;,
  -0.073796;0.870469;-0.159848;,
  -0.039502;0.880298;-0.152697;,
  -0.056685;0.877367;-0.154589;,
  -0.037889;0.781425;-0.102764;,
  -0.087083;0.854828;-0.147986;,
  -0.073796;0.870469;-0.159848;,
  -0.095211;0.763738;-0.154632;,
  -0.101543;0.810900;-0.153616;,
  -0.094100;0.791788;-0.155117;,
  -0.106327;0.793681;-0.142033;,
  -0.106327;0.793681;-0.142033;,
  -0.095211;0.763738;-0.154632;,
  -0.101543;0.810900;-0.153616;,
  -0.091231;0.804527;-0.166831;,
  -0.091306;0.779446;-0.168911;,
  -0.088913;0.761312;-0.153496;,
  -0.072360;0.785979;-0.212903;,
  -0.091306;0.779446;-0.168911;,
  -0.070890;0.731163;-0.104216;,
  -0.072166;0.736317;-0.136488;,
  -0.094764;0.728358;-0.089137;,
  -0.075840;0.756707;-0.132384;,
  0.038426;0.481876;0.099213;,
  0.040409;0.447643;0.100115;,
  0.018645;0.407636;0.065817;,
  0.015222;0.423520;0.041240;,
  -0.056685;0.877367;-0.154589;,
  -0.039502;0.880298;-0.152697;,
  -0.057111;0.737894;-0.207072;,
  -0.049920;0.759124;-0.217997;,
  -0.049951;0.749586;-0.216501;,
  -0.052642;0.784347;-0.218152;,
  0.016779;0.603451;0.051413;,
  -0.094764;0.728358;-0.089137;,
  -0.130644;-0.002179;0.028886;,
  -0.056408;0.731472;-0.205659;,
  -0.048678;0.728356;-0.212127;,
  -0.048589;0.733729;-0.209436;,
  -0.048380;0.736747;-0.214870;,
  -0.103228;0.725050;-0.014810;,
  -0.094908;0.695827;-0.031082;,
  -0.105312;0.683577;-0.038297;,
  -0.115158;0.667433;-0.062053;,
  -0.088225;0.805652;-0.127795;,
  -0.060500;0.189715;-0.033477;,
  -0.017310;0.127274;-0.061394;,
  -0.055846;0.118778;-0.004426;,
  -0.024916;0.203066;-0.074097;,
  -0.075294;0.248789;-0.051627;,
  -0.032329;0.260076;-0.082873;,
  -0.048468;0.339960;-0.035934;,
  -0.022897;0.341528;-0.054573;,
  -0.031868;0.426548;-0.022878;,
  -0.015555;0.423704;-0.031136;,
  -0.014891;0.461296;-0.022264;,
  -0.048291;0.468791;0.004410;,
  -0.012202;0.061934;-0.054058;,
  -0.048302;0.050288;0.016435;,
  0.003612;0.093430;0.138234;,
  -0.080206;0.163324;0.122606;,
  -0.057582;0.091032;0.139283;,
  -0.011114;0.160599;0.107748;,
  -0.090109;0.233167;0.098499;,
  -0.026920;0.222470;0.080688;,
  -0.034536;0.250102;0.060746;,
  -0.092298;0.254080;0.057736;,
  -0.087375;0.329895;0.094756;,
  -0.006102;0.316138;0.074922;,
  0.040409;0.447643;0.100115;,
  0.000829;0.430391;0.111324;,
  -0.094908;0.695827;-0.031082;,
  -0.071534;0.439139;0.008056;,
  -0.099413;0.346722;-0.003948;,
  -0.120027;0.245114;-0.016987;,
  -0.101950;0.191010;0.026492;,
  -0.088185;0.126337;0.059941;,
  -0.075158;0.060921;0.097877;,
  0.104713;0.331297;-0.024804;,
  0.068913;0.429741;0.072458;,
  0.097484;0.408893;0.024502;,
  0.079363;0.266289;-0.074823;,
  0.100108;0.228881;-0.054086;,
  0.099311;0.154453;-0.058198;,
  0.082786;0.082889;-0.062627;,
  -0.054634;0.410219;0.104367;;
  916;
  3;0,1,2;,
  3;1,0,3;,
  3;4,5,6;,
  3;5,4,7;,
  3;8,9,10;,
  3;9,8,11;,
  3;12,13,14;,
  3;13,12,15;,
  3;16,12,17;,
  3;12,16,15;,
  3;18,19,20;,
  3;19,18,16;,
  3;6,21,22;,
  3;21,6,5;,
  3;14,23,24;,
  3;23,14,13;,
  3;25,26,27;,
  3;26,25,28;,
  3;29,30,31;,
  3;30,29,32;,
  3;30,33,31;,
  3;33,30,34;,
  3;35,36,37;,
  3;36,35,38;,
  3;38,39,36;,
  3;39,38,40;,
  3;37,41,42;,
  3;41,37,36;,
  3;36,43,41;,
  3;43,36,39;,
  3;42,30,32;,
  3;30,42,41;,
  3;41,34,30;,
  3;34,41,43;,
  3;44,45,46;,
  3;45,44,47;,
  3;48,49,50;,
  3;49,48,51;,
  3;50,52,53;,
  3;52,50,49;,
  3;54,55,56;,
  3;55,54,57;,
  3;57,58,55;,
  3;58,57,59;,
  3;56,60,61;,
  3;60,56,55;,
  3;55,62,60;,
  3;62,55,58;,
  3;61,49,51;,
  3;49,61,60;,
  3;60,52,49;,
  3;52,60,62;,
  3;32,19,63;,
  3;19,32,29;,
  3;64,65,66;,
  3;65,64,20;,
  3;14,67,12;,
  3;67,14,68;,
  3;68,69,67;,
  3;69,68,70;,
  3;70,42,69;,
  3;42,70,37;,
  3;48,34,51;,
  3;34,48,33;,
  3;51,43,61;,
  3;43,51,34;,
  3;43,56,61;,
  3;56,43,39;,
  3;39,54,56;,
  3;54,39,40;,
  3;12,63,17;,
  3;63,12,67;,
  3;67,32,63;,
  3;32,67,69;,
  3;69,42,32;,
  3;71,72,25;,
  3;73,74,75;,
  3;74,73,76;,
  3;74,77,75;,
  3;77,74,78;,
  3;79,78,80;,
  3;78,79,77;,
  3;81,82,83;,
  3;82,84,85;,
  3;84,82,86;,
  3;87,88,89;,
  3;88,90,89;,
  3;90,88,91;,
  3;92,93,94;,
  3;92,89,93;,
  3;92,87,89;,
  3;89,95,93;,
  3;95,89,90;,
  3;96,93,82;,
  3;93,86,82;,
  3;86,93,95;,
  3;97,98,99;,
  3;98,97,100;,
  3;100,101,98;,
  3;101,100,102;,
  3;103,104,105;,
  3;104,103,106;,
  3;106,107,104;,
  3;107,106,108;,
  3;105,109,110;,
  3;109,105,104;,
  3;104,111,109;,
  3;111,104,107;,
  3;110,100,97;,
  3;100,110,109;,
  3;109,102,100;,
  3;102,109,111;,
  3;112,113,114;,
  3;113,112,115;,
  3;116,117,118;,
  3;117,116,119;,
  3;120,121,122;,
  3;121,120,123;,
  3;120,124,125;,
  3;124,120,122;,
  3;126,124,127;,
  3;124,126,125;,
  3;95,97,86;,
  3;97,95,110;,
  3;86,99,84;,
  3;99,86,97;,
  3;90,103,105;,
  3;103,90,91;,
  3;105,95,90;,
  3;95,105,110;,
  3;128,96,129;,
  3;96,128,94;,
  3;129,130,128;,
  3;130,129,131;,
  3;72,28,25;,
  3;28,72,132;,
  3;10,133,8;,
  3;134,135,136;,
  3;135,134,137;,
  3;81,137,134;,
  3;138,11,139;,
  3;138,9,11;,
  3;138,140,9;,
  3;141,11,142;,
  3;11,141,139;,
  3;128,130,143;,
  3;94,144,92;,
  3;94,143,144;,
  3;94,128,143;,
  3;145,87,146;,
  3;87,145,147;,
  3;75,148,73;,
  3;148,75,149;,
  3;150,147,145;,
  3;7,149,75;,
  3;148,151,73;,
  3;102,152,101;,
  3;152,102,126;,
  3;102,125,126;,
  3;125,102,111;,
  3;111,120,125;,
  3;120,111,107;,
  3;120,108,123;,
  3;108,120,107;,
  3;8,153,154;,
  3;153,8,133;,
  3;154,155,8;,
  3;155,154,156;,
  3;122,114,113;,
  3;114,122,121;,
  3;121,112,114;,
  3;112,121,157;,
  3;158,124,159;,
  3;124,158,127;,
  3;159,122,113;,
  3;122,159,124;,
  3;126,160,152;,
  3;160,126,161;,
  3;162,121,123;,
  3;121,162,163;,
  3;121,164,157;,
  3;164,121,163;,
  3;165,126,127;,
  3;126,165,161;,
  3;161,166,160;,
  3;166,161,167;,
  3;162,118,163;,
  3;118,162,116;,
  3;163,117,164;,
  3;117,163,118;,
  3;165,167,161;,
  3;167,165,168;,
  3;169,170,171;,
  3;170,169,172;,
  3;173,174,175;,
  3;174,173,176;,
  3;177,178,179;,
  3;178,177,173;,
  3;180,178,181;,
  3;178,180,182;,
  3;183,169,171;,
  3;169,183,184;,
  3;174,185,186;,
  3;185,174,176;,
  3;46,187,44;,
  3;187,46,188;,
  3;180,169,182;,
  3;169,180,172;,
  3;20,29,65;,
  3;19,29,20;,
  3;29,31,189;,
  3;31,190,189;,
  3;190,31,33;,
  3;33,191,190;,
  3;191,33,48;,
  3;191,50,192;,
  3;50,191,48;,
  3;192,53,193;,
  3;53,192,50;,
  3;194,171,185;,
  3;171,194,183;,
  3;171,186,185;,
  3;186,171,170;,
  3;185,176,194;,
  3;194,173,177;,
  3;173,194,176;,
  3;178,175,181;,
  3;175,178,173;,
  3;179,182,184;,
  3;182,179,178;,
  3;182,169,184;,
  3;16,17,19;,
  3;17,63,19;,
  3;65,195,66;,
  3;196,197,198;,
  3;197,196,199;,
  3;200,154,153;,
  3;154,200,201;,
  3;202,203,204;,
  3;205,206,207;,
  3;196,208,209;,
  3;208,196,198;,
  3;210,209,211;,
  3;209,210,196;,
  3;212,213,214;,
  3;213,212,215;,
  3;212,214,211;,
  3;201,216,217;,
  3;216,201,200;,
  3;218,219,220;,
  3;219,218,217;,
  3;210,199,196;,
  3;213,205,207;,
  3;221,222,223;,
  3;198,197,224;,
  3;224,225,226;,
  3;225,224,197;,
  3;227,213,207;,
  3;228,229,214;,
  3;229,228,230;,
  3;220,231,232;,
  3;213,228,214;,
  3;156,201,233;,
  3;201,156,154;,
  3;233,217,218;,
  3;217,233,201;,
  3;219,217,234;,
  3;235,219,234;,
  3;236,237,238;,
  3;237,236,239;,
  3;209,240,211;,
  3;240,209,241;,
  3;211,242,212;,
  3;242,211,240;,
  3;243,239,244;,
  3;239,243,237;,
  3;244,236,245;,
  3;236,244,239;,
  3;246,221,223;,
  3;221,246,215;,
  3;221,212,247;,
  3;212,221,215;,
  3;199,248,2;,
  3;248,199,249;,
  3;133,10,250;,
  3;249,210,251;,
  3;210,249,199;,
  3;210,211,251;,
  3;252,1,253;,
  3;1,252,2;,
  3;20,254,18;,
  3;254,20,64;,
  3;24,68,14;,
  3;68,24,255;,
  3;68,256,70;,
  3;256,68,255;,
  3;256,37,70;,
  3;37,256,257;,
  3;258,2,252;,
  3;2,258,199;,
  3;257,259,37;,
  3;37,259,35;,
  3;260,204,261;,
  3;204,260,202;,
  3;262,263,223;,
  3;263,262,264;,
  3;197,258,225;,
  3;258,197,199;,
  3;265,203,227;,
  3;265,207,266;,
  3;207,265,227;,
  3;223,267,246;,
  3;267,223,263;,
  3;88,87,147;,
  3;83,82,85;,
  3;78,16,18;,
  3;16,78,74;,
  3;74,15,16;,
  3;15,74,76;,
  3;15,71,13;,
  3;71,15,76;,
  3;13,268,23;,
  3;268,13,71;,
  3;248,269,2;,
  3;2,269,0;,
  3;136,129,134;,
  3;129,136,131;,
  3;134,96,81;,
  3;96,134,129;,
  3;96,82,81;,
  3;93,96,94;,
  3;29,189,65;,
  3;205,215,246;,
  3;267,205,246;,
  3;205,267,206;,
  3;205,213,215;,
  3;187,188,270;,
  3;224,271,272;,
  3;222,221,208;,
  3;224,222,198;,
  3;272,273,262;,
  3;273,272,271;,
  3;263,274,275;,
  3;273,276,262;,
  3;277,271,278;,
  3;271,277,273;,
  3;222,272,262;,
  3;272,222,224;,
  3;222,208,198;,
  3;209,221,247;,
  3;221,209,208;,
  3;223,222,262;,
  3;266,206,279;,
  3;206,266,207;,
  3;206,280,279;,
  3;280,206,267;,
  3;280,263,275;,
  3;263,280,267;,
  3;264,262,276;,
  3;76,73,72;,
  3;138,281,140;,
  3;73,132,72;,
