xof 0303txt 0032
template ColorRGBA {
 <35ff44e0-6c7c-11cf-8f52-0040333594a3>
 FLOAT red;
 FLOAT green;
 FLOAT blue;
 FLOAT alpha;
}

template ColorRGB {
 <d3e16e81-7835-11cf-8f52-0040333594a3>
 FLOAT red;
 FLOAT green;
 FLOAT blue;
}

template Material {
 <3d82ab4d-62da-11cf-ab39-0020af71e433>
 ColorRGBA faceColor;
 FLOAT power;
 ColorRGB specularColor;
 ColorRGB emissiveColor;
 [...]
}

template TextureFilename {
 <a42790e1-7810-11cf-8f52-0040333594a3>
 STRING filename;
}

template Frame {
 <3d82ab46-62da-11cf-ab39-0020af71e433>
 [...]
}

template Matrix4x4 {
 <f6f23f45-7686-11cf-8f52-0040333594a3>
 array FLOAT matrix[16];
}

template FrameTransformMatrix {
 <f6f23f41-7686-11cf-8f52-0040333594a3>
 Matrix4x4 frameMatrix;
}

template Vector {
 <3d82ab5e-62da-11cf-ab39-0020af71e433>
 FLOAT x;
 FLOAT y;
 FLOAT z;
}

template MeshFace {
 <3d82ab5f-62da-11cf-ab39-0020af71e433>
 DWORD nFaceVertexIndices;
 array DWORD faceVertexIndices[nFaceVertexIndices];
}

template Mesh {
 <3d82ab44-62da-11cf-ab39-0020af71e433>
 DWORD nVertices;
 array Vector vertices[nVertices];
 DWORD nFaces;
 array MeshFace faces[nFaces];
 [...]
}

template MeshMaterialList {
 <f6f23f42-7686-11cf-8f52-0040333594a3>
 DWORD nMaterials;
 DWORD nFaceIndexes;
 array DWORD faceIndexes[nFaceIndexes];
 [Material <3d82ab4d-62da-11cf-ab39-0020af71e433>]
}

template VertexElement {
 <f752461c-1e23-48f6-b9f8-8350850f336f>
 DWORD Type;
 DWORD Method;
 DWORD Usage;
 DWORD UsageIndex;
}

template DeclData {
 <bf22e553-292c-4781-9fea-62bd554bdd93>
 DWORD nElements;
 array VertexElement Elements[nElements];
 DWORD nDWords;
 array DWORD data[nDWords];
}

template XSkinMeshHeader {
 <3cf169ce-ff7c-44ab-93c0-f78f62d172e2>
 WORD nMaxSkinWeightsPerVertex;
 WORD nMaxSkinWeightsPerFace;
 WORD nBones;
}

template SkinWeights {
 <6f0d123b-bad2-4167-a0d0-80224f25fabb>
 STRING transformNodeName;
 DWORD nWeights;
 array DWORD vertexIndices[nWeights];
 array FLOAT weights[nWeights];
 Matrix4x4 matrixOffset;
}

template AnimTicksPerSecond {
 <9e415a43-7ba6-4a73-8743-b73d47e88476>
 DWORD AnimTicksPerSecond;
}

template Animation {
 <3d82ab4f-62da-11cf-ab39-0020af71e433>
 [...]
}

template AnimationSet {
 <3d82ab50-62da-11cf-ab39-0020af71e433>
 [Animation <3d82ab4f-62da-11cf-ab39-0020af71e433>]
}

template FloatKeys {
 <10dd46a9-775b-11cf-8f52-0040333594a3>
 DWORD nValues;
 array FLOAT values[nValues];
}

template TimedFloatKeys {
 <f406b180-7b3b-11cf-8f52-0040333594a3>
 DWORD time;
 FloatKeys tfkeys;
}

template AnimationKey {
 <10dd46a8-775b-11cf-8f52-0040333594a3>
 DWORD keyType;
 DWORD nKeys;
 array TimedFloatKeys keys[nKeys];
}


Material _03_-_Default {
 1.000000;1.000000;1.000000;1.000000;;
 9.999999;
 0.000000;0.000000;0.000000;;
 0.000000;0.000000;0.000000;;

 TextureFilename {
  "MaleBody_full.png";
 }
}

Frame Dummy01 {
 

 FrameTransformMatrix {
  1.000000,0.000000,0.000000,0.000000,0.000000,-0.000000,-1.000000,0.000000,0.000000,1.000000,-0.000000,0.000000,0.000000,0.000000,0.000000,1.000000;;
 }

 Frame Bip01 {
  

  FrameTransformMatrix {
   0.000001,0.965926,-0.258819,0.000000,-0.000001,0.258819,0.965926,0.000000,1.000000,-0.000001,0.000001,0.000000,0.000000,0.030000,0.540000,1.000000;;
  }

  Frame Bip01_Pelvis {
   

   FrameTransformMatrix {
    -0.000000,1.000000,-0.000001,0.000000,0.063244,0.000001,0.997998,0.000000,0.997998,-0.000000,-0.063244,0.000000,0.000000,0.000000,0.000000,1.000000;;
   }

   Frame Bip01_Spine {
    

    FrameTransformMatrix {
     0.984669,0.011033,0.174083,0.000000,-0.000002,0.997998,-0.063241,0.000000,-0.174432,0.062271,0.982698,0.000000,0.051648,-0.000005,-0.000083,1.000000;;
    }

    Frame Bip01_Spine1 {
     

     FrameTransformMatrix {
      0.945673,-0.083790,0.314137,0.000000,0.079609,0.996483,0.026140,0.000000,-0.315222,0.000288,0.949018,0.000000,0.106507,-0.000000,-0.000081,1.000000;;
     }

     Frame Bip01_Neck {
      

      FrameTransformMatrix {
       0.996221,0.007284,-0.086545,0.000000,-0.007916,0.999945,-0.006961,0.000000,0.086489,0.007620,0.996224,0.000000,0.130502,-0.000000,0.004625,1.000000;;
      }

      Frame Bip01_Head {
       

       FrameTransformMatrix {
        0.969776,0.074299,-0.232411,0.000000,-0.076240,0.997089,0.000634,0.000000,0.231781,0.017105,0.972617,0.000000,0.033674,-0.000000,0.000000,1.000000;;
       }

       Frame Bip01_HeadNub {
        

        FrameTransformMatrix {
         1.000000,0.000000,0.000000,0.000000,0.000000,1.000000,-0.000000,0.000000,0.000000,0.000000,1.000000,0.000000,0.169824,0.000000,0.000000,1.000000;;
        }
       }
      }

      Frame Bip01_L_Clavicle {
       

       FrameTransformMatrix {
        -0.353490,0.923691,0.147781,0.000000,0.931510,0.333121,0.146012,0.000000,0.085641,0.189274,-0.978183,0.000000,-0.023417,0.015936,-0.006566,1.000000;;
       }

       Frame Bip01_L_UpperArm {
        

        FrameTransformMatrix {
         0.590505,-0.791046,-0.159843,0.000000,0.796699,0.602991,-0.040905,0.000000,0.128742,-0.103192,0.986295,0.000000,0.087086,-0.000000,0.000000,1.000000;;
        }

        Frame Bip01_L_Forearm {
         

         FrameTransformMatrix {
          0.320326,0.000000,-0.947307,0.000000,-0.000000,1.000000,0.000000,0.000000,0.947307,0.000000,0.320326,0.000000,0.137062,0.000000,0.000000,1.000000;;
         }

         Frame Bip01_L_Hand {
          

          FrameTransformMatrix {
           0.667019,0.654994,-0.355062,0.000000,0.044095,0.441026,0.896411,0.000000,0.743735,-0.613579,0.265291,0.000000,0.137062,-0.000000,0.000000,1.000000;;
          }

          Frame Bip01_L_Finger0 {
           

           FrameTransformMatrix {
            0.235353,-0.564101,0.791454,0.000000,0.835198,0.533842,0.132129,0.000000,-0.497045,0.629924,0.596777,0.000000,0.057681,-0.023605,-0.000272,1.000000;;
           }

           Frame Bip01_L_Finger0Nub {
            

            FrameTransformMatrix {
             1.000000,0.000000,0.000000,0.000000,0.000000,1.000000,0.000000,0.000000,0.000000,0.000000,1.000000,0.000000,0.029435,0.000000,-0.000000,1.000000;;
            }
           }
          }

          Frame Bip01_L_Finger1 {
           

           FrameTransformMatrix {
            0.734090,-0.099616,0.671705,0.000000,-0.028412,0.983809,0.176953,0.000000,-0.678457,-0.148984,0.719375,0.000000,0.084102,0.000000,0.000000,1.000000;;
           }

           Frame Bip01_L_Finger1Nub {
            

            FrameTransformMatrix {
             1.000000,0.000000,0.000000,0.000000,0.000000,1.000000,0.000000,0.000000,0.000000,0.000000,1.000000,0.000000,0.047988,0.000000,0.000000,1.000000;;
            }
           }
          }
         }
        }
       }
      }

      Frame Bip01_R_Clavicle {
       

       FrameTransformMatrix {
        -0.237610,-0.914890,-0.326371,0.000000,-0.967738,0.251951,-0.001727,0.000000,0.083809,0.315432,-0.945240,0.000000,-0.023646,-0.015491,-0.006805,1.000000;;
       }

       Frame Bip01_R_UpperArm {
        

        FrameTransformMatrix {
         0.496521,0.617376,-0.610175,0.000000,-0.349531,0.785641,0.510486,0.000000,0.794540,-0.040192,0.605880,0.000000,0.087086,0.000000,0.000000,1.000000;;
        }

        Frame Bip01_R_Forearm {
         

         FrameTransformMatrix {
          0.377680,0.000000,-0.925936,0.000000,-0.000000,1.000000,-0.000000,0.000000,0.925937,0.000000,0.377680,0.000000,0.137062,0.000000,0.000000,1.000000;;
         }

         Frame Bip01_R_Hand {
          

          FrameTransformMatrix {
           0.991956,-0.025441,0.124002,0.000000,0.126381,0.254644,-0.958741,0.000000,-0.007185,0.966700,0.255811,0.000000,0.137062,0.000000,0.000000,1.000000;;
          }

          Frame Bip01_R_Finger0 {
           

           FrameTransformMatrix {
            0.417774,-0.116941,0.900994,0.000000,-0.558537,0.749101,0.356210,0.000000,-0.716591,-0.652053,0.247639,0.000000,0.057681,0.023605,-0.000272,1.000000;;
           }

           Frame Bip01_R_Finger0Nub {
            

            FrameTransformMatrix {
             -1.000000,0.000000,0.000000,0.000000,-0.000000,1.000000,0.000000,0.000000,0.000000,0.000000,-1.000000,0.000000,0.029435,0.000000,-0.000000,1.000000;;
            }
           }
          }

          Frame Bip01_R_Finger1 {
           

           FrameTransformMatrix {
            0.352436,0.000745,0.935835,0.000000,0.000000,1.000000,-0.000796,0.000000,-0.935836,0.000281,0.352436,0.000000,0.084102,0.000000,0.000000,1.000000;;
           }

           Frame Bip01_R_Finger1Nub {
            

            FrameTransformMatrix {
             -1.000000,-0.000000,-0.000000,0.000000,0.000000,1.000000,-0.000000,0.000000,0.000000,0.000000,-1.000000,0.000000,0.047988,0.000000,0.000000,1.000000;;
            }
           }
          }
         }
        }
       }
      }
     }

     Frame Bip01_BackPack {
      

      FrameTransformMatrix {
       0.081023,-0.088037,-0.992817,0.000000,-0.064786,0.993520,-0.093387,0.000000,0.994605,0.071887,0.074794,0.000000,0.041174,-0.003810,-0.088357,1.000000;;
      }

      Frame Bip01_BackPackNub {
       

       FrameTransformMatrix {
        0.000796,0.000003,1.000000,0.000000,-0.000000,-1.000000,0.000003,0.000000,1.000000,-0.000000,-0.000796,0.000000,0.053240,0.000000,0.000000,1.000000;;
       }
      }
     }
    }

    Frame Bip01_L_Thigh {
     

     FrameTransformMatrix {
      -0.566539,0.001396,0.824034,0.000000,-0.000626,-0.999999,0.001263,0.000000,0.824035,0.000200,0.566540,0.000000,-0.050233,0.055115,0.012530,1.000000;;
     }

     Frame Bip01_L_Calf {
      

      FrameTransformMatrix {
       0.979645,0.000000,-0.200740,0.000000,0.000000,1.000000,-0.000000,0.000000,0.200740,0.000000,0.979645,0.000000,0.237500,0.000000,0.000000,1.000000;;
      }

      Frame Bip01_L_Foot {
       

       FrameTransformMatrix {
        0.981174,0.001391,0.193123,0.000000,-0.023169,0.993600,0.110555,0.000000,-0.191733,-0.112948,0.974926,0.000000,0.206841,0.000000,0.000000,1.000000;;
       }

       Frame Bip01_L_Toe0 {
        

        FrameTransformMatrix {
         -0.000000,0.000001,1.000000,0.000000,-0.000000,1.000000,-0.000001,0.000000,-1.000000,-0.000000,-0.000000,0.000000,0.065373,0.000000,0.066450,1.000000;;
        }

        Frame Bip01_L_Toe0Nub {
         

         FrameTransformMatrix {
          -1.000000,-0.000000,-0.000000,0.000000,-0.000000,1.000000,-0.000000,0.000000,0.000000,-0.000000,-1.000000,0.000000,0.006735,0.000000,0.000000,1.000000;;
         }
        }
       }
      }
     }
    }

    Frame Bip01_R_Thigh {
     

     FrameTransformMatrix {
      -0.967826,0.000000,0.251622,0.000000,0.000000,-1.000000,0.000003,0.000000,0.251622,0.000003,0.967826,0.000000,-0.051451,-0.055115,0.005652,1.000000;;
     }

     Frame Bip01_R_Calf {
      

      FrameTransformMatrix {
       0.161777,-0.000000,-0.986827,0.000000,0.000000,1.000000,-0.000000,0.000000,0.986827,-0.000000,0.161777,0.000000,0.237500,0.000000,-0.000000,1.000000;;
      }

      Frame Bip01_R_Foot {
       

       FrameTransformMatrix {
        0.955836,-0.000000,-0.293902,0.000000,0.000000,1.000000,0.000000,0.000000,0.293902,-0.000000,0.955836,0.000000,0.206841,0.000000,0.000000,1.000000;;
       }

       Frame Bip01_R_Toe0 {
        

        FrameTransformMatrix {
         -0.000001,-0.000001,1.000000,0.000000,0.000000,1.000000,0.000001,0.000000,-1.000000,0.000000,-0.000001,0.000000,0.065373,0.000000,0.066450,1.000000;;
        }

        Frame Bip01_R_Toe0Nub {
         

         FrameTransformMatrix {
          1.000000,0.000000,0.000000,0.000000,-0.000000,1.000000,0.000000,0.000000,0.000000,0.000000,1.000000,0.000000,0.006735,-0.000000,0.000000,1.000000;;
         }
        }
       }
      }
     }
    }
   }

   Frame Bip01_DressFront {
    

    FrameTransformMatrix {
     -0.733779,-0.190299,0.652193,0.000000,0.121847,0.907542,0.401896,0.000000,-0.668373,0.374370,-0.642748,0.000000,-0.043904,0.001345,0.061035,1.000000;;
    }

    Frame Bip01_DressFront02 {
     

     FrameTransformMatrix {
      0.912592,0.000001,0.408870,0.000000,-0.000001,1.000000,-0.000000,0.000000,-0.408870,-0.000000,0.912593,0.000000,0.183378,0.000000,-0.000120,1.000000;;
     }

     Frame Bip01_DressFrontNub {
      

      FrameTransformMatrix {
       0.000796,0.000003,1.000000,0.000000,-0.000000,-1.000000,0.000003,0.000000,1.000000,-0.000000,-0.000796,0.000000,0.165302,-0.000000,0.000000,1.000000;;
      }
     }
    }
   }

   Frame Bip01_DressBack {
    

    FrameTransformMatrix {
     -0.886023,0.038029,0.462080,0.000000,0.191625,0.937561,0.290274,0.000000,-0.422190,0.345735,-0.837988,0.000000,-0.047673,-0.000048,-0.078302,1.000000;;
    }

    Frame Bip01_DressBack02 {
     

     FrameTransformMatrix {
      0.936852,0.174932,-0.302833,0.000000,-0.166408,0.984581,0.053939,0.000000,0.307599,-0.000139,0.951516,0.000000,0.176125,0.000000,-0.000103,1.000000;;
     }

     Frame Bip01_DressBackNub {
      

      FrameTransformMatrix {
       0.000796,0.000003,1.000000,0.000000,-0.000000,-1.000000,0.000003,0.000000,1.000000,0.000000,-0.000796,0.000000,0.136508,-0.000000,0.000000,1.000000;;
      }
     }
    }
   }
  }

  Frame Bip01_Prop1 {
   

   FrameTransformMatrix {
    -0.703039,-0.347155,0.620660,0.000000,0.520942,0.342709,0.781774,0.000000,-0.484103,0.872946,-0.060090,0.000000,0.152802,-0.037729,-0.108769,1.000000;;
   }
  }

  Frame Bip01_Prop2 {
   

   FrameTransformMatrix {
    0.986991,-0.103964,0.122644,0.000000,0.135372,0.948906,-0.285047,0.000000,-0.086743,0.297941,0.950635,0.000000,0.141651,0.013241,0.112361,1.000000;;
   }
  }
 }
}

Frame Translation_Data {
 

 FrameTransformMatrix {
  1.000000,0.000000,0.000000,0.000000,0.000000,-0.000000,-1.000000,0.000000,0.000000,1.000000,-0.000000,0.000000,0.000000,0.000000,0.000000,1.000000;;
 }
}

Frame Body {
 

 FrameTransformMatrix {
  1.000000,0.000000,0.000000,0.000000,0.000000,1.000000,0.000000,0.000000,0.000000,0.000000,1.000000,0.000000,0.000000,0.000000,0.000000,1.000000;;
 }

 Mesh Body {
  617;
  0.055415;0.740456;-0.185893;,
  0.024675;0.740711;-0.181977;,
  0.017078;0.773254;-0.188540;,
  0.064539;0.724701;-0.175871;,
  0.077940;0.721433;-0.169078;,
  0.051494;0.682325;-0.157462;,
  0.034831;0.706510;-0.175206;,
  0.087895;0.704420;-0.136077;,
  0.016528;0.812544;-0.172825;,
  0.068304;0.811212;-0.141702;,
  0.063057;0.787816;-0.166325;,
  0.036011;0.818995;-0.138549;,
  0.085627;0.596302;-0.010616;,
  0.045739;0.611123;0.007253;,
  0.045926;0.598720;0.016595;,
  0.078224;0.606792;-0.016167;,
  0.070107;0.591734;-0.069431;,
  0.083940;0.571047;-0.045672;,
  0.040760;0.579047;-0.096032;,
  0.067786;0.543104;-0.066075;,
  0.038359;0.530026;-0.072190;,
  -0.002298;0.674415;-0.160333;,
  -0.006109;0.703595;-0.176129;,
  0.002887;0.609632;0.009867;,
  0.003969;0.595224;0.020045;,
  0.052033;0.719127;-0.033429;,
  -0.002283;0.759231;-0.049901;,
  0.000019;0.720464;-0.029117;,
  0.054420;0.760848;-0.057052;,
  0.055075;0.518082;-0.084910;,
  0.096214;0.422443;-0.117205;,
  0.058300;0.439256;-0.140342;,
  0.090139;0.503472;-0.053992;,
  0.055631;0.358214;-0.189212;,
  0.084594;0.335502;-0.151088;,
  0.006637;0.515448;-0.070493;,
  0.017269;0.389358;-0.052351;,
  0.016292;0.497189;0.049463;,
  0.010678;0.427339;-0.117814;,
  0.031113;0.320248;-0.115049;,
  0.027897;0.337490;-0.153627;,
  0.096779;0.391083;-0.060535;,
  0.085976;0.471052;-0.003743;,
  0.071883;0.321723;-0.114788;,
  0.072766;0.074550;-0.243087;,
  0.028311;0.054131;-0.207889;,
  0.028506;0.078633;-0.250114;,
  0.062973;0.052272;-0.204715;,
  0.055636;0.295153;-0.189346;,
  0.082133;0.212446;-0.189270;,
  0.052738;0.225568;-0.214654;,
  0.087236;0.282475;-0.163737;,
  0.071610;0.137407;-0.214190;,
  0.052762;0.150779;-0.240254;,
  0.014011;0.270263;-0.173462;,
  0.021192;0.206671;-0.149780;,
  0.016237;0.264207;-0.118099;,
  0.023327;0.214487;-0.191833;,
  0.038344;0.138213;-0.189459;,
  0.035135;0.133933;-0.223202;,
  0.083205;0.204065;-0.151662;,
  0.088337;0.269369;-0.116078;,
  0.062505;0.141954;-0.187004;,
  0.090357;0.544406;-0.033594;,
  -0.003333;0.520203;-0.079152;,
  0.006637;0.515448;-0.070493;,
  -0.002448;0.490498;-0.056725;,
  0.095524;0.553333;0.020046;,
  0.047113;0.559086;0.046601;,
  0.087646;0.491630;0.013440;,
  0.043746;0.499411;0.040125;,
  0.048857;0.668840;-0.014427;,
  0.083733;0.709666;-0.048376;,
  0.095003;0.705493;-0.065512;,
  0.072756;0.639066;-0.083157;,
  0.088434;0.680911;-0.111972;,
  0.080675;0.658751;-0.037771;,
  0.054263;0.659978;-0.139900;,
  0.049779;0.622657;-0.106765;,
  -0.000001;0.659382;-0.146310;,
  0.000994;0.615757;-0.107865;,
  0.109109;0.700411;-0.177232;,
  0.132309;0.662035;-0.153695;,
  0.057827;0.703161;-0.161163;,
  0.100176;0.622188;-0.105205;,
  0.076795;0.651529;-0.133750;,
  0.145483;0.628927;-0.121262;,
  0.071908;0.726044;-0.106483;,
  0.076795;0.651529;-0.133750;,
  0.089610;0.686609;-0.079247;,
  0.113083;0.630153;-0.059858;,
  0.100176;0.622188;-0.105205;,
  0.080897;0.732204;-0.103371;,
  0.145151;0.697425;-0.099297;,
  0.121530;0.734671;-0.122272;,
  0.158300;0.636671;-0.075796;,
  0.121444;0.717712;-0.156144;,
  0.143914;0.624609;-0.138401;,
  0.093444;0.565355;-0.154385;,
  0.089878;0.615874;-0.120961;,
  0.127895;0.573219;-0.164321;,
  0.092526;0.524313;-0.173104;,
  0.116600;0.528425;-0.183167;,
  0.089878;0.615874;-0.120961;,
  0.120083;0.540866;-0.110062;,
  0.110807;0.588757;-0.067858;,
  0.093444;0.565355;-0.154385;,
  0.115742;0.506261;-0.147446;,
  0.092526;0.524313;-0.173104;,
  0.146396;0.547320;-0.117812;,
  0.164526;0.597555;-0.085216;,
  0.129927;0.509510;-0.153655;,
  0.124145;0.480137;-0.288182;,
  0.132807;0.459961;-0.235508;,
  0.110265;0.482903;-0.271343;,
  0.146212;0.457582;-0.252413;,
  0.084581;0.504739;-0.239854;,
  0.094907;0.503864;-0.253009;,
  0.089610;0.497003;-0.246232;,
  0.085139;0.513594;-0.247430;,
  0.122692;0.477494;-0.183234;,
  0.111663;0.512442;-0.231214;,
  0.144287;0.474879;-0.213610;,
  0.088608;0.505541;-0.206120;,
  0.158995;0.486725;-0.220047;,
  0.147146;0.506252;-0.180691;,
  0.111808;0.536589;-0.203777;,
  0.127589;0.523265;-0.236284;,
  0.095493;0.773510;-0.164655;,
  0.095197;0.754081;-0.187358;,
  0.063057;0.787816;-0.166325;,
  0.058894;0.767296;-0.183228;,
  0.090877;0.755188;-0.074482;,
  0.026641;0.791357;-0.188812;,
  0.083825;0.729666;-0.190663;,
  0.064539;0.724701;-0.175871;,
  0.055415;0.740456;-0.185893;,
  0.080372;0.712786;-0.174527;,
  0.088772;0.785403;-0.112202;,
  0.051388;0.791178;-0.091364;,
  0.090844;0.785661;-0.117834;,
  -0.005736;0.786022;-0.081953;,
  -0.010336;0.809202;-0.137164;,
  0.068304;0.811212;-0.141702;,
  0.090844;0.785661;-0.117834;,
  0.076771;0.732088;-0.141994;,
  0.091447;0.770060;-0.119204;,
  0.057827;0.703161;-0.161163;,
  0.093201;0.733731;-0.097892;,
  0.086489;0.710336;-0.122743;,
  0.077940;0.721433;-0.169078;,
  0.098359;0.745651;-0.087341;,
  0.088608;0.505541;-0.206120;,
  0.021491;0.816661;-0.194263;,
  0.012446;0.827699;-0.175896;,
  -0.012399;0.815244;-0.169170;,
  -0.013573;0.832540;-0.168682;,
  0.127589;0.523265;-0.236284;,
  0.124145;0.480137;-0.288182;,
  0.146212;0.457582;-0.252413;,
  0.089303;0.511360;-0.221631;,
  0.097296;0.527595;-0.240165;,
  0.089303;0.511360;-0.221631;,
  0.100546;0.502099;-0.231860;,
  0.116493;0.516806;-0.243486;,
  0.116493;0.516806;-0.243486;,
  0.084581;0.504739;-0.239854;,
  0.085139;0.513594;-0.247430;,
  0.094907;0.503864;-0.253009;,
  0.087661;0.131130;-0.297755;,
  0.062664;0.136354;-0.350029;,
  0.060533;0.148924;-0.334642;,
  0.094004;0.115683;-0.314249;,
  0.025791;0.088558;-0.200699;,
  0.028506;0.078633;-0.250114;,
  0.028311;0.054131;-0.207889;,
  0.027430;0.101583;-0.239949;,
  0.038344;0.138213;-0.189459;,
  0.067124;0.089089;-0.195573;,
  0.062505;0.141954;-0.187004;,
  0.072766;0.074550;-0.243087;,
  0.062973;0.052272;-0.204715;,
  0.074188;0.105976;-0.227627;,
  0.052762;0.150779;-0.240254;,
  0.071610;0.137407;-0.214190;,
  0.032035;0.142658;-0.329858;,
  0.026766;0.133147;-0.344452;,
  0.094004;0.115683;-0.314249;,
  0.026766;0.133147;-0.344452;,
  0.010678;0.427339;-0.117814;,
  0.027897;0.337490;-0.153627;,
  0.014011;0.270263;-0.173462;,
  0.023327;0.214487;-0.191833;,
  0.035135;0.133933;-0.223202;,
  0.035135;0.133933;-0.223202;,
  0.000744;0.491450;-0.004833;,
  0.032609;0.812255;-0.212581;,
  0.015087;0.796639;-0.225745;,
  0.024018;0.802290;-0.229534;,
  0.013562;0.805476;-0.208125;,
  0.024910;0.838198;-0.196904;,
  0.016993;0.854447;-0.180910;,
  0.006180;0.938292;-0.270391;,
  -0.013501;0.921747;-0.293230;,
  -0.013501;0.942629;-0.271896;,
  0.020416;0.859646;-0.291851;,
  0.003457;0.856369;-0.297717;,
  0.016748;0.889062;-0.293841;,
  0.029897;0.820180;-0.239627;,
  0.037935;0.839523;-0.218502;,
  0.031040;0.825908;-0.208109;,
  0.039059;0.878309;-0.214232;,
  0.039535;0.880020;-0.238704;,
  0.030153;0.901167;-0.280853;,
  0.038818;0.912504;-0.256843;,
  0.035302;0.866758;-0.262128;,
  0.036452;0.887441;-0.200369;,
  0.025615;0.902135;-0.184096;,
  -0.013501;0.906873;-0.173937;,
  0.019355;0.941659;-0.211500;,
  -0.013501;0.947001;-0.202562;,
  0.035776;0.845829;-0.253339;,
  0.020540;0.806379;-0.249294;,
  0.021341;0.833000;-0.273448;,
  0.006001;0.779265;-0.251823;,
  -0.013501;0.778114;-0.238980;,
  -0.013501;0.772765;-0.259433;,
  0.012257;0.910267;-0.292256;,
  0.025860;0.928771;-0.266469;,
  0.034500;0.932642;-0.228302;,
  0.020966;0.945912;-0.242537;,
  0.003732;0.953281;-0.238450;,
  -0.013501;0.956187;-0.237039;,
  -0.013501;0.866760;-0.171660;,
  0.034500;0.932642;-0.228302;,
  0.020966;0.945912;-0.242537;,
  0.044192;0.841839;-0.220026;,
  0.049717;0.888637;-0.226717;,
  0.054776;0.873620;-0.212490;,
  0.042603;0.869412;-0.225075;,
  0.054776;0.873620;-0.212490;,
  0.044192;0.841839;-0.220026;,
  0.049717;0.888637;-0.226717;,
  0.039535;0.880020;-0.238704;,
  0.040041;0.854941;-0.236669;,
  0.037935;0.839523;-0.218502;,
  0.021053;0.853894;-0.281113;,
  0.040041;0.854941;-0.236669;,
  0.026641;0.791357;-0.188812;,
  0.021491;0.816661;-0.194263;,
  0.058894;0.767296;-0.183228;,
  0.024910;0.838198;-0.196904;,
  -0.010084;0.751294;-0.194567;,
  -0.008140;0.729510;-0.183825;,
  -0.002797;0.576456;-0.096758;,
  0.005156;0.557170;0.049628;,
  0.004964;0.523382;0.055541;,
  -0.001686;0.476863;0.023219;,
  -0.013321;0.782549;-0.222068;,
  0.000744;0.491450;-0.004833;,
  0.003732;0.953281;-0.238450;,
  -0.013501;0.956187;-0.237039;,
  0.006618;0.807148;-0.267505;,
  -0.000919;0.826188;-0.281733;,
  -0.000727;0.817023;-0.278703;,
  -0.013501;0.908689;-0.301564;,
  -0.013501;0.883728;-0.306495;,
  0.001373;0.851091;-0.286001;,
  0.001449;0.668514;-0.011290;,
  0.058894;0.767296;-0.183228;,
  0.062664;0.136354;-0.350029;,
  -0.001644;0.796771;-0.270927;,
  0.006023;0.801031;-0.265063;,
  -0.001829;0.802509;-0.269147;,
  -0.013501;0.814420;-0.283085;,
  -0.013501;0.819314;-0.294780;,
  -0.002081;0.804597;-0.275000;,
  -0.013501;0.802619;-0.269735;,
  -0.013501;0.794299;-0.272955;,
  -0.013501;0.853093;-0.303584;,
  -0.013501;0.845547;-0.296766;,
  0.091447;0.770060;-0.119204;,
  -0.013501;0.803423;-0.278546;,
  0.073079;0.745428;-0.130974;,
  0.076771;0.732088;-0.141994;,
  0.077940;0.721433;-0.169078;,
  0.036452;0.887441;-0.200369;,
  0.055636;0.295153;-0.189346;,
  0.005872;0.214024;-0.200153;,
  -0.002552;0.288991;-0.183052;,
  0.052738;0.225568;-0.214654;,
  0.055631;0.358214;-0.189212;,
  0.001788;0.345902;-0.180466;,
  0.058300;0.439256;-0.140342;,
  0.000472;0.425614;-0.131394;,
  0.055075;0.518082;-0.084910;,
  0.006407;0.504775;-0.091459;,
  0.038359;0.530026;-0.072190;,
  0.004122;0.144611;-0.218751;,
  0.052762;0.150779;-0.240254;,
  0.028126;0.194434;-0.123237;,
  0.021936;0.199592;-0.026215;,
  0.030310;0.130080;-0.150848;,
  0.017729;0.251286;-0.012163;,
  0.012284;0.302689;-0.002670;,
  0.020615;0.257268;-0.105979;,
  0.012165;0.345690;0.018460;,
  0.023883;0.305858;-0.088320;,
  0.016113;0.382484;-0.039109;,
  0.004108;0.418304;0.032291;,
  0.005925;0.496036;0.055800;,
  0.073079;0.745428;-0.130974;,
  -0.081085;0.746652;-0.167395;,
  -0.041646;0.736647;-0.178158;,
  -0.087408;0.728024;-0.157870;,
  -0.038862;0.769828;-0.185342;,
  -0.089854;0.712718;-0.157462;,
  -0.056222;0.677181;-0.152627;,
  -0.092900;0.695786;-0.127963;,
  -0.046723;0.701513;-0.170510;,
  -0.041339;0.809002;-0.169529;,
  -0.086498;0.805284;-0.129997;,
  -0.057382;0.813273;-0.133171;,
  -0.076309;0.794609;-0.146968;,
  -0.080739;0.599031;-0.000433;,
  -0.039952;0.612247;0.011448;,
  -0.074669;0.608797;-0.008683;,
  -0.037959;0.600096;0.021730;,
  -0.072211;0.593601;-0.062464;,
  -0.084165;0.573804;-0.035382;,
  -0.045980;0.580184;-0.091786;,
  -0.071373;0.543323;-0.058833;,
  -0.043523;0.531369;-0.067177;,
  0.002887;0.609632;0.009867;,
  0.003969;0.595224;0.020045;,
  -0.051900;0.715948;-0.030442;,
  -0.002283;0.759231;-0.049901;,
  -0.059245;0.755420;-0.051951;,
  0.000019;0.720464;-0.029117;,
  -0.056048;0.492491;-0.059840;,
  -0.096012;0.397789;-0.013567;,
  -0.090176;0.498164;-0.022898;,
  -0.058096;0.395393;-0.042065;,
  -0.055295;0.287109;-0.010712;,
  -0.084266;0.309607;0.016387;,
  -0.006578;0.498791;-0.039190;,
  -0.017087;0.415377;0.057105;,
  -0.010481;0.401211;-0.017239;,
  -0.007870;0.497585;0.050942;,
  -0.030800;0.332596;0.037304;,
  -0.027570;0.308286;0.014194;,
  -0.096592;0.411209;0.049796;,
  -0.083806;0.493302;0.038598;,
  -0.071572;0.333143;0.036293;,
  -0.073472;0.342471;0.283404;,
  -0.033906;0.385670;0.269245;,
  -0.068763;0.385423;0.269350;,
  -0.028576;0.339551;0.284343;,
  -0.055231;0.287308;0.065564;,
  -0.081636;0.315692;0.143279;,
  -0.086838;0.315695;0.068747;,
  -0.052233;0.287361;0.139604;,
  -0.071257;0.316800;0.221301;,
  -0.051262;0.289083;0.222469;,
  -0.013592;0.310773;0.083453;,
  -0.020724;0.354799;0.135100;,
  -0.022830;0.312610;0.142160;,
  -0.015860;0.364862;0.070186;,
  -0.038816;0.339199;0.208606;,
  -0.034671;0.315525;0.227670;,
  -0.082732;0.353895;0.138275;,
  -0.087967;0.364961;0.064741;,
  -0.063012;0.338275;0.204276;,
  -0.089929;0.547363;-0.022558;,
  -0.006578;0.498791;-0.039190;,
  -0.088221;0.556347;0.031293;,
  -0.036772;0.560462;0.051736;,
  -0.083392;0.507339;0.040238;,
  -0.036960;0.516008;0.058822;,
  -0.046006;0.667430;-0.012375;,
  -0.083434;0.704554;-0.043572;,
  -0.095097;0.699680;-0.060048;,
  -0.070801;0.636932;-0.080052;,
  -0.078102;0.656391;-0.034337;,
  -0.088740;0.675493;-0.106879;,
  -0.054346;0.656657;-0.136779;,
  -0.047948;0.621204;-0.104652;,
  -0.112943;0.727892;-0.154203;,
  -0.069966;0.725875;-0.121883;,
  -0.140993;0.686200;-0.147880;,
  -0.124734;0.635787;-0.101070;,
  -0.162490;0.647034;-0.129435;,
  -0.094753;0.670303;-0.113252;,
  -0.102192;0.737552;-0.071514;,
  -0.126228;0.693918;-0.060175;,
  -0.094753;0.670303;-0.113252;,
  -0.152441;0.636087;-0.061141;,
  -0.124734;0.635787;-0.101070;,
  -0.111949;0.743201;-0.070376;,
  -0.172471;0.710141;-0.094847;,
  -0.144163;0.750600;-0.100740;,
  -0.190144;0.647102;-0.089404;,
  -0.132234;0.740885;-0.135355;,
  -0.155781;0.644432;-0.145559;,
  -0.102878;0.585710;-0.153724;,
  -0.132261;0.596726;-0.172767;,
  -0.110292;0.630431;-0.113387;,
  -0.096557;0.550971;-0.176082;,
  -0.115643;0.554654;-0.194653;,
  -0.110292;0.630431;-0.113387;,
  -0.142428;0.556288;-0.124671;,
  -0.102878;0.585710;-0.153724;,
  -0.147271;0.596735;-0.074758;,
  -0.126491;0.531002;-0.160000;,
  -0.096557;0.550971;-0.176082;,
  -0.164819;0.565169;-0.139296;,
  -0.192498;0.610763;-0.106732;,
  -0.137709;0.532458;-0.173563;,
  -0.053687;0.454209;-0.219599;,
  -0.103091;0.467145;-0.194132;,
  -0.097943;0.447984;-0.202934;,
  -0.058452;0.473843;-0.210900;,
  -0.062764;0.490796;-0.203749;,
  -0.067597;0.481570;-0.216862;,
  -0.056064;0.490254;-0.213284;,
  -0.069270;0.481939;-0.205993;,
  -0.113227;0.500319;-0.169997;,
  -0.080826;0.507740;-0.220398;,
  -0.075086;0.524682;-0.190584;,
  -0.113900;0.474157;-0.196660;,
  -0.123609;0.473738;-0.214087;,
  -0.137613;0.513058;-0.195967;,
  -0.098548;0.539590;-0.217694;,
  -0.092201;0.506706;-0.236708;,
  -0.100954;0.796131;-0.128563;,
  -0.114902;0.778605;-0.148339;,
  -0.076309;0.794609;-0.146968;,
  -0.079122;0.776242;-0.162720;,
  -0.096205;0.746254;-0.066086;,
  -0.050532;0.786634;-0.184428;,
  -0.111498;0.752350;-0.154736;,
  -0.087408;0.728024;-0.157870;,
  -0.099266;0.736566;-0.138325;,
  -0.081085;0.746652;-0.167395;,
  -0.104546;0.775666;-0.097870;,
  -0.107457;0.776138;-0.102957;,
  -0.063762;0.784122;-0.084733;,
  -0.005736;0.786022;-0.081953;,
  -0.010336;0.809202;-0.137164;,
  -0.086498;0.805284;-0.129997;,
  -0.107457;0.776138;-0.102957;,
  -0.088644;0.727304;-0.127663;,
  -0.069966;0.725875;-0.121883;,
  -0.103861;0.764110;-0.102036;,
  -0.098148;0.724593;-0.089304;,
  -0.091048;0.701857;-0.114774;,
  -0.089854;0.712718;-0.157462;,
  -0.103661;0.736004;-0.078274;,
  -0.075086;0.524682;-0.190584;,
  -0.048802;0.814334;-0.192447;,
  -0.039557;0.825977;-0.174553;,
  -0.012399;0.815244;-0.169170;,
  -0.013573;0.832540;-0.168682;,
  -0.092201;0.506706;-0.236708;,
  -0.053687;0.454209;-0.219599;,
  -0.097943;0.447984;-0.202934;,
  -0.067750;0.509804;-0.200280;,
  -0.059574;0.506260;-0.224602;,
  -0.067750;0.509804;-0.200280;,
  -0.078864;0.497986;-0.207600;,
  -0.079647;0.500191;-0.232101;,
  -0.079647;0.500191;-0.232101;,
  -0.062764;0.490796;-0.203749;,
  -0.056064;0.490254;-0.213284;,
  -0.067597;0.481570;-0.216862;,
  -0.079713;0.262717;0.286895;,
  -0.049458;0.226992;0.321436;,
  -0.085273;0.262618;0.309698;,
  -0.048137;0.228045;0.301525;,
  -0.030159;0.365109;0.240846;,
  -0.028576;0.339551;0.284343;,
  -0.027205;0.329329;0.261435;,
  -0.033906;0.385670;0.269245;,
  -0.038816;0.339199;0.208606;,
  -0.071699;0.363659;0.238142;,
  -0.063012;0.338275;0.204276;,
  -0.073472;0.342471;0.283404;,
  -0.074622;0.329178;0.250991;,
  -0.068763;0.385423;0.269350;,
  -0.051262;0.289083;0.222469;,
  -0.071257;0.316800;0.221301;,
  -0.020645;0.238923;0.301132;,
  -0.014519;0.236916;0.318151;,
  -0.085273;0.262618;0.309698;,
  -0.014519;0.236916;0.318151;,
  -0.010481;0.401211;-0.017239;,
  -0.027570;0.308286;0.014194;,
  -0.013592;0.310773;0.083453;,
  -0.022830;0.312610;0.142160;,
  -0.034671;0.315525;0.227670;,
  -0.034671;0.315525;0.227670;,
  -0.059611;0.812255;-0.212581;,
  -0.042090;0.796639;-0.225745;,
  -0.040889;0.803673;-0.206718;,
  -0.051020;0.802290;-0.229534;,
  -0.051912;0.838198;-0.196904;,
  -0.043996;0.854447;-0.180910;,
  -0.033182;0.938292;-0.270391;,
  -0.013501;0.942629;-0.271896;,
  -0.047418;0.859645;-0.291851;,
  -0.043750;0.889062;-0.293841;,
  -0.030460;0.856369;-0.297717;,
  -0.056899;0.820180;-0.239627;,
  -0.064937;0.839523;-0.218502;,
  -0.058043;0.825908;-0.208109;,
  -0.066061;0.878308;-0.214232;,
  -0.066537;0.880020;-0.238704;,
  -0.057155;0.901167;-0.280853;,
  -0.062304;0.866758;-0.262128;,
  -0.065821;0.912504;-0.256843;,
  -0.063454;0.887441;-0.200369;,
  -0.052617;0.902135;-0.184096;,
  -0.013501;0.906873;-0.173937;,
  -0.046357;0.941659;-0.211500;,
  -0.013501;0.947001;-0.202562;,
  -0.062778;0.845829;-0.253339;,
  -0.048343;0.833000;-0.273448;,
  -0.047543;0.806379;-0.249294;,
  -0.033003;0.779265;-0.251823;,
  -0.039259;0.910267;-0.292256;,
  -0.052863;0.928771;-0.266469;,
  -0.061502;0.932642;-0.228302;,
  -0.047968;0.945912;-0.242537;,
  -0.013501;0.956187;-0.237039;,
  -0.030735;0.953281;-0.238450;,
  -0.013501;0.866760;-0.171660;,
  -0.061502;0.932642;-0.228302;,
  -0.047968;0.945912;-0.242537;,
  -0.071194;0.841839;-0.220026;,
  -0.076719;0.888637;-0.226717;,
  -0.069605;0.869412;-0.225075;,
  -0.081779;0.873620;-0.212490;,
  -0.081779;0.873620;-0.212490;,
  -0.071194;0.841839;-0.220026;,
  -0.076719;0.888637;-0.226717;,
  -0.066537;0.880020;-0.238704;,
  -0.067043;0.854941;-0.236669;,
  -0.064937;0.839523;-0.218502;,
  -0.048055;0.853894;-0.281113;,
  -0.067043;0.854941;-0.236669;,
  -0.050532;0.786634;-0.184428;,
  -0.048802;0.814334;-0.192447;,
  -0.079122;0.776242;-0.162720;,
  -0.051912;0.838198;-0.196904;,
  0.005156;0.557170;0.049628;,
  0.004964;0.523382;0.055541;,
  -0.001686;0.476863;0.023219;,
  0.000744;0.491450;-0.004833;,
  -0.030735;0.953281;-0.238450;,
  -0.013501;0.956187;-0.237039;,
  -0.033620;0.807148;-0.267505;,
  -0.026083;0.826188;-0.281733;,
  -0.026275;0.817023;-0.278703;,
  -0.028376;0.851091;-0.286001;,
  0.001449;0.668514;-0.011290;,
  -0.079122;0.776242;-0.162720;,
  -0.049458;0.226992;0.321436;,
  -0.033025;0.801031;-0.265063;,
  -0.025358;0.796771;-0.270927;,
  -0.025174;0.802509;-0.269147;,
  -0.024921;0.804597;-0.275000;,
  -0.103861;0.764110;-0.102036;,
  -0.084441;0.740346;-0.116542;,
  -0.088644;0.727304;-0.127663;,
  -0.089854;0.712718;-0.157462;,
  -0.063454;0.887441;-0.200369;,
  -0.035587;0.262831;-0.035891;,
  -0.028807;0.211275;-0.122707;,
  -0.042456;0.224297;0.004685;,
  -0.026394;0.275914;-0.125097;,
  -0.037680;0.305685;-0.070553;,
  -0.026913;0.326510;-0.133289;,
  -0.019272;0.397613;-0.070071;,
  -0.013640;0.404411;-0.104056;,
  -0.008475;0.481526;-0.069521;,
  -0.001813;0.482516;-0.079326;,
  -0.003333;0.520203;-0.079152;,
  -0.043523;0.531369;-0.067177;,
  -0.032043;0.156096;-0.123614;,
  -0.044423;0.185775;0.039187;,
  -0.014586;0.353489;0.189972;,
  -0.082732;0.353895;0.138275;,
  -0.062998;0.338277;0.204275;,
  -0.019343;0.361329;0.125857;,
  -0.087967;0.364961;0.064741;,
  -0.023881;0.379401;0.075181;,
  -0.023715;0.352638;0.055295;,
  -0.071572;0.333143;0.036293;,
  -0.096592;0.411209;0.049796;,
  -0.015752;0.418554;0.074268;,
  0.004964;0.523382;0.055540;,
  -0.036960;0.516008;0.058822;,
  -0.084441;0.740346;-0.116542;,
  -0.056048;0.492491;-0.059840;,
  -0.058096;0.395393;-0.042065;,
  -0.055295;0.287109;-0.010712;,
  -0.055231;0.287308;0.065564;,
  -0.052233;0.287361;0.139604;,
  -0.051262;0.289083;0.222469;,
  0.096779;0.391083;-0.060535;,
  0.043746;0.499411;0.040125;,
  0.085976;0.471052;-0.003743;,
  0.071883;0.321723;-0.114788;,
  0.088337;0.269369;-0.116078;,
  0.083205;0.204065;-0.151662;,
  0.062505;0.141954;-0.187004;,
  -0.083806;0.493302;0.038598;;
  916;
  3;0,1,2;,
  3;1,0,3;,
  3;4,5,6;,
  3;5,4,7;,
  3;8,9,10;,
  3;9,8,11;,
  3;12,13,14;,
  3;13,12,15;,
  3;16,12,17;,
  3;12,16,15;,
  3;18,19,20;,
  3;19,18,16;,
  3;6,21,22;,
  3;21,6,5;,
  3;14,23,24;,
  3;23,14,13;,
  3;25,26,27;,
  3;26,25,28;,
  3;29,30,31;,
  3;30,29,32;,
  3;30,33,31;,
  3;33,30,34;,
  3;35,36,37;,
  3;36,35,38;,
  3;38,39,36;,
  3;39,38,40;,
  3;37,41,42;,
  3;41,37,36;,
  3;36,43,41;,
  3;43,36,39;,
  3;42,30,32;,
  3;30,42,41;,
  3;41,34,30;,
  3;34,41,43;,
  3;44,45,46;,
  3;45,44,47;,
  3;48,49,50;,
  3;49,48,51;,
  3;50,52,53;,
  3;52,50,49;,
  3;54,55,56;,
  3;55,54,57;,
  3;57,58,55;,
  3;58,57,59;,
  3;56,60,61;,
  3;60,56,55;,
  3;55,62,60;,
  3;62,55,58;,
  3;61,49,51;,
  3;49,61,60;,
  3;60,52,49;,
  3;52,60,62;,
  3;32,19,63;,
  3;19,32,29;,
  3;64,65,66;,
  3;65,64,20;,
  3;14,67,12;,
  3;67,14,68;,
  3;68,69,67;,
  3;69,68,70;,
  3;70,42,69;,
  3;42,70,37;,
  3;48,34,51;,
  3;34,48,33;,
  3;51,43,61;,
  3;43,51,34;,
  3;43,56,61;,
  3;56,43,39;,
  3;39,54,56;,
  3;54,39,40;,
  3;12,63,17;,
  3;63,12,67;,
  3;67,32,63;,
  3;32,67,69;,
  3;69,42,32;,
  3;71,72,25;,
  3;73,74,75;,
  3;74,73,76;,
  3;74,77,75;,
  3;77,74,78;,
  3;79,78,80;,
  3;78,79,77;,
  3;81,82,83;,
  3;82,84,85;,
  3;84,82,86;,
  3;87,88,89;,
  3;88,90,89;,
  3;90,88,91;,
  3;92,93,94;,
  3;92,89,93;,
  3;92,87,89;,
  3;89,95,93;,
  3;95,89,90;,
  3;96,93,82;,
  3;93,86,82;,
  3;86,93,95;,
  3;97,98,99;,
  3;98,97,100;,
  3;100,101,98;,
  3;101,100,102;,
  3;103,104,105;,
  3;104,103,106;,
  3;106,107,104;,
  3;107,106,108;,
  3;105,109,110;,
  3;109,105,104;,
  3;104,111,109;,
  3;111,104,107;,
  3;110,100,97;,
  3;100,110,109;,
  3;109,102,100;,
  3;102,109,111;,
  3;112,113,114;,
  3;113,112,115;,
  3;116,117,118;,
  3;117,116,119;,
  3;120,121,122;,
  3;121,120,123;,
  3;120,124,125;,
  3;124,120,122;,
  3;126,124,127;,
  3;124,126,125;,
  3;95,97,86;,
  3;97,95,110;,
  3;86,99,84;,
  3;99,86,97;,
  3;90,103,105;,
  3;103,90,91;,
  3;105,95,90;,
  3;95,105,110;,
  3;128,96,129;,
  3;96,128,94;,
  3;129,130,128;,
  3;130,129,131;,
  3;72,28,25;,
  3;28,72,132;,
  3;10,133,8;,
  3;134,135,136;,
  3;135,134,137;,
  3;81,137,134;,
  3;138,11,139;,
  3;138,9,11;,
  3;138,140,9;,
  3;141,11,142;,
  3;11,141,139;,
  3;128,130,143;,
  3;94,144,92;,
  3;94,143,144;,
  3;94,128,143;,
  3;145,87,146;,
  3;87,145,147;,
  3;75,148,73;,
  3;148,75,149;,
  3;150,147,145;,
  3;7,149,75;,
  3;148,151,73;,
  3;102,152,101;,
  3;152,102,126;,
  3;102,125,126;,
  3;125,102,111;,
  3;111,120,125;,
  3;120,111,107;,
  3;120,108,123;,
  3;108,120,107;,
  3;8,153,154;,
  3;153,8,133;,
  3;154,155,8;,
  3;155,154,156;,
  3;122,114,113;,
  3;114,122,121;,
  3;121,112,114;,
  3;112,121,157;,
  3;158,124,159;,
  3;124,158,127;,
  3;159,122,113;,
  3;122,159,124;,
  3;126,160,152;,
  3;160,126,161;,
  3;162,121,123;,
  3;121,162,163;,
  3;121,164,157;,
  3;164,121,163;,
  3;165,126,127;,
  3;126,165,161;,
  3;161,166,160;,
  3;166,161,167;,
  3;162,118,163;,
  3;118,162,116;,
  3;163,117,164;,
  3;117,163,118;,
  3;165,167,161;,
  3;167,165,168;,
  3;169,170,171;,
  3;170,169,172;,
  3;173,174,175;,
  3;174,173,176;,
  3;177,178,179;,
  3;178,177,173;,
  3;180,178,181;,
  3;178,180,182;,
  3;183,169,171;,
  3;169,183,184;,
  3;174,185,186;,
  3;185,174,176;,
  3;46,187,44;,
  3;187,46,188;,
  3;180,169,182;,
  3;169,180,172;,
  3;20,29,65;,
  3;19,29,20;,
  3;29,31,189;,
  3;31,190,189;,
  3;190,31,33;,
  3;33,191,190;,
  3;191,33,48;,
  3;191,50,192;,
  3;50,191,48;,
  3;192,53,193;,
  3;53,192,50;,
  3;194,171,185;,
  3;171,194,183;,
  3;171,186,185;,
  3;186,171,170;,
  3;185,176,194;,
  3;194,173,177;,
  3;173,194,176;,
  3;178,175,181;,
  3;175,178,173;,
  3;179,182,184;,
  3;182,179,178;,
  3;182,169,184;,
  3;16,17,19;,
  3;17,63,19;,
  3;65,195,66;,
  3;196,197,198;,
  3;197,196,199;,
  3;200,154,153;,
  3;154,200,201;,
  3;202,203,204;,
  3;205,206,207;,
  3;196,208,209;,
  3;208,196,198;,
  3;210,209,211;,
  3;209,210,196;,
  3;212,213,214;,
  3;213,212,215;,
  3;212,214,211;,
  3;201,216,217;,
  3;216,201,200;,
  3;218,219,220;,
  3;219,218,217;,
  3;210,199,196;,
  3;213,205,207;,
  3;221,222,223;,
  3;198,197,224;,
  3;224,225,226;,
  3;225,224,197;,
  3;227,213,207;,
  3;228,229,214;,
  3;229,228,230;,
  3;220,231,232;,
  3;213,228,214;,
  3;156,201,233;,
  3;201,156,154;,
  3;233,217,218;,
  3;217,233,201;,
  3;219,217,234;,
  3;235,219,234;,
  3;236,237,238;,
  3;237,236,239;,
  3;209,240,211;,
  3;240,209,241;,
  3;211,242,212;,
  3;242,211,240;,
  3;243,239,244;,
  3;239,243,237;,
  3;244,236,245;,
  3;236,244,239;,
  3;246,221,223;,
  3;221,246,215;,
  3;221,212,247;,
  3;212,221,215;,
  3;199,248,2;,
  3;248,199,249;,
  3;133,10,250;,
  3;249,210,251;,
  3;210,249,199;,
  3;210,211,251;,
  3;252,1,253;,
  3;1,252,2;,
  3;20,254,18;,
  3;254,20,64;,
  3;24,68,14;,
  3;68,24,255;,
  3;68,256,70;,
  3;256,68,255;,
  3;256,37,70;,
  3;37,256,257;,
  3;258,2,252;,
  3;2,258,199;,
  3;257,259,37;,
  3;37,259,35;,
  3;260,204,261;,
  3;204,260,202;,
  3;262,263,223;,
  3;263,262,264;,
  3;197,258,225;,
  3;258,197,199;,
  3;265,203,227;,
  3;265,207,266;,
  3;207,265,227;,
  3;223,267,246;,
  3;267,223,263;,
  3;88,87,147;,
  3;83,82,85;,
  3;78,16,18;,
  3;16,78,74;,
  3;74,15,16;,
  3;15,74,76;,
  3;15,71,13;,
  3;71,15,76;,
  3;13,268,23;,
  3;268,13,71;,
  3;248,269,2;,
  3;2,269,0;,
  3;136,129,134;,
  3;129,136,131;,
  3;134,96,81;,
  3;96,134,129;,
  3;96,82,81;,
  3;93,96,94;,
  3;29,189,65;,
  3;205,215,246;,
  3;267,205,246;,
  3;205,267,206;,
  3;205,213,215;,
  3;187,188,270;,
  3;224,271,272;,
  3;222,221,208;,
  3;224,222,198;,
  3;272,273,262;,
  3;273,272,271;,
  3;263,274,275;,
  3;273,276,262;,
  3;277,271,278;,
  3;271,277,273;,
  3;222,272,262;,
  3;272,222,224;,
  3;222,208,198;,
  3;209,221,247;,
  3;221,209,208;,
  3;223,222,262;,
  3;266,206,279;,
  3;206,266,207;,
  3;206,280,279;,
  3;280,206,267;,
  3;280,263,275;,
  3;263,280,267;,
  3;264,262,276;,
  3;76,73,72;,
  3;138,281,140;,
