xof 0303txt 0032
template ColorRGBA {
 <35ff44e0-6c7c-11cf-8f52-0040333594a3>
 FLOAT red;
 FLOAT green;
 FLOAT blue;
 FLOAT alpha;
}

template ColorRGB {
 <d3e16e81-7835-11cf-8f52-0040333594a3>
 FLOAT red;
 FLOAT green;
 FLOAT blue;
}

template Material {
 <3d82ab4d-62da-11cf-ab39-0020af71e433>
 ColorRGBA faceColor;
 FLOAT power;
 ColorRGB specularColor;
 ColorRGB emissiveColor;
 [...]
}

template TextureFilename {
 <a42790e1-7810-11cf-8f52-0040333594a3>
 STRING filename;
}

template Frame {
 <3d82ab46-62da-11cf-ab39-0020af71e433>
 [...]
}

template Matrix4x4 {
 <f6f23f45-7686-11cf-8f52-0040333594a3>
 array FLOAT matrix[16];
}

template FrameTransformMatrix {
 <f6f23f41-7686-11cf-8f52-0040333594a3>
 Matrix4x4 frameMatrix;
}

template Vector {
 <3d82ab5e-62da-11cf-ab39-0020af71e433>
 FLOAT x;
 FLOAT y;
 FLOAT z;
}

template MeshFace {
 <3d82ab5f-62da-11cf-ab39-0020af71e433>
 DWORD nFaceVertexIndices;
 array DWORD faceVertexIndices[nFaceVertexIndices];
}

template Mesh {
 <3d82ab44-62da-11cf-ab39-0020af71e433>
 DWORD nVertices;
 array Vector vertices[nVertices];
 DWORD nFaces;
 array MeshFace faces[nFaces];
 [...]
}

template MeshMaterialList {
 <f6f23f42-7686-11cf-8f52-0040333594a3>
 DWORD nMaterials;
 DWORD nFaceIndexes;
 array DWORD faceIndexes[nFaceIndexes];
 [Material <3d82ab4d-62da-11cf-ab39-0020af71e433>]
}

template VertexElement {
 <f752461c-1e23-48f6-b9f8-8350850f336f>
 DWORD Type;
 DWORD Method;
 DWORD Usage;
 DWORD UsageIndex;
}

template DeclData {
 <bf22e553-292c-4781-9fea-62bd554bdd93>
 DWORD nElements;
 array VertexElement Elements[nElements];
 DWORD nDWords;
 array DWORD data[nDWords];
}

template XSkinMeshHeader {
 <3cf169ce-ff7c-44ab-93c0-f78f62d172e2>
 WORD nMaxSkinWeightsPerVertex;
 WORD nMaxSkinWeightsPerFace;
 WORD nBones;
}

template SkinWeights {
 <6f0d123b-bad2-4167-a0d0-80224f25fabb>
 STRING transformNodeName;
 DWORD nWeights;
 array DWORD vertexIndices[nWeights];
 array FLOAT weights[nWeights];
 Matrix4x4 matrixOffset;
}

template AnimTicksPerSecond {
 <9e415a43-7ba6-4a73-8743-b73d47e88476>
 DWORD AnimTicksPerSecond;
}

template Animation {
 <3d82ab4f-62da-11cf-ab39-0020af71e433>
 [...]
}

template AnimationSet {
 <3d82ab50-62da-11cf-ab39-0020af71e433>
 [Animation <3d82ab4f-62da-11cf-ab39-0020af71e433>]
}

template FloatKeys {
 <10dd46a9-775b-11cf-8f52-0040333594a3>
 DWORD nValues;
 array FLOAT values[nValues];
}

template TimedFloatKeys {
 <f406b180-7b3b-11cf-8f52-0040333594a3>
 DWORD time;
 FloatKeys tfkeys;
}

template AnimationKey {
 <10dd46a8-775b-11cf-8f52-0040333594a3>
 DWORD keyType;
 DWORD nKeys;
 array TimedFloatKeys keys[nKeys];
}


Material _03_-_Default {
 1.000000;1.000000;1.000000;1.000000;;
 9.999999;
 0.000000;0.000000;0.000000;;
 0.000000;0.000000;0.000000;;

 TextureFilename {
  "MaleBody_full.png";
 }
}

Frame Dummy01 {
 

 FrameTransformMatrix {
  1.000000,0.000000,0.000000,0.000000,0.000000,-0.000000,-1.000000,0.000000,0.000000,1.000000,-0.000000,0.000000,0.000000,0.000000,0.000000,1.000000;;
 }

 Frame Bip01 {
  

  FrameTransformMatrix {
   0.003922,0.998533,-0.053995,0.000000,-0.000000,0.053996,0.998541,0.000000,0.999992,-0.003917,0.000212,0.000000,-0.001494,-0.020205,0.505041,1.000000;;
  }

  Frame Bip01_Pelvis {
   

   FrameTransformMatrix {
    0.000000,1.000000,-0.000001,0.000000,-0.000001,0.000001,1.000000,0.000000,1.000000,-0.000000,0.000001,0.000000,0.000000,0.000000,0.000000,1.000000;;
   }

   Frame Bip01_Spine {
    

    FrameTransformMatrix {
     0.998191,0.000001,-0.060114,0.000000,-0.000001,1.000000,0.000004,0.000000,0.060114,-0.000004,0.998192,0.000000,0.051628,0.000000,-0.000085,1.000000;;
    }

    Frame Bip01_Spine1 {
     

     FrameTransformMatrix {
      0.995457,0.002742,-0.095170,0.000000,-0.013020,0.994116,-0.107535,0.000000,0.094315,0.108285,0.989636,0.000000,0.106472,-0.000009,-0.000084,1.000000;;
     }

     Frame Bip01_Neck {
      

      FrameTransformMatrix {
       0.903366,0.000001,0.428870,0.000000,-0.000001,1.000000,-0.000000,0.000000,-0.428870,-0.000000,0.903366,0.000000,0.130516,0.000000,0.004628,1.000000;;
      }

      Frame Bip01_Head {
       

       FrameTransformMatrix {
        0.997842,-0.041340,-0.051025,0.000000,0.040840,0.999107,-0.010798,0.000000,0.051426,0.008691,0.998639,0.000000,0.033674,0.000000,0.000000,1.000000;;
       }

       Frame Bip01_HeadNub {
        

        FrameTransformMatrix {
         1.000000,-0.000000,0.000000,0.000000,-0.000000,1.000000,0.000000,0.000000,0.000000,-0.000000,1.000000,0.000000,0.169824,0.000000,0.000000,1.000000;;
        }
       }
      }

      Frame Bip01_L_Clavicle {
       

       FrameTransformMatrix {
        -0.274608,0.952641,0.130635,0.000000,0.860258,0.304097,-0.409245,0.000000,-0.429589,-0.000003,-0.903024,0.000000,-0.023698,0.015715,0.006128,1.000000;;
       }

       Frame Bip01_L_UpperArm {
        

        FrameTransformMatrix {
         0.471538,-0.822474,0.318102,0.000000,0.881441,0.450522,-0.141746,0.000000,-0.026730,0.347227,0.937400,0.000000,0.087086,0.000000,0.000000,1.000000;;
        }

        Frame Bip01_L_Forearm {
         

         FrameTransformMatrix {
          0.907365,0.000000,-0.420345,0.000000,-0.000000,1.000000,-0.000000,0.000000,0.420345,0.000000,0.907365,0.000000,0.137062,0.000000,0.000000,1.000000;;
         }

         Frame Bip01_L_Hand {
          

          FrameTransformMatrix {
           0.998090,-0.059799,-0.015498,0.000000,0.015559,0.000555,0.999879,0.000000,-0.059783,-0.998210,0.001485,0.000000,0.137062,0.000000,0.000000,1.000000;;
          }

          Frame Bip01_L_Finger0 {
           

           FrameTransformMatrix {
            0.829256,-0.514255,0.218807,0.000000,0.558537,0.749101,-0.356210,0.000000,0.019274,0.417601,0.908427,0.000000,0.057681,-0.023605,-0.000272,1.000000;;
           }

           Frame Bip01_L_Finger0Nub {
            

            FrameTransformMatrix {
             1.000000,0.000000,0.000000,0.000000,-0.000000,1.000000,0.000000,0.000000,0.000000,-0.000000,1.000000,0.000000,0.029435,0.000000,0.000000,1.000000;;
            }
           }
          }

          Frame Bip01_L_Finger1 {
           

           FrameTransformMatrix {
            0.989590,-0.000115,0.143914,0.000000,0.000000,1.000000,0.000796,0.000000,-0.143914,-0.000788,0.989590,0.000000,0.084102,-0.000000,-0.000000,1.000000;;
           }

           Frame Bip01_L_Finger1Nub {
            

            FrameTransformMatrix {
             1.000000,0.000000,0.000000,0.000000,0.000000,1.000000,-0.000000,0.000000,0.000000,-0.000000,1.000000,0.000000,0.047988,0.000000,0.000000,1.000000;;
            }
           }
          }
         }
        }
       }
      }

      Frame Bip01_R_Clavicle {
       

       FrameTransformMatrix {
        -0.402267,-0.895298,0.191370,0.000000,-0.808477,0.445467,0.384610,0.000000,-0.429589,-0.000002,-0.903024,0.000000,-0.023698,-0.015714,0.006128,1.000000;;
       }

       Frame Bip01_R_UpperArm {
        

        FrameTransformMatrix {
         0.712013,0.671246,0.206074,0.000000,-0.696787,0.639186,0.325468,0.000000,0.086750,-0.375327,0.922824,0.000000,0.087086,0.000000,-0.000000,1.000000;;
        }

        Frame Bip01_R_Forearm {
         

         FrameTransformMatrix {
          0.066950,0.000000,-0.997756,0.000000,0.000000,1.000000,0.000000,0.000000,0.997756,-0.000000,0.066950,0.000000,0.137062,0.000000,0.000000,1.000000;;
         }

         Frame Bip01_R_Hand {
          

          FrameTransformMatrix {
           0.972023,0.234836,-0.004728,0.000000,-0.005813,0.003931,-0.999975,0.000000,-0.234812,0.972027,0.005186,0.000000,0.137062,-0.000000,-0.000000,1.000000;;
          }

          Frame Bip01_R_Finger0 {
           

           FrameTransformMatrix {
            0.475640,0.436451,0.763726,0.000000,-0.851826,0.011932,0.523689,0.000000,0.219451,-0.899650,0.377456,0.000000,0.057681,0.023605,-0.000272,1.000000;;
           }

           Frame Bip01_R_Finger0Nub {
            

            FrameTransformMatrix {
             -1.000000,-0.000000,-0.000000,0.000000,-0.000000,1.000000,-0.000000,0.000000,-0.000000,-0.000000,-1.000000,0.000000,0.029435,0.000000,0.000000,1.000000;;
            }
           }
          }

          Frame Bip01_R_Finger1 {
           

           FrameTransformMatrix {
            -0.519058,0.000115,0.854739,0.000000,0.000733,1.000000,0.000311,0.000000,-0.854738,0.000788,-0.519058,0.000000,0.084102,0.000000,0.000000,1.000000;;
           }

           Frame Bip01_R_Finger1Nub {
            

            FrameTransformMatrix {
             -1.000000,-0.000000,0.000000,0.000000,-0.000000,1.000000,0.000000,0.000000,-0.000000,-0.000000,-1.000000,0.000000,0.047988,-0.000000,0.000000,1.000000;;
            }
           }
          }
         }
        }
       }
      }
     }

     Frame Bip01_BackPack {
      

      FrameTransformMatrix {
       0.190104,-0.000002,-0.981764,0.000000,0.000003,1.000000,-0.000002,0.000000,0.981764,-0.000002,0.190104,0.000000,0.063697,-0.000000,-0.088856,1.000000;;
      }

      Frame Bip01_BackPackNub {
       

       FrameTransformMatrix {
        0.000796,0.000003,1.000000,0.000000,-0.000000,-1.000000,0.000003,0.000000,1.000000,0.000000,-0.000796,0.000000,0.053240,-0.000000,0.000000,1.000000;;
       }
      }
     }
    }

    Frame Bip01_L_Thigh {
     

     FrameTransformMatrix {
      -0.997395,0.038652,0.060911,0.000000,-0.038485,-0.999252,0.003927,0.000000,0.061017,0.001572,0.998136,0.000000,-0.051540,0.055225,-0.003019,1.000000;;
     }

     Frame Bip01_L_Calf {
      

      FrameTransformMatrix {
       0.967176,0.000000,-0.254107,0.000000,0.000000,1.000000,0.000000,0.000000,0.254107,-0.000000,0.967176,0.000000,0.237500,0.000000,0.000000,1.000000;;
      }

      Frame Bip01_L_Foot {
       

       FrameTransformMatrix {
        0.981328,0.038672,0.188413,0.000000,-0.036454,0.999219,-0.015225,0.000000,-0.188855,0.008073,0.981972,0.000000,0.206841,0.000000,0.000000,1.000000;;
       }

       Frame Bip01_L_Toe0 {
        

        FrameTransformMatrix {
         0.000000,-0.000001,1.000000,0.000000,0.000001,1.000000,0.000001,0.000000,-1.000000,0.000001,0.000000,0.000000,0.065373,0.000000,0.066450,1.000000;;
        }

        Frame Bip01_L_Toe0Nub {
         

         FrameTransformMatrix {
          -1.000000,-0.000000,-0.000000,0.000000,-0.000000,1.000000,-0.000000,0.000000,0.000000,-0.000000,-1.000000,0.000000,0.006735,0.000000,0.000000,1.000000;;
         }
        }
       }
      }
     }
    }

    Frame Bip01_R_Thigh {
     

     FrameTransformMatrix {
      -0.997488,-0.038023,0.059769,0.000000,0.037940,-0.999277,-0.002526,0.000000,0.059822,-0.000252,0.998209,0.000000,-0.051540,-0.055225,-0.003019,1.000000;;
     }

     Frame Bip01_R_Calf {
      

      FrameTransformMatrix {
       0.967102,-0.000000,-0.254387,0.000000,0.000000,1.000000,0.000000,0.000000,0.254387,-0.000000,0.967103,0.000000,0.237500,-0.000000,0.000000,1.000000;;
      }

      Frame Bip01_R_Foot {
       

       FrameTransformMatrix {
        0.981082,-0.037712,0.189882,0.000000,0.037244,0.999288,0.006035,0.000000,-0.189975,0.001151,0.981788,0.000000,0.206841,0.000000,0.000000,1.000000;;
       }

       Frame Bip01_R_Toe0 {
        

        FrameTransformMatrix {
         0.000000,-0.000000,1.000000,0.000000,0.000000,1.000000,0.000000,0.000000,-1.000000,0.000000,0.000000,0.000000,0.065373,0.000000,0.066450,1.000000;;
        }

        Frame Bip01_R_Toe0Nub {
         

         FrameTransformMatrix {
          1.000000,0.000000,0.000000,0.000000,0.000000,1.000000,0.000000,0.000000,0.000000,0.000000,1.000000,0.000000,0.006735,0.000000,-0.000000,1.000000;;
         }
        }
       }
      }
     }
    }
   }

   Frame Bip01_DressFront {
    

    FrameTransformMatrix {
     -0.989670,-0.000002,0.143366,0.000000,-0.000002,1.000000,-0.000001,0.000000,-0.143366,-0.000002,-0.989670,0.000000,-0.043981,0.001399,0.061086,1.000000;;
    }

    Frame Bip01_DressFront02 {
     

     FrameTransformMatrix {
      0.976735,0.000001,0.214450,0.000000,-0.000001,1.000000,-0.000000,0.000000,-0.214450,-0.000000,0.976735,0.000000,0.183353,-0.000000,-0.000129,1.000000;;
     }

     Frame Bip01_DressFrontNub {
      

      FrameTransformMatrix {
       0.000796,0.000003,1.000000,0.000000,-0.000000,-1.000000,0.000003,0.000000,1.000000,-0.000000,-0.000796,0.000000,0.165302,-0.000000,-0.000000,1.000000;;
      }
     }
    }
   }

   Frame Bip01_DressBack {
    

    FrameTransformMatrix {
     -0.993144,-0.000002,0.116895,0.000000,-0.000002,1.000000,-0.000001,0.000000,-0.116895,-0.000002,-0.993144,0.000000,-0.047716,0.000000,-0.078280,1.000000;;
    }

    Frame Bip01_DressBack02 {
     

     FrameTransformMatrix {
      0.990815,0.000000,0.135222,0.000000,-0.000000,1.000000,-0.000000,0.000000,-0.135222,-0.000000,0.990815,0.000000,0.176173,-0.000000,-0.000108,1.000000;;
     }

     Frame Bip01_DressBackNub {
      

      FrameTransformMatrix {
       0.000796,0.000003,1.000000,0.000000,-0.000000,-1.000000,0.000003,0.000000,1.000000,-0.000000,-0.000796,0.000000,0.136508,-0.000000,-0.000000,1.000000;;
      }
     }
    }
   }
  }

  Frame Bip01_Prop1 {
   

   FrameTransformMatrix {
    0.554857,0.171717,-0.814031,0.000000,0.810988,-0.329879,0.483195,0.000000,-0.185559,-0.928274,-0.322296,0.000000,0.132620,0.081520,-0.057555,1.000000;;
   }
  }

  Frame Bip01_Prop2 {
   

   FrameTransformMatrix {
    0.177669,-0.964794,0.193921,0.000000,0.983765,0.169061,-0.060205,0.000000,0.025301,0.201469,0.979168,0.000000,-0.018289,-0.111811,0.125987,1.000000;;
   }
  }
 }
}

Frame Translation_Data {
 

 FrameTransformMatrix {
  1.000000,0.000000,0.000000,0.000000,0.000000,-0.000000,-1.000000,0.000000,0.000000,1.000000,-0.000000,0.000000,0.000000,-0.000000,0.000000,1.000000;;
 }
}

Frame Body {
 

 FrameTransformMatrix {
  1.000000,0.000000,0.000000,0.000000,0.000000,1.000000,0.000000,0.000000,0.000000,0.000000,1.000000,0.000000,0.000000,0.000000,0.000000,1.000000;;
 }

 Mesh Body {
  617;
  0.069744;0.767265;0.008801;,
  0.035203;0.766562;0.001820;,
  0.028118;0.793240;0.021489;,
  0.077840;0.748456;0.003272;,
  0.086850;0.738521;0.001094;,
  0.057376;0.704928;-0.030261;,
  0.044818;0.738239;-0.018772;,
  0.091083;0.703152;0.004037;,
  0.024842;0.808249;0.061220;,
  0.070572;0.779100;0.087051;,
  0.067943;0.783760;0.057241;,
  0.039186;0.783639;0.090338;,
  0.081704;0.556440;0.056454;,
  0.041196;0.564472;0.074437;,
  0.040286;0.553046;0.080856;,
  0.074937;0.566207;0.052382;,
  0.069861;0.565044;-0.003583;,
  0.082734;0.538959;0.016920;,
  0.042148;0.559426;-0.034223;,
  0.068309;0.514208;-0.011354;,
  0.039689;0.504130;-0.020464;,
  0.004304;0.705326;-0.042606;,
  0.004458;0.740999;-0.025763;,
  -0.001717;0.562336;0.074251;,
  -0.001740;0.548760;0.080691;,
  0.046539;0.653089;0.086368;,
  -0.008211;0.689261;0.097469;,
  -0.005587;0.654073;0.087475;,
  0.048887;0.691122;0.098349;,
  0.055643;0.466037;-0.023429;,
  0.100267;0.364844;-0.001958;,
  0.062427;0.368104;-0.030470;,
  0.090133;0.463776;0.013562;,
  0.063376;0.272694;-0.037919;,
  0.092052;0.271604;0.006543;,
  0.006873;0.465509;-0.002550;,
  0.020834;0.361348;0.070229;,
  0.010351;0.446810;0.090072;,
  0.014662;0.365757;-0.005361;,
  0.038178;0.273034;0.045030;,
  0.035401;0.270053;0.002931;,
  0.100428;0.362194;0.062758;,
  0.084917;0.444304;0.072114;,
  0.078870;0.275976;0.044888;,
  0.088920;-0.001438;0.054149;,
  0.049355;-0.001522;0.099609;,
  0.044025;-0.001415;0.051082;,
  0.084211;-0.001545;0.099342;,
  0.065232;0.216608;-0.006943;,
  0.094062;0.145866;0.034372;,
  0.064957;0.143576;0.005591;,
  0.096521;0.219478;0.021829;,
  0.086627;0.067828;0.049242;,
  0.066822;0.065972;0.020581;,
  0.023944;0.201331;0.018871;,
  0.032330;0.158155;0.071042;,
  0.024938;0.223599;0.069958;,
  0.035306;0.144174;0.030671;,
  0.053709;0.080029;0.071465;,
  0.050120;0.059932;0.046017;,
  0.094420;0.157273;0.071189;,
  0.096788;0.231767;0.069717;,
  0.077807;0.085097;0.070940;,
  0.088816;0.510422;0.023663;,
  -0.001287;0.495804;-0.032078;,
  0.006873;0.465509;-0.002550;,
  -0.001342;0.462113;-0.016233;,
  0.090336;0.508104;0.078214;,
  0.040212;0.508077;0.102078;,
  0.084743;0.457886;0.077005;,
  0.039177;0.461884;0.098827;,
  0.043871;0.608357;0.073973;,
  0.079145;0.653090;0.070310;,
  0.091597;0.659776;0.054499;,
  0.070735;0.617010;-0.001094;,
  0.088273;0.668913;0.001071;,
  0.076658;0.610656;0.049539;,
  0.056120;0.670877;-0.036753;,
  0.048800;0.615380;-0.031472;,
  0.000854;0.671577;-0.046473;,
  0.000113;0.611203;-0.038188;,
  0.123282;0.711856;0.013061;,
  0.137998;0.665685;0.027776;,
  0.069548;0.713974;0.011121;,
  0.093746;0.605320;0.040051;,
  0.079317;0.654500;0.023144;,
  0.141354;0.614271;0.043849;,
  0.063332;0.715373;0.071712;,
  0.079317;0.654500;0.023144;,
  0.071643;0.667489;0.087471;,
  0.086985;0.615329;0.093119;,
  0.093746;0.605320;0.040051;,
  0.070530;0.719194;0.079586;,
  0.130377;0.678996;0.092129;,
  0.115103;0.723961;0.077366;,
  0.134450;0.624193;0.096969;,
  0.127135;0.719647;0.041708;,
  0.149686;0.593961;0.036587;,
  0.114285;0.523259;0.028735;,
  0.094021;0.580324;0.032617;,
  0.149151;0.534459;0.031237;,
  0.124291;0.483890;0.029336;,
  0.150268;0.484320;0.030542;,
  0.094021;0.580324;0.032617;,
  0.118303;0.523421;0.085812;,
  0.089194;0.578960;0.095395;,
  0.114285;0.523259;0.028735;,
  0.128997;0.481082;0.068542;,
  0.124291;0.483890;0.029336;,
  0.144993;0.532321;0.087400;,
  0.144548;0.592571;0.099483;,
  0.148007;0.481129;0.068117;,
  0.149662;0.356613;-0.000554;,
  0.123209;0.373845;0.046985;,
  0.131245;0.368637;-0.000206;,
  0.141418;0.362063;0.046108;,
  0.133316;0.408580;-0.015500;,
  0.147948;0.402709;-0.009855;,
  0.137370;0.399683;-0.010004;,
  0.143288;0.411986;-0.020505;,
  0.117706;0.446005;0.061794;,
  0.141139;0.427463;0.009332;,
  0.131541;0.411438;0.058692;,
  0.119423;0.454392;0.012816;,
  0.150444;0.405054;0.058705;,
  0.155167;0.449799;0.065495;,
  0.157872;0.459543;0.014507;,
  0.159926;0.421207;0.011437;,
  0.098201;0.770314;0.061213;,
  0.106669;0.774874;0.032911;,
  0.067943;0.783760;0.057241;,
  0.069187;0.782606;0.032726;,
  0.087050;0.696488;0.084878;,
  0.037403;0.804766;0.035690;,
  0.100987;0.761426;0.009109;,
  0.077840;0.748456;0.003272;,
  0.069744;0.767265;0.008801;,
  0.096693;0.733805;0.005762;,
  0.087378;0.739650;0.088685;,
  0.048220;0.728508;0.101086;,
  0.090122;0.744108;0.085873;,
  -0.009576;0.723590;0.097377;,
  -0.006748;0.780713;0.079053;,
  0.070572;0.779100;0.087051;,
  0.090122;0.744108;0.085873;,
  0.082098;0.726056;0.028409;,
  0.090831;0.734311;0.074673;,
  0.069548;0.713974;0.011121;,
  0.092018;0.697177;0.052919;,
  0.088180;0.698164;0.017760;,
  0.086850;0.738521;0.001094;,
  0.095937;0.698029;0.069456;,
  0.119423;0.454392;0.012816;,
  0.034649;0.834301;0.030523;,
  0.023246;0.840802;0.049633;,
  -0.004403;0.810189;0.062663;,
  -0.003517;0.844579;0.054419;,
  0.159926;0.421207;0.011437;,
  0.149662;0.356613;-0.000554;,
  0.141418;0.362063;0.046108;,
  0.123622;0.424590;-0.008577;,
  0.148655;0.429612;-0.012948;,
  0.123622;0.424590;-0.008577;,
  0.132827;0.413494;0.001860;,
  0.155197;0.422343;0.007060;,
  0.155197;0.422343;0.007060;,
  0.133316;0.408580;-0.015500;,
  0.143288;0.411986;-0.020505;,
  0.147948;0.402709;-0.009855;,
  0.095162;0.020228;-0.022685;,
  0.064907;-0.001385;-0.067431;,
  0.063586;0.017194;-0.060195;,
  0.100721;-0.001397;-0.029922;,
  0.045608;0.031888;0.088979;,
  0.044025;-0.001415;0.051082;,
  0.049355;-0.001522;0.099609;,
  0.042654;0.023542;0.048549;,
  0.053709;0.080029;0.071465;,
  0.087148;0.034910;0.088448;,
  0.077807;0.085097;0.070940;,
  0.088920;-0.001438;0.054149;,
  0.084211;-0.001545;0.099342;,
  0.090071;0.033508;0.051678;,
  0.066822;0.065972;0.020581;,
  0.086627;0.067828;0.049242;,
  0.036094;0.014160;-0.049741;,
  0.029967;-0.001374;-0.056978;,
  0.100721;-0.001397;-0.029922;,
  0.029967;-0.001374;-0.056978;,
  0.014662;0.365757;-0.005361;,
  0.035401;0.270053;0.002931;,
  0.023944;0.201331;0.018871;,
  0.035306;0.144174;0.030671;,
  0.050120;0.059932;0.046017;,
  0.050120;0.059932;0.046017;,
  -0.001540;0.452346;0.034839;,
  0.047508;0.836107;0.011325;,
  0.032130;0.822060;-0.005714;,
  0.041146;0.828451;-0.007687;,
  0.028619;0.827124;0.013537;,
  0.037115;0.859284;0.029569;,
  0.026896;0.872821;0.046741;,
  0.021662;0.968360;-0.030711;,
  0.005170;0.954728;-0.057634;,
  0.002068;0.972303;-0.033704;,
  0.041450;0.894075;-0.061348;,
  0.025343;0.891196;-0.069410;,
  0.036723;0.923354;-0.059568;,
  0.047241;0.847772;-0.014473;,
  0.052216;0.864085;0.009902;,
  0.044894;0.848921;0.017476;,
  0.051199;0.901865;0.019676;,
  0.054107;0.907104;-0.004118;,
  0.048182;0.933836;-0.043640;,
  0.053835;0.941832;-0.017483;,
  0.052884;0.897246;-0.029491;,
  0.046786;0.908822;0.034321;,
  0.033705;0.920697;0.051234;,
  -0.006417;0.922796;0.057683;,
  0.028566;0.963567;0.029142;,
  -0.005235;0.966620;0.035149;,
  0.053368;0.875290;-0.023730;,
  0.039538;0.835249;-0.026935;,
  0.041647;0.865090;-0.046880;,
  0.026535;0.808379;-0.034800;,
  0.005887;0.804828;-0.024424;,
  0.008220;0.802490;-0.045306;,
  0.031170;0.943971;-0.055514;,
  0.041234;0.958940;-0.026068;,
  0.045735;0.957507;0.012971;,
  0.033165;0.972299;-0.000633;,
  0.015298;0.978505;0.002567;,
  -0.002100;0.980682;0.002507;,
  -0.004896;0.882792;0.054288;,
  0.045735;0.957507;0.012971;,
  0.033165;0.972299;-0.000633;,
  0.058489;0.866776;0.009402;,
  0.062619;0.914188;0.009988;,
  0.066844;0.897426;0.022426;,
  0.056222;0.894731;0.008136;,
  0.066844;0.897426;0.022426;,
  0.058489;0.866776;0.009402;,
  0.062619;0.914188;0.009988;,
  0.054107;0.907104;-0.004118;,
  0.055498;0.882018;-0.005584;,
  0.052216;0.864085;0.009902;,
  0.041233;0.886854;-0.051519;,
  0.055498;0.882018;-0.005584;,
  0.037403;0.804766;0.035690;,
  0.034649;0.834301;0.030523;,
  0.069187;0.782606;0.032726;,
  0.037115;0.859284;0.029569;,
  0.002377;0.785669;-0.001783;,
  0.003139;0.763846;-0.011228;,
  -0.001277;0.557067;-0.037968;,
  -0.001813;0.505425;0.101825;,
  -0.001801;0.471143;0.100634;,
  -0.004191;0.447812;0.090640;,
  0.003798;0.809255;-0.008786;,
  -0.001540;0.452346;0.034839;,
  0.015298;0.978505;0.002567;,
  -0.002100;0.980682;0.002507;,
  0.027537;0.838239;-0.046250;,
  0.020674;0.858910;-0.058391;,
  0.020955;0.849414;-0.056675;,
  0.006596;0.943016;-0.067672;,
  0.008194;0.919038;-0.076033;,
  0.022301;0.884224;-0.058844;,
  -0.003605;0.607761;0.074470;,
  0.069187;0.782606;0.032726;,
  0.064907;-0.001385;-0.067431;,
  0.020132;0.828233;-0.051967;,
  0.026963;0.831820;-0.044771;,
  0.019515;0.833646;-0.049429;,
  0.008824;0.847105;-0.062731;,
  0.009809;0.853634;-0.073553;,
  0.019773;0.836549;-0.054923;,
  0.007971;0.833505;-0.051250;,
  0.008665;0.825741;-0.055588;,
  0.009235;0.888317;-0.077471;,
  0.008866;0.879868;-0.071822;,
  0.090831;0.734311;0.074673;,
  0.008839;0.835572;-0.059809;,
  0.076015;0.727407;0.044669;,
  0.082098;0.726056;0.028409;,
  0.086850;0.738521;0.001094;,
  0.046786;0.908822;0.034321;,
  0.065232;0.216608;-0.006943;,
  0.033994;0.146076;-0.016099;,
  0.023035;0.221925;-0.030274;,
  0.064957;0.143576;0.005591;,
  0.063376;0.272694;-0.037919;,
  0.024850;0.276424;-0.044481;,
  0.062427;0.368104;-0.030470;,
  0.011623;0.369270;-0.035817;,
  0.055643;0.466037;-0.023429;,
  0.007385;0.458065;-0.033506;,
  0.039689;0.504130;-0.020464;,
  0.035384;0.073804;-0.007978;,
  0.066822;0.065972;0.020581;,
  0.036717;0.153055;0.098348;,
  0.001352;0.082399;0.122817;,
  0.040765;0.083535;0.107583;,
  0.000835;0.155315;0.113672;,
  0.001061;0.221348;0.096291;,
  0.029204;0.223747;0.083957;,
  0.001874;0.282460;0.092228;,
  0.030721;0.272672;0.075263;,
  0.019570;0.361086;0.085137;,
  -0.002177;0.370167;0.095790;,
  -0.001801;0.443367;0.101964;,
  0.076015;0.727407;0.044669;,
  -0.064815;0.763888;-0.006808;,
  -0.030932;0.767458;-0.005590;,
  -0.070431;0.746114;-0.013787;,
  -0.027664;0.793996;0.015239;,
  -0.081330;0.740159;-0.017487;,
  -0.050104;0.706057;-0.039735;,
  -0.089317;0.705048;-0.011864;,
  -0.036507;0.739341;-0.027885;,
  -0.032861;0.809031;0.054754;,
  -0.083886;0.779669;0.069648;,
  -0.053946;0.784902;0.079903;,
  -0.074771;0.779851;0.040719;,
  -0.084994;0.556405;0.055801;,
  -0.044632;0.564454;0.074101;,
  -0.078199;0.566175;0.051782;,
  -0.043767;0.553028;0.080526;,
  -0.072685;0.565014;-0.004141;,
  -0.085707;0.538923;0.016260;,
  -0.044730;0.559408;-0.034563;,
  -0.071047;0.514174;-0.011903;,
  -0.042356;0.504112;-0.020785;,
  -0.001717;0.562336;0.074251;,
  -0.001740;0.548760;0.080691;,
  -0.057248;0.653779;0.080368;,
  -0.008211;0.689261;0.097469;,
  -0.064529;0.692314;0.088352;,
  -0.005587;0.654073;0.087475;,
  -0.058205;0.465969;-0.023840;,
  -0.102912;0.364749;-0.002649;,
  -0.093021;0.463714;0.012846;,
  -0.064814;0.368012;-0.030815;,
  -0.065604;0.272587;-0.038158;,
  -0.094686;0.271527;0.006040;,
  -0.009613;0.465503;-0.002503;,
  -0.024142;0.361416;0.070269;,
  -0.017281;0.365741;-0.005266;,
  -0.013860;0.446805;0.089978;,
  -0.041169;0.273060;0.045017;,
  -0.038003;0.270027;0.002950;,
  -0.103665;0.362176;0.062067;,
  -0.088304;0.444297;0.071459;,
  -0.081861;0.275962;0.044497;,
  -0.091698;-0.001438;0.054148;,
  -0.052132;-0.001522;0.099608;,
  -0.086989;-0.001545;0.099341;,
  -0.046802;-0.001415;0.051081;,
  -0.067691;0.216538;-0.007118;,
  -0.096831;0.145829;0.034036;,
  -0.099245;0.219420;0.021361;,
  -0.067461;0.143525;0.005526;,
  -0.089440;0.067823;0.049141;,
  -0.069460;0.065952;0.020602;,
  -0.026626;0.201339;0.019095;,
  -0.035450;0.158233;0.071252;,
  -0.038041;0.144189;0.030876;,
  -0.028111;0.223682;0.070138;,
  -0.056664;0.080067;0.071548;,
  -0.052897;0.059932;0.046016;,
  -0.097537;0.157290;0.070830;,
  -0.099963;0.231780;0.069227;,
  -0.080760;0.085119;0.070872;,
  -0.091830;0.510383;0.022955;,
  -0.009613;0.465503;-0.002503;,
  -0.093776;0.508065;0.077494;,
  -0.043840;0.508059;0.101749;,
  -0.088170;0.457869;0.076338;,
  -0.042783;0.461897;0.098533;,
  -0.050939;0.608688;0.070847;,
  -0.087788;0.654200;0.060659;,
  -0.098236;0.661038;0.043525;,
  -0.072742;0.617511;-0.005826;,
  -0.082030;0.611210;0.044306;,
  -0.088652;0.670089;-0.009158;,
  -0.052337;0.671598;-0.043023;,
  -0.048873;0.615720;-0.034693;,
  -0.112153;0.707184;-0.020735;,
  -0.062540;0.701408;-0.000714;,
  -0.137142;0.663269;-0.017285;,
  -0.110105;0.607629;0.015988;,
  -0.153755;0.621490;-0.000009;,
  -0.083583;0.643693;0.001106;,
  -0.081617;0.700060;0.057131;,
  -0.101456;0.653476;0.063958;,
  -0.083583;0.643693;0.001106;,
  -0.126138;0.592428;0.054057;,
  -0.110105;0.607629;0.015988;,
  -0.090886;0.704664;0.061749;,
  -0.155034;0.673378;0.045598;,
  -0.129669;0.716019;0.042223;,
  -0.169699;0.606005;0.038042;,
  -0.126437;0.714596;0.004508;,
  -0.148923;0.632184;-0.015067;,
  -0.089575;0.597440;-0.054872;,
  -0.123546;0.608279;-0.063584;,
  -0.096315;0.616882;0.002212;,
  -0.083614;0.580679;-0.090621;,
  -0.105064;0.585216;-0.104257;,
  -0.096315;0.616882;0.002212;,
  -0.117156;0.549793;-0.039285;,
  -0.089575;0.597440;-0.054872;,
  -0.118860;0.562272;0.024292;,
  -0.103136;0.547018;-0.083343;,
  -0.083614;0.580679;-0.090621;,
  -0.143146;0.558523;-0.045796;,
  -0.171139;0.577632;0.007128;,
  -0.117967;0.551224;-0.093970;,
  -0.028238;0.554867;-0.130686;,
  -0.078883;0.529471;-0.137534;,
  -0.059966;0.519412;-0.134052;,
  -0.047138;0.565531;-0.134287;,
  -0.030240;0.571335;-0.138332;,
  -0.032113;0.578127;-0.153524;,
  -0.031690;0.582859;-0.139429;,
  -0.027651;0.569134;-0.149021;,
  -0.075739;0.533245;-0.101339;,
  -0.059250;0.571135;-0.145357;,
  -0.058683;0.578840;-0.111457;,
  -0.066867;0.519930;-0.135100;,
  -0.077410;0.519638;-0.152037;,
  -0.106662;0.538237;-0.122559;,
  -0.090087;0.586383;-0.133012;,
  -0.070736;0.569145;-0.161501;,
  -0.105135;0.759909;0.037068;,
  -0.107175;0.763835;0.007491;,
  -0.074771;0.779851;0.040719;,
  -0.071159;0.777946;0.016328;,
  -0.099623;0.698450;0.068423;,
  -0.039550;0.805809;0.027067;,
  -0.093941;0.751916;-0.014162;,
  -0.070431;0.746114;-0.013787;,
  -0.084689;0.724706;-0.015354;,
  -0.064815;0.763888;-0.006808;,
  -0.102329;0.740386;0.067827;,
  -0.104282;0.744697;0.064419;,
  -0.066607;0.730064;0.088220;,
  -0.009576;0.723590;0.097377;,
  -0.006748;0.780713;0.079053;,
  -0.083886;0.779669;0.069648;,
  -0.104282;0.744697;0.064419;,
  -0.081643;0.726185;0.010204;,
  -0.062540;0.701408;-0.000714;,
  -0.101488;0.733769;0.053384;,
  -0.098912;0.699184;0.036089;,
  -0.088968;0.700026;0.002146;,
  -0.081330;0.740159;-0.017487;,
  -0.105641;0.700148;0.051688;,
  -0.058683;0.578840;-0.111457;,
  -0.035315;0.833916;0.022797;,
  -0.028514;0.840516;0.043917;,
  -0.004403;0.810189;0.062663;,
  -0.003517;0.844579;0.054419;,
  -0.070736;0.569145;-0.161501;,
  -0.028238;0.554867;-0.130686;,
  -0.059966;0.519412;-0.134052;,
  -0.044820;0.563928;-0.126895;,
  -0.050833;0.587327;-0.136238;,
  -0.044820;0.563928;-0.126895;,
  -0.044613;0.562417;-0.144629;,
  -0.058934;0.579308;-0.155370;,
  -0.058934;0.579308;-0.155370;,
  -0.030240;0.571335;-0.138332;,
  -0.031690;0.582859;-0.139429;,
  -0.032113;0.578127;-0.153524;,
  -0.097939;0.020228;-0.022686;,
  -0.067684;-0.001385;-0.067432;,
  -0.103498;-0.001397;-0.029923;,
  -0.066363;0.017194;-0.060196;,
  -0.048386;0.031888;0.088978;,
  -0.046802;-0.001415;0.051081;,
  -0.045431;0.023542;0.048548;,
  -0.052132;-0.001522;0.099608;,
  -0.056664;0.080067;0.071548;,
  -0.089926;0.034910;0.088447;,
  -0.080760;0.085119;0.070872;,
  -0.091698;-0.001438;0.054148;,
  -0.092848;0.033507;0.051677;,
  -0.086989;-0.001545;0.099341;,
  -0.069460;0.065952;0.020602;,
  -0.089440;0.067823;0.049141;,
  -0.038871;0.014160;-0.049742;,
  -0.032744;-0.001374;-0.056979;,
  -0.103498;-0.001397;-0.029923;,
  -0.032744;-0.001374;-0.056979;,
  -0.017281;0.365741;-0.005266;,
  -0.038003;0.270027;0.002950;,
  -0.026626;0.201339;0.019095;,
  -0.038041;0.144189;0.030876;,
  -0.052897;0.059932;0.046016;,
  -0.052897;0.059932;0.046016;,
  -0.044136;0.833466;0.001385;,
  -0.024691;0.820422;-0.011877;,
  -0.025576;0.826825;0.007552;,
  -0.033424;0.826303;-0.015775;,
  -0.039228;0.857085;0.021289;,
  -0.033713;0.871074;0.040167;,
  -0.017454;0.967233;-0.034954;,
  0.002068;0.972303;-0.033704;,
  -0.025960;0.892133;-0.068659;,
  -0.023398;0.921621;-0.066088;,
  -0.008363;0.890225;-0.073065;,
  -0.039013;0.845287;-0.023828;,
  -0.050014;0.861140;-0.001185;,
  -0.043634;0.846371;0.007874;,
  -0.053266;0.898855;0.008346;,
  -0.051303;0.904067;-0.015550;,
  -0.038581;0.931336;-0.053050;,
  -0.044114;0.894451;-0.040011;,
  -0.050151;0.938836;-0.028761;,
  -0.052496;0.905961;0.023554;,
  -0.044039;0.918457;0.042803;,
  -0.006417;0.922796;0.057683;,
  -0.036736;0.961685;0.022060;,
  -0.005235;0.966620;0.035149;,
  -0.044571;0.872468;-0.034352;,
  -0.027602;0.863095;-0.054390;,
  -0.028120;0.833300;-0.034272;,
  -0.012226;0.807262;-0.039004;,
  -0.020025;0.942496;-0.061066;,
  -0.036998;0.956685;-0.034552;,
  -0.049669;0.954758;0.002624;,
  -0.035339;0.970326;-0.008062;,
  -0.002100;0.980682;0.002507;,
  -0.018955;0.977518;-0.001148;,
  -0.004896;0.882792;0.054288;,
  -0.049669;0.954758;0.002624;,
  -0.035339;0.970326;-0.008062;,
  -0.056177;0.863472;-0.003034;,
  -0.063028;0.910568;-0.003639;,
  -0.055286;0.891518;-0.003957;,
  -0.068859;0.893516;0.007708;,
  -0.068859;0.893516;0.007708;,
  -0.056177;0.863472;-0.003034;,
  -0.063028;0.910568;-0.003639;,
  -0.051303;0.904067;-0.015550;,
  -0.050918;0.878952;-0.017125;,
  -0.050014;0.861140;-0.001185;,
  -0.027443;0.884875;-0.058968;,
  -0.050918;0.878952;-0.017125;,
  -0.039550;0.805809;0.027067;,
  -0.035315;0.833916;0.022797;,
  -0.071159;0.777946;0.016328;,
  -0.039228;0.857085;0.021289;,
  -0.001813;0.505425;0.101825;,
  -0.001801;0.471143;0.100634;,
  -0.004191;0.447812;0.090640;,
  -0.001540;0.452346;0.034839;,
  -0.018955;0.977518;-0.001148;,
  -0.002100;0.980682;0.002507;,
  -0.012450;0.837087;-0.050587;,
  -0.004333;0.858190;-0.061103;,
  -0.004434;0.848682;-0.059429;,
  -0.007263;0.883372;-0.062051;,
  -0.003605;0.607761;0.074470;,
  -0.071159;0.777946;0.016328;,
  -0.067684;-0.001385;-0.067432;,
  -0.011841;0.830702;-0.048979;,
  -0.003435;0.827554;-0.054523;,
  -0.003685;0.832978;-0.051945;,
  -0.002925;0.835895;-0.057384;,
  -0.101488;0.733769;0.053384;,
  -0.079917;0.727225;0.027734;,
  -0.081643;0.726185;0.010204;,
  -0.081330;0.740159;-0.017487;,
  -0.052496;0.905961;0.023554;,
  -0.025001;0.221920;-0.030383;,
  -0.002308;0.147431;-0.022133;,
  -0.033510;0.146131;-0.016978;,
  -0.002050;0.224697;-0.031354;,
  -0.028544;0.276216;-0.044260;,
  -0.000582;0.278395;-0.045164;,
  -0.016158;0.369032;-0.035521;,
  -0.000870;0.367197;-0.037197;,
  -0.010771;0.458124;-0.033302;,
  -0.001123;0.453147;-0.034454;,
  -0.001287;0.495804;-0.032078;,
  -0.042356;0.504112;-0.020785;,
  -0.002512;0.081124;-0.018147;,
  -0.035579;0.074088;-0.008821;,
  -0.033426;0.079844;0.108229;,
  -0.097537;0.157290;0.070830;,
  -0.080746;0.085119;0.070873;,
  -0.035051;0.154306;0.096826;,
  -0.099963;0.231780;0.069227;,
  -0.036237;0.221537;0.085305;,
  -0.034081;0.274065;0.079126;,
  -0.081861;0.275962;0.044497;,
  -0.103665;0.362176;0.062067;,
  -0.022870;0.360220;0.087688;,
  -0.001801;0.471143;0.100634;,
  -0.042783;0.461897;0.098533;,
  -0.079917;0.727225;0.027734;,
  -0.058205;0.465969;-0.023840;,
  -0.064814;0.368012;-0.030815;,
  -0.065604;0.272587;-0.038158;,
  -0.067691;0.216538;-0.007118;,
  -0.067461;0.143525;0.005526;,
  -0.069460;0.065952;0.020602;,
  0.100428;0.362194;0.062758;,
  0.039177;0.461884;0.098827;,
  0.084917;0.444304;0.072114;,
  0.078870;0.275976;0.044888;,
  0.096788;0.231767;0.069717;,
  0.094420;0.157273;0.071189;,
  0.077807;0.085097;0.070940;,
  -0.088304;0.444297;0.071459;;
  916;
  3;0,1,2;,
  3;1,0,3;,
  3;4,5,6;,
  3;5,4,7;,
  3;8,9,10;,
  3;9,8,11;,
  3;12,13,14;,
  3;13,12,15;,
  3;16,12,17;,
  3;12,16,15;,
  3;18,19,20;,
  3;19,18,16;,
  3;6,21,22;,
  3;21,6,5;,
  3;14,23,24;,
  3;23,14,13;,
  3;25,26,27;,
  3;26,25,28;,
  3;29,30,31;,
  3;30,29,32;,
  3;30,33,31;,
  3;33,30,34;,
  3;35,36,37;,
  3;36,35,38;,
  3;38,39,36;,
  3;39,38,40;,
  3;37,41,42;,
  3;41,37,36;,
  3;36,43,41;,
  3;43,36,39;,
  3;42,30,32;,
  3;30,42,41;,
  3;41,34,30;,
  3;34,41,43;,
  3;44,45,46;,
  3;45,44,47;,
  3;48,49,50;,
  3;49,48,51;,
  3;50,52,53;,
  3;52,50,49;,
  3;54,55,56;,
  3;55,54,57;,
  3;57,58,55;,
  3;58,57,59;,
  3;56,60,61;,
  3;60,56,55;,
  3;55,62,60;,
  3;62,55,58;,
  3;61,49,51;,
  3;49,61,60;,
  3;60,52,49;,
  3;52,60,62;,
  3;32,19,63;,
  3;19,32,29;,
  3;64,65,66;,
  3;65,64,20;,
  3;14,67,12;,
  3;67,14,68;,
  3;68,69,67;,
  3;69,68,70;,
  3;70,42,69;,
  3;42,70,37;,
  3;48,34,51;,
  3;34,48,33;,
  3;51,43,61;,
  3;43,51,34;,
  3;43,56,61;,
  3;56,43,39;,
  3;39,54,56;,
  3;54,39,40;,
  3;12,63,17;,
  3;63,12,67;,
  3;67,32,63;,
  3;32,67,69;,
  3;69,42,32;,
  3;71,72,25;,
  3;73,74,75;,
  3;74,73,76;,
  3;74,77,75;,
  3;77,74,78;,
  3;79,78,80;,
  3;78,79,77;,
  3;81,82,83;,
  3;82,84,85;,
  3;84,82,86;,
  3;87,88,89;,
  3;88,90,89;,
  3;90,88,91;,
  3;92,93,94;,
  3;92,89,93;,
  3;92,87,89;,
  3;89,95,93;,
  3;95,89,90;,
  3;96,93,82;,
  3;93,86,82;,
  3;86,93,95;,
  3;97,98,99;,
  3;98,97,100;,
  3;100,101,98;,
  3;101,100,102;,
  3;103,104,105;,
  3;104,103,106;,
  3;106,107,104;,
  3;107,106,108;,
  3;105,109,110;,
  3;109,105,104;,
  3;104,111,109;,
  3;111,104,107;,
  3;110,100,97;,
  3;100,110,109;,
  3;109,102,100;,
  3;102,109,111;,
  3;112,113,114;,
  3;113,112,115;,
  3;116,117,118;,
  3;117,116,119;,
  3;120,121,122;,
  3;121,120,123;,
  3;120,124,125;,
  3;124,120,122;,
  3;126,124,127;,
  3;124,126,125;,
  3;95,97,86;,
  3;97,95,110;,
  3;86,99,84;,
  3;99,86,97;,
  3;90,103,105;,
  3;103,90,91;,
  3;105,95,90;,
  3;95,105,110;,
  3;128,96,129;,
  3;96,128,94;,
  3;129,130,128;,
  3;130,129,131;,
  3;72,28,25;,
  3;28,72,132;,
  3;10,133,8;,
  3;134,135,136;,
  3;135,134,137;,
  3;81,137,134;,
  3;138,11,139;,
  3;138,9,11;,
  3;138,140,9;,
  3;141,11,142;,
  3;11,141,139;,
  3;128,130,143;,
  3;94,144,92;,
  3;94,143,144;,
  3;94,128,143;,
  3;145,87,146;,
  3;87,145,147;,
  3;75,148,73;,
  3;148,75,149;,
  3;150,147,145;,
  3;7,149,75;,
  3;148,151,73;,
  3;102,152,101;,
  3;152,102,126;,
  3;102,125,126;,
  3;125,102,111;,
  3;111,120,125;,
  3;120,111,107;,
  3;120,108,123;,
  3;108,120,107;,
  3;8,153,154;,
  3;153,8,133;,
  3;154,155,8;,
  3;155,154,156;,
  3;122,114,113;,
  3;114,122,121;,
  3;121,112,114;,
  3;112,121,157;,
  3;158,124,159;,
  3;124,158,127;,
  3;159,122,113;,
  3;122,159,124;,
  3;126,160,152;,
  3;160,126,161;,
  3;162,121,123;,
  3;121,162,163;,
  3;121,164,157;,
  3;164,121,163;,
  3;165,126,127;,
  3;126,165,161;,
  3;161,166,160;,
  3;166,161,167;,
  3;162,118,163;,
  3;118,162,116;,
  3;163,117,164;,
  3;117,163,118;,
  3;165,167,161;,
  3;167,165,168;,
  3;169,170,171;,
  3;170,169,172;,
  3;173,174,175;,
  3;174,173,176;,
  3;177,178,179;,
  3;178,177,173;,
  3;180,178,181;,
  3;178,180,182;,
  3;183,169,171;,
  3;169,183,184;,
  3;174,185,186;,
  3;185,174,176;,
  3;46,187,44;,
  3;187,46,188;,
  3;180,169,182;,
  3;169,180,172;,
  3;20,29,65;,
  3;19,29,20;,
  3;29,31,189;,
  3;31,190,189;,
  3;190,31,33;,
  3;33,191,190;,
  3;191,33,48;,
  3;191,50,192;,
  3;50,191,48;,
  3;192,53,193;,
  3;53,192,50;,
  3;194,171,185;,
  3;171,194,183;,
  3;171,186,185;,
  3;186,171,170;,
  3;185,176,194;,
  3;194,173,177;,
  3;173,194,176;,
  3;178,175,181;,
  3;175,178,173;,
  3;179,182,184;,
  3;182,179,178;,
  3;182,169,184;,
  3;16,17,19;,
  3;17,63,19;,
  3;65,195,66;,
  3;196,197,198;,
  3;197,196,199;,
  3;200,154,153;,
  3;154,200,201;,
  3;202,203,204;,
  3;205,206,207;,
  3;196,208,209;,
  3;208,196,198;,
  3;210,209,211;,
  3;209,210,196;,
  3;212,213,214;,
  3;213,212,215;,
  3;212,214,211;,
  3;201,216,217;,
  3;216,201,200;,
  3;218,219,220;,
  3;219,218,217;,
  3;210,199,196;,
  3;213,205,207;,
  3;221,222,223;,
  3;198,197,224;,
  3;224,225,226;,
  3;225,224,197;,
  3;227,213,207;,
  3;228,229,214;,
  3;229,228,230;,
  3;220,231,232;,
  3;213,228,214;,
  3;156,201,233;,
  3;201,156,154;,
  3;233,217,218;,
  3;217,233,201;,
  3;219,217,234;,
  3;235,219,234;,
  3;236,237,238;,
  3;237,236,239;,
  3;209,240,211;,
  3;240,209,241;,
  3;211,242,212;,
  3;242,211,240;,
  3;243,239,244;,
  3;239,243,237;,
  3;244,236,245;,
  3;236,244,239;,
  3;246,221,223;,
  3;221,246,215;,
  3;221,212,247;,
  3;212,221,215;,
  3;199,248,2;,
  3;248,199,249;,
  3;133,10,250;,
  3;249,210,251;,
  3;210,249,199;,
  3;210,211,251;,
  3;252,1,253;,
  3;1,252,2;,
  3;20,254,18;,
  3;254,20,64;,
  3;24,68,14;,
  3;68,24,255;,
  3;68,256,70;,
  3;256,68,255;,
  3;256,37,70;,
  3;37,256,257;,
  3;258,2,252;,
  3;2,258,199;,
  3;257,259,37;,
  3;37,259,35;,
  3;260,204,261;,
  3;204,260,202;,
  3;262,263,223;,
  3;263,262,264;,
  3;197,258,225;,
  3;258,197,199;,
  3;265,203,227;,
  3;265,207,266;,
  3;207,265,227;,
  3;223,267,246;,
  3;267,223,263;,
  3;88,87,147;,
  3;83,82,85;,
  3;78,16,18;,
  3;16,78,74;,
  3;74,15,16;,
  3;15,74,76;,
  3;15,71,13;,
  3;71,15,76;,
  3;13,268,23;,
  3;268,13,71;,
  3;248,269,2;,
  3;2,269,0;,
  3;136,129,134;,
  3;129,136,131;,
  3;134,96,81;,
  3;96,134,129;,
  3;96,82,81;,
  3;93,96,94;,
  3;29,189,65;,
  3;205,215,246;,
  3;267,205,246;,
  3;205,267,206;,
  3;205,213,215;,
  3;187,188,270;,
  3;224,271,272;,
  3;222,221,208;,
  3;224,222,198;,
  3;272,273,262;,
  3;273,272,271;,
  3;263,274,275;,
  3;273,276,262;,
  3;277,271,278;,
  3;271,277,273;,
  3;222,272,262;,
  3;272,222,224;,
  3;222,208,198;,
  3;209,221,247;,
  3;221,209,208;,
  3;223,222,262;,
  3;266,206,279;,
  3;206,266,207;,
  3;206,280,279;,
  3;280,206,267;,
  3;280,263,275;,
  3;263,280,267;,
  3;264,262,276;,
  3;76,73,72;,
  3;138,281,140;,
  3;73,132,72;,
  3;132,73,151;,
  3;72,71,76;,
  3;271,226,278;,
  3;155,11,8;,
  3;276,277,282;,
  3;277,276,273;,
  3;274,276,282;,
  3;276,274,264;,
  3;28,141,26;,
  3;141,28,139;,
  3;139,132,138;,
  3;132,139,28;,
